1.064000000000000000e+03 1.208000000000000000e+03
1.032000000000000000e+03 1.066000000000000000e+03
1.089000000000000000e+03 1.083000000000000000e+03
2.120000000000000000e+02 5.670000000000000000e+02
4.200000000000000000e+02 7.770000000000000000e+02
9.350000000000000000e+02 9.380000000000000000e+02
9.000000000000000000e+02 7.500000000000000000e+02
8.360000000000000000e+02 6.270000000000000000e+02
8.810000000000000000e+02 5.890000000000000000e+02
9.570000000000000000e+02 9.070000000000000000e+02
9.510000000000000000e+02 9.630000000000000000e+02
1.184000000000000000e+03 1.361000000000000000e+03
1.103000000000000000e+03 1.253000000000000000e+03
7.290000000000000000e+02 8.630000000000000000e+02
7.890000000000000000e+02 8.630000000000000000e+02
8.230000000000000000e+02 7.430000000000000000e+02
6.350000000000000000e+02 2.880000000000000000e+02
8.000000000000000000e+02 1.081000000000000000e+03
5.440000000000000000e+02 8.890000000000000000e+02
4.436000000000000000e+03 6.600000000000000000e+02
2.825000000000000000e+03 8.260000000000000000e+02
3.600000000000000000e+02 3.290000000000000000e+02
3.900000000000000000e+02 3.580000000000000000e+02
6.230000000000000000e+02 6.270000000000000000e+02
7.980000000000000000e+02 7.640000000000000000e+02
9.170000000000000000e+02 7.590000000000000000e+02
6.280000000000000000e+02 5.600000000000000000e+01
7.730000000000000000e+02 5.400000000000000000e+01
9.690000000000000000e+02 1.099000000000000000e+03
8.020000000000000000e+02 9.670000000000000000e+02
4.500000000000000000e+02 7.600000000000000000e+02
1.153000000000000000e+03 1.820000000000000000e+03
7.910000000000000000e+02 1.899000000000000000e+03
7.790000000000000000e+02 1.984000000000000000e+03
8.930000000000000000e+02 1.632000000000000000e+03
7.650000000000000000e+02 1.735000000000000000e+03
7.640000000000000000e+02 9.510000000000000000e+02
5.110000000000000000e+02 6.240000000000000000e+02
1.380000000000000000e+03 1.696000000000000000e+03
1.398000000000000000e+03 1.641000000000000000e+03
1.190000000000000000e+03 1.218000000000000000e+03
1.187000000000000000e+03 1.127000000000000000e+03
6.460000000000000000e+02 1.306000000000000000e+03
6.460000000000000000e+02 1.316000000000000000e+03
1.105000000000000000e+03 1.581000000000000000e+03
1.232000000000000000e+03 1.816000000000000000e+03
1.193000000000000000e+03 1.604000000000000000e+03
1.198000000000000000e+03 1.721000000000000000e+03
7.770000000000000000e+02 1.350000000000000000e+03
7.570000000000000000e+02 1.373000000000000000e+03
2.701000000000000000e+03 2.171000000000000000e+03
2.578000000000000000e+03 2.176000000000000000e+03
9.960000000000000000e+02 1.765000000000000000e+03
9.540000000000000000e+02 1.771000000000000000e+03
1.292000000000000000e+03 2.662000000000000000e+03
1.246000000000000000e+03 2.672000000000000000e+03
9.760000000000000000e+02 1.920000000000000000e+03
9.640000000000000000e+02 1.906000000000000000e+03
1.314000000000000000e+03 2.014000000000000000e+03
1.197000000000000000e+03 1.842000000000000000e+03
1.318000000000000000e+03 1.798000000000000000e+03
1.284000000000000000e+03 1.777000000000000000e+03
1.074000000000000000e+03 1.483000000000000000e+03
8.100000000000000000e+02 1.278000000000000000e+03
8.440000000000000000e+02 1.223000000000000000e+03
1.053000000000000000e+03 1.267000000000000000e+03
1.021000000000000000e+03 1.188000000000000000e+03
7.660000000000000000e+02 7.240000000000000000e+02
8.100000000000000000e+02 7.350000000000000000e+02
7.200000000000000000e+02 3.360000000000000000e+02
7.800000000000000000e+02 3.200000000000000000e+02
4.790000000000000000e+02 5.010000000000000000e+02
4.250000000000000000e+02 5.020000000000000000e+02
7.950000000000000000e+02 4.470000000000000000e+02
7.400000000000000000e+02 5.320000000000000000e+02
9.260000000000000000e+02 1.242000000000000000e+03
9.300000000000000000e+02 1.058000000000000000e+03
7.590000000000000000e+02 8.550000000000000000e+02
4.930000000000000000e+02 4.600000000000000000e+01
4.050000000000000000e+02 9.700000000000000000e+02
7.590000000000000000e+02 1.068000000000000000e+03
9.470000000000000000e+02 1.118000000000000000e+03
8.260000000000000000e+02 1.026000000000000000e+03
6.130000000000000000e+02 4.350000000000000000e+02
7.420000000000000000e+02 7.550000000000000000e+02
7.670000000000000000e+02 1.078000000000000000e+03
6.810000000000000000e+02 9.750000000000000000e+02
6.550000000000000000e+02 1.191000000000000000e+03
7.200000000000000000e+01 1.133000000000000000e+03
6.200000000000000000e+02 1.770000000000000000e+02
6.720000000000000000e+02 5.220000000000000000e+02
7.340000000000000000e+02 3.520000000000000000e+02
7.000000000000000000e+02 1.720000000000000000e+02
2.064000000000000000e+03 1.954000000000000000e+03
2.122000000000000000e+03 1.940000000000000000e+03
2.126000000000000000e+03 2.207000000000000000e+03
2.197000000000000000e+03 2.173000000000000000e+03
2.390000000000000000e+03 2.140000000000000000e+03
2.331000000000000000e+03 2.144000000000000000e+03
1.824000000000000000e+03 2.100000000000000000e+03
1.812000000000000000e+03 2.103000000000000000e+03
6.880000000000000000e+02 8.710000000000000000e+02
6.610000000000000000e+02 7.910000000000000000e+02
7.170000000000000000e+02 1.141000000000000000e+03
8.940000000000000000e+02 1.300000000000000000e+03
1.336000000000000000e+03 1.751000000000000000e+03
1.435000000000000000e+03 1.904000000000000000e+03
9.060000000000000000e+02 1.149000000000000000e+03
9.960000000000000000e+02 1.279000000000000000e+03
1.305000000000000000e+03 1.961000000000000000e+03
1.228000000000000000e+03 2.013000000000000000e+03
9.810000000000000000e+02 2.047000000000000000e+03
9.890000000000000000e+02 2.028000000000000000e+03
9.060000000000000000e+02 1.435000000000000000e+03
9.680000000000000000e+02 1.490000000000000000e+03
1.008000000000000000e+03 2.127000000000000000e+03
8.910000000000000000e+02 2.152000000000000000e+03
6.540000000000000000e+02 1.552000000000000000e+03
7.300000000000000000e+02 1.548000000000000000e+03
7.420000000000000000e+02 1.538000000000000000e+03
9.170000000000000000e+02 1.563000000000000000e+03
1.414000000000000000e+03 1.910000000000000000e+03
1.073000000000000000e+03 1.687000000000000000e+03
9.470000000000000000e+02 1.655000000000000000e+03
9.060000000000000000e+02 1.635000000000000000e+03
3.665000000000000000e+03 4.127000000000000000e+03
3.201000000000000000e+03 4.099000000000000000e+03
3.585000000000000000e+03 4.400000000000000000e+03
3.013000000000000000e+03 4.259000000000000000e+03
2.818000000000000000e+03 4.162000000000000000e+03
1.271000000000000000e+03 2.541000000000000000e+03
1.488000000000000000e+03 2.586000000000000000e+03
4.046000000000000000e+03 4.279000000000000000e+03
4.071000000000000000e+03 4.301000000000000000e+03
3.942000000000000000e+03 4.354000000000000000e+03
3.343000000000000000e+03 4.136000000000000000e+03
3.407000000000000000e+03 4.004000000000000000e+03
3.797000000000000000e+03 4.144000000000000000e+03
3.135000000000000000e+03 4.084000000000000000e+03
3.164000000000000000e+03 4.203000000000000000e+03
2.493000000000000000e+03 4.269000000000000000e+03
2.541000000000000000e+03 4.288000000000000000e+03
2.305000000000000000e+03 4.268000000000000000e+03
2.354000000000000000e+03 4.229000000000000000e+03
3.098000000000000000e+03 4.367000000000000000e+03
3.245000000000000000e+03 4.397000000000000000e+03
3.595000000000000000e+03 4.234000000000000000e+03
3.461000000000000000e+03 4.277000000000000000e+03
2.273000000000000000e+03 3.700000000000000000e+03
2.374000000000000000e+03 3.860000000000000000e+03
2.711000000000000000e+03 4.183000000000000000e+03
2.708000000000000000e+03 4.152000000000000000e+03
3.909000000000000000e+03 4.187000000000000000e+03
3.574000000000000000e+03 4.098000000000000000e+03
3.146000000000000000e+03 4.348000000000000000e+03
3.353000000000000000e+03 4.428000000000000000e+03
2.089000000000000000e+03 4.178000000000000000e+03
2.241000000000000000e+03 4.148000000000000000e+03
2.149000000000000000e+03 4.141000000000000000e+03
3.393000000000000000e+03 4.127000000000000000e+03
3.284000000000000000e+03 4.180000000000000000e+03
2.461000000000000000e+03 4.416000000000000000e+03
2.457000000000000000e+03 4.401000000000000000e+03
3.436000000000000000e+03 4.126000000000000000e+03
4.070000000000000000e+03 4.161000000000000000e+03
3.314000000000000000e+03 4.143000000000000000e+03
2.575000000000000000e+03 4.142000000000000000e+03
2.481000000000000000e+03 4.274000000000000000e+03
2.882000000000000000e+03 4.343000000000000000e+03
2.018000000000000000e+03 4.300000000000000000e+03
2.175000000000000000e+03 4.096000000000000000e+03
2.114000000000000000e+03 4.217000000000000000e+03
2.214000000000000000e+03 4.298000000000000000e+03
1.213000000000000000e+03 4.416000000000000000e+03
1.338000000000000000e+03 3.981000000000000000e+03
1.831000000000000000e+03 4.398000000000000000e+03
1.755000000000000000e+03 4.118000000000000000e+03
1.569000000000000000e+03 4.443000000000000000e+03
1.606000000000000000e+03 4.095000000000000000e+03
2.441000000000000000e+03 3.997000000000000000e+03
2.979000000000000000e+03 4.443000000000000000e+03
2.162000000000000000e+03 4.145000000000000000e+03
2.299000000000000000e+03 4.424000000000000000e+03
3.708000000000000000e+03 4.288000000000000000e+03
3.409000000000000000e+03 4.253000000000000000e+03
3.403000000000000000e+03 4.390000000000000000e+03
2.994000000000000000e+03 4.193000000000000000e+03
2.020000000000000000e+03 2.359000000000000000e+03
3.759000000000000000e+03 4.419000000000000000e+03
2.929000000000000000e+03 3.577000000000000000e+03
3.303000000000000000e+03 4.236000000000000000e+03
3.000000000000000000e+03 3.915000000000000000e+03
1.838000000000000000e+03 2.577000000000000000e+03
2.530000000000000000e+03 2.465000000000000000e+03
1.531000000000000000e+03 2.663000000000000000e+03
1.627000000000000000e+03 2.881000000000000000e+03
1.577000000000000000e+03 2.824000000000000000e+03
1.544000000000000000e+03 2.589000000000000000e+03
3.703000000000000000e+03 4.410000000000000000e+03
2.659000000000000000e+03 3.832000000000000000e+03
1.621000000000000000e+03 3.166000000000000000e+03
1.701000000000000000e+03 4.403000000000000000e+03
3.119000000000000000e+03 4.409000000000000000e+03
2.749000000000000000e+03 3.906000000000000000e+03
3.081000000000000000e+03 4.112000000000000000e+03
3.039000000000000000e+03 4.114000000000000000e+03
1.489000000000000000e+03 2.686000000000000000e+03
1.537000000000000000e+03 3.795000000000000000e+03
1.917000000000000000e+03 4.136000000000000000e+03
1.982000000000000000e+03 4.454000000000000000e+03
1.151000000000000000e+03 2.428000000000000000e+03
9.000000000000000000e+02 2.568000000000000000e+03
1.503000000000000000e+03 3.116000000000000000e+03
1.601000000000000000e+03 3.683000000000000000e+03
2.283000000000000000e+03 2.333000000000000000e+03
2.594000000000000000e+03 2.282000000000000000e+03
2.365000000000000000e+03 3.392000000000000000e+03
2.843000000000000000e+03 4.213000000000000000e+03
1.693000000000000000e+03 2.701000000000000000e+03
1.635000000000000000e+03 2.580000000000000000e+03
2.453000000000000000e+03 2.357000000000000000e+03
1.692000000000000000e+03 2.531000000000000000e+03
2.599000000000000000e+03 4.434000000000000000e+03
2.167000000000000000e+03 3.746000000000000000e+03
1.905000000000000000e+03 4.115000000000000000e+03
1.808000000000000000e+03 3.141000000000000000e+03
2.399000000000000000e+03 4.127000000000000000e+03
1.713000000000000000e+03 4.102000000000000000e+03
1.719000000000000000e+03 3.365000000000000000e+03
1.677000000000000000e+03 3.395000000000000000e+03
1.709000000000000000e+03 3.638000000000000000e+03
2.410000000000000000e+03 2.490000000000000000e+03
2.161000000000000000e+03 4.436000000000000000e+03
1.925000000000000000e+03 4.137000000000000000e+03
2.275000000000000000e+03 2.487000000000000000e+03
2.347000000000000000e+03 2.504000000000000000e+03
1.763000000000000000e+03 2.582000000000000000e+03
1.885000000000000000e+03 2.599000000000000000e+03
2.373000000000000000e+03 2.664000000000000000e+03
2.225000000000000000e+03 2.680000000000000000e+03
2.366000000000000000e+03 2.571000000000000000e+03
2.481000000000000000e+03 2.542000000000000000e+03
2.281000000000000000e+03 2.423000000000000000e+03
1.774000000000000000e+03 3.159000000000000000e+03
1.809000000000000000e+03 2.551000000000000000e+03
2.100000000000000000e+03 2.491000000000000000e+03
1.753000000000000000e+03 2.859000000000000000e+03
1.956000000000000000e+03 2.581000000000000000e+03
1.743000000000000000e+03 2.432000000000000000e+03
2.627000000000000000e+03 2.349000000000000000e+03
8.570000000000000000e+02 2.283000000000000000e+03
4.750000000000000000e+02 2.727000000000000000e+03
4.810000000000000000e+02 2.668000000000000000e+03
8.020000000000000000e+02 2.178000000000000000e+03
6.630000000000000000e+02 2.202000000000000000e+03
3.810000000000000000e+02 2.478000000000000000e+03
3.880000000000000000e+02 2.527000000000000000e+03
1.413000000000000000e+03 3.223000000000000000e+03
1.429000000000000000e+03 3.295000000000000000e+03
9.340000000000000000e+02 2.395000000000000000e+03
1.024000000000000000e+03 2.453000000000000000e+03
5.650000000000000000e+02 2.442000000000000000e+03
6.980000000000000000e+02 2.385000000000000000e+03
8.140000000000000000e+02 2.075000000000000000e+03
6.720000000000000000e+02 2.087000000000000000e+03
1.041000000000000000e+03 2.252000000000000000e+03
1.080000000000000000e+03 2.274000000000000000e+03
7.670000000000000000e+02 2.267000000000000000e+03
5.410000000000000000e+02 2.351000000000000000e+03
5.430000000000000000e+02 2.563000000000000000e+03
5.420000000000000000e+02 2.615000000000000000e+03
1.064000000000000000e+03 2.302000000000000000e+03
1.044000000000000000e+03 2.205000000000000000e+03
6.390000000000000000e+02 2.695000000000000000e+03
7.500000000000000000e+02 2.626000000000000000e+03
8.480000000000000000e+02 2.337000000000000000e+03
6.960000000000000000e+02 2.363000000000000000e+03
1.064000000000000000e+03 2.199000000000000000e+03
1.052000000000000000e+03 2.189000000000000000e+03
6.650000000000000000e+02 2.224000000000000000e+03
4.950000000000000000e+02 2.191000000000000000e+03
1.109000000000000000e+03 2.610000000000000000e+03
1.414000000000000000e+03 4.009000000000000000e+03
1.442000000000000000e+03 4.085000000000000000e+03
9.870000000000000000e+02 2.427000000000000000e+03
8.710000000000000000e+02 2.414000000000000000e+03
7.310000000000000000e+02 2.531000000000000000e+03
7.210000000000000000e+02 2.493000000000000000e+03
1.026000000000000000e+03 2.680000000000000000e+03
9.870000000000000000e+02 2.696000000000000000e+03
8.900000000000000000e+01 2.578000000000000000e+03
4.440000000000000000e+02 2.560000000000000000e+03
7.540000000000000000e+02 2.592000000000000000e+03
7.590000000000000000e+02 2.622000000000000000e+03
7.800000000000000000e+02 2.433000000000000000e+03
8.990000000000000000e+02 2.383000000000000000e+03
6.710000000000000000e+02 2.256000000000000000e+03
6.360000000000000000e+02 2.256000000000000000e+03
3.590000000000000000e+02 2.701000000000000000e+03
3.180000000000000000e+02 2.696000000000000000e+03
8.500000000000000000e+01 2.363000000000000000e+03
1.180000000000000000e+02 2.409000000000000000e+03
1.780000000000000000e+02 2.266000000000000000e+03
1.550000000000000000e+02 2.287000000000000000e+03
2.510000000000000000e+02 2.577000000000000000e+03
2.770000000000000000e+02 2.620000000000000000e+03
2.280000000000000000e+02 2.307000000000000000e+03
2.400000000000000000e+02 2.360000000000000000e+03
3.850000000000000000e+02 2.366000000000000000e+03
3.630000000000000000e+02 2.394000000000000000e+03
8.580000000000000000e+02 2.170000000000000000e+03
6.630000000000000000e+02 2.398000000000000000e+03
1.695000000000000000e+03 2.159000000000000000e+03
1.996000000000000000e+03 2.155000000000000000e+03
2.047000000000000000e+03 2.129000000000000000e+03
1.817000000000000000e+03 2.101000000000000000e+03
1.850000000000000000e+03 2.080000000000000000e+03
2.418000000000000000e+03 2.245000000000000000e+03
2.488000000000000000e+03 2.230000000000000000e+03
1.653000000000000000e+03 2.425000000000000000e+03
1.647000000000000000e+03 2.270000000000000000e+03
1.783000000000000000e+03 4.209000000000000000e+03
1.783000000000000000e+03 3.689000000000000000e+03
2.195000000000000000e+03 2.259000000000000000e+03
2.298000000000000000e+03 2.262000000000000000e+03
1.676000000000000000e+03 3.141000000000000000e+03
1.586000000000000000e+03 3.549000000000000000e+03
1.691000000000000000e+03 3.910000000000000000e+03
1.685000000000000000e+03 3.577000000000000000e+03
1.483000000000000000e+03 3.551000000000000000e+03
1.428000000000000000e+03 3.343000000000000000e+03
1.160000000000000000e+03 2.469000000000000000e+03
1.309000000000000000e+03 2.429000000000000000e+03
1.715000000000000000e+03 3.621000000000000000e+03
1.849000000000000000e+03 4.306000000000000000e+03
1.535000000000000000e+03 2.347000000000000000e+03
1.595000000000000000e+03 2.256000000000000000e+03
1.622000000000000000e+03 3.670000000000000000e+03
1.648000000000000000e+03 4.257000000000000000e+03
1.986000000000000000e+03 2.282000000000000000e+03
2.165000000000000000e+03 2.327000000000000000e+03
1.859000000000000000e+03 2.255000000000000000e+03
1.808000000000000000e+03 2.211000000000000000e+03
1.160000000000000000e+03 2.668000000000000000e+03
1.122000000000000000e+03 2.688000000000000000e+03
1.866000000000000000e+03 2.345000000000000000e+03
1.806000000000000000e+03 2.358000000000000000e+03
1.576000000000000000e+03 3.811000000000000000e+03
1.581000000000000000e+03 3.937000000000000000e+03
1.339000000000000000e+03 2.548000000000000000e+03
1.370000000000000000e+03 2.417000000000000000e+03
9.180000000000000000e+02 2.637000000000000000e+03
8.400000000000000000e+02 2.712000000000000000e+03
1.188000000000000000e+03 2.524000000000000000e+03
1.084000000000000000e+03 2.580000000000000000e+03
1.459000000000000000e+03 3.994000000000000000e+03
1.511000000000000000e+03 4.039000000000000000e+03
1.404000000000000000e+03 2.492000000000000000e+03
1.404000000000000000e+03 2.793000000000000000e+03
1.399000000000000000e+03 2.710000000000000000e+03
1.439000000000000000e+03 2.761000000000000000e+03
1.535000000000000000e+03 2.425000000000000000e+03
1.609000000000000000e+03 2.464000000000000000e+03
1.726000000000000000e+03 2.555000000000000000e+03
1.637000000000000000e+03 2.520000000000000000e+03
1.594000000000000000e+03 4.124000000000000000e+03
1.587000000000000000e+03 4.077000000000000000e+03
1.695000000000000000e+03 3.750000000000000000e+03
1.689000000000000000e+03 3.742000000000000000e+03
1.649000000000000000e+03 2.445000000000000000e+03
1.659000000000000000e+03 2.551000000000000000e+03
1.677000000000000000e+03 2.580000000000000000e+03
1.662000000000000000e+03 2.569000000000000000e+03
2.827000000000000000e+03 4.053000000000000000e+03
2.828000000000000000e+03 3.938000000000000000e+03
1.474000000000000000e+03 1.613000000000000000e+03
1.472000000000000000e+03 1.179000000000000000e+03
1.358000000000000000e+03 1.462000000000000000e+03
5.740000000000000000e+02 1.198000000000000000e+03
5.590000000000000000e+02 1.174000000000000000e+03
1.281000000000000000e+03 1.026000000000000000e+03
3.180000000000000000e+02 1.606000000000000000e+03
9.250000000000000000e+02 1.579000000000000000e+03
8.200000000000000000e+02 1.297000000000000000e+03
2.780000000000000000e+02 9.650000000000000000e+02
2.030000000000000000e+02 8.710000000000000000e+02
5.100000000000000000e+01 7.160000000000000000e+02
1.140000000000000000e+02 7.120000000000000000e+02
1.501000000000000000e+03 2.191000000000000000e+03
2.222000000000000000e+03 1.846000000000000000e+03
2.600000000000000000e+02 8.140000000000000000e+02
2.070000000000000000e+02 7.340000000000000000e+02
1.498000000000000000e+03 1.349000000000000000e+03
4.690000000000000000e+02 1.249000000000000000e+03
6.250000000000000000e+02 1.947000000000000000e+03
5.910000000000000000e+02 1.893000000000000000e+03
1.040000000000000000e+02 1.609000000000000000e+03
1.070000000000000000e+02 1.658000000000000000e+03
8.700000000000000000e+01 1.363000000000000000e+03
7.350000000000000000e+02 1.935000000000000000e+03
1.145000000000000000e+03 1.420000000000000000e+03
3.790000000000000000e+02 1.537000000000000000e+03
3.780000000000000000e+02 1.265000000000000000e+03
3.860000000000000000e+02 1.326000000000000000e+03
3.670000000000000000e+02 7.120000000000000000e+02
3.540000000000000000e+02 6.050000000000000000e+02
7.650000000000000000e+02 1.993000000000000000e+03
1.030000000000000000e+02 2.100000000000000000e+03
1.770000000000000000e+02 2.151000000000000000e+03
3.780000000000000000e+02 1.925000000000000000e+03
6.080000000000000000e+02 1.886000000000000000e+03
1.310000000000000000e+02 1.938000000000000000e+03
1.980000000000000000e+02 1.966000000000000000e+03
3.970000000000000000e+02 1.695000000000000000e+03
3.470000000000000000e+02 1.675000000000000000e+03
1.275000000000000000e+03 1.708000000000000000e+03
7.410000000000000000e+02 1.477000000000000000e+03
5.710000000000000000e+02 1.756000000000000000e+03
5.620000000000000000e+02 1.691000000000000000e+03
4.940000000000000000e+02 1.335000000000000000e+03
4.750000000000000000e+02 1.376000000000000000e+03
2.200000000000000000e+02 2.173000000000000000e+03
1.680000000000000000e+02 2.190000000000000000e+03
7.380000000000000000e+02 2.006000000000000000e+03
1.555000000000000000e+03 2.209000000000000000e+03
7.070000000000000000e+02 1.730000000000000000e+03
6.630000000000000000e+02 1.889000000000000000e+03
1.290000000000000000e+02 1.513000000000000000e+03
2.650000000000000000e+02 1.492000000000000000e+03
1.980000000000000000e+02 1.875000000000000000e+03
3.340000000000000000e+02 1.882000000000000000e+03
3.780000000000000000e+02 1.601000000000000000e+03
2.290000000000000000e+02 1.629000000000000000e+03
6.370000000000000000e+02 2.009000000000000000e+03
5.180000000000000000e+02 1.888000000000000000e+03
1.960000000000000000e+02 2.462000000000000000e+03
2.360000000000000000e+02 2.479000000000000000e+03
6.990000000000000000e+02 1.775000000000000000e+03
5.790000000000000000e+02 2.007000000000000000e+03
5.020000000000000000e+02 2.079000000000000000e+03
3.180000000000000000e+02 8.510000000000000000e+02
3.700000000000000000e+02 8.510000000000000000e+02
4.290000000000000000e+02 1.409000000000000000e+03
3.460000000000000000e+02 2.263000000000000000e+03
2.460000000000000000e+02 1.342000000000000000e+03
3.520000000000000000e+02 1.427000000000000000e+03
2.740000000000000000e+02 1.156000000000000000e+03
3.690000000000000000e+02 1.187000000000000000e+03
1.630000000000000000e+02 1.256000000000000000e+03
1.720000000000000000e+02 1.216000000000000000e+03
6.390000000000000000e+02 1.508000000000000000e+03
6.560000000000000000e+02 1.364000000000000000e+03
1.780000000000000000e+02 2.024000000000000000e+03
5.560000000000000000e+02 2.087000000000000000e+03
6.500000000000000000e+01 1.785000000000000000e+03
5.260000000000000000e+02 1.813000000000000000e+03
4.800000000000000000e+02 1.804000000000000000e+03
4.930000000000000000e+02 1.867000000000000000e+03
8.730000000000000000e+02 1.828000000000000000e+03
8.700000000000000000e+02 1.861000000000000000e+03
3.270000000000000000e+02 2.056000000000000000e+03
4.580000000000000000e+02 2.069000000000000000e+03
3.550000000000000000e+02 2.194000000000000000e+03
5.350000000000000000e+02 2.138000000000000000e+03
4.690000000000000000e+02 1.591000000000000000e+03
7.380000000000000000e+02 1.762000000000000000e+03
3.900000000000000000e+02 1.806000000000000000e+03
2.250000000000000000e+02 1.757000000000000000e+03
1.593000000000000000e+03 1.926000000000000000e+03
7.770000000000000000e+02 1.504000000000000000e+03
3.430000000000000000e+02 5.180000000000000000e+02
3.590000000000000000e+02 6.750000000000000000e+02
4.600000000000000000e+02 3.230000000000000000e+02
4.860000000000000000e+02 3.320000000000000000e+02
9.300000000000000000e+02 1.997000000000000000e+03
1.313000000000000000e+03 8.290000000000000000e+02
1.861000000000000000e+03 1.844000000000000000e+03
1.595000000000000000e+03 1.898000000000000000e+03
2.370000000000000000e+02 3.740000000000000000e+02
3.090000000000000000e+02 4.100000000000000000e+02
2.928000000000000000e+03 8.540000000000000000e+02
1.505000000000000000e+03 8.440000000000000000e+02
1.320000000000000000e+02 8.480000000000000000e+02
4.400000000000000000e+01 8.470000000000000000e+02
3.750000000000000000e+02 1.453000000000000000e+03
3.940000000000000000e+02 1.500000000000000000e+03
1.756000000000000000e+03 1.583000000000000000e+03
1.464000000000000000e+03 1.606000000000000000e+03
1.770000000000000000e+02 1.034000000000000000e+03
1.860000000000000000e+02 9.890000000000000000e+02
1.555000000000000000e+03 1.222000000000000000e+03
2.673000000000000000e+03 5.690000000000000000e+02
1.613000000000000000e+03 2.086000000000000000e+03
5.600000000000000000e+02 1.264000000000000000e+03
4.210000000000000000e+02 1.122000000000000000e+03
5.020000000000000000e+02 1.133000000000000000e+03
7.420000000000000000e+02 1.419000000000000000e+03
7.560000000000000000e+02 2.012000000000000000e+03
7.700000000000000000e+01 5.630000000000000000e+02
1.220000000000000000e+02 6.280000000000000000e+02
1.222000000000000000e+03 6.310000000000000000e+02
1.365000000000000000e+03 5.710000000000000000e+02
2.760000000000000000e+03 2.933000000000000000e+03
4.462000000000000000e+03 1.307000000000000000e+03
4.232000000000000000e+03 1.289000000000000000e+03
4.328000000000000000e+03 4.113000000000000000e+03
4.392000000000000000e+03 3.896000000000000000e+03
3.807000000000000000e+03 8.800000000000000000e+01
3.872000000000000000e+03 9.000000000000000000e+01
4.040000000000000000e+03 4.342000000000000000e+03
4.074000000000000000e+03 4.327000000000000000e+03
3.557000000000000000e+03 3.750000000000000000e+02
3.584000000000000000e+03 2.980000000000000000e+02
2.533000000000000000e+03 9.850000000000000000e+02
3.076000000000000000e+03 1.025000000000000000e+03
3.451000000000000000e+03 4.500000000000000000e+02
3.393000000000000000e+03 4.620000000000000000e+02
2.955000000000000000e+03 2.900000000000000000e+02
3.014000000000000000e+03 3.250000000000000000e+02
2.691000000000000000e+03 1.604000000000000000e+03
2.951000000000000000e+03 7.890000000000000000e+02
3.256000000000000000e+03 3.150000000000000000e+02
3.439000000000000000e+03 6.400000000000000000e+01
3.755000000000000000e+03 3.050000000000000000e+02
3.963000000000000000e+03 1.680000000000000000e+02
3.821000000000000000e+03 2.560000000000000000e+02
3.661000000000000000e+03 3.130000000000000000e+02
2.982000000000000000e+03 7.730000000000000000e+02
2.835000000000000000e+03 1.606000000000000000e+03
3.900000000000000000e+03 9.930000000000000000e+02
4.457000000000000000e+03 8.690000000000000000e+02
2.735000000000000000e+03 1.640000000000000000e+03
2.962000000000000000e+03 1.665000000000000000e+03
3.634000000000000000e+03 1.576000000000000000e+03
2.974000000000000000e+03 1.631000000000000000e+03
3.153000000000000000e+03 1.591000000000000000e+03
3.210000000000000000e+03 1.625000000000000000e+03
3.426000000000000000e+03 1.567000000000000000e+03
4.018000000000000000e+03 1.582000000000000000e+03
3.829000000000000000e+03 1.572000000000000000e+03
2.736000000000000000e+03 2.004000000000000000e+03
2.621000000000000000e+03 1.918000000000000000e+03
2.584000000000000000e+03 1.928000000000000000e+03
2.665000000000000000e+03 1.953000000000000000e+03
2.563000000000000000e+03 1.691000000000000000e+03
2.705000000000000000e+03 1.690000000000000000e+03
3.272000000000000000e+03 1.587000000000000000e+03
4.255000000000000000e+03 1.576000000000000000e+03
3.010000000000000000e+03 1.578000000000000000e+03
3.313000000000000000e+03 1.583000000000000000e+03
3.461000000000000000e+03 2.855000000000000000e+03
4.234000000000000000e+03 4.212000000000000000e+03
3.191000000000000000e+03 2.286000000000000000e+03
3.208000000000000000e+03 2.786000000000000000e+03
3.980000000000000000e+03 1.773000000000000000e+03
4.184000000000000000e+03 2.759000000000000000e+03
3.588000000000000000e+03 1.387000000000000000e+03
3.867000000000000000e+03 1.341000000000000000e+03
4.416000000000000000e+03 1.496000000000000000e+03
2.973000000000000000e+03 1.727000000000000000e+03
4.285000000000000000e+03 1.586000000000000000e+03
4.204000000000000000e+03 3.755000000000000000e+03
2.906000000000000000e+03 2.156000000000000000e+03
2.581000000000000000e+03 1.970000000000000000e+02
3.033000000000000000e+03 1.500000000000000000e+02
2.615000000000000000e+03 8.160000000000000000e+02
3.237000000000000000e+03 2.424000000000000000e+03
2.853000000000000000e+03 1.060000000000000000e+02
2.866000000000000000e+03 7.100000000000000000e+01
2.465000000000000000e+03 2.440000000000000000e+02
2.480000000000000000e+03 2.130000000000000000e+02
3.161000000000000000e+03 2.210000000000000000e+02
3.101000000000000000e+03 2.780000000000000000e+02
2.836000000000000000e+03 6.280000000000000000e+02
2.816000000000000000e+03 4.300000000000000000e+02
3.131000000000000000e+03 4.600000000000000000e+01
3.168000000000000000e+03 1.040000000000000000e+02
3.302000000000000000e+03 2.410000000000000000e+02
3.143000000000000000e+03 2.500000000000000000e+02
3.206000000000000000e+03 3.750000000000000000e+02
3.014000000000000000e+03 4.290000000000000000e+02
3.142000000000000000e+03 1.190000000000000000e+02
3.239000000000000000e+03 1.190000000000000000e+02
2.635000000000000000e+03 2.690000000000000000e+02
2.640000000000000000e+03 2.320000000000000000e+02
3.409000000000000000e+03 2.870000000000000000e+02
3.117000000000000000e+03 3.480000000000000000e+02
3.651000000000000000e+03 1.730000000000000000e+02
3.638000000000000000e+03 1.940000000000000000e+02
2.827000000000000000e+03 4.110000000000000000e+02
2.889000000000000000e+03 4.200000000000000000e+02
2.855000000000000000e+03 2.700000000000000000e+02
2.833000000000000000e+03 2.630000000000000000e+02
2.577000000000000000e+03 1.840000000000000000e+02
2.583000000000000000e+03 4.600000000000000000e+01
2.763000000000000000e+03 1.830000000000000000e+02
2.662000000000000000e+03 3.050000000000000000e+02
2.536000000000000000e+03 9.050000000000000000e+02
2.531000000000000000e+03 6.860000000000000000e+02
2.630000000000000000e+03 1.155000000000000000e+03
2.671000000000000000e+03 6.180000000000000000e+02
4.114000000000000000e+03 1.589000000000000000e+03
3.968000000000000000e+03 4.000000000000000000e+02
3.679000000000000000e+03 6.270000000000000000e+02
3.554000000000000000e+03 4.300000000000000000e+01
3.316000000000000000e+03 2.690000000000000000e+02
3.456000000000000000e+03 1.660000000000000000e+02
2.507000000000000000e+03 1.140000000000000000e+02
2.451000000000000000e+03 5.400000000000000000e+01
3.398000000000000000e+03 1.180000000000000000e+03
2.919000000000000000e+03 7.420000000000000000e+02
3.471000000000000000e+03 5.630000000000000000e+02
2.556000000000000000e+03 9.410000000000000000e+02
3.483000000000000000e+03 7.070000000000000000e+02
2.222000000000000000e+03 9.690000000000000000e+02
3.174000000000000000e+03 5.350000000000000000e+02
3.055000000000000000e+03 5.940000000000000000e+02
2.961000000000000000e+03 4.990000000000000000e+02
3.819000000000000000e+03 4.620000000000000000e+02
2.368000000000000000e+03 4.800000000000000000e+02
3.671000000000000000e+03 4.880000000000000000e+02
1.973000000000000000e+03 4.920000000000000000e+02
2.515000000000000000e+03 5.710000000000000000e+02
4.339000000000000000e+03 5.070000000000000000e+02
2.598000000000000000e+03 6.660000000000000000e+02
7.580000000000000000e+02 2.013000000000000000e+03
3.746000000000000000e+03 4.390000000000000000e+03
4.169000000000000000e+03 4.402000000000000000e+03
3.470000000000000000e+03 2.193000000000000000e+03
1.404000000000000000e+03 7.100000000000000000e+02
4.560000000000000000e+02 6.880000000000000000e+02
1.565000000000000000e+03 1.681000000000000000e+03
3.750000000000000000e+02 2.810000000000000000e+03
1.470000000000000000e+02 2.714000000000000000e+03
1.375000000000000000e+03 4.435000000000000000e+03
1.259000000000000000e+03 4.060000000000000000e+03
1.442000000000000000e+03 3.275000000000000000e+03
1.319000000000000000e+03 3.366000000000000000e+03
1.498000000000000000e+03 4.310000000000000000e+03
1.448000000000000000e+03 4.288000000000000000e+03
3.111000000000000000e+03 1.756000000000000000e+03
4.200000000000000000e+03 8.510000000000000000e+02
9.620000000000000000e+02 1.426000000000000000e+03
3.112000000000000000e+03 3.138000000000000000e+03
1.026000000000000000e+03 4.442000000000000000e+03
1.061000000000000000e+03 4.418000000000000000e+03
2.461000000000000000e+03 2.648000000000000000e+03
1.666000000000000000e+03 2.505000000000000000e+03
6.910000000000000000e+02 2.687000000000000000e+03
6.390000000000000000e+02 2.465000000000000000e+03
3.100000000000000000e+02 4.300000000000000000e+03
3.200000000000000000e+02 4.333000000000000000e+03
1.020000000000000000e+03 2.407000000000000000e+03
5.690000000000000000e+02 2.590000000000000000e+03
4.680000000000000000e+02 4.397000000000000000e+03
4.550000000000000000e+02 4.358000000000000000e+03
2.000000000000000000e+03 1.436000000000000000e+03
2.830000000000000000e+02 7.470000000000000000e+02
6.970000000000000000e+02 2.614000000000000000e+03
7.360000000000000000e+02 4.230000000000000000e+03
7.860000000000000000e+02 4.311000000000000000e+03
8.890000000000000000e+02 3.617000000000000000e+03
2.734000000000000000e+03 3.896000000000000000e+03
1.455000000000000000e+03 3.543000000000000000e+03
1.443000000000000000e+03 3.697000000000000000e+03
1.170000000000000000e+03 4.011000000000000000e+03
1.043000000000000000e+03 4.303000000000000000e+03
7.600000000000000000e+01 4.291000000000000000e+03
1.052000000000000000e+03 3.996000000000000000e+03
5.740000000000000000e+02 4.296000000000000000e+03
1.193000000000000000e+03 4.037000000000000000e+03
1.260000000000000000e+03 4.118000000000000000e+03
1.263000000000000000e+03 4.337000000000000000e+03
2.678000000000000000e+03 4.066000000000000000e+03
1.919000000000000000e+03 3.264000000000000000e+03
8.910000000000000000e+02 4.264000000000000000e+03
9.770000000000000000e+02 4.323000000000000000e+03
7.460000000000000000e+02 4.437000000000000000e+03
8.960000000000000000e+02 4.050000000000000000e+03
2.755000000000000000e+03 3.379000000000000000e+03
9.080000000000000000e+02 2.241000000000000000e+03
3.563000000000000000e+03 4.560000000000000000e+02
1.173000000000000000e+03 3.196000000000000000e+03
2.658000000000000000e+03 4.311000000000000000e+03
2.757000000000000000e+03 4.326000000000000000e+03
1.247000000000000000e+03 2.920000000000000000e+03
9.510000000000000000e+02 2.838000000000000000e+03
9.350000000000000000e+02 1.649000000000000000e+03
7.100000000000000000e+02 9.080000000000000000e+02
3.810000000000000000e+02 7.350000000000000000e+02
1.990000000000000000e+02 3.260000000000000000e+02
3.274000000000000000e+03 1.900000000000000000e+02
1.100000000000000000e+03 3.607000000000000000e+03
2.600000000000000000e+02 3.880000000000000000e+02
4.860000000000000000e+02 2.169000000000000000e+03
2.090000000000000000e+02 7.460000000000000000e+02
4.140000000000000000e+02 1.448000000000000000e+03
7.460000000000000000e+02 1.170000000000000000e+02
1.720000000000000000e+02 3.992000000000000000e+03
1.121000000000000000e+03 4.180000000000000000e+02
4.120000000000000000e+02 4.810000000000000000e+02
3.320000000000000000e+02 4.940000000000000000e+02
2.552000000000000000e+03 4.228000000000000000e+03
3.730000000000000000e+03 4.379000000000000000e+03
2.807000000000000000e+03 4.422000000000000000e+03
2.782000000000000000e+03 4.451000000000000000e+03
1.320000000000000000e+02 4.420000000000000000e+03
1.680000000000000000e+02 4.375000000000000000e+03
6.430000000000000000e+02 3.556000000000000000e+03
3.940000000000000000e+02 4.256000000000000000e+03
6.340000000000000000e+02 2.604000000000000000e+03
2.416000000000000000e+03 1.410000000000000000e+02
2.350000000000000000e+02 4.305000000000000000e+03
3.820000000000000000e+02 4.375000000000000000e+03
5.930000000000000000e+02 4.402000000000000000e+03
6.390000000000000000e+02 4.400000000000000000e+03
2.132000000000000000e+03 2.664000000000000000e+03
3.891000000000000000e+03 4.147000000000000000e+03
1.904000000000000000e+03 1.561000000000000000e+03
1.816000000000000000e+03 1.464000000000000000e+03
2.138000000000000000e+03 4.220000000000000000e+02
2.138000000000000000e+03 4.640000000000000000e+02
2.161000000000000000e+03 1.680000000000000000e+03
2.023000000000000000e+03 1.684000000000000000e+03
1.675000000000000000e+03 1.379000000000000000e+03
1.772000000000000000e+03 1.381000000000000000e+03
2.109000000000000000e+03 1.493000000000000000e+03
2.176000000000000000e+03 1.588000000000000000e+03
2.031000000000000000e+03 1.550000000000000000e+03
2.021000000000000000e+03 1.600000000000000000e+03
2.261000000000000000e+03 1.768000000000000000e+03
2.303000000000000000e+03 1.718000000000000000e+03
2.318000000000000000e+03 1.450000000000000000e+02
2.337000000000000000e+03 1.460000000000000000e+02
2.991000000000000000e+03 1.577000000000000000e+03
2.967000000000000000e+03 1.594000000000000000e+03
2.885000000000000000e+03 1.614000000000000000e+03
3.134000000000000000e+03 1.643000000000000000e+03
2.754000000000000000e+03 1.803000000000000000e+03
2.779000000000000000e+03 1.846000000000000000e+03
3.847000000000000000e+03 1.594000000000000000e+03
3.830000000000000000e+03 1.581000000000000000e+03
2.650000000000000000e+03 1.810000000000000000e+03
2.647000000000000000e+03 1.848000000000000000e+03
2.388000000000000000e+03 1.675000000000000000e+03
2.475000000000000000e+03 1.646000000000000000e+03
2.753000000000000000e+03 5.100000000000000000e+01
2.708000000000000000e+03 5.200000000000000000e+01
2.463000000000000000e+03 1.302000000000000000e+03
2.851000000000000000e+03 1.205000000000000000e+03
1.415000000000000000e+03 1.012000000000000000e+03
1.244000000000000000e+03 9.030000000000000000e+02
1.295000000000000000e+03 9.880000000000000000e+02
1.173000000000000000e+03 9.400000000000000000e+02
1.056000000000000000e+03 7.740000000000000000e+02
1.287000000000000000e+03 1.052000000000000000e+03
1.348000000000000000e+03 1.026000000000000000e+03
1.079000000000000000e+03 6.050000000000000000e+02
1.182000000000000000e+03 7.280000000000000000e+02
1.671000000000000000e+03 1.453000000000000000e+03
1.588000000000000000e+03 1.420000000000000000e+03
1.467000000000000000e+03 1.432000000000000000e+03
1.377000000000000000e+03 1.409000000000000000e+03
1.388000000000000000e+03 1.189000000000000000e+03
1.337000000000000000e+03 1.219000000000000000e+03
1.949000000000000000e+03 1.685000000000000000e+03
1.967000000000000000e+03 1.638000000000000000e+03
1.736000000000000000e+03 5.060000000000000000e+02
1.705000000000000000e+03 6.300000000000000000e+02
1.543000000000000000e+03 1.204000000000000000e+03
1.604000000000000000e+03 1.288000000000000000e+03
1.476000000000000000e+03 1.264000000000000000e+03
1.439000000000000000e+03 1.297000000000000000e+03
9.170000000000000000e+02 4.520000000000000000e+02
1.104000000000000000e+03 5.140000000000000000e+02
1.188000000000000000e+03 6.530000000000000000e+02
9.800000000000000000e+02 5.920000000000000000e+02
9.780000000000000000e+02 2.390000000000000000e+02
1.007000000000000000e+03 2.280000000000000000e+02
1.490000000000000000e+03 1.158000000000000000e+03
1.483000000000000000e+03 1.125000000000000000e+03
1.542000000000000000e+03 7.810000000000000000e+02
8.950000000000000000e+02 3.130000000000000000e+02
9.720000000000000000e+02 4.390000000000000000e+02
1.447000000000000000e+03 7.010000000000000000e+02
1.520000000000000000e+03 7.990000000000000000e+02
3.046000000000000000e+03 4.220000000000000000e+02
2.686000000000000000e+03 4.690000000000000000e+02
1.421000000000000000e+03 1.537000000000000000e+03
1.431000000000000000e+03 1.494000000000000000e+03
1.508000000000000000e+03 1.092000000000000000e+03
1.484000000000000000e+03 1.121000000000000000e+03
1.288000000000000000e+03 3.980000000000000000e+02
1.233000000000000000e+03 2.260000000000000000e+02
1.291000000000000000e+03 7.120000000000000000e+02
1.218000000000000000e+03 6.350000000000000000e+02
1.535000000000000000e+03 3.430000000000000000e+02
1.486000000000000000e+03 4.410000000000000000e+02
1.272000000000000000e+03 8.260000000000000000e+02
1.144000000000000000e+03 8.160000000000000000e+02
1.330000000000000000e+03 8.420000000000000000e+02
1.272000000000000000e+03 8.250000000000000000e+02
1.435000000000000000e+03 8.630000000000000000e+02
1.536000000000000000e+03 9.260000000000000000e+02
1.859000000000000000e+03 4.140000000000000000e+02
1.753000000000000000e+03 6.850000000000000000e+02
1.650000000000000000e+03 1.124000000000000000e+03
1.667000000000000000e+03 1.085000000000000000e+03
1.156000000000000000e+03 9.600000000000000000e+02
1.100000000000000000e+03 9.350000000000000000e+02
1.539000000000000000e+03 1.125000000000000000e+03
1.537000000000000000e+03 1.242000000000000000e+03
1.789000000000000000e+03 6.940000000000000000e+02
1.823000000000000000e+03 2.280000000000000000e+02
1.852000000000000000e+03 2.390000000000000000e+02
1.094000000000000000e+03 2.300000000000000000e+02
1.077000000000000000e+03 2.900000000000000000e+02
1.339000000000000000e+03 5.000000000000000000e+02
1.497000000000000000e+03 5.230000000000000000e+02
1.458000000000000000e+03 8.600000000000000000e+01
1.437000000000000000e+03 2.090000000000000000e+02
9.990000000000000000e+02 3.600000000000000000e+01
9.990000000000000000e+02 1.150000000000000000e+02
1.565000000000000000e+03 2.030000000000000000e+02
1.543000000000000000e+03 2.160000000000000000e+02
1.367000000000000000e+03 4.950000000000000000e+02
1.709000000000000000e+03 6.080000000000000000e+02
1.218000000000000000e+03 4.760000000000000000e+02
1.203000000000000000e+03 5.400000000000000000e+02
1.192000000000000000e+03 4.590000000000000000e+02
1.066000000000000000e+03 3.940000000000000000e+02
1.344000000000000000e+03 5.240000000000000000e+02
1.437000000000000000e+03 5.080000000000000000e+02
1.242000000000000000e+03 3.830000000000000000e+02
1.178000000000000000e+03 3.750000000000000000e+02
1.361000000000000000e+03 3.960000000000000000e+02
1.392000000000000000e+03 3.660000000000000000e+02
1.456000000000000000e+03 6.360000000000000000e+02
1.628000000000000000e+03 9.140000000000000000e+02
8.780000000000000000e+02 3.400000000000000000e+01
8.770000000000000000e+02 9.700000000000000000e+01
1.279000000000000000e+03 5.070000000000000000e+02
1.339000000000000000e+03 5.340000000000000000e+02
1.241000000000000000e+03 1.220000000000000000e+02
1.242000000000000000e+03 7.300000000000000000e+01
1.394000000000000000e+03 2.170000000000000000e+02
1.354000000000000000e+03 2.500000000000000000e+02
1.891000000000000000e+03 4.410000000000000000e+02
1.972000000000000000e+03 5.790000000000000000e+02
1.990000000000000000e+03 1.880000000000000000e+02
1.945000000000000000e+03 2.090000000000000000e+02
8.640000000000000000e+02 1.940000000000000000e+02
8.100000000000000000e+02 1.970000000000000000e+02
1.601000000000000000e+03 4.840000000000000000e+02
2.036000000000000000e+03 4.930000000000000000e+02
1.324000000000000000e+03 5.600000000000000000e+01
1.360000000000000000e+03 8.600000000000000000e+01
1.768000000000000000e+03 5.370000000000000000e+02
1.727000000000000000e+03 5.310000000000000000e+02
1.943000000000000000e+03 5.320000000000000000e+02
1.958000000000000000e+03 6.500000000000000000e+02
4.184000000000000000e+03 1.580000000000000000e+02
3.944000000000000000e+03 2.410000000000000000e+02
3.744000000000000000e+03 3.810000000000000000e+02
3.868000000000000000e+03 3.420000000000000000e+02
2.442000000000000000e+03 5.700000000000000000e+02
2.119000000000000000e+03 7.520000000000000000e+02
1.643000000000000000e+03 2.680000000000000000e+02
1.683000000000000000e+03 3.800000000000000000e+01
1.680000000000000000e+03 3.810000000000000000e+02
1.673000000000000000e+03 3.800000000000000000e+02
1.874000000000000000e+03 5.890000000000000000e+02
1.901000000000000000e+03 6.280000000000000000e+02
1.642000000000000000e+03 1.590000000000000000e+02
1.575000000000000000e+03 7.700000000000000000e+01
1.712000000000000000e+03 1.350000000000000000e+03
2.006000000000000000e+03 3.340000000000000000e+02
2.004000000000000000e+03 3.970000000000000000e+02
1.825000000000000000e+03 1.955000000000000000e+03
1.823000000000000000e+03 1.962000000000000000e+03
1.813000000000000000e+03 1.773000000000000000e+03
1.765000000000000000e+03 1.732000000000000000e+03
2.609000000000000000e+03 2.117000000000000000e+03
2.632000000000000000e+03 2.088000000000000000e+03
2.026000000000000000e+03 1.867000000000000000e+03
2.282000000000000000e+03 1.837000000000000000e+03
1.948000000000000000e+03 1.800000000000000000e+03
1.976000000000000000e+03 1.773000000000000000e+03
2.099000000000000000e+03 1.484000000000000000e+03
2.022000000000000000e+03 1.498000000000000000e+03
1.765000000000000000e+03 2.730000000000000000e+02
1.789000000000000000e+03 3.340000000000000000e+02
1.784000000000000000e+03 8.290000000000000000e+02
1.861000000000000000e+03 7.780000000000000000e+02
1.981000000000000000e+03 1.552000000000000000e+03
1.897000000000000000e+03 1.791000000000000000e+03
2.080000000000000000e+03 1.823000000000000000e+03
2.059000000000000000e+03 1.800000000000000000e+03
2.340000000000000000e+03 2.008000000000000000e+03
2.356000000000000000e+03 2.041000000000000000e+03
4.446000000000000000e+03 3.520000000000000000e+02
4.408000000000000000e+03 3.560000000000000000e+02
1.099000000000000000e+03 6.100000000000000000e+01
1.145000000000000000e+03 4.000000000000000000e+01
1.198000000000000000e+03 1.240000000000000000e+02
2.108000000000000000e+03 1.498000000000000000e+03
2.628000000000000000e+03 7.890000000000000000e+02
4.289000000000000000e+03 2.860000000000000000e+02
4.176000000000000000e+03 3.570000000000000000e+02
4.301000000000000000e+03 1.340000000000000000e+02
4.329000000000000000e+03 1.730000000000000000e+02
2.344000000000000000e+03 8.870000000000000000e+02
2.764000000000000000e+03 5.840000000000000000e+02
4.124000000000000000e+03 3.300000000000000000e+02
4.140000000000000000e+03 3.890000000000000000e+02
2.467000000000000000e+03 8.070000000000000000e+02
2.671000000000000000e+03 8.040000000000000000e+02
3.714000000000000000e+03 3.260000000000000000e+02
3.668000000000000000e+03 3.040000000000000000e+02
2.265000000000000000e+03 6.950000000000000000e+02
2.491000000000000000e+03 6.060000000000000000e+02
3.994000000000000000e+03 6.700000000000000000e+01
4.049000000000000000e+03 5.800000000000000000e+01
2.922000000000000000e+03 4.840000000000000000e+02
3.200000000000000000e+03 3.500000000000000000e+02
2.759000000000000000e+03 6.610000000000000000e+02
2.485000000000000000e+03 6.770000000000000000e+02
4.076000000000000000e+03 2.060000000000000000e+02
4.063000000000000000e+03 2.570000000000000000e+02
4.437000000000000000e+03 2.440000000000000000e+02
4.422000000000000000e+03 2.210000000000000000e+02
3.230000000000000000e+03 5.870000000000000000e+02
2.375000000000000000e+03 7.170000000000000000e+02
2.636000000000000000e+03 6.960000000000000000e+02
2.946000000000000000e+03 5.370000000000000000e+02
4.299000000000000000e+03 4.330000000000000000e+02
4.262000000000000000e+03 3.790000000000000000e+02
2.122000000000000000e+03 1.194000000000000000e+03
1.835000000000000000e+03 1.795000000000000000e+03
1.815000000000000000e+03 1.771000000000000000e+03
1.992000000000000000e+03 1.878000000000000000e+03
1.960000000000000000e+03 1.810000000000000000e+03
2.259000000000000000e+03 1.906000000000000000e+03
2.307000000000000000e+03 1.889000000000000000e+03
2.484000000000000000e+03 2.072000000000000000e+03
2.515000000000000000e+03 2.030000000000000000e+03
2.314000000000000000e+03 1.456000000000000000e+03
1.818000000000000000e+03 1.793000000000000000e+03
1.766000000000000000e+03 5.840000000000000000e+02
1.729000000000000000e+03 1.440000000000000000e+02
2.452000000000000000e+03 1.826000000000000000e+03
2.534000000000000000e+03 1.880000000000000000e+03
1.762000000000000000e+03 1.510000000000000000e+03
1.819000000000000000e+03 1.545000000000000000e+03
2.048000000000000000e+03 3.080000000000000000e+02
2.125000000000000000e+03 2.270000000000000000e+02
2.257000000000000000e+03 4.170000000000000000e+02
2.299000000000000000e+03 3.300000000000000000e+02
1.789000000000000000e+03 1.647000000000000000e+03
1.769000000000000000e+03 1.576000000000000000e+03
2.110000000000000000e+02 4.860000000000000000e+02
3.970000000000000000e+02 5.870000000000000000e+02
1.847000000000000000e+03 1.262000000000000000e+03
1.826000000000000000e+03 1.193000000000000000e+03
2.561000000000000000e+03 9.500000000000000000e+02
3.128000000000000000e+03 4.220000000000000000e+02
2.045000000000000000e+03 1.990000000000000000e+02
2.020000000000000000e+03 6.200000000000000000e+01
2.188000000000000000e+03 2.990000000000000000e+02
2.148000000000000000e+03 3.040000000000000000e+02
1.851000000000000000e+03 1.181000000000000000e+03
1.842000000000000000e+03 1.139000000000000000e+03
1.912000000000000000e+03 9.300000000000000000e+01
1.953000000000000000e+03 1.530000000000000000e+02
2.055000000000000000e+03 6.980000000000000000e+02
2.293000000000000000e+03 1.910000000000000000e+02
1.694000000000000000e+03 1.810000000000000000e+03
1.750000000000000000e+03 1.772000000000000000e+03
1.963000000000000000e+03 1.936000000000000000e+03
2.011000000000000000e+03 1.883000000000000000e+03
1.718000000000000000e+03 1.814000000000000000e+03
1.956000000000000000e+03 1.620000000000000000e+03
2.397000000000000000e+03 1.902000000000000000e+03
2.395000000000000000e+03 1.855000000000000000e+03
2.154000000000000000e+03 2.074000000000000000e+03
2.219000000000000000e+03 2.048000000000000000e+03
1.927000000000000000e+03 1.807000000000000000e+03
1.847000000000000000e+03 1.693000000000000000e+03
1.884000000000000000e+03 1.494000000000000000e+03
1.715000000000000000e+03 1.842000000000000000e+03
1.793000000000000000e+03 1.615000000000000000e+03
1.831000000000000000e+03 1.599000000000000000e+03
2.174000000000000000e+03 4.800000000000000000e+01
2.175000000000000000e+03 2.380000000000000000e+02
2.982000000000000000e+03 3.400000000000000000e+01
3.094000000000000000e+03 1.030000000000000000e+02
3.808000000000000000e+03 1.060000000000000000e+02
3.367000000000000000e+03 2.200000000000000000e+02
1.923000000000000000e+03 1.148000000000000000e+03
2.137000000000000000e+03 1.012000000000000000e+03
0.000000000000000000e+00 2.770000000000000000e+03
2.833000000000000000e+03 1.660000000000000000e+03
1.784000000000000000e+03 5.500000000000000000e+02
1.753000000000000000e+03 2.600000000000000000e+03
