2.068000000000000000e+03 2.128000000000000000e+03
2.964000000000000000e+03 2.121000000000000000e+03
3.009000000000000000e+03 2.125000000000000000e+03
2.438000000000000000e+03 2.052000000000000000e+03
2.313000000000000000e+03 2.115000000000000000e+03
2.555000000000000000e+03 2.071000000000000000e+03
2.903000000000000000e+03 2.036000000000000000e+03
2.510000000000000000e+03 2.071000000000000000e+03
2.563000000000000000e+03 2.055000000000000000e+03
3.250000000000000000e+03 2.672000000000000000e+03
3.061000000000000000e+03 2.551000000000000000e+03
2.245000000000000000e+03 2.268000000000000000e+03
1.948000000000000000e+03 2.180000000000000000e+03
2.137000000000000000e+03 2.251000000000000000e+03
2.102000000000000000e+03 2.271000000000000000e+03
1.982000000000000000e+03 2.018000000000000000e+03
2.139000000000000000e+03 2.049000000000000000e+03
1.866000000000000000e+03 2.057000000000000000e+03
1.970000000000000000e+03 2.029000000000000000e+03
4.381000000000000000e+03 1.759000000000000000e+03
3.175000000000000000e+03 1.849000000000000000e+03
1.476000000000000000e+03 2.095000000000000000e+03
1.519000000000000000e+03 2.057000000000000000e+03
1.497000000000000000e+03 2.298000000000000000e+03
1.576000000000000000e+03 2.225000000000000000e+03
1.698000000000000000e+03 1.249000000000000000e+03
1.706000000000000000e+03 6.600000000000000000e+01
1.614000000000000000e+03 1.800000000000000000e+02
1.599000000000000000e+03 1.593000000000000000e+03
1.184000000000000000e+03 1.850000000000000000e+03
5.210000000000000000e+02 1.781000000000000000e+03
2.222000000000000000e+03 2.368000000000000000e+03
2.690000000000000000e+03 2.571000000000000000e+03
2.738000000000000000e+03 2.652000000000000000e+03
2.551000000000000000e+03 2.341000000000000000e+03
2.760000000000000000e+03 2.373000000000000000e+03
2.384000000000000000e+03 2.146000000000000000e+03
2.669000000000000000e+03 2.047000000000000000e+03
2.637000000000000000e+03 2.443000000000000000e+03
2.619000000000000000e+03 2.501000000000000000e+03
2.642000000000000000e+03 2.214000000000000000e+03
2.738000000000000000e+03 2.225000000000000000e+03
2.971000000000000000e+03 2.339000000000000000e+03
2.999000000000000000e+03 2.348000000000000000e+03
2.209000000000000000e+03 2.304000000000000000e+03
2.198000000000000000e+03 2.376000000000000000e+03
1.995000000000000000e+03 2.265000000000000000e+03
2.157000000000000000e+03 2.329000000000000000e+03
2.232000000000000000e+03 2.356000000000000000e+03
2.291000000000000000e+03 2.341000000000000000e+03
3.035000000000000000e+03 2.928000000000000000e+03
2.914000000000000000e+03 2.873000000000000000e+03
3.085000000000000000e+03 2.556000000000000000e+03
3.104000000000000000e+03 2.573000000000000000e+03
3.252000000000000000e+03 2.771000000000000000e+03
3.238000000000000000e+03 2.813000000000000000e+03
2.472000000000000000e+03 2.393000000000000000e+03
2.401000000000000000e+03 2.368000000000000000e+03
2.147000000000000000e+03 2.460000000000000000e+03
2.406000000000000000e+03 2.457000000000000000e+03
3.084000000000000000e+03 2.733000000000000000e+03
3.061000000000000000e+03 2.722000000000000000e+03
2.063000000000000000e+03 2.274000000000000000e+03
3.141000000000000000e+03 2.374000000000000000e+03
3.120000000000000000e+03 2.335000000000000000e+03
1.819000000000000000e+03 2.257000000000000000e+03
1.688000000000000000e+03 2.177000000000000000e+03
3.060000000000000000e+03 2.442000000000000000e+03
3.140000000000000000e+03 2.503000000000000000e+03
2.179000000000000000e+03 2.396000000000000000e+03
2.112000000000000000e+03 2.412000000000000000e+03
1.350000000000000000e+03 2.335000000000000000e+03
1.362000000000000000e+03 2.219000000000000000e+03
1.597000000000000000e+03 2.048000000000000000e+03
1.670000000000000000e+03 2.024000000000000000e+03
1.501000000000000000e+03 2.187000000000000000e+03
1.581000000000000000e+03 2.064000000000000000e+03
1.329000000000000000e+03 1.338000000000000000e+03
1.349000000000000000e+03 1.680000000000000000e+02
2.780000000000000000e+02 1.935000000000000000e+03
9.450000000000000000e+02 1.948000000000000000e+03
2.095000000000000000e+03 2.104000000000000000e+03
2.293000000000000000e+03 2.061000000000000000e+03
1.240000000000000000e+03 2.224000000000000000e+03
1.326000000000000000e+03 2.159000000000000000e+03
1.265000000000000000e+03 2.071000000000000000e+03
1.207000000000000000e+03 2.090000000000000000e+03
9.190000000000000000e+02 1.819000000000000000e+03
6.100000000000000000e+01 1.630000000000000000e+03
1.434000000000000000e+03 3.450000000000000000e+02
1.459000000000000000e+03 9.260000000000000000e+02
2.192000000000000000e+03 2.164000000000000000e+03
2.248000000000000000e+03 2.206000000000000000e+03
1.060000000000000000e+03 1.520000000000000000e+03
1.044000000000000000e+03 1.435000000000000000e+03
8.820000000000000000e+02 1.681000000000000000e+03
7.910000000000000000e+02 1.680000000000000000e+03
9.440000000000000000e+02 1.765000000000000000e+03
9.790000000000000000e+02 1.743000000000000000e+03
1.112000000000000000e+03 1.895000000000000000e+03
1.119000000000000000e+03 1.974000000000000000e+03
2.393000000000000000e+03 2.248000000000000000e+03
2.348000000000000000e+03 2.213000000000000000e+03
2.878000000000000000e+03 2.298000000000000000e+03
2.332000000000000000e+03 2.266000000000000000e+03
2.963000000000000000e+03 2.725000000000000000e+03
3.169000000000000000e+03 2.870000000000000000e+03
2.871000000000000000e+03 2.169000000000000000e+03
2.630000000000000000e+03 2.174000000000000000e+03
2.206000000000000000e+03 2.454000000000000000e+03
2.104000000000000000e+03 2.412000000000000000e+03
2.888000000000000000e+03 2.598000000000000000e+03
3.012000000000000000e+03 2.594000000000000000e+03
2.571000000000000000e+03 2.294000000000000000e+03
2.381000000000000000e+03 2.295000000000000000e+03
2.723000000000000000e+03 2.503000000000000000e+03
2.837000000000000000e+03 2.534000000000000000e+03
3.024000000000000000e+03 2.226000000000000000e+03
2.939000000000000000e+03 2.248000000000000000e+03
2.968000000000000000e+03 2.468000000000000000e+03
2.534000000000000000e+03 2.406000000000000000e+03
2.272000000000000000e+03 2.485000000000000000e+03
2.152000000000000000e+03 2.344000000000000000e+03
2.674000000000000000e+03 2.620000000000000000e+03
2.926000000000000000e+03 2.692000000000000000e+03
2.269000000000000000e+03 2.507000000000000000e+03
1.782000000000000000e+03 3.266000000000000000e+03
1.367000000000000000e+03 4.330000000000000000e+03
7.940000000000000000e+02 4.385000000000000000e+03
9.280000000000000000e+02 3.802000000000000000e+03
2.486000000000000000e+03 2.522000000000000000e+03
2.248000000000000000e+03 2.489000000000000000e+03
2.040000000000000000e+02 3.615000000000000000e+03
2.650000000000000000e+02 3.636000000000000000e+03
2.035000000000000000e+03 2.647000000000000000e+03
1.857000000000000000e+03 2.738000000000000000e+03
9.190000000000000000e+02 4.041000000000000000e+03
8.980000000000000000e+02 4.449000000000000000e+03
2.311000000000000000e+03 2.621000000000000000e+03
2.391000000000000000e+03 2.691000000000000000e+03
1.730000000000000000e+02 3.035000000000000000e+03
7.100000000000000000e+01 3.075000000000000000e+03
1.890000000000000000e+02 3.772000000000000000e+03
2.460000000000000000e+02 3.834000000000000000e+03
3.440000000000000000e+02 4.083000000000000000e+03
2.900000000000000000e+02 4.153000000000000000e+03
1.340000000000000000e+02 4.323000000000000000e+03
1.270000000000000000e+02 4.033000000000000000e+03
7.420000000000000000e+02 3.080000000000000000e+03
7.050000000000000000e+02 3.223000000000000000e+03
2.770000000000000000e+02 3.536000000000000000e+03
2.780000000000000000e+02 3.540000000000000000e+03
4.700000000000000000e+01 3.832000000000000000e+03
1.780000000000000000e+02 3.693000000000000000e+03
2.880000000000000000e+02 3.657000000000000000e+03
2.930000000000000000e+02 3.803000000000000000e+03
1.110000000000000000e+02 2.972000000000000000e+03
9.560000000000000000e+02 4.299000000000000000e+03
7.130000000000000000e+02 3.564000000000000000e+03
1.336000000000000000e+03 4.424000000000000000e+03
1.180000000000000000e+03 4.244000000000000000e+03
1.080000000000000000e+02 4.382000000000000000e+03
1.150000000000000000e+02 4.290000000000000000e+03
1.453000000000000000e+03 2.672000000000000000e+03
5.010000000000000000e+02 2.690000000000000000e+03
2.146000000000000000e+03 2.541000000000000000e+03
2.366000000000000000e+03 2.799000000000000000e+03
6.680000000000000000e+02 3.962000000000000000e+03
5.230000000000000000e+02 4.432000000000000000e+03
1.189000000000000000e+03 4.383000000000000000e+03
1.310000000000000000e+03 3.763000000000000000e+03
3.260000000000000000e+02 3.387000000000000000e+03
2.500000000000000000e+02 3.401000000000000000e+03
6.370000000000000000e+02 4.415000000000000000e+03
8.430000000000000000e+02 3.483000000000000000e+03
2.890000000000000000e+02 2.822000000000000000e+03
4.430000000000000000e+02 2.782000000000000000e+03
6.800000000000000000e+01 3.403000000000000000e+03
3.930000000000000000e+02 3.221000000000000000e+03
4.710000000000000000e+02 3.311000000000000000e+03
6.400000000000000000e+01 3.680000000000000000e+03
4.790000000000000000e+02 2.645000000000000000e+03
2.430000000000000000e+02 2.718000000000000000e+03
4.100000000000000000e+02 4.369000000000000000e+03
4.020000000000000000e+02 4.289000000000000000e+03
2.770000000000000000e+02 4.294000000000000000e+03
4.450000000000000000e+02 3.959000000000000000e+03
1.965000000000000000e+03 2.759000000000000000e+03
2.265000000000000000e+03 2.664000000000000000e+03
1.924000000000000000e+03 2.579000000000000000e+03
2.123000000000000000e+03 2.779000000000000000e+03
2.062000000000000000e+03 2.678000000000000000e+03
2.038000000000000000e+03 2.612000000000000000e+03
2.615000000000000000e+03 2.890000000000000000e+03
1.547000000000000000e+03 2.513000000000000000e+03
1.546000000000000000e+03 2.497000000000000000e+03
1.424000000000000000e+03 2.516000000000000000e+03
1.587000000000000000e+03 2.516000000000000000e+03
6.270000000000000000e+02 4.308000000000000000e+03
8.950000000000000000e+02 3.461000000000000000e+03
1.902000000000000000e+03 2.552000000000000000e+03
2.584000000000000000e+03 2.611000000000000000e+03
2.160000000000000000e+02 4.440000000000000000e+03
5.480000000000000000e+02 3.934000000000000000e+03
1.476000000000000000e+03 4.423000000000000000e+03
1.263000000000000000e+03 4.064000000000000000e+03
2.167000000000000000e+03 2.552000000000000000e+03
2.974000000000000000e+03 2.820000000000000000e+03
3.340000000000000000e+02 3.728000000000000000e+03
3.700000000000000000e+01 4.182000000000000000e+03
2.573000000000000000e+03 2.690000000000000000e+03
2.850000000000000000e+03 2.828000000000000000e+03
1.454000000000000000e+03 2.587000000000000000e+03
8.620000000000000000e+02 2.581000000000000000e+03
2.441000000000000000e+03 2.670000000000000000e+03
2.708000000000000000e+03 2.822000000000000000e+03
2.312000000000000000e+03 2.672000000000000000e+03
2.556000000000000000e+03 2.770000000000000000e+03
1.759000000000000000e+03 2.613000000000000000e+03
1.738000000000000000e+03 2.572000000000000000e+03
2.512000000000000000e+03 2.932000000000000000e+03
1.803000000000000000e+03 2.628000000000000000e+03
5.600000000000000000e+01 3.973000000000000000e+03
7.110000000000000000e+02 3.401000000000000000e+03
1.705000000000000000e+03 4.401000000000000000e+03
1.709000000000000000e+03 3.158000000000000000e+03
1.585000000000000000e+03 4.428000000000000000e+03
1.009000000000000000e+03 2.699000000000000000e+03
1.012000000000000000e+03 2.617000000000000000e+03
7.410000000000000000e+02 2.620000000000000000e+03
1.610000000000000000e+03 4.277000000000000000e+03
2.407000000000000000e+03 2.933000000000000000e+03
1.040000000000000000e+03 4.440000000000000000e+03
9.120000000000000000e+02 3.881000000000000000e+03
2.399000000000000000e+03 2.945000000000000000e+03
2.464000000000000000e+03 2.942000000000000000e+03
1.864000000000000000e+03 2.879000000000000000e+03
1.912000000000000000e+03 2.931000000000000000e+03
2.858000000000000000e+03 3.036000000000000000e+03
2.546000000000000000e+03 2.937000000000000000e+03
2.494000000000000000e+03 2.993000000000000000e+03
3.005000000000000000e+03 2.976000000000000000e+03
2.245000000000000000e+03 2.869000000000000000e+03
1.771000000000000000e+03 3.138000000000000000e+03
1.865000000000000000e+03 2.672000000000000000e+03
2.057000000000000000e+03 2.862000000000000000e+03
1.569000000000000000e+03 2.742000000000000000e+03
1.945000000000000000e+03 2.862000000000000000e+03
2.089000000000000000e+03 2.662000000000000000e+03
2.776000000000000000e+03 2.913000000000000000e+03
5.860000000000000000e+02 1.351000000000000000e+03
1.980000000000000000e+02 1.246000000000000000e+03
2.370000000000000000e+02 1.279000000000000000e+03
4.280000000000000000e+02 1.184000000000000000e+03
2.720000000000000000e+02 9.700000000000000000e+02
1.530000000000000000e+02 1.401000000000000000e+03
1.640000000000000000e+02 1.400000000000000000e+03
2.240000000000000000e+02 1.571000000000000000e+03
2.270000000000000000e+02 1.558000000000000000e+03
5.760000000000000000e+02 1.628000000000000000e+03
6.380000000000000000e+02 1.710000000000000000e+03
1.970000000000000000e+02 8.910000000000000000e+02
3.200000000000000000e+02 1.089000000000000000e+03
4.370000000000000000e+02 1.234000000000000000e+03
1.370000000000000000e+02 1.087000000000000000e+03
1.860000000000000000e+02 1.857000000000000000e+03
3.740000000000000000e+02 1.819000000000000000e+03
5.060000000000000000e+02 1.535000000000000000e+03
3.020000000000000000e+02 1.408000000000000000e+03
2.360000000000000000e+02 1.701000000000000000e+03
1.830000000000000000e+02 1.710000000000000000e+03
6.920000000000000000e+02 1.805000000000000000e+03
7.130000000000000000e+02 1.819000000000000000e+03
8.700000000000000000e+01 1.779000000000000000e+03
2.330000000000000000e+02 1.808000000000000000e+03
5.230000000000000000e+02 1.352000000000000000e+03
4.090000000000000000e+02 1.226000000000000000e+03
7.670000000000000000e+02 1.707000000000000000e+03
7.560000000000000000e+02 1.740000000000000000e+03
5.220000000000000000e+02 1.504000000000000000e+03
4.420000000000000000e+02 1.374000000000000000e+03
7.670000000000000000e+02 1.683000000000000000e+03
6.340000000000000000e+02 1.398000000000000000e+03
6.530000000000000000e+02 1.368000000000000000e+03
7.140000000000000000e+02 1.732000000000000000e+03
6.080000000000000000e+02 1.563000000000000000e+03
5.480000000000000000e+02 1.332000000000000000e+03
5.350000000000000000e+02 1.301000000000000000e+03
5.270000000000000000e+02 1.752000000000000000e+03
3.630000000000000000e+02 1.689000000000000000e+03
6.360000000000000000e+02 1.538000000000000000e+03
6.560000000000000000e+02 1.544000000000000000e+03
5.050000000000000000e+02 1.612000000000000000e+03
5.140000000000000000e+02 1.574000000000000000e+03
6.570000000000000000e+02 1.528000000000000000e+03
7.370000000000000000e+02 1.651000000000000000e+03
6.990000000000000000e+02 1.265000000000000000e+03
6.660000000000000000e+02 1.144000000000000000e+03
5.220000000000000000e+02 1.068000000000000000e+03
5.640000000000000000e+02 1.048000000000000000e+03
6.760000000000000000e+02 9.810000000000000000e+02
6.390000000000000000e+02 1.009000000000000000e+03
4.520000000000000000e+02 1.069000000000000000e+03
4.450000000000000000e+02 1.054000000000000000e+03
1.030000000000000000e+02 1.539000000000000000e+03
9.800000000000000000e+01 1.503000000000000000e+03
2.680000000000000000e+02 1.132000000000000000e+03
3.230000000000000000e+02 1.144000000000000000e+03
3.680000000000000000e+02 1.552000000000000000e+03
3.680000000000000000e+02 1.551000000000000000e+03
7.390000000000000000e+02 1.548000000000000000e+03
5.710000000000000000e+02 1.607000000000000000e+03
9.120000000000000000e+02 2.075000000000000000e+03
6.630000000000000000e+02 2.089000000000000000e+03
6.380000000000000000e+02 2.033000000000000000e+03
8.130000000000000000e+02 1.962000000000000000e+03
7.170000000000000000e+02 1.914000000000000000e+03
3.140000000000000000e+02 2.140000000000000000e+03
3.110000000000000000e+02 2.176000000000000000e+03
8.510000000000000000e+02 2.176000000000000000e+03
9.130000000000000000e+02 2.160000000000000000e+03
6.650000000000000000e+02 2.495000000000000000e+03
7.420000000000000000e+02 2.350000000000000000e+03
2.020000000000000000e+02 1.952000000000000000e+03
2.160000000000000000e+02 1.952000000000000000e+03
6.000000000000000000e+02 2.291000000000000000e+03
6.820000000000000000e+02 2.333000000000000000e+03
4.300000000000000000e+02 2.225000000000000000e+03
5.340000000000000000e+02 2.192000000000000000e+03
4.050000000000000000e+02 1.850000000000000000e+03
4.290000000000000000e+02 1.864000000000000000e+03
6.890000000000000000e+02 2.208000000000000000e+03
7.510000000000000000e+02 2.180000000000000000e+03
6.040000000000000000e+02 2.306000000000000000e+03
5.110000000000000000e+02 2.402000000000000000e+03
8.570000000000000000e+02 2.111000000000000000e+03
9.110000000000000000e+02 2.177000000000000000e+03
3.770000000000000000e+02 2.178000000000000000e+03
1.620000000000000000e+02 2.213000000000000000e+03
4.880000000000000000e+02 2.271000000000000000e+03
3.710000000000000000e+02 2.378000000000000000e+03
5.300000000000000000e+01 2.118000000000000000e+03
2.000000000000000000e+02 2.107000000000000000e+03
5.140000000000000000e+02 2.453000000000000000e+03
4.310000000000000000e+02 2.459000000000000000e+03
4.670000000000000000e+02 2.077000000000000000e+03
6.070000000000000000e+02 2.111000000000000000e+03
5.400000000000000000e+02 2.237000000000000000e+03
5.770000000000000000e+02 2.305000000000000000e+03
7.950000000000000000e+02 2.263000000000000000e+03
8.150000000000000000e+02 2.240000000000000000e+03
4.870000000000000000e+02 1.973000000000000000e+03
3.930000000000000000e+02 1.991000000000000000e+03
6.530000000000000000e+02 2.023000000000000000e+03
5.860000000000000000e+02 1.919000000000000000e+03
2.340000000000000000e+02 2.045000000000000000e+03
2.060000000000000000e+02 2.070000000000000000e+03
7.670000000000000000e+02 2.031000000000000000e+03
7.600000000000000000e+02 2.122000000000000000e+03
2.360000000000000000e+02 2.296000000000000000e+03
2.600000000000000000e+02 2.359000000000000000e+03
1.017000000000000000e+03 2.298000000000000000e+03
9.070000000000000000e+02 2.256000000000000000e+03
1.040000000000000000e+03 2.334000000000000000e+03
9.710000000000000000e+02 2.297000000000000000e+03
6.020000000000000000e+02 2.572000000000000000e+03
6.060000000000000000e+02 2.579000000000000000e+03
1.053000000000000000e+03 3.705000000000000000e+03
1.181000000000000000e+03 4.282000000000000000e+03
1.053000000000000000e+03 2.348000000000000000e+03
1.074000000000000000e+03 2.338000000000000000e+03
1.061000000000000000e+03 2.355000000000000000e+03
1.182000000000000000e+03 2.375000000000000000e+03
8.640000000000000000e+02 2.389000000000000000e+03
8.590000000000000000e+02 2.434000000000000000e+03
1.397000000000000000e+03 1.589000000000000000e+03
1.408000000000000000e+03 7.710000000000000000e+02
1.543000000000000000e+03 1.195000000000000000e+03
5.510000000000000000e+02 7.490000000000000000e+02
5.600000000000000000e+02 7.880000000000000000e+02
1.359000000000000000e+03 6.460000000000000000e+02
3.650000000000000000e+02 1.226000000000000000e+03
1.163000000000000000e+03 9.800000000000000000e+02
9.770000000000000000e+02 9.650000000000000000e+02
1.019000000000000000e+03 4.230000000000000000e+02
1.035000000000000000e+03 3.520000000000000000e+02
1.068000000000000000e+03 2.200000000000000000e+02
1.038000000000000000e+03 2.760000000000000000e+02
1.838000000000000000e+03 1.392000000000000000e+03
2.302000000000000000e+03 1.377000000000000000e+03
1.087000000000000000e+03 5.270000000000000000e+02
1.091000000000000000e+03 4.800000000000000000e+02
1.709000000000000000e+03 9.730000000000000000e+02
9.040000000000000000e+02 7.460000000000000000e+02
9.200000000000000000e+01 6.470000000000000000e+02
1.510000000000000000e+02 6.480000000000000000e+02
6.490000000000000000e+02 3.580000000000000000e+02
6.990000000000000000e+02 3.730000000000000000e+02
7.540000000000000000e+02 4.640000000000000000e+02
1.140000000000000000e+03 9.490000000000000000e+02
1.469000000000000000e+03 1.029000000000000000e+03
5.090000000000000000e+02 1.010000000000000000e+03
9.530000000000000000e+02 5.200000000000000000e+01
9.230000000000000000e+02 2.670000000000000000e+02
6.020000000000000000e+02 5.930000000000000000e+02
6.100000000000000000e+02 5.120000000000000000e+02
7.340000000000000000e+02 1.216000000000000000e+03
4.660000000000000000e+02 8.510000000000000000e+02
4.870000000000000000e+02 9.530000000000000000e+02
5.130000000000000000e+02 4.600000000000000000e+01
6.780000000000000000e+02 6.780000000000000000e+02
6.550000000000000000e+02 8.300000000000000000e+02
7.120000000000000000e+02 8.610000000000000000e+02
4.390000000000000000e+02 2.020000000000000000e+02
3.800000000000000000e+02 2.090000000000000000e+02
1.421000000000000000e+03 9.610000000000000000e+02
8.280000000000000000e+02 1.145000000000000000e+03
3.880000000000000000e+02 6.020000000000000000e+02
3.700000000000000000e+02 5.730000000000000000e+02
8.240000000000000000e+02 2.990000000000000000e+02
8.070000000000000000e+02 3.050000000000000000e+02
1.780000000000000000e+02 7.700000000000000000e+02
1.010000000000000000e+02 7.820000000000000000e+02
7.210000000000000000e+02 1.243000000000000000e+03
1.556000000000000000e+03 1.300000000000000000e+03
7.890000000000000000e+02 9.770000000000000000e+02
6.990000000000000000e+02 9.710000000000000000e+02
4.680000000000000000e+02 4.520000000000000000e+02
5.120000000000000000e+02 5.710000000000000000e+02
5.450000000000000000e+02 3.520000000000000000e+02
6.160000000000000000e+02 5.050000000000000000e+02
6.530000000000000000e+02 4.190000000000000000e+02
5.400000000000000000e+02 1.770000000000000000e+02
7.190000000000000000e+02 1.001000000000000000e+03
6.140000000000000000e+02 8.670000000000000000e+02
4.100000000000000000e+02 7.230000000000000000e+02
4.080000000000000000e+02 6.860000000000000000e+02
7.370000000000000000e+02 9.410000000000000000e+02
3.290000000000000000e+02 7.790000000000000000e+02
2.450000000000000000e+02 6.360000000000000000e+02
9.880000000000000000e+02 5.950000000000000000e+02
1.015000000000000000e+03 5.990000000000000000e+02
5.390000000000000000e+02 1.085000000000000000e+03
3.600000000000000000e+02 1.326000000000000000e+03
6.870000000000000000e+02 2.150000000000000000e+02
7.640000000000000000e+02 3.300000000000000000e+02
9.540000000000000000e+02 2.220000000000000000e+02
9.020000000000000000e+02 3.380000000000000000e+02
6.710000000000000000e+02 6.900000000000000000e+01
6.250000000000000000e+02 7.200000000000000000e+01
8.390000000000000000e+02 7.560000000000000000e+02
8.830000000000000000e+02 8.110000000000000000e+02
5.770000000000000000e+02 1.166000000000000000e+03
6.940000000000000000e+02 1.370000000000000000e+03
3.730000000000000000e+02 4.900000000000000000e+01
6.130000000000000000e+02 6.250000000000000000e+02
1.190000000000000000e+02 4.820000000000000000e+02
1.420000000000000000e+02 5.560000000000000000e+02
7.500000000000000000e+02 1.188000000000000000e+03
7.760000000000000000e+02 1.113000000000000000e+03
3.070000000000000000e+02 8.240000000000000000e+02
4.530000000000000000e+02 9.640000000000000000e+02
2.670000000000000000e+02 2.970000000000000000e+02
4.990000000000000000e+02 6.280000000000000000e+02
4.050000000000000000e+02 3.320000000000000000e+02
6.160000000000000000e+02 8.740000000000000000e+02
3.730000000000000000e+02 6.090000000000000000e+02
2.900000000000000000e+02 4.070000000000000000e+02
1.581000000000000000e+03 1.603000000000000000e+03
9.540000000000000000e+02 1.117000000000000000e+03
8.500000000000000000e+02 7.710000000000000000e+02
9.110000000000000000e+02 8.430000000000000000e+02
1.122000000000000000e+03 1.370000000000000000e+02
1.136000000000000000e+03 9.600000000000000000e+01
1.052000000000000000e+03 1.866000000000000000e+03
1.696000000000000000e+03 7.490000000000000000e+02
2.089000000000000000e+03 1.402000000000000000e+03
1.804000000000000000e+03 1.370000000000000000e+03
1.219000000000000000e+03 2.550000000000000000e+02
1.190000000000000000e+03 3.080000000000000000e+02
2.705000000000000000e+03 9.200000000000000000e+02
1.485000000000000000e+03 6.720000000000000000e+02
8.310000000000000000e+02 1.480000000000000000e+02
7.880000000000000000e+02 4.200000000000000000e+01
6.580000000000000000e+02 6.400000000000000000e+02
6.910000000000000000e+02 6.690000000000000000e+02
1.703000000000000000e+03 1.432000000000000000e+03
1.505000000000000000e+03 1.188000000000000000e+03
1.740000000000000000e+02 4.580000000000000000e+02
1.890000000000000000e+02 3.970000000000000000e+02
1.499000000000000000e+03 1.050000000000000000e+03
2.653000000000000000e+03 6.230000000000000000e+02
1.479000000000000000e+03 1.637000000000000000e+03
7.520000000000000000e+02 9.670000000000000000e+02
8.160000000000000000e+02 6.470000000000000000e+02
8.980000000000000000e+02 6.670000000000000000e+02
7.940000000000000000e+02 1.186000000000000000e+03
6.590000000000000000e+02 1.891000000000000000e+03
9.060000000000000000e+02 4.000000000000000000e+02
9.000000000000000000e+02 4.460000000000000000e+02
8.530000000000000000e+02 4.400000000000000000e+02
1.489000000000000000e+03 2.840000000000000000e+02
1.323000000000000000e+03 6.230000000000000000e+02
4.051000000000000000e+03 5.100000000000000000e+01
4.019000000000000000e+03 1.250000000000000000e+02
4.083000000000000000e+03 2.850000000000000000e+02
4.042000000000000000e+03 2.980000000000000000e+02
4.374000000000000000e+03 6.200000000000000000e+01
4.414000000000000000e+03 1.150000000000000000e+02
4.139000000000000000e+03 4.770000000000000000e+02
4.167000000000000000e+03 4.300000000000000000e+02
1.965000000000000000e+03 2.590000000000000000e+02
1.896000000000000000e+03 2.290000000000000000e+02
1.997000000000000000e+03 6.950000000000000000e+02
2.522000000000000000e+03 6.520000000000000000e+02
2.074000000000000000e+03 8.300000000000000000e+01
2.124000000000000000e+03 2.470000000000000000e+02
1.838000000000000000e+03 1.600000000000000000e+02
1.922000000000000000e+03 1.110000000000000000e+02
3.794000000000000000e+03 1.095000000000000000e+03
2.507000000000000000e+03 6.590000000000000000e+02
2.022000000000000000e+03 2.720000000000000000e+02
1.972000000000000000e+03 7.800000000000000000e+01
3.941000000000000000e+03 4.120000000000000000e+02
4.436000000000000000e+03 3.180000000000000000e+02
2.093000000000000000e+03 4.470000000000000000e+02
2.586000000000000000e+03 5.020000000000000000e+02
2.828000000000000000e+03 8.350000000000000000e+02
3.831000000000000000e+03 9.360000000000000000e+02
4.122000000000000000e+03 4.210000000000000000e+02
4.290000000000000000e+03 1.640000000000000000e+02
3.713000000000000000e+03 1.059000000000000000e+03
4.083000000000000000e+03 8.450000000000000000e+02
4.224000000000000000e+03 5.870000000000000000e+02
4.267000000000000000e+03 7.150000000000000000e+02
4.320000000000000000e+03 5.640000000000000000e+02
4.165000000000000000e+03 5.740000000000000000e+02
4.323000000000000000e+03 3.840000000000000000e+02
4.156000000000000000e+03 1.460000000000000000e+02
4.053000000000000000e+03 2.560000000000000000e+02
4.295000000000000000e+03 1.293000000000000000e+03
4.032000000000000000e+03 1.411000000000000000e+03
4.168000000000000000e+03 1.320000000000000000e+03
4.162000000000000000e+03 1.277000000000000000e+03
4.002000000000000000e+03 1.246000000000000000e+03
3.805000000000000000e+03 1.253000000000000000e+03
3.766000000000000000e+03 6.550000000000000000e+02
4.025000000000000000e+03 4.370000000000000000e+02
3.908000000000000000e+03 5.170000000000000000e+02
4.401000000000000000e+03 2.000000000000000000e+02
3.849000000000000000e+03 6.150000000000000000e+02
4.217000000000000000e+03 3.210000000000000000e+02
3.546000000000000000e+03 7.860000000000000000e+02
2.883000000000000000e+03 6.100000000000000000e+02
3.723000000000000000e+03 8.870000000000000000e+02
3.877000000000000000e+03 9.570000000000000000e+02
3.470000000000000000e+03 9.250000000000000000e+02
3.651000000000000000e+03 8.350000000000000000e+02
4.115000000000000000e+03 6.810000000000000000e+02
3.510000000000000000e+03 8.650000000000000000e+02
4.019000000000000000e+03 6.030000000000000000e+02
3.826000000000000000e+03 9.410000000000000000e+02
2.749000000000000000e+03 1.746000000000000000e+03
1.733000000000000000e+03 5.300000000000000000e+02
1.981000000000000000e+03 4.570000000000000000e+02
1.992000000000000000e+03 7.830000000000000000e+02
1.276000000000000000e+03 1.283000000000000000e+03
1.873000000000000000e+03 5.880000000000000000e+02
1.874000000000000000e+03 5.490000000000000000e+02
1.754000000000000000e+03 6.940000000000000000e+02
1.785000000000000000e+03 6.560000000000000000e+02
1.732000000000000000e+03 4.080000000000000000e+02
1.795000000000000000e+03 4.520000000000000000e+02
2.236000000000000000e+03 7.600000000000000000e+02
2.040000000000000000e+03 6.240000000000000000e+02
2.174000000000000000e+03 1.930000000000000000e+02
2.230000000000000000e+03 2.050000000000000000e+02
2.041000000000000000e+03 6.080000000000000000e+02
2.006000000000000000e+03 6.600000000000000000e+02
1.903000000000000000e+03 4.120000000000000000e+02
1.941000000000000000e+03 5.540000000000000000e+02
1.666000000000000000e+03 7.190000000000000000e+02
1.641000000000000000e+03 6.890000000000000000e+02
1.753000000000000000e+03 8.280000000000000000e+02
1.731000000000000000e+03 8.150000000000000000e+02
1.770000000000000000e+03 2.580000000000000000e+02
1.786000000000000000e+03 4.710000000000000000e+02
2.246000000000000000e+03 8.700000000000000000e+01
2.196000000000000000e+03 5.500000000000000000e+01
2.077000000000000000e+03 7.460000000000000000e+02
2.151000000000000000e+03 6.820000000000000000e+02
2.031000000000000000e+03 2.280000000000000000e+02
2.013000000000000000e+03 2.850000000000000000e+02
1.763000000000000000e+03 6.350000000000000000e+02
1.714000000000000000e+03 5.440000000000000000e+02
1.603000000000000000e+03 5.410000000000000000e+02
1.694000000000000000e+03 6.780000000000000000e+02
1.960000000000000000e+03 8.250000000000000000e+02
2.024000000000000000e+03 8.890000000000000000e+02
2.219000000000000000e+03 7.970000000000000000e+02
2.082000000000000000e+03 8.500000000000000000e+02
3.951000000000000000e+03 1.386000000000000000e+03
4.291000000000000000e+03 8.520000000000000000e+02
4.085000000000000000e+03 1.684000000000000000e+03
4.289000000000000000e+03 1.553000000000000000e+03
2.168000000000000000e+03 4.350000000000000000e+02
2.216000000000000000e+03 3.030000000000000000e+02
1.633000000000000000e+03 3.290000000000000000e+02
1.657000000000000000e+03 3.270000000000000000e+02
2.952000000000000000e+03 1.703000000000000000e+03
2.478000000000000000e+03 1.198000000000000000e+03
2.936000000000000000e+03 1.013000000000000000e+03
2.110000000000000000e+03 1.407000000000000000e+03
3.273000000000000000e+03 1.061000000000000000e+03
1.730000000000000000e+03 1.356000000000000000e+03
2.667000000000000000e+03 9.670000000000000000e+02
2.567000000000000000e+03 9.870000000000000000e+02
2.852000000000000000e+03 9.810000000000000000e+02
4.268000000000000000e+03 1.055000000000000000e+03
1.924000000000000000e+03 9.560000000000000000e+02
3.178000000000000000e+03 9.800000000000000000e+02
1.534000000000000000e+03 9.600000000000000000e+02
1.940000000000000000e+03 9.150000000000000000e+02
4.174000000000000000e+03 1.032000000000000000e+03
2.066000000000000000e+03 9.290000000000000000e+02
4.070000000000000000e+02 1.950000000000000000e+03
2.310000000000000000e+02 3.983000000000000000e+03
1.820000000000000000e+02 4.200000000000000000e+03
2.668000000000000000e+03 3.089000000000000000e+03
1.548000000000000000e+03 9.500000000000000000e+02
6.060000000000000000e+02 6.300000000000000000e+02
2.930000000000000000e+02 9.610000000000000000e+02
2.110000000000000000e+02 2.331000000000000000e+03
1.020000000000000000e+02 2.345000000000000000e+03
7.900000000000000000e+01 3.549000000000000000e+03
1.720000000000000000e+02 3.258000000000000000e+03
7.790000000000000000e+02 2.520000000000000000e+03
7.060000000000000000e+02 2.579000000000000000e+03
1.670000000000000000e+02 2.509000000000000000e+03
1.310000000000000000e+02 2.477000000000000000e+03
2.952000000000000000e+03 2.629000000000000000e+03
4.368000000000000000e+03 2.344000000000000000e+03
5.320000000000000000e+02 1.284000000000000000e+03
2.928000000000000000e+03 2.598000000000000000e+03
6.300000000000000000e+01 3.319000000000000000e+03
1.140000000000000000e+02 3.291000000000000000e+03
2.054000000000000000e+03 2.322000000000000000e+03
1.521000000000000000e+03 2.253000000000000000e+03
3.290000000000000000e+02 2.009000000000000000e+03
2.950000000000000000e+02 1.747000000000000000e+03
9.600000000000000000e+01 2.619000000000000000e+03
1.100000000000000000e+02 2.656000000000000000e+03
5.640000000000000000e+02 1.281000000000000000e+03
3.040000000000000000e+02 2.273000000000000000e+03
8.300000000000000000e+01 3.247000000000000000e+03
4.200000000000000000e+01 3.199000000000000000e+03
1.267000000000000000e+03 1.362000000000000000e+03
6.220000000000000000e+02 7.560000000000000000e+02
4.730000000000000000e+02 2.146000000000000000e+03
6.520000000000000000e+02 2.699000000000000000e+03
6.900000000000000000e+02 2.708000000000000000e+03
9.390000000000000000e+02 2.835000000000000000e+03
2.454000000000000000e+03 2.772000000000000000e+03
1.321000000000000000e+03 2.653000000000000000e+03
1.692000000000000000e+03 2.717000000000000000e+03
1.297000000000000000e+03 2.669000000000000000e+03
1.369000000000000000e+03 2.713000000000000000e+03
3.060000000000000000e+02 3.108000000000000000e+03
1.380000000000000000e+03 2.813000000000000000e+03
8.630000000000000000e+02 2.720000000000000000e+03
1.568000000000000000e+03 2.729000000000000000e+03
3.860000000000000000e+02 3.109000000000000000e+03
2.400000000000000000e+02 3.288000000000000000e+03
2.229000000000000000e+03 2.657000000000000000e+03
1.484000000000000000e+03 2.577000000000000000e+03
1.220000000000000000e+02 2.744000000000000000e+03
1.710000000000000000e+02 2.804000000000000000e+03
2.240000000000000000e+02 2.969000000000000000e+03
3.520000000000000000e+02 2.765000000000000000e+03
7.080000000000000000e+02 1.103000000000000000e+03
5.280000000000000000e+02 1.709000000000000000e+03
3.578000000000000000e+03 4.030000000000000000e+02
3.710000000000000000e+02 8.860000000000000000e+02
1.920000000000000000e+02 3.142000000000000000e+03
1.940000000000000000e+02 3.139000000000000000e+03
8.030000000000000000e+02 2.116000000000000000e+03
5.580000000000000000e+02 2.252000000000000000e+03
8.910000000000000000e+02 1.434000000000000000e+03
4.090000000000000000e+02 1.081000000000000000e+03
4.610000000000000000e+02 6.550000000000000000e+02
3.690000000000000000e+02 4.380000000000000000e+02
1.542000000000000000e+03 1.480000000000000000e+02
5.140000000000000000e+02 3.940000000000000000e+02
3.070000000000000000e+02 4.260000000000000000e+02
1.140000000000000000e+02 1.958000000000000000e+03
2.090000000000000000e+02 8.980000000000000000e+02
1.140000000000000000e+02 1.377000000000000000e+03
1.137000000000000000e+03 2.410000000000000000e+02
2.480000000000000000e+02 1.049000000000000000e+03
9.700000000000000000e+02 8.620000000000000000e+02
4.280000000000000000e+02 5.370000000000000000e+02
4.250000000000000000e+02 5.750000000000000000e+02
9.450000000000000000e+02 3.534000000000000000e+03
2.281000000000000000e+03 2.897000000000000000e+03
1.420000000000000000e+02 4.090000000000000000e+03
1.650000000000000000e+02 4.070000000000000000e+03
2.680000000000000000e+02 4.000000000000000000e+03
3.030000000000000000e+02 3.950000000000000000e+03
4.550000000000000000e+02 3.066000000000000000e+03
5.320000000000000000e+02 1.157000000000000000e+03
4.550000000000000000e+02 2.036000000000000000e+03
2.591000000000000000e+03 1.733000000000000000e+03
3.030000000000000000e+02 2.610000000000000000e+03
4.310000000000000000e+02 2.621000000000000000e+03
2.620000000000000000e+02 2.539000000000000000e+03
2.960000000000000000e+02 2.464000000000000000e+03
1.830000000000000000e+03 2.570000000000000000e+03
3.805000000000000000e+03 2.614000000000000000e+03
3.899000000000000000e+03 1.612000000000000000e+03
4.036000000000000000e+03 1.625000000000000000e+03
4.319000000000000000e+03 1.402000000000000000e+03
4.344000000000000000e+03 1.406000000000000000e+03
4.271000000000000000e+03 1.725000000000000000e+03
4.170000000000000000e+03 1.796000000000000000e+03
4.400000000000000000e+03 8.170000000000000000e+02
4.385000000000000000e+03 9.330000000000000000e+02
3.899000000000000000e+03 1.928000000000000000e+03
4.016000000000000000e+03 1.841000000000000000e+03
4.270000000000000000e+03 1.880000000000000000e+03
4.267000000000000000e+03 1.902000000000000000e+03
4.065000000000000000e+03 1.766000000000000000e+03
4.108000000000000000e+03 1.736000000000000000e+03
4.157000000000000000e+03 1.497000000000000000e+03
4.148000000000000000e+03 1.470000000000000000e+03
4.394000000000000000e+03 1.155000000000000000e+03
4.393000000000000000e+03 1.115000000000000000e+03
4.174000000000000000e+03 9.560000000000000000e+02
4.213000000000000000e+03 8.860000000000000000e+02
4.417000000000000000e+03 7.130000000000000000e+02
4.422000000000000000e+03 7.170000000000000000e+02
4.223000000000000000e+03 4.700000000000000000e+01
4.214000000000000000e+03 4.600000000000000000e+01
4.313000000000000000e+03 6.940000000000000000e+02
4.296000000000000000e+03 7.250000000000000000e+02
4.117000000000000000e+03 1.221000000000000000e+03
4.181000000000000000e+03 9.760000000000000000e+02
4.419000000000000000e+03 9.840000000000000000e+02
4.407000000000000000e+03 1.036000000000000000e+03
4.129000000000000000e+03 1.275000000000000000e+03
4.204000000000000000e+03 9.440000000000000000e+02
3.702000000000000000e+03 2.354000000000000000e+03
4.135000000000000000e+03 2.506000000000000000e+03
3.977000000000000000e+03 2.429000000000000000e+03
3.830000000000000000e+03 2.621000000000000000e+03
4.051000000000000000e+03 2.860000000000000000e+03
3.752000000000000000e+03 2.428000000000000000e+03
3.681000000000000000e+03 2.415000000000000000e+03
4.101000000000000000e+03 2.680000000000000000e+03
4.004000000000000000e+03 2.571000000000000000e+03
3.595000000000000000e+03 2.137000000000000000e+03
3.381000000000000000e+03 2.207000000000000000e+03
3.396000000000000000e+03 2.572000000000000000e+03
3.410000000000000000e+03 2.696000000000000000e+03
3.887000000000000000e+03 2.264000000000000000e+03
3.912000000000000000e+03 2.211000000000000000e+03
4.191000000000000000e+03 1.652000000000000000e+03
4.143000000000000000e+03 1.627000000000000000e+03
4.283000000000000000e+03 2.395000000000000000e+03
4.194000000000000000e+03 2.322000000000000000e+03
3.716000000000000000e+03 2.284000000000000000e+03
3.763000000000000000e+03 2.177000000000000000e+03
3.915000000000000000e+03 2.356000000000000000e+03
3.953000000000000000e+03 2.367000000000000000e+03
3.894000000000000000e+03 2.618000000000000000e+03
3.755000000000000000e+03 2.490000000000000000e+03
3.493000000000000000e+03 2.614000000000000000e+03
3.541000000000000000e+03 2.884000000000000000e+03
3.769000000000000000e+03 2.761000000000000000e+03
3.754000000000000000e+03 2.738000000000000000e+03
4.314000000000000000e+03 2.096000000000000000e+03
4.251000000000000000e+03 2.136000000000000000e+03
3.595000000000000000e+03 2.205000000000000000e+03
3.882000000000000000e+03 2.820000000000000000e+03
3.778000000000000000e+03 2.672000000000000000e+03
3.636000000000000000e+03 2.329000000000000000e+03
3.380000000000000000e+03 2.235000000000000000e+03
2.764000000000000000e+03 2.025000000000000000e+03
2.853000000000000000e+03 2.073000000000000000e+03
4.079000000000000000e+03 2.382000000000000000e+03
4.131000000000000000e+03 2.335000000000000000e+03
3.780000000000000000e+03 2.221000000000000000e+03
3.797000000000000000e+03 2.260000000000000000e+03
3.598000000000000000e+03 2.639000000000000000e+03
3.502000000000000000e+03 2.740000000000000000e+03
3.751000000000000000e+03 2.727000000000000000e+03
3.814000000000000000e+03 2.947000000000000000e+03
4.290000000000000000e+03 2.554000000000000000e+03
4.135000000000000000e+03 2.482000000000000000e+03
4.243000000000000000e+03 2.342000000000000000e+03
4.415000000000000000e+03 2.461000000000000000e+03
2.498000000000000000e+03 5.190000000000000000e+02
2.225000000000000000e+03 4.210000000000000000e+02
3.675000000000000000e+03 2.139000000000000000e+03
3.623000000000000000e+03 1.958000000000000000e+03
4.276000000000000000e+03 2.249000000000000000e+03
4.185000000000000000e+03 2.212000000000000000e+03
4.108000000000000000e+03 2.678000000000000000e+03
4.092000000000000000e+03 2.943000000000000000e+03
3.861000000000000000e+03 2.762000000000000000e+03
3.942000000000000000e+03 2.942000000000000000e+03
3.926000000000000000e+03 2.153000000000000000e+03
3.685000000000000000e+03 2.213000000000000000e+03
3.602000000000000000e+03 2.081000000000000000e+03
4.168000000000000000e+03 2.075000000000000000e+03
4.173000000000000000e+03 2.026000000000000000e+03
4.275000000000000000e+03 2.671000000000000000e+03
4.231000000000000000e+03 2.697000000000000000e+03
3.781000000000000000e+03 2.407000000000000000e+03
3.700000000000000000e+03 2.339000000000000000e+03
4.139000000000000000e+03 2.798000000000000000e+03
4.013000000000000000e+03 2.676000000000000000e+03
3.629000000000000000e+03 2.678000000000000000e+03
3.621000000000000000e+03 2.706000000000000000e+03
3.995000000000000000e+03 2.494000000000000000e+03
3.996000000000000000e+03 2.540000000000000000e+03
3.656000000000000000e+03 2.412000000000000000e+03
3.670000000000000000e+03 2.145000000000000000e+03
2.283000000000000000e+03 7.180000000000000000e+02
2.224000000000000000e+03 5.600000000000000000e+02
2.525000000000000000e+03 1.130000000000000000e+03
2.222000000000000000e+03 6.790000000000000000e+02
3.437000000000000000e+03 2.386000000000000000e+03
3.691000000000000000e+03 2.276000000000000000e+03
3.753000000000000000e+03 2.568000000000000000e+03
3.776000000000000000e+03 2.615000000000000000e+03
3.703000000000000000e+03 2.865000000000000000e+03
3.652000000000000000e+03 2.876000000000000000e+03
3.432000000000000000e+03 2.373000000000000000e+03
2.985000000000000000e+03 2.289000000000000000e+03
4.261000000000000000e+03 2.881000000000000000e+03
4.231000000000000000e+03 2.928000000000000000e+03
3.574000000000000000e+03 2.420000000000000000e+03
3.587000000000000000e+03 2.443000000000000000e+03
3.350000000000000000e+03 2.530000000000000000e+03
3.321000000000000000e+03 2.547000000000000000e+03
3.961000000000000000e+03 2.708000000000000000e+03
3.953000000000000000e+03 2.722000000000000000e+03
3.646000000000000000e+03 2.282000000000000000e+03
3.527000000000000000e+03 2.129000000000000000e+03
4.384000000000000000e+03 2.722000000000000000e+03
4.413000000000000000e+03 2.690000000000000000e+03
3.425000000000000000e+03 2.826000000000000000e+03
3.367000000000000000e+03 2.818000000000000000e+03
3.586000000000000000e+03 2.365000000000000000e+03
3.491000000000000000e+03 2.137000000000000000e+03
3.605000000000000000e+03 2.526000000000000000e+03
3.648000000000000000e+03 2.529000000000000000e+03
3.359000000000000000e+03 2.311000000000000000e+03
3.446000000000000000e+03 2.366000000000000000e+03
3.440000000000000000e+03 2.163000000000000000e+03
3.554000000000000000e+03 2.107000000000000000e+03
4.146000000000000000e+03 1.897000000000000000e+03
4.076000000000000000e+03 1.911000000000000000e+03
4.332000000000000000e+03 2.137000000000000000e+03
4.418000000000000000e+03 2.187000000000000000e+03
3.668000000000000000e+03 1.928000000000000000e+03
3.227000000000000000e+03 1.965000000000000000e+03
4.052000000000000000e+03 2.438000000000000000e+03
4.415000000000000000e+03 2.587000000000000000e+03
4.043000000000000000e+03 2.205000000000000000e+03
4.044000000000000000e+03 2.211000000000000000e+03
3.568000000000000000e+03 2.205000000000000000e+03
3.395000000000000000e+03 2.092000000000000000e+03
4.343000000000000000e+03 2.279000000000000000e+03
4.405000000000000000e+03 2.306000000000000000e+03
1.804000000000000000e+03 1.663000000000000000e+03
1.386000000000000000e+03 4.730000000000000000e+02
1.368000000000000000e+03 5.400000000000000000e+02
1.148000000000000000e+03 1.438000000000000000e+03
1.170000000000000000e+03 1.427000000000000000e+03
1.455000000000000000e+03 1.505000000000000000e+03
1.355000000000000000e+03 1.608000000000000000e+03
1.039000000000000000e+03 1.650000000000000000e+03
1.073000000000000000e+03 1.652000000000000000e+03
1.563000000000000000e+03 1.841000000000000000e+03
1.257000000000000000e+03 1.564000000000000000e+03
1.039000000000000000e+03 7.730000000000000000e+02
1.061000000000000000e+03 7.380000000000000000e+02
1.885000000000000000e+03 1.305000000000000000e+03
1.607000000000000000e+03 1.366000000000000000e+03
3.572000000000000000e+03 2.274000000000000000e+03
3.432000000000000000e+03 2.195000000000000000e+03
2.763000000000000000e+03 2.004000000000000000e+03
2.674000000000000000e+03 1.868000000000000000e+03
1.712000000000000000e+03 1.695000000000000000e+03
1.175000000000000000e+03 1.682000000000000000e+03
1.126000000000000000e+03 1.611000000000000000e+03
1.004000000000000000e+03 1.597000000000000000e+03
7.170000000000000000e+02 1.813000000000000000e+03
7.200000000000000000e+02 1.785000000000000000e+03
4.464000000000000000e+03 4.890000000000000000e+02
4.419000000000000000e+03 4.670000000000000000e+02
4.352000000000000000e+03 2.845000000000000000e+03
4.394000000000000000e+03 2.826000000000000000e+03
4.311000000000000000e+03 2.775000000000000000e+03
1.499000000000000000e+03 1.708000000000000000e+03
3.551000000000000000e+03 1.956000000000000000e+03
4.413000000000000000e+03 1.886000000000000000e+03
4.369000000000000000e+03 1.927000000000000000e+03
4.419000000000000000e+03 1.278000000000000000e+03
4.442000000000000000e+03 1.318000000000000000e+03
3.504000000000000000e+03 2.023000000000000000e+03
3.826000000000000000e+03 2.011000000000000000e+03
4.070000000000000000e+03 1.567000000000000000e+03
4.044000000000000000e+03 1.563000000000000000e+03
3.446000000000000000e+03 1.989000000000000000e+03
3.366000000000000000e+03 1.910000000000000000e+03
3.499000000000000000e+03 2.543000000000000000e+03
3.441000000000000000e+03 2.536000000000000000e+03
3.528000000000000000e+03 2.100000000000000000e+03
3.573000000000000000e+03 2.109000000000000000e+03
4.412000000000000000e+03 2.058000000000000000e+03
4.416000000000000000e+03 2.011000000000000000e+03
3.870000000000000000e+03 1.983000000000000000e+03
4.064000000000000000e+03 2.018000000000000000e+03
3.495000000000000000e+03 1.949000000000000000e+03
3.593000000000000000e+03 2.053000000000000000e+03
3.889000000000000000e+03 2.042000000000000000e+03
3.864000000000000000e+03 2.091000000000000000e+03
4.420000000000000000e+03 1.653000000000000000e+03
4.390000000000000000e+03 1.663000000000000000e+03
3.783000000000000000e+03 1.852000000000000000e+03
3.609000000000000000e+03 1.995000000000000000e+03
3.485000000000000000e+03 1.957000000000000000e+03
3.696000000000000000e+03 1.757000000000000000e+03
4.402000000000000000e+03 1.531000000000000000e+03
4.398000000000000000e+03 1.552000000000000000e+03
1.327000000000000000e+03 1.106000000000000000e+03
1.273000000000000000e+03 1.147000000000000000e+03
1.243000000000000000e+03 1.126000000000000000e+03
1.239000000000000000e+03 1.510000000000000000e+03
1.191000000000000000e+03 1.470000000000000000e+03
1.264000000000000000e+03 1.317000000000000000e+03
1.311000000000000000e+03 1.304000000000000000e+03
1.202000000000000000e+03 9.760000000000000000e+02
1.206000000000000000e+03 1.029000000000000000e+03
1.299000000000000000e+03 8.970000000000000000e+02
1.291000000000000000e+03 1.451000000000000000e+03
1.456000000000000000e+03 4.090000000000000000e+02
1.536000000000000000e+03 4.800000000000000000e+01
1.377000000000000000e+03 8.490000000000000000e+02
1.387000000000000000e+03 8.630000000000000000e+02
1.246000000000000000e+03 1.449000000000000000e+03
1.235000000000000000e+03 1.394000000000000000e+03
1.233000000000000000e+03 6.730000000000000000e+02
1.219000000000000000e+03 5.910000000000000000e+02
1.186000000000000000e+03 7.490000000000000000e+02
1.186000000000000000e+03 6.790000000000000000e+02
1.207000000000000000e+03 1.376000000000000000e+03
1.253000000000000000e+03 1.407000000000000000e+03
7.970000000000000000e+02 8.520000000000000000e+02
9.360000000000000000e+02 9.840000000000000000e+02
1.270000000000000000e+03 1.319000000000000000e+03
1.312000000000000000e+03 1.325000000000000000e+03
1.378000000000000000e+03 8.410000000000000000e+02
1.388000000000000000e+03 3.390000000000000000e+02
1.340000000000000000e+03 2.120000000000000000e+02
1.393000000000000000e+03 6.100000000000000000e+01
1.316000000000000000e+03 6.730000000000000000e+02
1.339000000000000000e+03 6.950000000000000000e+02
1.277000000000000000e+03 1.344000000000000000e+03
1.360000000000000000e+03 1.440000000000000000e+03
1.464000000000000000e+03 2.430000000000000000e+02
1.466000000000000000e+03 3.140000000000000000e+02
1.229000000000000000e+03 1.118000000000000000e+03
1.234000000000000000e+03 8.340000000000000000e+02
1.110000000000000000e+03 1.761000000000000000e+03
1.296000000000000000e+03 1.503000000000000000e+03
1.111000000000000000e+03 1.211000000000000000e+03
1.112000000000000000e+03 1.149000000000000000e+03
1.173000000000000000e+03 1.705000000000000000e+03
1.301000000000000000e+03 1.419000000000000000e+03
1.056000000000000000e+03 8.520000000000000000e+02
1.029000000000000000e+03 9.120000000000000000e+02
1.024000000000000000e+03 1.052000000000000000e+03
1.079000000000000000e+03 1.077000000000000000e+03
1.141000000000000000e+03 1.381000000000000000e+03
1.227000000000000000e+03 1.516000000000000000e+03
1.359000000000000000e+03 1.279000000000000000e+03
1.282000000000000000e+03 1.698000000000000000e+03
1.438000000000000000e+03 7.090000000000000000e+02
1.477000000000000000e+03 6.670000000000000000e+02
1.241000000000000000e+03 3.910000000000000000e+02
1.214000000000000000e+03 4.800000000000000000e+02
1.548000000000000000e+03 4.420000000000000000e+02
1.778000000000000000e+03 4.650000000000000000e+02
1.896000000000000000e+03 8.630000000000000000e+02
1.556000000000000000e+03 9.150000000000000000e+02
1.408000000000000000e+03 1.522000000000000000e+03
1.298000000000000000e+03 1.048000000000000000e+03
3.530000000000000000e+02 2.780000000000000000e+03
2.307000000000000000e+03 0.000000000000000000e+00
1.356000000000000000e+03 1.010000000000000000e+03
1.753000000000000000e+03 3.020000000000000000e+03
