7.940000000000000000e+02 8.060000000000000000e+02
3.470000000000000000e+02 5.610000000000000000e+02
3.310000000000000000e+02 5.910000000000000000e+02
2.650000000000000000e+02 2.710000000000000000e+02
4.240000000000000000e+02 4.740000000000000000e+02
4.470000000000000000e+02 7.910000000000000000e+02
2.190000000000000000e+02 6.730000000000000000e+02
4.240000000000000000e+02 3.770000000000000000e+02
4.240000000000000000e+02 2.580000000000000000e+02
6.400000000000000000e+02 4.060000000000000000e+02
6.500000000000000000e+02 4.690000000000000000e+02
9.350000000000000000e+02 8.180000000000000000e+02
8.830000000000000000e+02 8.560000000000000000e+02
5.270000000000000000e+02 1.970000000000000000e+02
5.680000000000000000e+02 1.540000000000000000e+02
5.850000000000000000e+02 9.190000000000000000e+02
3.860000000000000000e+02 9.050000000000000000e+02
5.530000000000000000e+02 7.650000000000000000e+02
1.690000000000000000e+02 4.390000000000000000e+02
4.422000000000000000e+03 2.330000000000000000e+02
2.691000000000000000e+03 4.740000000000000000e+02
4.560000000000000000e+02 9.400000000000000000e+01
4.490000000000000000e+02 1.480000000000000000e+02
1.280000000000000000e+02 7.550000000000000000e+02
3.400000000000000000e+02 8.030000000000000000e+02
9.110000000000000000e+02 6.500000000000000000e+02
8.080000000000000000e+02 6.400000000000000000e+01
6.150000000000000000e+02 4.900000000000000000e+01
8.400000000000000000e+02 8.810000000000000000e+02
6.800000000000000000e+02 1.076000000000000000e+03
3.310000000000000000e+02 1.158000000000000000e+03
1.208000000000000000e+03 1.084000000000000000e+03
1.042000000000000000e+03 5.650000000000000000e+02
1.030000000000000000e+03 6.020000000000000000e+02
8.620000000000000000e+02 4.830000000000000000e+02
8.560000000000000000e+02 1.810000000000000000e+02
6.130000000000000000e+02 4.510000000000000000e+02
3.230000000000000000e+02 1.300000000000000000e+02
2.670000000000000000e+02 8.420000000000000000e+02
2.710000000000000000e+02 8.360000000000000000e+02
8.200000000000000000e+02 7.920000000000000000e+02
7.940000000000000000e+02 7.230000000000000000e+02
6.030000000000000000e+02 3.560000000000000000e+02
6.080000000000000000e+02 2.950000000000000000e+02
9.890000000000000000e+02 7.880000000000000000e+02
1.056000000000000000e+03 9.120000000000000000e+02
1.001000000000000000e+03 9.940000000000000000e+02
1.056000000000000000e+03 9.220000000000000000e+02
5.100000000000000000e+02 6.100000000000000000e+02
5.140000000000000000e+02 5.520000000000000000e+02
2.382000000000000000e+03 1.989000000000000000e+03
2.139000000000000000e+03 1.900000000000000000e+03
7.770000000000000000e+02 4.590000000000000000e+02
7.640000000000000000e+02 4.710000000000000000e+02
2.119000000000000000e+03 1.908000000000000000e+03
2.043000000000000000e+03 1.844000000000000000e+03
1.300000000000000000e+03 6.880000000000000000e+02
1.251000000000000000e+03 7.070000000000000000e+02
1.409000000000000000e+03 1.223000000000000000e+03
1.160000000000000000e+03 9.410000000000000000e+02
9.040000000000000000e+02 7.310000000000000000e+02
9.880000000000000000e+02 7.290000000000000000e+02
8.980000000000000000e+02 1.022000000000000000e+03
5.110000000000000000e+02 7.390000000000000000e+02
5.140000000000000000e+02 7.760000000000000000e+02
8.570000000000000000e+02 1.068000000000000000e+03
8.640000000000000000e+02 1.077000000000000000e+03
3.990000000000000000e+02 7.560000000000000000e+02
4.060000000000000000e+02 6.800000000000000000e+02
3.390000000000000000e+02 5.050000000000000000e+02
3.200000000000000000e+02 4.010000000000000000e+02
2.380000000000000000e+02 1.056000000000000000e+03
2.490000000000000000e+02 9.860000000000000000e+02
1.120000000000000000e+02 9.750000000000000000e+02
1.660000000000000000e+02 9.220000000000000000e+02
7.000000000000000000e+02 1.102000000000000000e+03
6.590000000000000000e+02 1.147000000000000000e+03
7.810000000000000000e+02 8.380000000000000000e+02
7.040000000000000000e+02 7.000000000000000000e+01
5.400000000000000000e+02 9.220000000000000000e+02
7.350000000000000000e+02 1.060000000000000000e+03
6.270000000000000000e+02 6.390000000000000000e+02
4.750000000000000000e+02 4.260000000000000000e+02
4.840000000000000000e+02 1.086000000000000000e+03
6.340000000000000000e+02 1.093000000000000000e+03
4.990000000000000000e+02 1.076000000000000000e+03
3.490000000000000000e+02 1.030000000000000000e+03
5.770000000000000000e+02 1.256000000000000000e+03
8.100000000000000000e+01 1.283000000000000000e+03
2.790000000000000000e+02 1.188000000000000000e+03
3.930000000000000000e+02 1.177000000000000000e+03
2.730000000000000000e+02 6.480000000000000000e+02
1.280000000000000000e+02 5.820000000000000000e+02
3.560000000000000000e+02 1.654000000000000000e+03
1.850000000000000000e+02 1.651000000000000000e+03
6.060000000000000000e+02 1.510000000000000000e+03
4.750000000000000000e+02 1.467000000000000000e+03
1.710000000000000000e+02 1.513000000000000000e+03
2.280000000000000000e+02 1.538000000000000000e+03
1.056000000000000000e+03 1.577000000000000000e+03
9.930000000000000000e+02 1.591000000000000000e+03
6.860000000000000000e+02 8.670000000000000000e+02
7.050000000000000000e+02 8.640000000000000000e+02
6.410000000000000000e+02 6.910000000000000000e+02
7.850000000000000000e+02 9.070000000000000000e+02
1.015000000000000000e+03 5.590000000000000000e+02
1.079000000000000000e+03 4.330000000000000000e+02
6.340000000000000000e+02 5.360000000000000000e+02
7.680000000000000000e+02 7.280000000000000000e+02
1.288000000000000000e+03 1.181000000000000000e+03
1.194000000000000000e+03 1.186000000000000000e+03
1.018000000000000000e+03 7.900000000000000000e+02
1.042000000000000000e+03 7.140000000000000000e+02
7.400000000000000000e+02 2.570000000000000000e+02
8.190000000000000000e+02 5.190000000000000000e+02
7.920000000000000000e+02 1.046000000000000000e+03
6.690000000000000000e+02 1.059000000000000000e+03
1.006000000000000000e+03 4.030000000000000000e+02
9.830000000000000000e+02 5.130000000000000000e+02
8.610000000000000000e+02 5.580000000000000000e+02
9.420000000000000000e+02 7.740000000000000000e+02
1.353000000000000000e+03 1.149000000000000000e+03
1.031000000000000000e+03 9.600000000000000000e+02
9.240000000000000000e+02 6.130000000000000000e+02
8.670000000000000000e+02 3.120000000000000000e+02
3.589000000000000000e+03 4.141000000000000000e+03
3.622000000000000000e+03 4.157000000000000000e+03
4.068000000000000000e+03 4.426000000000000000e+03
4.083000000000000000e+03 4.280000000000000000e+03
3.503000000000000000e+03 4.076000000000000000e+03
1.314000000000000000e+03 8.230000000000000000e+02
1.609000000000000000e+03 1.368000000000000000e+03
2.022000000000000000e+03 4.267000000000000000e+03
2.095000000000000000e+03 4.295000000000000000e+03
3.924000000000000000e+03 4.252000000000000000e+03
3.555000000000000000e+03 3.952000000000000000e+03
3.783000000000000000e+03 3.875000000000000000e+03
4.208000000000000000e+03 4.140000000000000000e+03
3.725000000000000000e+03 3.964000000000000000e+03
4.032000000000000000e+03 4.092000000000000000e+03
8.510000000000000000e+02 3.488000000000000000e+03
7.290000000000000000e+02 3.475000000000000000e+03
1.520000000000000000e+03 3.532000000000000000e+03
1.569000000000000000e+03 3.505000000000000000e+03
1.715000000000000000e+03 3.869000000000000000e+03
1.657000000000000000e+03 3.858000000000000000e+03
2.886000000000000000e+03 4.371000000000000000e+03
2.793000000000000000e+03 4.333000000000000000e+03
6.400000000000000000e+02 2.580000000000000000e+03
1.151000000000000000e+03 3.176000000000000000e+03
6.600000000000000000e+01 3.276000000000000000e+03
4.900000000000000000e+01 3.222000000000000000e+03
9.400000000000000000e+01 3.115000000000000000e+03
1.880000000000000000e+02 2.934000000000000000e+03
2.290000000000000000e+02 3.310000000000000000e+03
1.610000000000000000e+02 3.357000000000000000e+03
2.514000000000000000e+03 4.427000000000000000e+03
3.187000000000000000e+03 4.407000000000000000e+03
2.805000000000000000e+03 4.350000000000000000e+03
3.661000000000000000e+03 4.255000000000000000e+03
3.470000000000000000e+03 4.119000000000000000e+03
2.344000000000000000e+03 4.301000000000000000e+03
2.281000000000000000e+03 4.226000000000000000e+03
3.874000000000000000e+03 4.235000000000000000e+03
4.216000000000000000e+03 4.374000000000000000e+03
3.870000000000000000e+03 4.130000000000000000e+03
3.291000000000000000e+03 4.141000000000000000e+03
2.982000000000000000e+03 4.201000000000000000e+03
3.432000000000000000e+03 4.334000000000000000e+03
3.464000000000000000e+03 4.152000000000000000e+03
3.308000000000000000e+03 4.020000000000000000e+03
2.061000000000000000e+03 3.973000000000000000e+03
2.449000000000000000e+03 4.285000000000000000e+03
6.200000000000000000e+01 3.434000000000000000e+03
5.120000000000000000e+02 2.948000000000000000e+03
3.400000000000000000e+02 3.388000000000000000e+03
5.200000000000000000e+02 3.166000000000000000e+03
2.740000000000000000e+02 3.237000000000000000e+03
5.910000000000000000e+02 3.007000000000000000e+03
6.870000000000000000e+02 3.118000000000000000e+03
2.300000000000000000e+02 3.717000000000000000e+03
5.490000000000000000e+02 2.672000000000000000e+03
2.370000000000000000e+02 2.961000000000000000e+03
3.725000000000000000e+03 4.429000000000000000e+03
3.357000000000000000e+03 4.281000000000000000e+03
5.010000000000000000e+02 3.592000000000000000e+03
7.190000000000000000e+02 3.320000000000000000e+03
2.040000000000000000e+03 2.244000000000000000e+03
3.651000000000000000e+03 4.385000000000000000e+03
2.846000000000000000e+03 3.361000000000000000e+03
3.835000000000000000e+03 4.312000000000000000e+03
3.525000000000000000e+03 3.874000000000000000e+03
1.940000000000000000e+03 1.903000000000000000e+03
2.372000000000000000e+03 2.118000000000000000e+03
1.656000000000000000e+03 1.831000000000000000e+03
1.812000000000000000e+03 1.968000000000000000e+03
1.717000000000000000e+03 1.997000000000000000e+03
1.674000000000000000e+03 1.805000000000000000e+03
4.211000000000000000e+03 4.259000000000000000e+03
2.977000000000000000e+03 3.373000000000000000e+03
2.026000000000000000e+03 2.030000000000000000e+03
2.202000000000000000e+03 2.008000000000000000e+03
2.168000000000000000e+03 4.308000000000000000e+03
1.946000000000000000e+03 3.738000000000000000e+03
3.590000000000000000e+03 4.272000000000000000e+03
3.291000000000000000e+03 4.145000000000000000e+03
1.697000000000000000e+03 1.726000000000000000e+03
1.998000000000000000e+03 1.795000000000000000e+03
6.490000000000000000e+02 3.184000000000000000e+03
4.650000000000000000e+02 3.488000000000000000e+03
1.987000000000000000e+03 1.961000000000000000e+03
2.033000000000000000e+03 2.050000000000000000e+03
1.790000000000000000e+03 3.071000000000000000e+03
1.683000000000000000e+03 3.987000000000000000e+03
2.129000000000000000e+03 2.126000000000000000e+03
2.219000000000000000e+03 2.232000000000000000e+03
2.224000000000000000e+03 2.030000000000000000e+03
2.304000000000000000e+03 1.892000000000000000e+03
1.910000000000000000e+03 2.168000000000000000e+03
1.841000000000000000e+03 2.033000000000000000e+03
2.366000000000000000e+03 2.224000000000000000e+03
1.740000000000000000e+03 1.930000000000000000e+03
3.215000000000000000e+03 4.266000000000000000e+03
2.604000000000000000e+03 3.487000000000000000e+03
1.890000000000000000e+03 4.107000000000000000e+03
2.027000000000000000e+03 2.847000000000000000e+03
2.369000000000000000e+03 4.142000000000000000e+03
2.488000000000000000e+03 4.151000000000000000e+03
1.796000000000000000e+03 2.451000000000000000e+03
1.417000000000000000e+03 1.470000000000000000e+03
1.679000000000000000e+03 3.578000000000000000e+03
2.315000000000000000e+03 2.409000000000000000e+03
3.567000000000000000e+03 4.411000000000000000e+03
2.632000000000000000e+03 3.845000000000000000e+03
2.113000000000000000e+03 2.479000000000000000e+03
2.318000000000000000e+03 2.292000000000000000e+03
1.860000000000000000e+03 2.476000000000000000e+03
1.960000000000000000e+03 2.523000000000000000e+03
3.000000000000000000e+03 2.284000000000000000e+03
2.564000000000000000e+03 2.970000000000000000e+03
2.347000000000000000e+03 2.549000000000000000e+03
3.156000000000000000e+03 2.508000000000000000e+03
2.199000000000000000e+03 2.356000000000000000e+03
1.775000000000000000e+03 3.171000000000000000e+03
1.898000000000000000e+03 2.091000000000000000e+03
2.106000000000000000e+03 2.415000000000000000e+03
1.903000000000000000e+03 2.309000000000000000e+03
1.984000000000000000e+03 2.438000000000000000e+03
1.838000000000000000e+03 2.019000000000000000e+03
2.356000000000000000e+03 2.256000000000000000e+03
1.311000000000000000e+03 3.825000000000000000e+03
1.221000000000000000e+03 4.192000000000000000e+03
1.232000000000000000e+03 4.132000000000000000e+03
1.317000000000000000e+03 4.089000000000000000e+03
1.277000000000000000e+03 4.290000000000000000e+03
1.660000000000000000e+03 4.400000000000000000e+03
1.686000000000000000e+03 4.429000000000000000e+03
2.649000000000000000e+03 4.394000000000000000e+03
2.665000000000000000e+03 4.416000000000000000e+03
2.545000000000000000e+03 4.275000000000000000e+03
2.803000000000000000e+03 4.300000000000000000e+03
2.225000000000000000e+03 4.411000000000000000e+03
1.981000000000000000e+03 4.200000000000000000e+03
1.354000000000000000e+03 3.980000000000000000e+03
1.461000000000000000e+03 4.316000000000000000e+03
2.935000000000000000e+03 4.271000000000000000e+03
2.290000000000000000e+03 4.115000000000000000e+03
1.389000000000000000e+03 4.042000000000000000e+03
1.399000000000000000e+03 4.437000000000000000e+03
1.431000000000000000e+03 3.875000000000000000e+03
1.431000000000000000e+03 3.932000000000000000e+03
1.567000000000000000e+03 3.632000000000000000e+03
1.502000000000000000e+03 3.170000000000000000e+03
1.801000000000000000e+03 4.433000000000000000e+03
1.708000000000000000e+03 4.230000000000000000e+03
1.446000000000000000e+03 4.006000000000000000e+03
1.536000000000000000e+03 4.109000000000000000e+03
1.413000000000000000e+03 3.702000000000000000e+03
1.436000000000000000e+03 3.514000000000000000e+03
1.857000000000000000e+03 4.258000000000000000e+03
1.936000000000000000e+03 4.443000000000000000e+03
1.660000000000000000e+03 3.854000000000000000e+03
2.745000000000000000e+03 4.153000000000000000e+03
2.737000000000000000e+03 4.124000000000000000e+03
1.955000000000000000e+03 3.917000000000000000e+03
1.816000000000000000e+03 3.970000000000000000e+03
3.146000000000000000e+03 4.167000000000000000e+03
3.050000000000000000e+03 4.160000000000000000e+03
2.721000000000000000e+03 4.213000000000000000e+03
3.304000000000000000e+03 4.436000000000000000e+03
1.801000000000000000e+03 4.315000000000000000e+03
1.784000000000000000e+03 4.177000000000000000e+03
2.826000000000000000e+03 4.375000000000000000e+03
3.064000000000000000e+03 4.399000000000000000e+03
1.595000000000000000e+03 3.965000000000000000e+03
1.616000000000000000e+03 3.890000000000000000e+03
1.340000000000000000e+03 3.781000000000000000e+03
1.328000000000000000e+03 3.893000000000000000e+03
1.616000000000000000e+03 4.251000000000000000e+03
1.622000000000000000e+03 4.252000000000000000e+03
1.283000000000000000e+03 3.934000000000000000e+03
1.267000000000000000e+03 3.922000000000000000e+03
1.376000000000000000e+03 4.056000000000000000e+03
1.431000000000000000e+03 4.111000000000000000e+03
1.570000000000000000e+03 4.424000000000000000e+03
1.520000000000000000e+03 4.409000000000000000e+03
1.016000000000000000e+03 4.418000000000000000e+03
1.034000000000000000e+03 4.424000000000000000e+03
2.618000000000000000e+03 4.429000000000000000e+03
2.619000000000000000e+03 4.449000000000000000e+03
1.600000000000000000e+03 3.286000000000000000e+03
1.786000000000000000e+03 3.866000000000000000e+03
9.860000000000000000e+02 1.941000000000000000e+03
4.820000000000000000e+02 1.734000000000000000e+03
5.640000000000000000e+02 1.753000000000000000e+03
8.040000000000000000e+02 1.671000000000000000e+03
8.120000000000000000e+02 1.646000000000000000e+03
1.300000000000000000e+02 1.781000000000000000e+03
1.090000000000000000e+02 1.754000000000000000e+03
1.048000000000000000e+03 2.092000000000000000e+03
9.410000000000000000e+02 1.796000000000000000e+03
4.250000000000000000e+02 1.859000000000000000e+03
5.380000000000000000e+02 1.799000000000000000e+03
2.180000000000000000e+02 1.887000000000000000e+03
2.350000000000000000e+02 1.867000000000000000e+03
2.820000000000000000e+02 2.140000000000000000e+03
1.950000000000000000e+02 2.189000000000000000e+03
1.340000000000000000e+02 2.039000000000000000e+03
3.180000000000000000e+02 1.990000000000000000e+03
2.374000000000000000e+03 4.433000000000000000e+03
1.921000000000000000e+03 4.118000000000000000e+03
2.632000000000000000e+03 4.315000000000000000e+03
1.929000000000000000e+03 3.574000000000000000e+03
1.486000000000000000e+03 3.522000000000000000e+03
1.565000000000000000e+03 3.984000000000000000e+03
1.122000000000000000e+03 1.862000000000000000e+03
1.258000000000000000e+03 2.164000000000000000e+03
4.830000000000000000e+02 1.800000000000000000e+03
2.730000000000000000e+02 1.855000000000000000e+03
1.910000000000000000e+03 3.910000000000000000e+03
2.072000000000000000e+03 4.432000000000000000e+03
2.520000000000000000e+02 2.049000000000000000e+03
4.440000000000000000e+02 1.979000000000000000e+03
2.180000000000000000e+03 4.118000000000000000e+03
2.138000000000000000e+03 4.103000000000000000e+03
3.073000000000000000e+03 4.296000000000000000e+03
2.570000000000000000e+03 4.120000000000000000e+03
2.938000000000000000e+03 4.153000000000000000e+03
2.974000000000000000e+03 4.137000000000000000e+03
1.824000000000000000e+03 3.790000000000000000e+03
1.652000000000000000e+03 3.596000000000000000e+03
2.354000000000000000e+03 4.080000000000000000e+03
2.687000000000000000e+03 4.147000000000000000e+03
1.760000000000000000e+03 4.006000000000000000e+03
1.752000000000000000e+03 4.166000000000000000e+03
1.985000000000000000e+03 4.178000000000000000e+03
2.083000000000000000e+03 4.150000000000000000e+03
1.503000000000000000e+03 3.150000000000000000e+03
1.473000000000000000e+03 3.298000000000000000e+03
8.210000000000000000e+02 3.740000000000000000e+03
8.490000000000000000e+02 3.738000000000000000e+03
1.458000000000000000e+03 2.588000000000000000e+03
1.283000000000000000e+03 2.495000000000000000e+03
1.385000000000000000e+03 1.757000000000000000e+03
1.372000000000000000e+03 2.741000000000000000e+03
1.526000000000000000e+03 1.506000000000000000e+03
1.518000000000000000e+03 1.486000000000000000e+03
1.513000000000000000e+03 3.413000000000000000e+03
1.663000000000000000e+03 3.704000000000000000e+03
1.462000000000000000e+03 2.157000000000000000e+03
1.444000000000000000e+03 2.060000000000000000e+03
1.503000000000000000e+03 1.888000000000000000e+03
1.560000000000000000e+03 2.171000000000000000e+03
6.620000000000000000e+02 1.707000000000000000e+03
6.710000000000000000e+02 1.652000000000000000e+03
1.501000000000000000e+03 2.183000000000000000e+03
1.561000000000000000e+03 3.467000000000000000e+03
1.573000000000000000e+03 3.081000000000000000e+03
1.460000000000000000e+02 3.961000000000000000e+03
1.710000000000000000e+02 3.937000000000000000e+03
1.479000000000000000e+03 2.695000000000000000e+03
4.900000000000000000e+02 3.581000000000000000e+03
1.255000000000000000e+03 3.747000000000000000e+03
1.055000000000000000e+03 3.639000000000000000e+03
7.880000000000000000e+02 3.808000000000000000e+03
8.120000000000000000e+02 3.929000000000000000e+03
5.120000000000000000e+02 3.789000000000000000e+03
5.100000000000000000e+02 3.670000000000000000e+03
2.126000000000000000e+03 3.945000000000000000e+03
2.500000000000000000e+03 3.779000000000000000e+03
6.950000000000000000e+02 3.801000000000000000e+03
6.710000000000000000e+02 3.831000000000000000e+03
1.756000000000000000e+03 3.832000000000000000e+03
6.770000000000000000e+02 3.667000000000000000e+03
1.157000000000000000e+03 4.421000000000000000e+03
1.100000000000000000e+03 4.411000000000000000e+03
3.810000000000000000e+02 4.328000000000000000e+03
3.760000000000000000e+02 4.276000000000000000e+03
4.930000000000000000e+02 4.086000000000000000e+03
1.051000000000000000e+03 4.048000000000000000e+03
1.477000000000000000e+03 3.495000000000000000e+03
4.870000000000000000e+02 3.654000000000000000e+03
6.490000000000000000e+02 4.276000000000000000e+03
7.030000000000000000e+02 4.122000000000000000e+03
2.480000000000000000e+02 4.031000000000000000e+03
1.860000000000000000e+02 4.084000000000000000e+03
1.077000000000000000e+03 3.622000000000000000e+03
2.130000000000000000e+02 4.412000000000000000e+03
3.580000000000000000e+02 4.311000000000000000e+03
8.440000000000000000e+02 4.107000000000000000e+03
1.013000000000000000e+03 3.848000000000000000e+03
8.030000000000000000e+02 4.220000000000000000e+03
8.720000000000000000e+02 4.162000000000000000e+03
9.500000000000000000e+02 3.950000000000000000e+03
9.060000000000000000e+02 3.959000000000000000e+03
1.684000000000000000e+03 3.917000000000000000e+03
8.930000000000000000e+02 2.855000000000000000e+03
1.860000000000000000e+02 4.035000000000000000e+03
8.700000000000000000e+01 4.088000000000000000e+03
4.010000000000000000e+02 3.910000000000000000e+03
4.820000000000000000e+02 3.920000000000000000e+03
4.080000000000000000e+02 4.420000000000000000e+03
3.640000000000000000e+02 4.436000000000000000e+03
1.012000000000000000e+03 3.602000000000000000e+03
1.719000000000000000e+03 3.450000000000000000e+03
8.280000000000000000e+02 3.831000000000000000e+03
1.035000000000000000e+03 3.789000000000000000e+03
1.030000000000000000e+02 4.457000000000000000e+03
2.210000000000000000e+02 4.323000000000000000e+03
9.440000000000000000e+02 4.251000000000000000e+03
9.510000000000000000e+02 4.136000000000000000e+03
9.100000000000000000e+02 4.164000000000000000e+03
8.810000000000000000e+02 4.433000000000000000e+03
1.133000000000000000e+03 3.826000000000000000e+03
1.064000000000000000e+03 3.893000000000000000e+03
1.160000000000000000e+03 4.058000000000000000e+03
1.127000000000000000e+03 4.071000000000000000e+03
9.380000000000000000e+02 3.875000000000000000e+03
1.125000000000000000e+03 4.174000000000000000e+03
1.078000000000000000e+03 4.280000000000000000e+03
6.110000000000000000e+02 3.623000000000000000e+03
6.660000000000000000e+02 3.683000000000000000e+03
5.380000000000000000e+02 3.422000000000000000e+03
3.170000000000000000e+02 3.364000000000000000e+03
2.560000000000000000e+02 4.197000000000000000e+03
3.630000000000000000e+02 4.155000000000000000e+03
3.790000000000000000e+02 4.155000000000000000e+03
4.630000000000000000e+02 4.115000000000000000e+03
5.140000000000000000e+02 4.209000000000000000e+03
5.210000000000000000e+02 4.247000000000000000e+03
8.400000000000000000e+02 3.765000000000000000e+03
8.330000000000000000e+02 3.822000000000000000e+03
5.200000000000000000e+01 4.331000000000000000e+03
3.550000000000000000e+02 3.984000000000000000e+03
6.250000000000000000e+02 4.439000000000000000e+03
8.500000000000000000e+02 4.021000000000000000e+03
9.810000000000000000e+02 4.100000000000000000e+03
1.042000000000000000e+03 4.119000000000000000e+03
1.041000000000000000e+03 3.522000000000000000e+03
1.047000000000000000e+03 3.660000000000000000e+03
1.253000000000000000e+03 4.427000000000000000e+03
1.256000000000000000e+03 4.232000000000000000e+03
1.097000000000000000e+03 3.922000000000000000e+03
1.091000000000000000e+03 3.875000000000000000e+03
7.540000000000000000e+02 4.436000000000000000e+03
9.530000000000000000e+02 4.010000000000000000e+03
6.850000000000000000e+02 4.161000000000000000e+03
5.190000000000000000e+02 4.410000000000000000e+03
1.535000000000000000e+03 3.107000000000000000e+03
9.010000000000000000e+02 3.608000000000000000e+03
6.790000000000000000e+02 3.961000000000000000e+03
7.480000000000000000e+02 3.872000000000000000e+03
5.200000000000000000e+01 3.808000000000000000e+03
6.000000000000000000e+01 3.878000000000000000e+03
9.370000000000000000e+02 3.350000000000000000e+03
1.490000000000000000e+03 3.691000000000000000e+03
2.158000000000000000e+03 3.637000000000000000e+03
1.874000000000000000e+03 3.849000000000000000e+03
3.590000000000000000e+02 3.721000000000000000e+03
4.410000000000000000e+02 3.659000000000000000e+03
2.874000000000000000e+03 2.715000000000000000e+03
1.467000000000000000e+03 2.724000000000000000e+03
3.680000000000000000e+02 3.986000000000000000e+03
3.360000000000000000e+02 4.063000000000000000e+03
1.340000000000000000e+02 4.198000000000000000e+03
4.200000000000000000e+01 4.190000000000000000e+03
1.745000000000000000e+03 3.125000000000000000e+03
1.578000000000000000e+03 3.687000000000000000e+03
7.100000000000000000e+02 3.540000000000000000e+03
7.630000000000000000e+02 3.603000000000000000e+03
1.600000000000000000e+03 2.632000000000000000e+03
2.777000000000000000e+03 2.744000000000000000e+03
1.554000000000000000e+03 3.416000000000000000e+03
6.100000000000000000e+02 3.145000000000000000e+03
2.610000000000000000e+02 3.899000000000000000e+03
3.470000000000000000e+02 3.752000000000000000e+03
7.060000000000000000e+02 2.909000000000000000e+03
6.650000000000000000e+02 2.464000000000000000e+03
5.760000000000000000e+02 3.942000000000000000e+03
6.010000000000000000e+02 3.915000000000000000e+03
1.009000000000000000e+03 1.221000000000000000e+03
8.640000000000000000e+02 7.100000000000000000e+02
2.034000000000000000e+03 3.115000000000000000e+03
4.419000000000000000e+03 1.972000000000000000e+03
4.171000000000000000e+03 1.885000000000000000e+03
4.389000000000000000e+03 2.304000000000000000e+03
4.374000000000000000e+03 2.300000000000000000e+03
4.260000000000000000e+03 1.984000000000000000e+03
4.258000000000000000e+03 2.033000000000000000e+03
4.414000000000000000e+03 2.429000000000000000e+03
4.446000000000000000e+03 2.491000000000000000e+03
4.070000000000000000e+03 1.572000000000000000e+03
4.123000000000000000e+03 1.541000000000000000e+03
2.337000000000000000e+03 1.589000000000000000e+03
2.828000000000000000e+03 1.591000000000000000e+03
3.432000000000000000e+03 1.562000000000000000e+03
3.269000000000000000e+03 1.609000000000000000e+03
3.303000000000000000e+03 1.840000000000000000e+02
3.370000000000000000e+03 1.510000000000000000e+02
2.264000000000000000e+03 1.612000000000000000e+03
2.621000000000000000e+03 1.516000000000000000e+03
3.119000000000000000e+03 1.558000000000000000e+03
3.306000000000000000e+03 1.521000000000000000e+03
3.971000000000000000e+03 1.680000000000000000e+03
4.326000000000000000e+03 1.704000000000000000e+03
4.262000000000000000e+03 1.544000000000000000e+03
3.956000000000000000e+03 1.617000000000000000e+03
2.591000000000000000e+03 1.671000000000000000e+03
2.464000000000000000e+03 1.750000000000000000e+03
3.682000000000000000e+03 1.988000000000000000e+03
4.415000000000000000e+03 2.195000000000000000e+03
2.397000000000000000e+03 1.633000000000000000e+03
3.005000000000000000e+03 1.692000000000000000e+03
4.327000000000000000e+03 1.862000000000000000e+03
3.696000000000000000e+03 1.765000000000000000e+03
4.194000000000000000e+03 1.858000000000000000e+03
3.270000000000000000e+03 1.588000000000000000e+03
3.768000000000000000e+03 1.580000000000000000e+03
4.281000000000000000e+03 2.190000000000000000e+03
4.117000000000000000e+03 2.091000000000000000e+03
2.746000000000000000e+03 1.608000000000000000e+03
2.522000000000000000e+03 1.512000000000000000e+03
1.494000000000000000e+03 1.126000000000000000e+03
1.542000000000000000e+03 1.031000000000000000e+03
2.196000000000000000e+03 1.435000000000000000e+03
2.256000000000000000e+03 1.524000000000000000e+03
3.020000000000000000e+03 1.665000000000000000e+03
4.162000000000000000e+03 2.042000000000000000e+03
3.331000000000000000e+03 1.587000000000000000e+03
4.174000000000000000e+03 1.681000000000000000e+03
3.500000000000000000e+03 1.820000000000000000e+03
4.425000000000000000e+03 2.083000000000000000e+03
2.948000000000000000e+03 2.355000000000000000e+03
3.185000000000000000e+03 3.102000000000000000e+03
4.119000000000000000e+03 2.471000000000000000e+03
4.097000000000000000e+03 2.383000000000000000e+03
3.598000000000000000e+03 2.200000000000000000e+03
3.791000000000000000e+03 2.196000000000000000e+03
4.238000000000000000e+03 2.299000000000000000e+03
2.659000000000000000e+03 1.702000000000000000e+03
4.052000000000000000e+03 2.190000000000000000e+03
4.155000000000000000e+03 2.649000000000000000e+03
2.814000000000000000e+03 2.371000000000000000e+03
2.556000000000000000e+03 1.351000000000000000e+03
2.941000000000000000e+03 1.596000000000000000e+03
2.171000000000000000e+03 1.351000000000000000e+03
2.964000000000000000e+03 2.544000000000000000e+03
3.242000000000000000e+03 2.450000000000000000e+02
3.248000000000000000e+03 2.410000000000000000e+02
2.091000000000000000e+03 1.495000000000000000e+03
2.075000000000000000e+03 1.516000000000000000e+03
3.327000000000000000e+03 3.370000000000000000e+02
3.231000000000000000e+03 4.030000000000000000e+02
2.792000000000000000e+03 1.320000000000000000e+03
2.446000000000000000e+03 1.244000000000000000e+03
3.473000000000000000e+03 3.350000000000000000e+02
3.492000000000000000e+03 4.210000000000000000e+02
3.075000000000000000e+03 1.463000000000000000e+03
2.927000000000000000e+03 1.516000000000000000e+03
2.844000000000000000e+03 3.670000000000000000e+02
2.689000000000000000e+03 7.830000000000000000e+02
3.386000000000000000e+03 3.870000000000000000e+02
3.488000000000000000e+03 2.900000000000000000e+02
3.166000000000000000e+03 5.030000000000000000e+02
3.379000000000000000e+03 2.170000000000000000e+02
3.474000000000000000e+03 1.423000000000000000e+03
3.136000000000000000e+03 1.423000000000000000e+03
3.879000000000000000e+03 1.521000000000000000e+03
3.841000000000000000e+03 1.483000000000000000e+03
2.537000000000000000e+03 1.486000000000000000e+03
2.623000000000000000e+03 1.452000000000000000e+03
2.844000000000000000e+03 1.447000000000000000e+03
2.818000000000000000e+03 1.497000000000000000e+03
1.962000000000000000e+03 1.578000000000000000e+03
2.004000000000000000e+03 1.646000000000000000e+03
3.167000000000000000e+03 7.800000000000000000e+01
2.579000000000000000e+03 7.620000000000000000e+02
2.193000000000000000e+03 1.302000000000000000e+03
1.993000000000000000e+03 1.341000000000000000e+03
2.158000000000000000e+03 1.421000000000000000e+03
2.189000000000000000e+03 1.497000000000000000e+03
4.114000000000000000e+03 2.348000000000000000e+03
4.003000000000000000e+03 1.477000000000000000e+03
3.744000000000000000e+03 8.460000000000000000e+02
3.647000000000000000e+03 2.900000000000000000e+02
3.053000000000000000e+03 1.561000000000000000e+03
3.132000000000000000e+03 1.583000000000000000e+03
2.667000000000000000e+03 1.490000000000000000e+03
2.629000000000000000e+03 1.460000000000000000e+03
3.481000000000000000e+03 6.340000000000000000e+02
3.010000000000000000e+03 1.117000000000000000e+03
3.502000000000000000e+03 1.372000000000000000e+03
2.635000000000000000e+03 8.790000000000000000e+02
3.450000000000000000e+03 1.371000000000000000e+03
2.238000000000000000e+03 9.150000000000000000e+02
3.146000000000000000e+03 1.374000000000000000e+03
3.056000000000000000e+03 1.390000000000000000e+03
2.978000000000000000e+03 9.490000000000000000e+02
3.958000000000000000e+03 3.490000000000000000e+02
2.509000000000000000e+03 1.421000000000000000e+03
3.762000000000000000e+03 1.407000000000000000e+03
2.027000000000000000e+03 1.413000000000000000e+03
2.334000000000000000e+03 1.445000000000000000e+03
4.415000000000000000e+03 1.426000000000000000e+03
2.260000000000000000e+03 1.439000000000000000e+03
2.630000000000000000e+02 1.611000000000000000e+03
8.750000000000000000e+02 3.347000000000000000e+03
8.490000000000000000e+02 3.437000000000000000e+03
3.454000000000000000e+03 2.166000000000000000e+03
1.450000000000000000e+03 9.790000000000000000e+02
1.780000000000000000e+02 5.400000000000000000e+02
1.640000000000000000e+03 1.942000000000000000e+03
1.500000000000000000e+02 2.361000000000000000e+03
1.480000000000000000e+02 2.329000000000000000e+03
2.520000000000000000e+02 2.819000000000000000e+03
2.790000000000000000e+02 2.705000000000000000e+03
6.130000000000000000e+02 2.255000000000000000e+03
4.220000000000000000e+02 2.200000000000000000e+03
8.500000000000000000e+01 2.893000000000000000e+03
3.700000000000000000e+01 2.868000000000000000e+03
2.850000000000000000e+03 1.279000000000000000e+03
4.333000000000000000e+03 1.936000000000000000e+03
3.460000000000000000e+02 1.130000000000000000e+03
3.073000000000000000e+03 1.000000000000000000e+03
1.130000000000000000e+02 2.805000000000000000e+03
9.600000000000000000e+01 2.755000000000000000e+03
1.860000000000000000e+03 1.817000000000000000e+03
1.339000000000000000e+03 1.704000000000000000e+03
2.330000000000000000e+02 1.947000000000000000e+03
9.600000000000000000e+01 1.813000000000000000e+03
8.100000000000000000e+01 2.649000000000000000e+03
6.300000000000000000e+01 2.664000000000000000e+03
2.980000000000000000e+02 1.804000000000000000e+03
1.140000000000000000e+02 2.105000000000000000e+03
9.600000000000000000e+01 3.645000000000000000e+03
9.600000000000000000e+01 3.708000000000000000e+03
8.530000000000000000e+02 1.347000000000000000e+03
8.500000000000000000e+01 1.472000000000000000e+03
3.030000000000000000e+02 2.177000000000000000e+03
6.270000000000000000e+02 1.938000000000000000e+03
6.890000000000000000e+02 1.788000000000000000e+03
7.520000000000000000e+02 3.046000000000000000e+03
2.198000000000000000e+03 2.973000000000000000e+03
1.231000000000000000e+03 1.922000000000000000e+03
1.729000000000000000e+03 1.822000000000000000e+03
1.215000000000000000e+03 1.837000000000000000e+03
1.251000000000000000e+03 1.810000000000000000e+03
3.040000000000000000e+02 2.346000000000000000e+03
1.380000000000000000e+03 2.058000000000000000e+03
6.000000000000000000e+02 1.877000000000000000e+03
1.468000000000000000e+03 1.969000000000000000e+03
1.910000000000000000e+02 3.002000000000000000e+03
1.630000000000000000e+02 3.171000000000000000e+03
2.201000000000000000e+03 3.321000000000000000e+03
1.337000000000000000e+03 2.342000000000000000e+03
2.750000000000000000e+02 2.689000000000000000e+03
2.450000000000000000e+02 2.658000000000000000e+03
7.200000000000000000e+01 2.224000000000000000e+03
2.210000000000000000e+02 2.206000000000000000e+03
5.110000000000000000e+02 1.749000000000000000e+03
3.950000000000000000e+02 1.441000000000000000e+03
3.325000000000000000e+03 4.090000000000000000e+02
5.490000000000000000e+02 1.723000000000000000e+03
2.740000000000000000e+02 2.491000000000000000e+03
2.350000000000000000e+02 2.481000000000000000e+03
5.910000000000000000e+02 1.664000000000000000e+03
4.220000000000000000e+02 1.901000000000000000e+03
6.360000000000000000e+02 1.596000000000000000e+03
1.200000000000000000e+02 1.939000000000000000e+03
2.010000000000000000e+02 7.490000000000000000e+02
1.580000000000000000e+02 3.830000000000000000e+02
4.270000000000000000e+02 3.080000000000000000e+02
1.820000000000000000e+02 1.770000000000000000e+03
1.480000000000000000e+02 4.950000000000000000e+02
1.350000000000000000e+02 2.122000000000000000e+03
4.300000000000000000e+01 8.720000000000000000e+02
2.390000000000000000e+02 1.616000000000000000e+03
2.050000000000000000e+02 2.240000000000000000e+02
1.600000000000000000e+01 1.220000000000000000e+03
7.670000000000000000e+02 1.730000000000000000e+02
1.150000000000000000e+02 8.710000000000000000e+02
4.700000000000000000e+01 1.090000000000000000e+03
1.000000000000000000e+03 3.455000000000000000e+03
3.081000000000000000e+03 3.994000000000000000e+03
2.760000000000000000e+02 3.572000000000000000e+03
3.020000000000000000e+02 3.600000000000000000e+03
1.210000000000000000e+02 3.589000000000000000e+03
1.520000000000000000e+02 3.538000000000000000e+03
3.370000000000000000e+02 2.660000000000000000e+03
1.630000000000000000e+02 1.051000000000000000e+03
3.320000000000000000e+02 2.079000000000000000e+03
2.481000000000000000e+03 4.730000000000000000e+02
1.110000000000000000e+02 2.514000000000000000e+03
1.270000000000000000e+02 2.435000000000000000e+03
1.920000000000000000e+02 3.054000000000000000e+03
2.690000000000000000e+02 3.058000000000000000e+03
1.755000000000000000e+03 1.941000000000000000e+03
3.869000000000000000e+03 9.960000000000000000e+02
1.932000000000000000e+03 1.083000000000000000e+03
1.786000000000000000e+03 1.031000000000000000e+03
2.984000000000000000e+03 3.170000000000000000e+02
2.962000000000000000e+03 2.890000000000000000e+02
2.642000000000000000e+03 7.000000000000000000e+01
2.408000000000000000e+03 3.630000000000000000e+02
1.499000000000000000e+03 1.190000000000000000e+03
1.595000000000000000e+03 1.141000000000000000e+03
1.731000000000000000e+03 7.100000000000000000e+02
1.878000000000000000e+03 6.040000000000000000e+02
1.406000000000000000e+03 5.630000000000000000e+02
1.418000000000000000e+03 6.040000000000000000e+02
2.341000000000000000e+03 3.230000000000000000e+02
2.378000000000000000e+03 4.040000000000000000e+02
2.999000000000000000e+03 1.330000000000000000e+02
2.964000000000000000e+03 1.180000000000000000e+02
2.442000000000000000e+03 1.596000000000000000e+03
2.420000000000000000e+03 1.619000000000000000e+03
2.479000000000000000e+03 1.559000000000000000e+03
2.825000000000000000e+03 1.586000000000000000e+03
2.556000000000000000e+03 1.589000000000000000e+03
2.633000000000000000e+03 1.598000000000000000e+03
3.633000000000000000e+03 1.561000000000000000e+03
3.620000000000000000e+03 1.536000000000000000e+03
2.187000000000000000e+03 1.775000000000000000e+03
2.173000000000000000e+03 1.780000000000000000e+03
1.934000000000000000e+03 1.482000000000000000e+03
1.985000000000000000e+03 1.598000000000000000e+03
2.378000000000000000e+03 1.767000000000000000e+03
2.348000000000000000e+03 1.740000000000000000e+03
2.044000000000000000e+03 1.494000000000000000e+03
2.394000000000000000e+03 1.627000000000000000e+03
1.707000000000000000e+03 4.790000000000000000e+02
1.950000000000000000e+03 2.650000000000000000e+02
1.775000000000000000e+03 3.460000000000000000e+02
1.476000000000000000e+03 3.480000000000000000e+02
1.356000000000000000e+03 6.700000000000000000e+01
1.386000000000000000e+03 3.920000000000000000e+02
1.551000000000000000e+03 4.240000000000000000e+02
2.914000000000000000e+03 1.720000000000000000e+02
2.627000000000000000e+03 3.040000000000000000e+02
1.698000000000000000e+03 8.220000000000000000e+02
1.634000000000000000e+03 9.350000000000000000e+02
1.522000000000000000e+03 8.320000000000000000e+02
1.407000000000000000e+03 7.110000000000000000e+02
1.491000000000000000e+03 8.260000000000000000e+02
1.415000000000000000e+03 8.660000000000000000e+02
2.226000000000000000e+03 2.950000000000000000e+02
2.178000000000000000e+03 3.820000000000000000e+02
1.660000000000000000e+03 2.990000000000000000e+02
1.652000000000000000e+03 2.830000000000000000e+02
1.712000000000000000e+03 5.960000000000000000e+02
1.846000000000000000e+03 5.820000000000000000e+02
2.612000000000000000e+03 1.750000000000000000e+02
2.588000000000000000e+03 2.020000000000000000e+02
2.521000000000000000e+03 1.640000000000000000e+02
2.212000000000000000e+03 2.570000000000000000e+02
1.785000000000000000e+03 3.010000000000000000e+02
1.851000000000000000e+03 1.480000000000000000e+02
2.110000000000000000e+03 2.070000000000000000e+02
2.087000000000000000e+03 1.770000000000000000e+02
2.051000000000000000e+03 3.260000000000000000e+02
2.075000000000000000e+03 3.270000000000000000e+02
1.736000000000000000e+03 6.170000000000000000e+02
1.497000000000000000e+03 6.100000000000000000e+01
1.591000000000000000e+03 1.340000000000000000e+02
1.651000000000000000e+03 5.640000000000000000e+02
1.594000000000000000e+03 6.130000000000000000e+02
3.141000000000000000e+03 3.340000000000000000e+02
2.940000000000000000e+03 3.620000000000000000e+02
1.514000000000000000e+03 4.800000000000000000e+02
1.491000000000000000e+03 4.380000000000000000e+02
1.672000000000000000e+03 7.370000000000000000e+02
1.612000000000000000e+03 7.860000000000000000e+02
1.326000000000000000e+03 1.930000000000000000e+02
1.199000000000000000e+03 5.500000000000000000e+01
1.620000000000000000e+03 2.720000000000000000e+02
1.627000000000000000e+03 8.700000000000000000e+01
1.078000000000000000e+03 1.690000000000000000e+02
1.153000000000000000e+03 2.820000000000000000e+02
1.496000000000000000e+03 3.410000000000000000e+02
1.371000000000000000e+03 1.790000000000000000e+02
1.316000000000000000e+03 5.480000000000000000e+02
1.315000000000000000e+03 5.170000000000000000e+02
1.566000000000000000e+03 6.860000000000000000e+02
1.469000000000000000e+03 7.110000000000000000e+02
1.108000000000000000e+03 3.320000000000000000e+02
1.282000000000000000e+03 4.780000000000000000e+02
1.362000000000000000e+03 3.780000000000000000e+02
1.330000000000000000e+03 2.640000000000000000e+02
1.923000000000000000e+03 1.710000000000000000e+02
1.910000000000000000e+03 5.700000000000000000e+01
1.703000000000000000e+03 6.280000000000000000e+02
1.600000000000000000e+03 8.760000000000000000e+02
2.031000000000000000e+03 5.910000000000000000e+02
2.057000000000000000e+03 5.700000000000000000e+01
2.087000000000000000e+03 7.900000000000000000e+01
2.857000000000000000e+03 6.600000000000000000e+01
2.918000000000000000e+03 4.600000000000000000e+01
2.096000000000000000e+03 3.460000000000000000e+02
1.929000000000000000e+03 4.030000000000000000e+02
2.312000000000000000e+03 2.070000000000000000e+02
2.211000000000000000e+03 2.590000000000000000e+02
2.461000000000000000e+03 2.800000000000000000e+01
2.456000000000000000e+03 9.000000000000000000e+01
2.497000000000000000e+03 3.290000000000000000e+02
2.524000000000000000e+03 2.710000000000000000e+02
2.199000000000000000e+03 4.320000000000000000e+02
2.037000000000000000e+03 5.740000000000000000e+02
1.833000000000000000e+03 5.900000000000000000e+01
1.712000000000000000e+03 7.400000000000000000e+01
1.643000000000000000e+03 2.920000000000000000e+02
1.487000000000000000e+03 2.430000000000000000e+02
1.908000000000000000e+03 2.760000000000000000e+02
2.000000000000000000e+03 3.320000000000000000e+02
2.326000000000000000e+03 9.200000000000000000e+01
2.319000000000000000e+03 4.100000000000000000e+01
1.254000000000000000e+03 3.800000000000000000e+02
1.253000000000000000e+03 4.240000000000000000e+02
1.946000000000000000e+03 4.740000000000000000e+02
1.749000000000000000e+03 8.460000000000000000e+02
1.226000000000000000e+03 1.790000000000000000e+02
1.250000000000000000e+03 1.380000000000000000e+02
1.712000000000000000e+03 3.660000000000000000e+02
1.746000000000000000e+03 3.580000000000000000e+02
2.684000000000000000e+03 6.900000000000000000e+01
2.752000000000000000e+03 6.500000000000000000e+01
2.200000000000000000e+03 6.100000000000000000e+01
2.208000000000000000e+03 8.800000000000000000e+01
2.676000000000000000e+03 4.700000000000000000e+02
2.595000000000000000e+03 6.470000000000000000e+02
3.912000000000000000e+03 6.900000000000000000e+01
3.866000000000000000e+03 5.800000000000000000e+01
3.278000000000000000e+03 4.500000000000000000e+01
3.277000000000000000e+03 7.900000000000000000e+01
2.633000000000000000e+03 3.610000000000000000e+02
2.675000000000000000e+03 5.860000000000000000e+02
3.131000000000000000e+03 1.780000000000000000e+02
3.075000000000000000e+03 1.900000000000000000e+02
2.326000000000000000e+03 4.700000000000000000e+02
2.467000000000000000e+03 4.100000000000000000e+02
2.385000000000000000e+03 6.830000000000000000e+02
2.661000000000000000e+03 6.430000000000000000e+02
4.122000000000000000e+03 3.140000000000000000e+02
3.895000000000000000e+03 4.570000000000000000e+02
3.625000000000000000e+03 2.890000000000000000e+02
3.768000000000000000e+03 1.910000000000000000e+02
2.768000000000000000e+03 9.720000000000000000e+02
2.231000000000000000e+03 1.151000000000000000e+03
3.315000000000000000e+03 2.840000000000000000e+02
3.943000000000000000e+03 2.000000000000000000e+02
3.437000000000000000e+03 1.400000000000000000e+02
3.429000000000000000e+03 1.360000000000000000e+02
2.491000000000000000e+03 6.110000000000000000e+02
2.390000000000000000e+03 9.960000000000000000e+02
3.552000000000000000e+03 1.500000000000000000e+02
3.766000000000000000e+03 7.200000000000000000e+01
1.341000000000000000e+03 1.405000000000000000e+03
5.760000000000000000e+02 1.350000000000000000e+03
6.050000000000000000e+02 1.398000000000000000e+03
6.300000000000000000e+01 1.613000000000000000e+03
7.300000000000000000e+01 1.605000000000000000e+03
4.340000000000000000e+02 1.512000000000000000e+03
8.350000000000000000e+02 1.530000000000000000e+03
3.420000000000000000e+02 1.704000000000000000e+03
3.400000000000000000e+02 1.724000000000000000e+03
1.239000000000000000e+03 1.626000000000000000e+03
8.330000000000000000e+02 1.551000000000000000e+03
8.130000000000000000e+02 9.300000000000000000e+02
8.270000000000000000e+02 9.070000000000000000e+02
1.589000000000000000e+03 1.227000000000000000e+03
1.321000000000000000e+03 1.203000000000000000e+03
2.549000000000000000e+03 3.900000000000000000e+02
2.513000000000000000e+03 5.300000000000000000e+02
2.150000000000000000e+03 7.760000000000000000e+02
2.129000000000000000e+03 9.560000000000000000e+02
1.398000000000000000e+03 1.355000000000000000e+03
9.350000000000000000e+02 1.418000000000000000e+03
7.850000000000000000e+02 1.303000000000000000e+03
8.130000000000000000e+02 1.268000000000000000e+03
4.140000000000000000e+02 1.593000000000000000e+03
4.090000000000000000e+02 1.611000000000000000e+03
4.452000000000000000e+03 3.340000000000000000e+02
4.396000000000000000e+03 3.130000000000000000e+02
3.522000000000000000e+03 6.700000000000000000e+01
3.487000000000000000e+03 4.900000000000000000e+01
3.511000000000000000e+03 1.350000000000000000e+02
1.111000000000000000e+03 1.155000000000000000e+03
2.646000000000000000e+03 1.197000000000000000e+03
4.452000000000000000e+03 1.808000000000000000e+03
4.230000000000000000e+03 1.705000000000000000e+03
4.191000000000000000e+03 1.390000000000000000e+02
4.204000000000000000e+03 1.660000000000000000e+02
2.321000000000000000e+03 7.200000000000000000e+02
3.106000000000000000e+03 6.990000000000000000e+02
4.271000000000000000e+03 3.030000000000000000e+02
4.257000000000000000e+03 3.600000000000000000e+02
2.557000000000000000e+03 1.114000000000000000e+03
2.726000000000000000e+03 1.125000000000000000e+03
4.099000000000000000e+03 2.180000000000000000e+02
4.071000000000000000e+03 2.200000000000000000e+02
2.424000000000000000e+03 7.070000000000000000e+02
2.712000000000000000e+03 7.020000000000000000e+02
4.262000000000000000e+03 1.750000000000000000e+02
4.313000000000000000e+03 1.780000000000000000e+02
3.051000000000000000e+03 6.000000000000000000e+02
3.710000000000000000e+03 4.600000000000000000e+02
2.770000000000000000e+03 9.370000000000000000e+02
2.438000000000000000e+03 9.040000000000000000e+02
4.057000000000000000e+03 5.300000000000000000e+01
4.048000000000000000e+03 1.070000000000000000e+02
4.436000000000000000e+03 1.680000000000000000e+03
4.434000000000000000e+03 1.647000000000000000e+03
3.192000000000000000e+03 1.211000000000000000e+03
2.353000000000000000e+03 1.096000000000000000e+03
2.730000000000000000e+03 1.184000000000000000e+03
3.011000000000000000e+03 1.009000000000000000e+03
4.400000000000000000e+03 1.524000000000000000e+03
4.378000000000000000e+03 1.536000000000000000e+03
1.425000000000000000e+03 1.141000000000000000e+03
4.430000000000000000e+02 1.254000000000000000e+03
4.820000000000000000e+02 1.223000000000000000e+03
7.360000000000000000e+02 1.476000000000000000e+03
8.410000000000000000e+02 1.489000000000000000e+03
3.330000000000000000e+02 1.441000000000000000e+03
2.980000000000000000e+02 1.471000000000000000e+03
8.120000000000000000e+02 1.531000000000000000e+03
7.470000000000000000e+02 1.528000000000000000e+03
1.134000000000000000e+03 1.352000000000000000e+03
1.165000000000000000e+03 1.393000000000000000e+03
9.840000000000000000e+02 5.090000000000000000e+02
1.026000000000000000e+03 1.430000000000000000e+02
1.323000000000000000e+03 1.039000000000000000e+03
1.277000000000000000e+03 1.012000000000000000e+03
1.074000000000000000e+03 1.385000000000000000e+03
9.920000000000000000e+02 1.482000000000000000e+03
2.750000000000000000e+02 1.403000000000000000e+03
1.120000000000000000e+02 1.427000000000000000e+03
6.370000000000000000e+02 1.242000000000000000e+03
5.920000000000000000e+02 1.218000000000000000e+03
1.043000000000000000e+03 1.330000000000000000e+03
1.153000000000000000e+03 1.328000000000000000e+03
1.730000000000000000e+02 1.090000000000000000e+03
2.550000000000000000e+02 1.152000000000000000e+03
1.141000000000000000e+03 1.308000000000000000e+03
1.154000000000000000e+03 1.364000000000000000e+03
1.216000000000000000e+03 9.300000000000000000e+02
1.069000000000000000e+03 6.870000000000000000e+02
1.077000000000000000e+03 2.810000000000000000e+02
1.113000000000000000e+03 4.400000000000000000e+01
7.940000000000000000e+02 1.083000000000000000e+03
8.020000000000000000e+02 1.127000000000000000e+03
1.043000000000000000e+03 1.240000000000000000e+03
1.080000000000000000e+03 1.283000000000000000e+03
9.700000000000000000e+02 1.600000000000000000e+02
9.680000000000000000e+02 1.470000000000000000e+02
8.430000000000000000e+02 1.420000000000000000e+03
7.980000000000000000e+02 1.384000000000000000e+03
8.650000000000000000e+02 1.493000000000000000e+03
1.094000000000000000e+03 1.404000000000000000e+03
4.130000000000000000e+02 1.359000000000000000e+03
4.910000000000000000e+02 1.273000000000000000e+03
9.930000000000000000e+02 1.484000000000000000e+03
1.063000000000000000e+03 1.480000000000000000e+03
6.300000000000000000e+02 1.549000000000000000e+03
6.260000000000000000e+02 1.487000000000000000e+03
2.290000000000000000e+02 1.330000000000000000e+03
3.120000000000000000e+02 1.332000000000000000e+03
6.980000000000000000e+02 1.433000000000000000e+03
9.170000000000000000e+02 1.385000000000000000e+03
1.237000000000000000e+03 1.252000000000000000e+03
1.131000000000000000e+03 1.469000000000000000e+03
1.168000000000000000e+03 5.670000000000000000e+02
1.183000000000000000e+03 5.030000000000000000e+02
1.170000000000000000e+03 7.780000000000000000e+02
1.165000000000000000e+03 8.760000000000000000e+02
3.805000000000000000e+03 3.280000000000000000e+02
3.733000000000000000e+03 4.240000000000000000e+02
2.837000000000000000e+03 3.860000000000000000e+02
2.376000000000000000e+03 5.420000000000000000e+02
1.369000000000000000e+03 1.180000000000000000e+03
1.415000000000000000e+03 1.198000000000000000e+03
3.530000000000000000e+02 1.920000000000000000e+03
2.447000000000000000e+03 1.660000000000000000e+03
1.884000000000000000e+03 4.200000000000000000e+02
1.753000000000000000e+03 2.600000000000000000e+03
