1.593000000000000000e+03 1.839000000000000000e+03
1.059000000000000000e+03 1.725000000000000000e+03
1.040000000000000000e+03 1.741000000000000000e+03
8.710000000000000000e+02 1.602000000000000000e+03
9.950000000000000000e+02 1.696000000000000000e+03
1.236000000000000000e+03 1.993000000000000000e+03
9.680000000000000000e+02 2.103000000000000000e+03
1.293000000000000000e+03 2.197000000000000000e+03
1.217000000000000000e+03 2.181000000000000000e+03
1.229000000000000000e+03 1.962000000000000000e+03
1.328000000000000000e+03 2.002000000000000000e+03
1.616000000000000000e+03 2.080000000000000000e+03
1.557000000000000000e+03 1.956000000000000000e+03
1.055000000000000000e+03 1.917000000000000000e+03
1.059000000000000000e+03 1.927000000000000000e+03
1.900000000000000000e+03 1.869000000000000000e+03
2.034000000000000000e+03 1.871000000000000000e+03
1.379000000000000000e+03 1.719000000000000000e+03
1.004000000000000000e+03 1.542000000000000000e+03
4.169000000000000000e+03 2.371000000000000000e+03
2.945000000000000000e+03 2.102000000000000000e+03
8.100000000000000000e+02 1.737000000000000000e+03
9.090000000000000000e+02 1.741000000000000000e+03
2.125000000000000000e+03 1.767000000000000000e+03
2.015000000000000000e+03 1.840000000000000000e+03
1.554000000000000000e+03 1.142000000000000000e+03
1.256000000000000000e+03 4.300000000000000000e+01
2.367000000000000000e+03 1.728000000000000000e+03
1.809000000000000000e+03 1.835000000000000000e+03
1.751000000000000000e+03 1.725000000000000000e+03
1.763000000000000000e+03 1.584000000000000000e+03
2.157000000000000000e+03 2.487000000000000000e+03
2.903000000000000000e+03 2.756000000000000000e+03
3.079000000000000000e+03 2.839000000000000000e+03
1.394000000000000000e+03 2.277000000000000000e+03
1.196000000000000000e+03 2.309000000000000000e+03
1.354000000000000000e+03 2.414000000000000000e+03
1.153000000000000000e+03 2.702000000000000000e+03
2.639000000000000000e+03 2.681000000000000000e+03
2.607000000000000000e+03 2.727000000000000000e+03
2.820000000000000000e+03 2.376000000000000000e+03
3.042000000000000000e+03 2.400000000000000000e+03
1.484000000000000000e+03 3.683000000000000000e+03
1.494000000000000000e+03 3.823000000000000000e+03
1.787000000000000000e+03 2.298000000000000000e+03
2.074000000000000000e+03 2.503000000000000000e+03
1.769000000000000000e+03 2.146000000000000000e+03
1.919000000000000000e+03 2.253000000000000000e+03
1.533000000000000000e+03 1.942000000000000000e+03
1.507000000000000000e+03 1.982000000000000000e+03
3.645000000000000000e+03 4.441000000000000000e+03
3.508000000000000000e+03 4.055000000000000000e+03
1.418000000000000000e+03 2.098000000000000000e+03
1.420000000000000000e+03 2.136000000000000000e+03
4.452000000000000000e+03 3.804000000000000000e+03
4.313000000000000000e+03 3.882000000000000000e+03
3.329000000000000000e+03 2.718000000000000000e+03
3.267000000000000000e+03 2.659000000000000000e+03
2.223000000000000000e+03 2.521000000000000000e+03
2.131000000000000000e+03 2.417000000000000000e+03
3.265000000000000000e+03 2.535000000000000000e+03
3.197000000000000000e+03 2.602000000000000000e+03
1.524000000000000000e+03 2.050000000000000000e+03
9.250000000000000000e+02 1.859000000000000000e+03
9.740000000000000000e+02 1.859000000000000000e+03
1.537000000000000000e+03 1.935000000000000000e+03
1.552000000000000000e+03 1.836000000000000000e+03
9.130000000000000000e+02 2.090000000000000000e+03
8.850000000000000000e+02 2.042000000000000000e+03
1.148000000000000000e+03 1.767000000000000000e+03
1.165000000000000000e+03 1.828000000000000000e+03
9.560000000000000000e+02 1.344000000000000000e+03
9.330000000000000000e+02 1.365000000000000000e+03
1.146000000000000000e+03 1.627000000000000000e+03
1.103000000000000000e+03 1.646000000000000000e+03
1.544000000000000000e+03 1.800000000000000000e+03
1.501000000000000000e+03 1.794000000000000000e+03
1.747000000000000000e+03 1.376000000000000000e+03
1.685000000000000000e+03 3.430000000000000000e+02
4.311000000000000000e+03 2.025000000000000000e+03
2.671000000000000000e+03 1.860000000000000000e+03
1.127000000000000000e+03 1.895000000000000000e+03
8.070000000000000000e+02 1.882000000000000000e+03
1.336000000000000000e+03 1.653000000000000000e+03
1.414000000000000000e+03 1.695000000000000000e+03
1.816000000000000000e+03 1.726000000000000000e+03
1.924000000000000000e+03 1.700000000000000000e+03
1.073000000000000000e+03 1.292000000000000000e+03
4.400000000000000000e+01 5.620000000000000000e+02
1.978000000000000000e+03 1.566000000000000000e+03
1.764000000000000000e+03 1.682000000000000000e+03
1.201000000000000000e+03 2.036000000000000000e+03
1.115000000000000000e+03 2.061000000000000000e+03
1.410000000000000000e+03 2.389000000000000000e+03
1.326000000000000000e+03 2.433000000000000000e+03
2.238000000000000000e+03 2.391000000000000000e+03
2.279000000000000000e+03 2.448000000000000000e+03
3.055000000000000000e+03 2.555000000000000000e+03
3.001000000000000000e+03 2.532000000000000000e+03
2.087000000000000000e+03 2.406000000000000000e+03
2.071000000000000000e+03 2.462000000000000000e+03
2.063000000000000000e+03 1.936000000000000000e+03
2.177000000000000000e+03 1.964000000000000000e+03
9.010000000000000000e+02 1.976000000000000000e+03
1.295000000000000000e+03 1.973000000000000000e+03
2.366000000000000000e+03 2.264000000000000000e+03
2.456000000000000000e+03 2.327000000000000000e+03
1.392000000000000000e+03 1.812000000000000000e+03
1.456000000000000000e+03 1.919000000000000000e+03
2.214000000000000000e+03 2.466000000000000000e+03
2.163000000000000000e+03 2.403000000000000000e+03
3.206000000000000000e+03 2.510000000000000000e+03
3.436000000000000000e+03 2.515000000000000000e+03
2.683000000000000000e+03 2.405000000000000000e+03
2.458000000000000000e+03 2.341000000000000000e+03
2.728000000000000000e+03 2.569000000000000000e+03
2.803000000000000000e+03 2.623000000000000000e+03
3.624000000000000000e+03 2.557000000000000000e+03
3.457000000000000000e+03 2.582000000000000000e+03
1.083000000000000000e+03 2.182000000000000000e+03
1.412000000000000000e+03 2.181000000000000000e+03
1.912000000000000000e+03 2.577000000000000000e+03
1.655000000000000000e+03 2.332000000000000000e+03
1.462000000000000000e+03 2.599000000000000000e+03
1.325000000000000000e+03 2.704000000000000000e+03
4.042000000000000000e+03 2.683000000000000000e+03
3.880000000000000000e+03 2.808000000000000000e+03
4.086000000000000000e+03 2.846000000000000000e+03
4.449000000000000000e+03 4.058000000000000000e+03
3.621000000000000000e+03 3.620000000000000000e+03
3.921000000000000000e+03 2.586000000000000000e+03
3.357000000000000000e+03 2.559000000000000000e+03
2.236000000000000000e+03 2.879000000000000000e+03
2.247000000000000000e+03 2.817000000000000000e+03
3.794000000000000000e+03 2.768000000000000000e+03
3.528000000000000000e+03 2.741000000000000000e+03
3.445000000000000000e+03 2.732000000000000000e+03
3.915000000000000000e+03 2.710000000000000000e+03
4.111000000000000000e+03 3.178000000000000000e+03
4.403000000000000000e+03 3.453000000000000000e+03
7.770000000000000000e+02 4.323000000000000000e+03
6.070000000000000000e+02 4.426000000000000000e+03
8.900000000000000000e+01 4.386000000000000000e+03
1.610000000000000000e+02 4.398000000000000000e+03
1.530000000000000000e+03 4.276000000000000000e+03
1.268000000000000000e+03 4.434000000000000000e+03
1.047000000000000000e+03 4.422000000000000000e+03
1.286000000000000000e+03 4.136000000000000000e+03
1.338000000000000000e+03 2.734000000000000000e+03
1.572000000000000000e+03 2.843000000000000000e+03
9.490000000000000000e+02 2.803000000000000000e+03
9.690000000000000000e+02 2.760000000000000000e+03
1.544000000000000000e+03 3.289000000000000000e+03
1.539000000000000000e+03 3.180000000000000000e+03
7.630000000000000000e+02 2.714000000000000000e+03
6.790000000000000000e+02 2.706000000000000000e+03
1.177000000000000000e+03 4.374000000000000000e+03
4.443000000000000000e+03 3.117000000000000000e+03
3.047000000000000000e+03 3.495000000000000000e+03
2.699000000000000000e+03 2.960000000000000000e+03
2.501000000000000000e+03 3.036000000000000000e+03
2.720000000000000000e+02 4.426000000000000000e+03
3.770000000000000000e+02 4.276000000000000000e+03
4.145000000000000000e+03 2.949000000000000000e+03
4.434000000000000000e+03 2.896000000000000000e+03
4.186000000000000000e+03 2.695000000000000000e+03
3.938000000000000000e+03 4.439000000000000000e+03
3.076000000000000000e+03 3.167000000000000000e+03
3.564000000000000000e+03 2.757000000000000000e+03
3.483000000000000000e+03 2.854000000000000000e+03
3.329000000000000000e+03 2.959000000000000000e+03
3.217000000000000000e+03 4.090000000000000000e+03
4.088000000000000000e+03 4.426000000000000000e+03
2.380000000000000000e+02 2.804000000000000000e+03
7.280000000000000000e+02 2.795000000000000000e+03
8.690000000000000000e+02 2.726000000000000000e+03
9.910000000000000000e+02 2.702000000000000000e+03
4.610000000000000000e+02 2.785000000000000000e+03
7.560000000000000000e+02 2.908000000000000000e+03
1.535000000000000000e+03 2.980000000000000000e+03
1.495000000000000000e+03 3.169000000000000000e+03
1.571000000000000000e+03 2.947000000000000000e+03
1.586000000000000000e+03 3.057000000000000000e+03
2.932000000000000000e+03 2.823000000000000000e+03
2.696000000000000000e+03 2.987000000000000000e+03
2.558000000000000000e+03 2.840000000000000000e+03
2.268000000000000000e+03 2.810000000000000000e+03
1.572000000000000000e+03 3.907000000000000000e+03
4.250000000000000000e+03 2.830000000000000000e+03
3.120000000000000000e+03 2.919000000000000000e+03
3.283000000000000000e+03 2.854000000000000000e+03
3.116000000000000000e+03 2.917000000000000000e+03
2.378000000000000000e+03 3.253000000000000000e+03
3.078000000000000000e+03 4.469000000000000000e+03
1.859000000000000000e+03 2.691000000000000000e+03
1.798000000000000000e+03 2.760000000000000000e+03
1.768000000000000000e+03 2.629000000000000000e+03
1.868000000000000000e+03 2.616000000000000000e+03
4.416000000000000000e+03 4.287000000000000000e+03
3.057000000000000000e+03 3.385000000000000000e+03
2.528000000000000000e+03 2.710000000000000000e+03
4.307000000000000000e+03 2.723000000000000000e+03
1.462000000000000000e+03 3.985000000000000000e+03
1.608000000000000000e+03 3.654000000000000000e+03
1.949000000000000000e+03 2.857000000000000000e+03
1.948000000000000000e+03 2.916000000000000000e+03
2.675000000000000000e+03 2.978000000000000000e+03
4.369000000000000000e+03 4.437000000000000000e+03
1.036000000000000000e+03 4.151000000000000000e+03
8.840000000000000000e+02 4.432000000000000000e+03
3.399000000000000000e+03 3.285000000000000000e+03
4.459000000000000000e+03 3.652000000000000000e+03
1.869000000000000000e+03 3.728000000000000000e+03
1.403000000000000000e+03 4.411000000000000000e+03
2.842000000000000000e+03 2.775000000000000000e+03
3.193000000000000000e+03 2.849000000000000000e+03
3.143000000000000000e+03 2.772000000000000000e+03
3.685000000000000000e+03 2.846000000000000000e+03
1.939000000000000000e+03 2.832000000000000000e+03
1.943000000000000000e+03 2.794000000000000000e+03
2.528000000000000000e+03 4.397000000000000000e+03
1.999000000000000000e+03 2.916000000000000000e+03
7.290000000000000000e+02 4.416000000000000000e+03
1.235000000000000000e+03 3.804000000000000000e+03
1.599000000000000000e+03 3.772000000000000000e+03
1.869000000000000000e+03 3.130000000000000000e+03
2.401000000000000000e+03 2.856000000000000000e+03
4.530000000000000000e+02 4.426000000000000000e+03
1.325000000000000000e+03 3.697000000000000000e+03
1.497000000000000000e+03 3.715000000000000000e+03
1.487000000000000000e+03 4.097000000000000000e+03
2.355000000000000000e+03 4.446000000000000000e+03
3.910000000000000000e+03 2.845000000000000000e+03
2.749000000000000000e+03 2.970000000000000000e+03
2.189000000000000000e+03 4.424000000000000000e+03
2.391000000000000000e+03 4.326000000000000000e+03
1.621000000000000000e+03 4.307000000000000000e+03
1.653000000000000000e+03 4.251000000000000000e+03
2.762000000000000000e+03 4.294000000000000000e+03
2.419000000000000000e+03 4.300000000000000000e+03
2.392000000000000000e+03 4.341000000000000000e+03
2.918000000000000000e+03 4.398000000000000000e+03
2.076000000000000000e+03 4.453000000000000000e+03
1.703000000000000000e+03 3.925000000000000000e+03
2.013000000000000000e+03 3.140000000000000000e+03
1.935000000000000000e+03 4.216000000000000000e+03
1.733000000000000000e+03 3.051000000000000000e+03
1.637000000000000000e+03 4.303000000000000000e+03
2.120000000000000000e+03 3.217000000000000000e+03
2.821000000000000000e+03 4.381000000000000000e+03
9.350000000000000000e+02 1.514000000000000000e+03
2.980000000000000000e+02 5.030000000000000000e+02
3.250000000000000000e+02 5.950000000000000000e+02
4.920000000000000000e+02 1.580000000000000000e+03
1.470000000000000000e+02 1.518000000000000000e+03
4.250000000000000000e+02 1.605000000000000000e+03
4.810000000000000000e+02 1.590000000000000000e+03
4.150000000000000000e+02 1.886000000000000000e+03
4.530000000000000000e+02 1.879000000000000000e+03
5.920000000000000000e+02 1.931000000000000000e+03
5.000000000000000000e+02 1.992000000000000000e+03
5.160000000000000000e+02 1.688000000000000000e+03
7.340000000000000000e+02 1.730000000000000000e+03
5.950000000000000000e+02 1.764000000000000000e+03
5.600000000000000000e+01 1.845000000000000000e+03
2.620000000000000000e+02 2.054000000000000000e+03
5.190000000000000000e+02 2.058000000000000000e+03
6.420000000000000000e+02 1.280000000000000000e+03
8.500000000000000000e+01 7.600000000000000000e+02
5.590000000000000000e+02 2.106000000000000000e+03
5.490000000000000000e+02 2.134000000000000000e+03
1.138000000000000000e+03 1.951000000000000000e+03
1.198000000000000000e+03 1.944000000000000000e+03
3.640000000000000000e+02 2.058000000000000000e+03
5.760000000000000000e+02 2.013000000000000000e+03
6.000000000000000000e+02 1.699000000000000000e+03
3.860000000000000000e+02 1.708000000000000000e+03
1.220000000000000000e+03 1.891000000000000000e+03
1.089000000000000000e+03 1.882000000000000000e+03
3.700000000000000000e+02 1.963000000000000000e+03
1.120000000000000000e+02 1.953000000000000000e+03
1.067000000000000000e+03 2.049000000000000000e+03
6.100000000000000000e+02 1.845000000000000000e+03
6.100000000000000000e+02 1.891000000000000000e+03
9.760000000000000000e+02 1.886000000000000000e+03
8.230000000000000000e+02 1.860000000000000000e+03
3.110000000000000000e+02 1.842000000000000000e+03
3.050000000000000000e+02 1.912000000000000000e+03
4.430000000000000000e+02 2.227000000000000000e+03
1.010000000000000000e+02 2.096000000000000000e+03
6.920000000000000000e+02 2.002000000000000000e+03
7.930000000000000000e+02 1.925000000000000000e+03
2.330000000000000000e+02 1.804000000000000000e+03
2.230000000000000000e+02 1.800000000000000000e+03
9.320000000000000000e+02 1.831000000000000000e+03
1.068000000000000000e+03 1.934000000000000000e+03
9.860000000000000000e+02 1.575000000000000000e+03
9.000000000000000000e+02 1.553000000000000000e+03
3.000000000000000000e+02 1.506000000000000000e+03
3.080000000000000000e+02 1.485000000000000000e+03
7.130000000000000000e+02 1.583000000000000000e+03
7.290000000000000000e+02 1.583000000000000000e+03
5.530000000000000000e+02 1.463000000000000000e+03
4.600000000000000000e+02 1.489000000000000000e+03
3.440000000000000000e+02 2.194000000000000000e+03
2.780000000000000000e+02 2.188000000000000000e+03
2.330000000000000000e+02 1.650000000000000000e+03
2.590000000000000000e+02 1.620000000000000000e+03
6.810000000000000000e+02 1.752000000000000000e+03
6.930000000000000000e+02 1.711000000000000000e+03
9.100000000000000000e+02 1.858000000000000000e+03
7.770000000000000000e+02 2.081000000000000000e+03
1.722000000000000000e+03 2.356000000000000000e+03
1.024000000000000000e+03 2.480000000000000000e+03
1.011000000000000000e+03 2.448000000000000000e+03
1.226000000000000000e+03 2.311000000000000000e+03
9.890000000000000000e+02 2.283000000000000000e+03
2.482000000000000000e+03 2.582000000000000000e+03
2.522000000000000000e+03 2.616000000000000000e+03
1.723000000000000000e+03 2.420000000000000000e+03
1.782000000000000000e+03 2.407000000000000000e+03
3.106000000000000000e+03 2.668000000000000000e+03
2.848000000000000000e+03 2.584000000000000000e+03
1.559000000000000000e+03 3.241000000000000000e+03
1.622000000000000000e+03 3.356000000000000000e+03
1.944000000000000000e+03 2.597000000000000000e+03
2.249000000000000000e+03 2.597000000000000000e+03
9.050000000000000000e+02 2.570000000000000000e+03
1.069000000000000000e+03 2.513000000000000000e+03
7.290000000000000000e+02 2.150000000000000000e+03
7.060000000000000000e+02 2.180000000000000000e+03
7.600000000000000000e+02 2.365000000000000000e+03
1.076000000000000000e+03 2.316000000000000000e+03
1.062000000000000000e+03 2.346000000000000000e+03
8.820000000000000000e+02 2.373000000000000000e+03
1.499000000000000000e+03 2.258000000000000000e+03
1.531000000000000000e+03 2.344000000000000000e+03
1.290000000000000000e+03 2.445000000000000000e+03
1.149000000000000000e+03 2.435000000000000000e+03
5.850000000000000000e+02 2.332000000000000000e+03
3.510000000000000000e+02 2.384000000000000000e+03
7.980000000000000000e+02 2.528000000000000000e+03
8.870000000000000000e+02 2.437000000000000000e+03
2.900000000000000000e+02 2.241000000000000000e+03
2.110000000000000000e+02 2.210000000000000000e+03
5.870000000000000000e+02 2.259000000000000000e+03
7.630000000000000000e+02 2.290000000000000000e+03
4.280000000000000000e+02 2.209000000000000000e+03
4.710000000000000000e+02 2.260000000000000000e+03
1.024000000000000000e+03 2.289000000000000000e+03
1.206000000000000000e+03 2.283000000000000000e+03
7.440000000000000000e+02 2.418000000000000000e+03
6.420000000000000000e+02 2.416000000000000000e+03
7.460000000000000000e+02 2.498000000000000000e+03
5.230000000000000000e+02 2.388000000000000000e+03
8.360000000000000000e+02 2.207000000000000000e+03
8.740000000000000000e+02 2.221000000000000000e+03
1.353000000000000000e+03 2.250000000000000000e+03
1.265000000000000000e+03 2.365000000000000000e+03
1.189000000000000000e+03 2.530000000000000000e+03
1.218000000000000000e+03 2.578000000000000000e+03
1.541000000000000000e+03 2.445000000000000000e+03
1.725000000000000000e+03 2.515000000000000000e+03
1.754000000000000000e+03 2.602000000000000000e+03
1.625000000000000000e+03 2.469000000000000000e+03
1.465000000000000000e+03 2.992000000000000000e+03
1.464000000000000000e+03 2.996000000000000000e+03
1.686000000000000000e+03 3.311000000000000000e+03
1.579000000000000000e+03 3.578000000000000000e+03
1.690000000000000000e+03 2.544000000000000000e+03
1.711000000000000000e+03 2.600000000000000000e+03
1.677000000000000000e+03 2.552000000000000000e+03
1.678000000000000000e+03 2.677000000000000000e+03
3.527000000000000000e+03 2.643000000000000000e+03
3.435000000000000000e+03 2.595000000000000000e+03
1.714000000000000000e+03 1.712000000000000000e+03
1.551000000000000000e+03 1.262000000000000000e+03
1.646000000000000000e+03 1.565000000000000000e+03
6.050000000000000000e+02 4.730000000000000000e+02
6.230000000000000000e+02 5.010000000000000000e+02
1.697000000000000000e+03 8.730000000000000000e+02
4.880000000000000000e+02 1.509000000000000000e+03
1.251000000000000000e+03 1.419000000000000000e+03
1.144000000000000000e+03 1.397000000000000000e+03
7.650000000000000000e+02 9.800000000000000000e+02
7.380000000000000000e+02 8.800000000000000000e+02
7.150000000000000000e+02 5.320000000000000000e+02
7.160000000000000000e+02 6.550000000000000000e+02
2.519000000000000000e+03 2.135000000000000000e+03
2.604000000000000000e+03 2.032000000000000000e+03
7.770000000000000000e+02 1.363000000000000000e+03
7.200000000000000000e+02 1.333000000000000000e+03
1.876000000000000000e+03 1.590000000000000000e+03
7.610000000000000000e+02 1.321000000000000000e+03
4.310000000000000000e+02 1.278000000000000000e+03
4.320000000000000000e+02 1.260000000000000000e+03
4.570000000000000000e+02 5.890000000000000000e+02
5.180000000000000000e+02 6.340000000000000000e+02
7.550000000000000000e+02 1.025000000000000000e+03
1.311000000000000000e+03 1.612000000000000000e+03
1.735000000000000000e+03 1.467000000000000000e+03
5.740000000000000000e+02 1.366000000000000000e+03
7.380000000000000000e+02 7.450000000000000000e+02
8.170000000000000000e+02 9.120000000000000000e+02
8.500000000000000000e+02 1.472000000000000000e+03
9.010000000000000000e+02 1.450000000000000000e+03
1.048000000000000000e+03 1.471000000000000000e+03
1.770000000000000000e+02 1.130000000000000000e+03
2.580000000000000000e+02 1.129000000000000000e+03
2.910000000000000000e+02 1.045000000000000000e+03
7.740000000000000000e+02 1.250000000000000000e+03
5.180000000000000000e+02 1.131000000000000000e+03
5.980000000000000000e+02 1.150000000000000000e+03
3.370000000000000000e+02 4.030000000000000000e+02
2.890000000000000000e+02 3.640000000000000000e+02
1.624000000000000000e+03 1.320000000000000000e+03
1.074000000000000000e+03 1.367000000000000000e+03
4.580000000000000000e+02 9.890000000000000000e+02
3.910000000000000000e+02 9.970000000000000000e+02
3.520000000000000000e+02 6.470000000000000000e+02
3.870000000000000000e+02 7.520000000000000000e+02
1.790000000000000000e+02 1.249000000000000000e+03
1.040000000000000000e+02 1.222000000000000000e+03
9.160000000000000000e+02 1.548000000000000000e+03
1.839000000000000000e+03 1.720000000000000000e+03
1.025000000000000000e+03 1.337000000000000000e+03
9.710000000000000000e+02 1.326000000000000000e+03
6.330000000000000000e+02 1.063000000000000000e+03
6.660000000000000000e+02 1.152000000000000000e+03
5.120000000000000000e+02 7.260000000000000000e+02
6.230000000000000000e+02 9.010000000000000000e+02
6.320000000000000000e+02 6.640000000000000000e+02
4.680000000000000000e+02 3.310000000000000000e+02
9.340000000000000000e+02 1.316000000000000000e+03
6.840000000000000000e+02 1.100000000000000000e+03
2.820000000000000000e+02 8.320000000000000000e+02
2.600000000000000000e+02 8.670000000000000000e+02
9.100000000000000000e+02 1.279000000000000000e+03
3.590000000000000000e+02 1.409000000000000000e+03
1.400000000000000000e+02 1.347000000000000000e+03
8.780000000000000000e+02 1.101000000000000000e+03
8.820000000000000000e+02 1.141000000000000000e+03
6.290000000000000000e+02 1.160000000000000000e+03
3.220000000000000000e+02 1.669000000000000000e+03
6.050000000000000000e+02 7.400000000000000000e+02
7.340000000000000000e+02 7.790000000000000000e+02
7.380000000000000000e+02 1.218000000000000000e+03
8.200000000000000000e+02 1.261000000000000000e+03
1.780000000000000000e+02 6.070000000000000000e+02
1.300000000000000000e+02 6.190000000000000000e+02
9.590000000000000000e+02 1.051000000000000000e+03
9.970000000000000000e+02 1.225000000000000000e+03
2.160000000000000000e+02 7.070000000000000000e+02
6.120000000000000000e+02 1.126000000000000000e+03
5.530000000000000000e+02 9.290000000000000000e+02
8.910000000000000000e+02 1.222000000000000000e+03
5.960000000000000000e+02 1.486000000000000000e+03
6.380000000000000000e+02 1.476000000000000000e+03
1.124000000000000000e+03 1.456000000000000000e+03
1.158000000000000000e+03 1.417000000000000000e+03
1.810000000000000000e+02 9.360000000000000000e+02
3.930000000000000000e+02 1.103000000000000000e+03
2.900000000000000000e+02 1.238000000000000000e+03
6.630000000000000000e+02 1.292000000000000000e+03
5.740000000000000000e+02 1.277000000000000000e+03
8.830000000000000000e+02 1.357000000000000000e+03
3.800000000000000000e+02 7.640000000000000000e+02
1.900000000000000000e+02 4.340000000000000000e+02
1.994000000000000000e+03 1.888000000000000000e+03
1.196000000000000000e+03 1.492000000000000000e+03
3.750000000000000000e+02 1.334000000000000000e+03
4.630000000000000000e+02 1.428000000000000000e+03
1.717000000000000000e+03 1.447000000000000000e+03
1.744000000000000000e+03 1.438000000000000000e+03
1.351000000000000000e+03 1.976000000000000000e+03
2.082000000000000000e+03 1.685000000000000000e+03
2.563000000000000000e+03 2.058000000000000000e+03
2.168000000000000000e+03 2.053000000000000000e+03
1.003000000000000000e+03 1.230000000000000000e+03
1.048000000000000000e+03 1.255000000000000000e+03
3.065000000000000000e+03 1.249000000000000000e+03
1.925000000000000000e+03 1.031000000000000000e+03
4.260000000000000000e+02 3.560000000000000000e+02
3.220000000000000000e+02 2.430000000000000000e+02
5.960000000000000000e+02 8.150000000000000000e+02
6.320000000000000000e+02 8.000000000000000000e+02
2.033000000000000000e+03 1.561000000000000000e+03
1.813000000000000000e+03 1.416000000000000000e+03
2.904000000000000000e+03 1.343000000000000000e+03
2.947000000000000000e+03 1.342000000000000000e+03
1.770000000000000000e+03 1.311000000000000000e+03
3.013000000000000000e+03 9.840000000000000000e+02
1.770000000000000000e+03 1.562000000000000000e+03
8.140000000000000000e+02 1.146000000000000000e+03
4.080000000000000000e+02 8.400000000000000000e+02
5.720000000000000000e+02 9.300000000000000000e+02
1.015000000000000000e+03 1.322000000000000000e+03
7.700000000000000000e+02 1.736000000000000000e+03
4.350000000000000000e+02 4.580000000000000000e+02
4.390000000000000000e+02 4.950000000000000000e+02
1.275000000000000000e+03 6.240000000000000000e+02
1.082000000000000000e+03 3.820000000000000000e+02
2.422000000000000000e+03 1.686000000000000000e+03
4.380000000000000000e+03 1.872000000000000000e+03
4.347000000000000000e+03 1.830000000000000000e+03
4.251000000000000000e+03 1.296000000000000000e+03
4.263000000000000000e+03 1.380000000000000000e+03
4.387000000000000000e+03 1.490000000000000000e+03
4.429000000000000000e+03 1.477000000000000000e+03
3.509000000000000000e+03 1.304000000000000000e+03
3.559000000000000000e+03 1.290000000000000000e+03
4.058000000000000000e+03 1.223000000000000000e+03
4.091000000000000000e+03 1.222000000000000000e+03
2.361000000000000000e+03 1.215000000000000000e+03
2.900000000000000000e+03 1.243000000000000000e+03
4.253000000000000000e+03 6.500000000000000000e+01
4.026000000000000000e+03 3.290000000000000000e+02
2.706000000000000000e+03 1.200000000000000000e+02
2.780000000000000000e+03 1.150000000000000000e+02
2.444000000000000000e+03 1.290000000000000000e+03
2.930000000000000000e+03 1.079000000000000000e+03
4.030000000000000000e+03 6.920000000000000000e+02
4.415000000000000000e+03 2.980000000000000000e+02
3.492000000000000000e+03 1.235000000000000000e+03
3.648000000000000000e+03 1.242000000000000000e+03
3.097000000000000000e+03 1.270000000000000000e+03
3.102000000000000000e+03 1.237000000000000000e+03
2.797000000000000000e+03 1.311000000000000000e+03
2.733000000000000000e+03 1.407000000000000000e+03
3.720000000000000000e+03 1.970000000000000000e+03
4.299000000000000000e+03 2.336000000000000000e+03
2.631000000000000000e+03 1.453000000000000000e+03
3.276000000000000000e+03 1.538000000000000000e+03
4.438000000000000000e+03 1.619000000000000000e+03
3.649000000000000000e+03 2.181000000000000000e+03
4.069000000000000000e+03 2.433000000000000000e+03
3.820000000000000000e+03 2.233000000000000000e+03
4.352000000000000000e+03 2.439000000000000000e+03
4.435000000000000000e+03 1.355000000000000000e+03
4.242000000000000000e+03 1.366000000000000000e+03
1.937000000000000000e+03 1.424000000000000000e+03
1.979000000000000000e+03 1.441000000000000000e+03
2.088000000000000000e+03 1.478000000000000000e+03
2.073000000000000000e+03 1.459000000000000000e+03
2.370000000000000000e+03 1.421000000000000000e+03
2.609000000000000000e+03 1.470000000000000000e+03
3.300000000000000000e+03 1.617000000000000000e+03
4.253000000000000000e+03 1.905000000000000000e+03
3.607000000000000000e+03 1.600000000000000000e+03
4.423000000000000000e+03 1.744000000000000000e+03
3.363000000000000000e+03 1.863000000000000000e+03
4.039000000000000000e+03 2.385000000000000000e+03
3.152000000000000000e+03 1.647000000000000000e+03
3.218000000000000000e+03 1.813000000000000000e+03
3.916000000000000000e+03 1.408000000000000000e+03
3.894000000000000000e+03 1.347000000000000000e+03
3.451000000000000000e+03 1.336000000000000000e+03
3.767000000000000000e+03 1.411000000000000000e+03
4.280000000000000000e+03 1.603000000000000000e+03
2.979000000000000000e+03 1.513000000000000000e+03
4.167000000000000000e+03 1.695000000000000000e+03
3.952000000000000000e+03 1.328000000000000000e+03
2.976000000000000000e+03 2.044000000000000000e+03
2.480000000000000000e+03 1.170000000000000000e+02
2.863000000000000000e+03 4.300000000000000000e+01
2.527000000000000000e+03 1.432000000000000000e+03
3.169000000000000000e+03 2.029000000000000000e+03
2.220000000000000000e+03 9.100000000000000000e+01
2.182000000000000000e+03 5.400000000000000000e+01
2.085000000000000000e+03 1.390000000000000000e+02
2.056000000000000000e+03 6.300000000000000000e+01
2.474000000000000000e+03 1.734000000000000000e+03
2.531000000000000000e+03 1.671000000000000000e+03
2.640000000000000000e+03 7.930000000000000000e+02
2.643000000000000000e+03 1.045000000000000000e+03
2.987000000000000000e+03 3.500000000000000000e+01
3.016000000000000000e+03 8.900000000000000000e+01
3.404000000000000000e+03 4.700000000000000000e+01
3.148000000000000000e+03 3.190000000000000000e+02
3.150000000000000000e+03 7.300000000000000000e+01
2.930000000000000000e+03 4.550000000000000000e+02
2.486000000000000000e+03 1.520000000000000000e+02
2.444000000000000000e+03 7.600000000000000000e+01
2.398000000000000000e+03 3.220000000000000000e+02
2.339000000000000000e+03 7.200000000000000000e+01
3.202000000000000000e+03 1.251000000000000000e+03
2.958000000000000000e+03 1.201000000000000000e+03
4.435000000000000000e+03 5.520000000000000000e+02
4.428000000000000000e+03 4.670000000000000000e+02
2.677000000000000000e+03 1.059000000000000000e+03
2.862000000000000000e+03 7.390000000000000000e+02
3.523000000000000000e+03 4.300000000000000000e+01
3.502000000000000000e+03 1.040000000000000000e+02
3.011000000000000000e+03 2.040000000000000000e+03
3.250000000000000000e+03 2.411000000000000000e+03
2.797000000000000000e+03 1.301000000000000000e+03
2.589000000000000000e+03 1.375000000000000000e+03
2.402000000000000000e+03 1.070000000000000000e+03
2.386000000000000000e+03 1.202000000000000000e+03
2.477000000000000000e+03 1.150000000000000000e+03
2.589000000000000000e+03 1.532000000000000000e+03
4.084000000000000000e+03 1.140000000000000000e+03
3.866000000000000000e+03 6.000000000000000000e+01
4.139000000000000000e+03 6.100000000000000000e+02
4.162000000000000000e+03 7.800000000000000000e+01
3.655000000000000000e+03 3.430000000000000000e+02
4.011000000000000000e+03 6.500000000000000000e+01
2.655000000000000000e+03 1.920000000000000000e+02
2.589000000000000000e+03 4.100000000000000000e+01
3.350000000000000000e+03 9.120000000000000000e+02
2.875000000000000000e+03 4.230000000000000000e+02
3.424000000000000000e+03 2.400000000000000000e+02
2.512000000000000000e+03 6.420000000000000000e+02
3.430000000000000000e+03 4.620000000000000000e+02
2.188000000000000000e+03 8.720000000000000000e+02
3.122000000000000000e+03 3.840000000000000000e+02
2.994000000000000000e+03 3.640000000000000000e+02
2.982000000000000000e+03 5.600000000000000000e+02
3.797000000000000000e+03 1.020000000000000000e+02
2.365000000000000000e+03 1.590000000000000000e+02
3.649000000000000000e+03 1.630000000000000000e+02
1.936000000000000000e+03 1.590000000000000000e+02
2.450000000000000000e+03 8.570000000000000000e+02
4.305000000000000000e+03 1.870000000000000000e+02
2.493000000000000000e+03 1.100000000000000000e+03
6.000000000000000000e+02 1.523000000000000000e+03
2.171000000000000000e+03 2.847000000000000000e+03
2.384000000000000000e+03 2.755000000000000000e+03
3.580000000000000000e+03 2.744000000000000000e+03
1.318000000000000000e+03 1.150000000000000000e+03
1.541000000000000000e+03 2.042000000000000000e+03
1.672000000000000000e+03 1.948000000000000000e+03
3.550000000000000000e+02 2.349000000000000000e+03
2.350000000000000000e+02 2.335000000000000000e+03
1.050000000000000000e+02 2.761000000000000000e+03
2.590000000000000000e+02 2.651000000000000000e+03
1.036000000000000000e+03 2.463000000000000000e+03
9.750000000000000000e+02 2.557000000000000000e+03
1.020000000000000000e+02 2.394000000000000000e+03
1.090000000000000000e+02 2.347000000000000000e+03
3.091000000000000000e+03 2.257000000000000000e+03
4.461000000000000000e+03 2.861000000000000000e+03
5.810000000000000000e+02 1.205000000000000000e+03
3.166000000000000000e+03 2.452000000000000000e+03
5.110000000000000000e+02 2.692000000000000000e+03
5.220000000000000000e+02 2.650000000000000000e+03
2.374000000000000000e+03 2.047000000000000000e+03
1.677000000000000000e+03 1.891000000000000000e+03
4.540000000000000000e+02 1.991000000000000000e+03
2.580000000000000000e+02 1.643000000000000000e+03
1.760000000000000000e+02 2.615000000000000000e+03
1.660000000000000000e+02 2.604000000000000000e+03
1.517000000000000000e+03 2.232000000000000000e+03
9.420000000000000000e+02 2.739000000000000000e+03
3.130000000000000000e+02 4.214000000000000000e+03
2.920000000000000000e+02 4.376000000000000000e+03
2.629000000000000000e+03 2.921000000000000000e+03
2.180000000000000000e+02 7.280000000000000000e+02
5.310000000000000000e+02 2.009000000000000000e+03
7.250000000000000000e+02 2.777000000000000000e+03
8.080000000000000000e+02 2.798000000000000000e+03
8.660000000000000000e+02 3.046000000000000000e+03
2.623000000000000000e+03 2.815000000000000000e+03
1.230000000000000000e+03 2.996000000000000000e+03
1.447000000000000000e+03 3.534000000000000000e+03
1.192000000000000000e+03 2.768000000000000000e+03
1.113000000000000000e+03 2.806000000000000000e+03
1.200000000000000000e+01 3.121000000000000000e+03
1.051000000000000000e+03 3.172000000000000000e+03
5.900000000000000000e+02 2.806000000000000000e+03
1.189000000000000000e+03 3.202000000000000000e+03
3.120000000000000000e+02 1.900000000000000000e+03
9.800000000000000000e+01 1.690000000000000000e+03
2.340000000000000000e+03 2.546000000000000000e+03
1.743000000000000000e+03 2.431000000000000000e+03
4.550000000000000000e+02 2.551000000000000000e+03
5.690000000000000000e+02 2.523000000000000000e+03
2.150000000000000000e+02 2.487000000000000000e+03
4.270000000000000000e+02 2.459000000000000000e+03
8.240000000000000000e+02 1.380000000000000000e+03
7.560000000000000000e+02 1.692000000000000000e+03
3.466000000000000000e+03 1.989000000000000000e+03
4.350000000000000000e+02 1.072000000000000000e+03
3.400000000000000000e+02 2.607000000000000000e+03
3.270000000000000000e+02 2.545000000000000000e+03
9.360000000000000000e+02 2.408000000000000000e+03
7.380000000000000000e+02 2.562000000000000000e+03
8.510000000000000000e+02 1.528000000000000000e+03
3.750000000000000000e+02 9.120000000000000000e+02
2.090000000000000000e+02 6.760000000000000000e+02
1.720000000000000000e+02 4.130000000000000000e+02
3.570000000000000000e+03 2.351000000000000000e+03
4.520000000000000000e+02 6.100000000000000000e+02
1.720000000000000000e+02 3.630000000000000000e+02
4.520000000000000000e+02 2.375000000000000000e+03
8.200000000000000000e+01 9.340000000000000000e+02
3.190000000000000000e+02 1.625000000000000000e+03
1.850000000000000000e+03 1.592000000000000000e+03
1.500000000000000000e+01 1.959000000000000000e+03
3.670000000000000000e+02 3.550000000000000000e+02
3.670000000000000000e+02 2.019000000000000000e+03
1.080000000000000000e+02 5.060000000000000000e+02
1.701000000000000000e+03 3.256000000000000000e+03
3.484000000000000000e+03 3.937000000000000000e+03
1.300000000000000000e+03 2.820000000000000000e+03
1.273000000000000000e+03 2.788000000000000000e+03
3.480000000000000000e+02 2.700000000000000000e+03
2.980000000000000000e+02 2.684000000000000000e+03
7.070000000000000000e+02 2.695000000000000000e+03
1.321000000000000000e+03 2.351000000000000000e+03
6.650000000000000000e+02 2.088000000000000000e+03
2.749000000000000000e+03 1.778000000000000000e+03
5.550000000000000000e+02 2.557000000000000000e+03
6.910000000000000000e+02 2.558000000000000000e+03
9.820000000000000000e+02 2.609000000000000000e+03
1.057000000000000000e+03 2.626000000000000000e+03
2.144000000000000000e+03 2.645000000000000000e+03
4.020000000000000000e+03 2.970000000000000000e+03
1.555000000000000000e+03 1.303000000000000000e+03
1.538000000000000000e+03 1.224000000000000000e+03
1.285000000000000000e+03 1.019000000000000000e+03
1.289000000000000000e+03 1.012000000000000000e+03
1.301000000000000000e+03 1.207000000000000000e+03
1.364000000000000000e+03 1.205000000000000000e+03
1.151000000000000000e+03 9.950000000000000000e+02
1.188000000000000000e+03 1.030000000000000000e+03
1.406000000000000000e+03 1.226000000000000000e+03
1.443000000000000000e+03 1.180000000000000000e+03
1.164000000000000000e+03 1.131000000000000000e+03
1.162000000000000000e+03 1.157000000000000000e+03
1.027000000000000000e+03 1.005000000000000000e+03
1.002000000000000000e+03 1.011000000000000000e+03
1.067000000000000000e+03 1.144000000000000000e+03
1.048000000000000000e+03 1.118000000000000000e+03
4.422000000000000000e+03 1.205000000000000000e+03
4.400000000000000000e+03 1.165000000000000000e+03
2.710000000000000000e+03 1.435000000000000000e+03
3.961000000000000000e+03 1.461000000000000000e+03
2.155000000000000000e+03 1.623000000000000000e+03
2.173000000000000000e+03 1.651000000000000000e+03
4.266000000000000000e+03 2.212000000000000000e+03
4.271000000000000000e+03 2.182000000000000000e+03
2.941000000000000000e+03 1.217000000000000000e+03
2.894000000000000000e+03 1.238000000000000000e+03
2.222000000000000000e+03 1.317000000000000000e+03
2.468000000000000000e+03 1.260000000000000000e+03
2.288000000000000000e+03 1.687000000000000000e+03
2.291000000000000000e+03 1.638000000000000000e+03
2.062000000000000000e+03 1.330000000000000000e+03
2.508000000000000000e+03 1.516000000000000000e+03
1.305000000000000000e+03 8.080000000000000000e+02
8.680000000000000000e+02 4.640000000000000000e+02
9.820000000000000000e+02 6.230000000000000000e+02
1.309000000000000000e+03 7.420000000000000000e+02
1.142000000000000000e+03 5.450000000000000000e+02
1.111000000000000000e+03 6.930000000000000000e+02
1.236000000000000000e+03 7.260000000000000000e+02
9.590000000000000000e+02 5.310000000000000000e+02
1.069000000000000000e+03 6.240000000000000000e+02
1.461000000000000000e+03 1.140000000000000000e+03
1.550000000000000000e+03 1.271000000000000000e+03
1.418000000000000000e+03 1.046000000000000000e+03
1.262000000000000000e+03 8.750000000000000000e+02
9.720000000000000000e+02 8.090000000000000000e+02
8.660000000000000000e+02 7.930000000000000000e+02
1.555000000000000000e+03 5.570000000000000000e+02
1.537000000000000000e+03 6.400000000000000000e+02
1.156000000000000000e+03 8.630000000000000000e+02
1.209000000000000000e+03 7.990000000000000000e+02
1.331000000000000000e+03 1.007000000000000000e+03
1.398000000000000000e+03 1.039000000000000000e+03
8.850000000000000000e+02 9.460000000000000000e+02
9.330000000000000000e+02 9.050000000000000000e+02
8.100000000000000000e+02 1.710000000000000000e+02
1.008000000000000000e+03 3.710000000000000000e+02
1.328000000000000000e+03 4.660000000000000000e+02
1.258000000000000000e+03 1.780000000000000000e+02
7.880000000000000000e+02 4.220000000000000000e+02
7.580000000000000000e+02 4.110000000000000000e+02
1.041000000000000000e+03 8.460000000000000000e+02
1.011000000000000000e+03 8.380000000000000000e+02
1.495000000000000000e+03 7.730000000000000000e+02
8.060000000000000000e+02 5.800000000000000000e+01
8.430000000000000000e+02 1.710000000000000000e+02
1.470000000000000000e+03 7.220000000000000000e+02
1.608000000000000000e+03 7.880000000000000000e+02
3.303000000000000000e+03 7.500000000000000000e+01
2.918000000000000000e+03 1.720000000000000000e+02
1.366000000000000000e+03 5.800000000000000000e+02
1.399000000000000000e+03 5.890000000000000000e+02
1.384000000000000000e+03 9.840000000000000000e+02
1.452000000000000000e+03 9.670000000000000000e+02
1.071000000000000000e+03 3.400000000000000000e+02
9.690000000000000000e+02 1.980000000000000000e+02
1.440000000000000000e+03 5.630000000000000000e+02
1.401000000000000000e+03 4.190000000000000000e+02
4.690000000000000000e+02 5.500000000000000000e+01
6.060000000000000000e+02 2.380000000000000000e+02
1.015000000000000000e+03 7.200000000000000000e+02
8.300000000000000000e+02 6.500000000000000000e+02
6.090000000000000000e+02 2.330000000000000000e+02
4.700000000000000000e+02 2.290000000000000000e+02
1.299000000000000000e+03 8.630000000000000000e+02
1.218000000000000000e+03 7.230000000000000000e+02
6.290000000000000000e+02 3.420000000000000000e+02
9.040000000000000000e+02 5.550000000000000000e+02
1.081000000000000000e+03 7.740000000000000000e+02
9.880000000000000000e+02 6.850000000000000000e+02
1.318000000000000000e+03 6.950000000000000000e+02
1.262000000000000000e+03 6.570000000000000000e+02
1.408000000000000000e+03 9.910000000000000000e+02
1.461000000000000000e+03 1.097000000000000000e+03
1.620000000000000000e+03 6.750000000000000000e+02
6.310000000000000000e+02 5.100000000000000000e+01
6.640000000000000000e+02 6.000000000000000000e+01
9.590000000000000000e+02 5.500000000000000000e+01
9.120000000000000000e+02 5.700000000000000000e+01
1.311000000000000000e+03 5.170000000000000000e+02
1.504000000000000000e+03 5.920000000000000000e+02
1.120000000000000000e+03 1.650000000000000000e+02
1.179000000000000000e+03 2.790000000000000000e+02
1.404000000000000000e+03 1.950000000000000000e+02
1.400000000000000000e+03 2.770000000000000000e+02
1.562000000000000000e+03 3.760000000000000000e+02
1.538000000000000000e+03 4.130000000000000000e+02
1.445000000000000000e+03 5.930000000000000000e+02
1.690000000000000000e+03 7.200000000000000000e+02
1.318000000000000000e+03 3.400000000000000000e+02
1.247000000000000000e+03 2.960000000000000000e+02
8.290000000000000000e+02 2.560000000000000000e+02
6.190000000000000000e+02 1.690000000000000000e+02
1.350000000000000000e+03 6.020000000000000000e+02
1.369000000000000000e+03 5.400000000000000000e+02
1.200000000000000000e+03 4.580000000000000000e+02
1.171000000000000000e+03 4.020000000000000000e+02
1.063000000000000000e+03 4.060000000000000000e+02
1.023000000000000000e+03 4.440000000000000000e+02
1.453000000000000000e+03 6.790000000000000000e+02
1.567000000000000000e+03 8.620000000000000000e+02
1.402000000000000000e+03 3.600000000000000000e+01
1.362000000000000000e+03 8.300000000000000000e+01
1.458000000000000000e+03 5.780000000000000000e+02
1.428000000000000000e+03 5.610000000000000000e+02
1.530000000000000000e+03 2.120000000000000000e+02
1.530000000000000000e+03 1.990000000000000000e+02
1.536000000000000000e+03 6.000000000000000000e+01
1.498000000000000000e+03 6.600000000000000000e+01
1.894000000000000000e+03 5.170000000000000000e+02
2.075000000000000000e+03 6.680000000000000000e+02
1.777000000000000000e+03 8.100000000000000000e+01
1.819000000000000000e+03 7.800000000000000000e+01
1.134000000000000000e+03 3.050000000000000000e+02
1.087000000000000000e+03 2.710000000000000000e+02
1.750000000000000000e+03 5.930000000000000000e+02
2.135000000000000000e+03 5.370000000000000000e+02
7.450000000000000000e+02 2.950000000000000000e+02
8.060000000000000000e+02 2.960000000000000000e+02
1.706000000000000000e+03 6.790000000000000000e+02
1.721000000000000000e+03 6.040000000000000000e+02
2.087000000000000000e+03 9.680000000000000000e+02
2.230000000000000000e+03 1.130000000000000000e+03
4.443000000000000000e+03 9.060000000000000000e+02
4.184000000000000000e+03 9.630000000000000000e+02
4.225000000000000000e+03 7.910000000000000000e+02
4.442000000000000000e+03 7.890000000000000000e+02
2.540000000000000000e+03 8.300000000000000000e+02
2.265000000000000000e+03 1.205000000000000000e+03
1.655000000000000000e+03 3.150000000000000000e+02
1.653000000000000000e+03 3.400000000000000000e+01
1.647000000000000000e+03 5.410000000000000000e+02
1.702000000000000000e+03 5.820000000000000000e+02
1.862000000000000000e+03 7.650000000000000000e+02
2.093000000000000000e+03 9.130000000000000000e+02
1.248000000000000000e+03 1.930000000000000000e+02
1.079000000000000000e+03 3.200000000000000000e+01
2.079000000000000000e+03 1.796000000000000000e+03
2.974000000000000000e+03 2.682000000000000000e+03
2.960000000000000000e+03 2.622000000000000000e+03
2.553000000000000000e+03 2.426000000000000000e+03
2.560000000000000000e+03 2.422000000000000000e+03
2.367000000000000000e+03 2.210000000000000000e+03
2.216000000000000000e+03 2.159000000000000000e+03
3.415000000000000000e+03 2.414000000000000000e+03
3.414000000000000000e+03 2.358000000000000000e+03
2.448000000000000000e+03 2.124000000000000000e+03
2.906000000000000000e+03 2.179000000000000000e+03
2.810000000000000000e+03 2.735000000000000000e+03
2.829000000000000000e+03 2.735000000000000000e+03
2.584000000000000000e+03 2.132000000000000000e+03
2.381000000000000000e+03 2.068000000000000000e+03
1.688000000000000000e+03 3.880000000000000000e+02
1.709000000000000000e+03 4.380000000000000000e+02
1.914000000000000000e+03 9.120000000000000000e+02
1.929000000000000000e+03 8.680000000000000000e+02
2.435000000000000000e+03 1.807000000000000000e+03
2.466000000000000000e+03 2.181000000000000000e+03
2.789000000000000000e+03 2.297000000000000000e+03
2.767000000000000000e+03 2.332000000000000000e+03
3.856000000000000000e+03 2.494000000000000000e+03
3.863000000000000000e+03 2.440000000000000000e+03
4.456000000000000000e+03 6.580000000000000000e+02
4.417000000000000000e+03 6.380000000000000000e+02
9.310000000000000000e+02 3.300000000000000000e+02
9.980000000000000000e+02 3.200000000000000000e+02
1.008000000000000000e+03 3.740000000000000000e+02
2.751000000000000000e+03 1.850000000000000000e+03
2.667000000000000000e+03 1.379000000000000000e+03
4.446000000000000000e+03 1.955000000000000000e+03
4.258000000000000000e+03 1.872000000000000000e+03
4.417000000000000000e+03 2.365000000000000000e+03
4.422000000000000000e+03 2.310000000000000000e+03
2.330000000000000000e+03 1.097000000000000000e+03
2.715000000000000000e+03 9.570000000000000000e+02
4.351000000000000000e+03 8.700000000000000000e+01
4.432000000000000000e+03 1.300000000000000000e+02
2.575000000000000000e+03 1.037000000000000000e+03
2.771000000000000000e+03 1.213000000000000000e+03
3.690000000000000000e+03 6.500000000000000000e+01
3.631000000000000000e+03 4.700000000000000000e+01
2.146000000000000000e+03 9.430000000000000000e+02
2.322000000000000000e+03 6.930000000000000000e+02
3.816000000000000000e+03 1.226000000000000000e+03
3.879000000000000000e+03 1.228000000000000000e+03
2.956000000000000000e+03 1.157000000000000000e+03
3.156000000000000000e+03 1.165000000000000000e+03
2.612000000000000000e+03 1.043000000000000000e+03
2.303000000000000000e+03 1.038000000000000000e+03
3.341000000000000000e+03 1.262000000000000000e+03
3.367000000000000000e+03 1.211000000000000000e+03
4.417000000000000000e+03 2.184000000000000000e+03
4.400000000000000000e+03 2.183000000000000000e+03
3.254000000000000000e+03 1.220000000000000000e+03
2.306000000000000000e+03 1.329000000000000000e+03
2.726000000000000000e+03 1.302000000000000000e+03
2.882000000000000000e+03 9.350000000000000000e+02
4.427000000000000000e+03 2.006000000000000000e+03
4.411000000000000000e+03 2.061000000000000000e+03
2.514000000000000000e+03 1.932000000000000000e+03
3.352000000000000000e+03 2.641000000000000000e+03
3.439000000000000000e+03 2.625000000000000000e+03
2.217000000000000000e+03 2.340000000000000000e+03
2.370000000000000000e+03 2.311000000000000000e+03
2.424000000000000000e+03 2.488000000000000000e+03
2.426000000000000000e+03 2.516000000000000000e+03
3.541000000000000000e+03 2.532000000000000000e+03
3.601000000000000000e+03 2.507000000000000000e+03
2.793000000000000000e+03 2.233000000000000000e+03
2.126000000000000000e+03 2.206000000000000000e+03
2.083000000000000000e+03 1.798000000000000000e+03
2.013000000000000000e+03 1.431000000000000000e+03
2.627000000000000000e+03 2.555000000000000000e+03
2.681000000000000000e+03 2.555000000000000000e+03
2.061000000000000000e+03 2.046000000000000000e+03
2.116000000000000000e+03 2.069000000000000000e+03
2.330000000000000000e+03 1.968000000000000000e+03
2.335000000000000000e+03 1.947000000000000000e+03
2.811000000000000000e+03 2.456000000000000000e+03
2.824000000000000000e+03 2.496000000000000000e+03
2.212000000000000000e+03 2.116000000000000000e+03
2.139000000000000000e+03 2.115000000000000000e+03
1.680000000000000000e+02 9.600000000000000000e+02
3.940000000000000000e+02 1.121000000000000000e+03
2.184000000000000000e+03 1.859000000000000000e+03
2.137000000000000000e+03 2.005000000000000000e+03
2.327000000000000000e+03 1.977000000000000000e+03
2.315000000000000000e+03 1.832000000000000000e+03
1.960000000000000000e+03 3.080000000000000000e+02
1.915000000000000000e+03 6.500000000000000000e+01
3.562000000000000000e+03 2.405000000000000000e+03
3.594000000000000000e+03 2.375000000000000000e+03
2.237000000000000000e+03 2.134000000000000000e+03
2.420000000000000000e+03 2.198000000000000000e+03
2.240000000000000000e+03 1.677000000000000000e+03
2.236000000000000000e+03 1.755000000000000000e+03
3.137000000000000000e+03 2.314000000000000000e+03
3.790000000000000000e+03 2.376000000000000000e+03
2.300000000000000000e+03 2.250000000000000000e+03
2.246000000000000000e+03 2.160000000000000000e+03
2.402000000000000000e+03 2.191000000000000000e+03
2.454000000000000000e+03 2.188000000000000000e+03
2.218000000000000000e+03 2.256000000000000000e+03
2.473000000000000000e+03 2.262000000000000000e+03
3.149000000000000000e+03 2.462000000000000000e+03
3.147000000000000000e+03 2.478000000000000000e+03
2.337000000000000000e+03 2.643000000000000000e+03
2.414000000000000000e+03 2.606000000000000000e+03
2.264000000000000000e+03 2.261000000000000000e+03
2.244000000000000000e+03 2.241000000000000000e+03
2.263000000000000000e+03 2.114000000000000000e+03
2.134000000000000000e+03 2.180000000000000000e+03
2.298000000000000000e+03 2.088000000000000000e+03
2.259000000000000000e+03 2.065000000000000000e+03
2.446000000000000000e+03 2.040000000000000000e+03
2.421000000000000000e+03 2.086000000000000000e+03
3.700000000000000000e+03 2.451000000000000000e+03
3.691000000000000000e+03 2.361000000000000000e+03
4.257000000000000000e+03 2.473000000000000000e+03
3.883000000000000000e+03 2.444000000000000000e+03
2.260000000000000000e+03 2.090000000000000000e+03
2.540000000000000000e+03 2.067000000000000000e+03
1.200000000000000000e+01 2.860000000000000000e+03
2.543000000000000000e+03 1.390000000000000000e+03
1.743000000000000000e+03 2.100000000000000000e+02
1.653000000000000000e+03 2.910000000000000000e+03
