1.389000000000000000e+03 1.757000000000000000e+03
1.679000000000000000e+03 1.678000000000000000e+03
1.742000000000000000e+03 1.684000000000000000e+03
7.830000000000000000e+02 1.819000000000000000e+03
9.310000000000000000e+02 1.822000000000000000e+03
1.108000000000000000e+03 1.818000000000000000e+03
1.034000000000000000e+03 1.836000000000000000e+03
1.865000000000000000e+03 2.043000000000000000e+03
1.946000000000000000e+03 2.049000000000000000e+03
1.875000000000000000e+03 1.942000000000000000e+03
1.831000000000000000e+03 1.923000000000000000e+03
1.704000000000000000e+03 2.062000000000000000e+03
1.415000000000000000e+03 1.878000000000000000e+03
1.253000000000000000e+03 1.904000000000000000e+03
1.303000000000000000e+03 1.898000000000000000e+03
1.189000000000000000e+03 1.075000000000000000e+03
1.151000000000000000e+03 7.830000000000000000e+02
1.022000000000000000e+03 1.610000000000000000e+03
8.000000000000000000e+02 1.524000000000000000e+03
4.408000000000000000e+03 1.340000000000000000e+03
2.979000000000000000e+03 1.400000000000000000e+03
1.056000000000000000e+03 9.120000000000000000e+02
1.046000000000000000e+03 9.640000000000000000e+02
1.176000000000000000e+03 9.410000000000000000e+02
1.251000000000000000e+03 1.144000000000000000e+03
1.295000000000000000e+03 8.960000000000000000e+02
1.273000000000000000e+03 5.300000000000000000e+01
1.146000000000000000e+03 6.100000000000000000e+01
1.229000000000000000e+03 1.224000000000000000e+03
8.850000000000000000e+02 1.114000000000000000e+03
1.770000000000000000e+02 8.100000000000000000e+02
1.999000000000000000e+03 2.342000000000000000e+03
2.937000000000000000e+03 2.670000000000000000e+03
3.145000000000000000e+03 2.782000000000000000e+03
1.945000000000000000e+03 2.230000000000000000e+03
2.092000000000000000e+03 2.280000000000000000e+03
1.751000000000000000e+03 2.090000000000000000e+03
1.795000000000000000e+03 2.134000000000000000e+03
2.897000000000000000e+03 2.626000000000000000e+03
2.918000000000000000e+03 2.689000000000000000e+03
1.909000000000000000e+03 2.508000000000000000e+03
1.937000000000000000e+03 2.597000000000000000e+03
1.925000000000000000e+03 2.447000000000000000e+03
1.951000000000000000e+03 2.420000000000000000e+03
1.758000000000000000e+03 2.280000000000000000e+03
1.931000000000000000e+03 2.349000000000000000e+03
1.604000000000000000e+03 2.106000000000000000e+03
1.823000000000000000e+03 2.274000000000000000e+03
1.733000000000000000e+03 1.911000000000000000e+03
1.691000000000000000e+03 1.942000000000000000e+03
4.342000000000000000e+03 4.371000000000000000e+03
3.929000000000000000e+03 4.075000000000000000e+03
2.066000000000000000e+03 2.420000000000000000e+03
2.074000000000000000e+03 2.424000000000000000e+03
3.237000000000000000e+03 2.758000000000000000e+03
3.237000000000000000e+03 2.778000000000000000e+03
2.072000000000000000e+03 2.680000000000000000e+03
2.033000000000000000e+03 2.638000000000000000e+03
1.906000000000000000e+03 2.454000000000000000e+03
2.081000000000000000e+03 2.441000000000000000e+03
2.999000000000000000e+03 2.750000000000000000e+03
2.902000000000000000e+03 2.764000000000000000e+03
1.498000000000000000e+03 1.956000000000000000e+03
1.603000000000000000e+03 1.773000000000000000e+03
1.555000000000000000e+03 1.799000000000000000e+03
1.391000000000000000e+03 1.840000000000000000e+03
1.261000000000000000e+03 1.709000000000000000e+03
1.440000000000000000e+03 2.115000000000000000e+03
1.483000000000000000e+03 2.068000000000000000e+03
1.555000000000000000e+03 1.568000000000000000e+03
1.577000000000000000e+03 1.633000000000000000e+03
7.810000000000000000e+02 1.276000000000000000e+03
7.920000000000000000e+02 1.215000000000000000e+03
6.740000000000000000e+02 1.614000000000000000e+03
7.470000000000000000e+02 1.544000000000000000e+03
1.149000000000000000e+03 1.580000000000000000e+03
1.257000000000000000e+03 1.601000000000000000e+03
1.105000000000000000e+03 9.460000000000000000e+02
1.019000000000000000e+03 4.600000000000000000e+01
4.110000000000000000e+02 6.780000000000000000e+02
8.670000000000000000e+02 1.083000000000000000e+03
1.211000000000000000e+03 1.737000000000000000e+03
1.026000000000000000e+03 1.691000000000000000e+03
1.339000000000000000e+03 1.192000000000000000e+03
1.331000000000000000e+03 1.298000000000000000e+03
9.000000000000000000e+02 1.425000000000000000e+03
7.710000000000000000e+02 1.400000000000000000e+03
8.190000000000000000e+02 1.386000000000000000e+03
7.900000000000000000e+01 1.264000000000000000e+03
9.670000000000000000e+02 9.450000000000000000e+02
9.680000000000000000e+02 1.202000000000000000e+03
8.210000000000000000e+02 1.713000000000000000e+03
7.280000000000000000e+02 1.724000000000000000e+03
1.371000000000000000e+03 1.096000000000000000e+03
1.360000000000000000e+03 1.003000000000000000e+03
1.028000000000000000e+03 1.937000000000000000e+03
9.420000000000000000e+02 1.958000000000000000e+03
1.255000000000000000e+03 8.360000000000000000e+02
1.302000000000000000e+03 8.040000000000000000e+02
1.346000000000000000e+03 1.517000000000000000e+03
1.316000000000000000e+03 1.911000000000000000e+03
1.032000000000000000e+03 1.698000000000000000e+03
8.830000000000000000e+02 1.706000000000000000e+03
1.755000000000000000e+03 1.797000000000000000e+03
1.619000000000000000e+03 1.838000000000000000e+03
2.382000000000000000e+03 2.550000000000000000e+03
2.611000000000000000e+03 2.624000000000000000e+03
1.550000000000000000e+03 1.967000000000000000e+03
1.578000000000000000e+03 1.920000000000000000e+03
1.875000000000000000e+03 2.391000000000000000e+03
1.849000000000000000e+03 2.365000000000000000e+03
2.080000000000000000e+03 2.514000000000000000e+03
2.170000000000000000e+03 2.549000000000000000e+03
2.057000000000000000e+03 2.129000000000000000e+03
1.925000000000000000e+03 2.155000000000000000e+03
2.646000000000000000e+03 2.605000000000000000e+03
2.753000000000000000e+03 2.644000000000000000e+03
1.893000000000000000e+03 2.233000000000000000e+03
1.976000000000000000e+03 2.311000000000000000e+03
2.891000000000000000e+03 2.517000000000000000e+03
2.345000000000000000e+03 2.343000000000000000e+03
1.944000000000000000e+03 2.506000000000000000e+03
1.742000000000000000e+03 2.293000000000000000e+03
1.921000000000000000e+03 2.648000000000000000e+03
1.919000000000000000e+03 2.755000000000000000e+03
2.321000000000000000e+03 2.758000000000000000e+03
1.861000000000000000e+03 3.100000000000000000e+03
1.666000000000000000e+03 3.342000000000000000e+03
1.673000000000000000e+03 2.888000000000000000e+03
1.623000000000000000e+03 2.943000000000000000e+03
2.817000000000000000e+03 2.767000000000000000e+03
2.518000000000000000e+03 2.660000000000000000e+03
1.082000000000000000e+03 4.450000000000000000e+03
1.121000000000000000e+03 4.407000000000000000e+03
4.188000000000000000e+03 4.393000000000000000e+03
3.441000000000000000e+03 3.988000000000000000e+03
3.157000000000000000e+03 4.043000000000000000e+03
3.707000000000000000e+03 4.414000000000000000e+03
3.525000000000000000e+03 4.321000000000000000e+03
3.470000000000000000e+03 4.393000000000000000e+03
4.920000000000000000e+02 4.290000000000000000e+03
2.530000000000000000e+02 4.434000000000000000e+03
1.340000000000000000e+02 4.389000000000000000e+03
2.050000000000000000e+02 4.427000000000000000e+03
1.520000000000000000e+03 4.025000000000000000e+03
1.576000000000000000e+03 4.121000000000000000e+03
7.460000000000000000e+02 4.398000000000000000e+03
9.050000000000000000e+02 4.099000000000000000e+03
8.350000000000000000e+02 2.975000000000000000e+03
8.980000000000000000e+02 3.246000000000000000e+03
3.500000000000000000e+01 3.538000000000000000e+03
6.200000000000000000e+01 3.504000000000000000e+03
6.100000000000000000e+01 3.381000000000000000e+03
1.820000000000000000e+02 3.206000000000000000e+03
2.760000000000000000e+02 2.789000000000000000e+03
2.050000000000000000e+02 2.758000000000000000e+03
1.189000000000000000e+03 4.393000000000000000e+03
1.649000000000000000e+03 3.181000000000000000e+03
1.478000000000000000e+03 3.582000000000000000e+03
1.662000000000000000e+03 3.821000000000000000e+03
1.524000000000000000e+03 3.891000000000000000e+03
6.490000000000000000e+02 4.425000000000000000e+03
6.310000000000000000e+02 4.285000000000000000e+03
3.765000000000000000e+03 4.315000000000000000e+03
3.970000000000000000e+03 4.438000000000000000e+03
3.836000000000000000e+03 4.404000000000000000e+03
3.385000000000000000e+03 4.440000000000000000e+03
1.579000000000000000e+03 3.820000000000000000e+03
1.555000000000000000e+03 3.699000000000000000e+03
1.668000000000000000e+03 3.488000000000000000e+03
1.930000000000000000e+03 3.705000000000000000e+03
8.500000000000000000e+02 4.118000000000000000e+03
8.570000000000000000e+02 4.422000000000000000e+03
4.200000000000000000e+01 3.921000000000000000e+03
5.440000000000000000e+02 3.398000000000000000e+03
7.210000000000000000e+02 2.714000000000000000e+03
8.180000000000000000e+02 2.724000000000000000e+03
6.400000000000000000e+01 4.337000000000000000e+03
4.250000000000000000e+02 3.746000000000000000e+03
9.820000000000000000e+02 2.747000000000000000e+03
7.830000000000000000e+02 2.566000000000000000e+03
1.131000000000000000e+03 2.632000000000000000e+03
1.083000000000000000e+03 2.697000000000000000e+03
1.583000000000000000e+03 3.957000000000000000e+03
1.458000000000000000e+03 3.969000000000000000e+03
3.000000000000000000e+01 4.136000000000000000e+03
3.240000000000000000e+02 3.832000000000000000e+03
1.929000000000000000e+03 4.413000000000000000e+03
1.662000000000000000e+03 3.642000000000000000e+03
1.654000000000000000e+03 3.447000000000000000e+03
2.615000000000000000e+03 4.359000000000000000e+03
2.445000000000000000e+03 4.170000000000000000e+03
2.144000000000000000e+03 3.137000000000000000e+03
3.107000000000000000e+03 4.427000000000000000e+03
1.637000000000000000e+03 2.545000000000000000e+03
1.568000000000000000e+03 2.721000000000000000e+03
1.545000000000000000e+03 2.569000000000000000e+03
1.613000000000000000e+03 2.573000000000000000e+03
1.558000000000000000e+03 3.513000000000000000e+03
1.513000000000000000e+03 3.159000000000000000e+03
1.845000000000000000e+03 2.759000000000000000e+03
2.268000000000000000e+03 2.647000000000000000e+03
9.280000000000000000e+02 4.358000000000000000e+03
1.119000000000000000e+03 3.876000000000000000e+03
1.436000000000000000e+03 4.433000000000000000e+03
1.392000000000000000e+03 4.184000000000000000e+03
2.039000000000000000e+03 2.568000000000000000e+03
2.638000000000000000e+03 2.765000000000000000e+03
6.290000000000000000e+02 4.114000000000000000e+03
3.790000000000000000e+02 4.408000000000000000e+03
2.324000000000000000e+03 2.899000000000000000e+03
2.504000000000000000e+03 2.754000000000000000e+03
1.441000000000000000e+03 2.681000000000000000e+03
9.540000000000000000e+02 2.596000000000000000e+03
3.261000000000000000e+03 3.773000000000000000e+03
4.051000000000000000e+03 4.346000000000000000e+03
2.577000000000000000e+03 3.708000000000000000e+03
2.985000000000000000e+03 4.423000000000000000e+03
1.811000000000000000e+03 2.818000000000000000e+03
1.732000000000000000e+03 2.809000000000000000e+03
2.532000000000000000e+03 4.418000000000000000e+03
1.805000000000000000e+03 2.962000000000000000e+03
1.692000000000000000e+03 4.453000000000000000e+03
1.621000000000000000e+03 3.783000000000000000e+03
1.686000000000000000e+03 3.049000000000000000e+03
1.782000000000000000e+03 2.984000000000000000e+03
2.140000000000000000e+03 2.780000000000000000e+03
1.534000000000000000e+03 4.433000000000000000e+03
1.458000000000000000e+03 3.230000000000000000e+03
1.427000000000000000e+03 2.757000000000000000e+03
1.583000000000000000e+03 4.239000000000000000e+03
2.421000000000000000e+03 4.432000000000000000e+03
1.291000000000000000e+03 4.441000000000000000e+03
1.222000000000000000e+03 3.970000000000000000e+03
2.390000000000000000e+03 4.363000000000000000e+03
2.451000000000000000e+03 4.250000000000000000e+03
1.744000000000000000e+03 4.311000000000000000e+03
1.875000000000000000e+03 4.230000000000000000e+03
2.828000000000000000e+03 4.240000000000000000e+03
2.478000000000000000e+03 4.228000000000000000e+03
2.470000000000000000e+03 4.277000000000000000e+03
2.977000000000000000e+03 4.325000000000000000e+03
2.273000000000000000e+03 4.443000000000000000e+03
1.767000000000000000e+03 3.846000000000000000e+03
1.860000000000000000e+03 3.001000000000000000e+03
2.091000000000000000e+03 4.244000000000000000e+03
1.622000000000000000e+03 3.087000000000000000e+03
1.911000000000000000e+03 4.219000000000000000e+03
1.990000000000000000e+03 3.212000000000000000e+03
2.780000000000000000e+03 4.315000000000000000e+03
7.540000000000000000e+02 1.396000000000000000e+03
2.230000000000000000e+02 1.293000000000000000e+03
2.970000000000000000e+02 1.280000000000000000e+03
7.230000000000000000e+02 1.360000000000000000e+03
6.200000000000000000e+02 1.248000000000000000e+03
3.080000000000000000e+02 1.600000000000000000e+03
2.420000000000000000e+02 1.562000000000000000e+03
1.660000000000000000e+02 1.643000000000000000e+03
1.420000000000000000e+02 1.632000000000000000e+03
6.300000000000000000e+02 1.734000000000000000e+03
6.310000000000000000e+02 1.840000000000000000e+03
6.600000000000000000e+02 1.132000000000000000e+03
7.710000000000000000e+02 1.252000000000000000e+03
6.750000000000000000e+02 1.357000000000000000e+03
4.340000000000000000e+02 1.336000000000000000e+03
4.710000000000000000e+02 1.890000000000000000e+03
5.800000000000000000e+02 1.829000000000000000e+03
5.690000000000000000e+02 1.514000000000000000e+03
2.390000000000000000e+02 1.409000000000000000e+03
3.350000000000000000e+02 1.839000000000000000e+03
3.070000000000000000e+02 1.857000000000000000e+03
8.700000000000000000e+02 1.798000000000000000e+03
9.260000000000000000e+02 1.764000000000000000e+03
5.410000000000000000e+02 1.714000000000000000e+03
6.780000000000000000e+02 1.735000000000000000e+03
7.580000000000000000e+02 1.503000000000000000e+03
6.300000000000000000e+02 1.449000000000000000e+03
9.460000000000000000e+02 1.684000000000000000e+03
9.410000000000000000e+02 1.666000000000000000e+03
5.940000000000000000e+02 1.619000000000000000e+03
4.540000000000000000e+02 1.611000000000000000e+03
8.240000000000000000e+02 1.789000000000000000e+03
1.890000000000000000e+02 1.478000000000000000e+03
1.340000000000000000e+02 1.506000000000000000e+03
7.600000000000000000e+02 1.691000000000000000e+03
7.100000000000000000e+02 1.601000000000000000e+03
3.480000000000000000e+02 1.479000000000000000e+03
4.010000000000000000e+02 1.482000000000000000e+03
5.770000000000000000e+02 1.813000000000000000e+03
4.020000000000000000e+02 1.729000000000000000e+03
2.050000000000000000e+02 1.722000000000000000e+03
3.860000000000000000e+02 1.730000000000000000e+03
2.000000000000000000e+02 1.781000000000000000e+03
1.280000000000000000e+02 1.797000000000000000e+03
6.140000000000000000e+02 1.675000000000000000e+03
8.170000000000000000e+02 1.737000000000000000e+03
6.800000000000000000e+02 1.313000000000000000e+03
6.920000000000000000e+02 1.240000000000000000e+03
3.290000000000000000e+02 1.197000000000000000e+03
3.420000000000000000e+02 1.169000000000000000e+03
1.470000000000000000e+02 1.154000000000000000e+03
2.270000000000000000e+02 1.159000000000000000e+03
5.340000000000000000e+02 1.218000000000000000e+03
5.060000000000000000e+02 1.221000000000000000e+03
1.320000000000000000e+02 1.951000000000000000e+03
1.230000000000000000e+02 1.895000000000000000e+03
1.410000000000000000e+02 9.610000000000000000e+02
1.280000000000000000e+02 9.800000000000000000e+02
5.370000000000000000e+02 1.449000000000000000e+03
4.910000000000000000e+02 1.468000000000000000e+03
7.980000000000000000e+02 1.521000000000000000e+03
6.120000000000000000e+02 1.723000000000000000e+03
1.133000000000000000e+03 2.135000000000000000e+03
9.000000000000000000e+02 2.319000000000000000e+03
9.230000000000000000e+02 2.312000000000000000e+03
9.020000000000000000e+02 1.936000000000000000e+03
8.270000000000000000e+02 1.996000000000000000e+03
1.010000000000000000e+03 2.297000000000000000e+03
1.061000000000000000e+03 2.322000000000000000e+03
1.086000000000000000e+03 2.251000000000000000e+03
1.161000000000000000e+03 2.178000000000000000e+03
7.780000000000000000e+02 2.392000000000000000e+03
8.710000000000000000e+02 2.263000000000000000e+03
7.340000000000000000e+02 2.235000000000000000e+03
7.460000000000000000e+02 2.209000000000000000e+03
8.490000000000000000e+02 2.405000000000000000e+03
8.520000000000000000e+02 2.459000000000000000e+03
7.800000000000000000e+02 2.226000000000000000e+03
8.690000000000000000e+02 2.218000000000000000e+03
6.940000000000000000e+02 1.970000000000000000e+03
6.610000000000000000e+02 1.958000000000000000e+03
7.010000000000000000e+02 2.100000000000000000e+03
8.620000000000000000e+02 2.100000000000000000e+03
8.020000000000000000e+02 2.338000000000000000e+03
6.830000000000000000e+02 2.452000000000000000e+03
1.103000000000000000e+03 2.066000000000000000e+03
1.137000000000000000e+03 2.222000000000000000e+03
9.570000000000000000e+02 2.129000000000000000e+03
8.710000000000000000e+02 2.132000000000000000e+03
6.360000000000000000e+02 2.275000000000000000e+03
5.450000000000000000e+02 2.346000000000000000e+03
5.130000000000000000e+02 2.217000000000000000e+03
5.990000000000000000e+02 2.156000000000000000e+03
2.720000000000000000e+02 2.105000000000000000e+03
2.160000000000000000e+02 2.065000000000000000e+03
3.790000000000000000e+02 2.309000000000000000e+03
5.250000000000000000e+02 2.302000000000000000e+03
3.900000000000000000e+02 2.160000000000000000e+03
4.150000000000000000e+02 2.197000000000000000e+03
8.720000000000000000e+02 2.165000000000000000e+03
9.740000000000000000e+02 2.118000000000000000e+03
5.530000000000000000e+02 2.038000000000000000e+03
5.030000000000000000e+02 2.010000000000000000e+03
5.280000000000000000e+02 2.069000000000000000e+03
2.520000000000000000e+02 1.989000000000000000e+03
3.820000000000000000e+02 2.008000000000000000e+03
3.410000000000000000e+02 2.074000000000000000e+03
9.560000000000000000e+02 2.077000000000000000e+03
9.620000000000000000e+02 2.105000000000000000e+03
2.570000000000000000e+02 2.200000000000000000e+03
2.700000000000000000e+02 2.225000000000000000e+03
1.268000000000000000e+03 2.248000000000000000e+03
1.101000000000000000e+03 2.283000000000000000e+03
1.350000000000000000e+03 2.381000000000000000e+03
1.276000000000000000e+03 2.292000000000000000e+03
1.246000000000000000e+03 2.717000000000000000e+03
1.246000000000000000e+03 2.747000000000000000e+03
1.400000000000000000e+03 3.012000000000000000e+03
1.564000000000000000e+03 3.257000000000000000e+03
1.341000000000000000e+03 2.382000000000000000e+03
1.363000000000000000e+03 2.424000000000000000e+03
1.354000000000000000e+03 2.384000000000000000e+03
1.436000000000000000e+03 2.494000000000000000e+03
1.038000000000000000e+03 2.434000000000000000e+03
1.006000000000000000e+03 2.463000000000000000e+03
1.552000000000000000e+03 1.529000000000000000e+03
1.609000000000000000e+03 1.033000000000000000e+03
1.580000000000000000e+03 1.209000000000000000e+03
1.122000000000000000e+03 3.420000000000000000e+02
1.141000000000000000e+03 3.930000000000000000e+02
1.339000000000000000e+03 6.920000000000000000e+02
4.380000000000000000e+02 1.277000000000000000e+03
1.163000000000000000e+03 1.140000000000000000e+03
1.110000000000000000e+03 1.037000000000000000e+03
6.230000000000000000e+02 7.060000000000000000e+02
5.380000000000000000e+02 6.400000000000000000e+02
1.017000000000000000e+03 4.270000000000000000e+02
1.004000000000000000e+03 4.750000000000000000e+02
2.401000000000000000e+03 1.929000000000000000e+03
2.409000000000000000e+03 1.870000000000000000e+03
8.280000000000000000e+02 3.940000000000000000e+02
7.890000000000000000e+02 3.150000000000000000e+02
1.738000000000000000e+03 1.073000000000000000e+03
8.090000000000000000e+02 6.100000000000000000e+02
7.400000000000000000e+01 7.430000000000000000e+02
1.540000000000000000e+02 7.260000000000000000e+02
5.670000000000000000e+02 5.100000000000000000e+02
5.380000000000000000e+02 5.390000000000000000e+02
4.480000000000000000e+02 3.170000000000000000e+02
9.870000000000000000e+02 1.096000000000000000e+03
1.616000000000000000e+03 1.165000000000000000e+03
3.980000000000000000e+02 1.058000000000000000e+03
4.270000000000000000e+02 1.670000000000000000e+02
5.860000000000000000e+02 3.740000000000000000e+02
2.100000000000000000e+02 4.510000000000000000e+02
1.330000000000000000e+02 4.850000000000000000e+02
7.910000000000000000e+02 1.275000000000000000e+03
3.540000000000000000e+02 7.810000000000000000e+02
3.490000000000000000e+02 8.200000000000000000e+02
2.080000000000000000e+02 6.620000000000000000e+02
6.310000000000000000e+02 9.710000000000000000e+02
1.430000000000000000e+02 6.360000000000000000e+02
2.390000000000000000e+02 6.790000000000000000e+02
7.610000000000000000e+02 6.290000000000000000e+02
7.120000000000000000e+02 6.130000000000000000e+02
1.616000000000000000e+03 1.088000000000000000e+03
8.290000000000000000e+02 1.177000000000000000e+03
5.990000000000000000e+02 4.570000000000000000e+02
5.900000000000000000e+02 4.380000000000000000e+02
4.230000000000000000e+02 4.600000000000000000e+02
4.730000000000000000e+02 5.330000000000000000e+02
2.590000000000000000e+02 1.012000000000000000e+03
2.490000000000000000e+02 1.018000000000000000e+03
8.450000000000000000e+02 1.302000000000000000e+03
1.784000000000000000e+03 1.453000000000000000e+03
8.150000000000000000e+02 9.940000000000000000e+02
7.990000000000000000e+02 1.032000000000000000e+03
3.380000000000000000e+02 2.490000000000000000e+02
3.570000000000000000e+02 3.600000000000000000e+02
4.980000000000000000e+02 7.960000000000000000e+02
5.610000000000000000e+02 8.870000000000000000e+02
5.800000000000000000e+02 3.420000000000000000e+02
4.920000000000000000e+02 4.700000000000000000e+01
8.060000000000000000e+02 1.050000000000000000e+03
7.630000000000000000e+02 1.000000000000000000e+03
3.260000000000000000e+02 9.210000000000000000e+02
3.560000000000000000e+02 9.020000000000000000e+02
8.070000000000000000e+02 1.013000000000000000e+03
6.950000000000000000e+02 1.037000000000000000e+03
5.940000000000000000e+02 9.700000000000000000e+02
9.590000000000000000e+02 7.310000000000000000e+02
9.820000000000000000e+02 7.730000000000000000e+02
5.060000000000000000e+02 1.163000000000000000e+03
3.740000000000000000e+02 1.498000000000000000e+03
5.810000000000000000e+02 3.330000000000000000e+02
6.840000000000000000e+02 3.990000000000000000e+02
9.120000000000000000e+02 1.950000000000000000e+02
8.610000000000000000e+02 3.120000000000000000e+02
1.044000000000000000e+03 2.520000000000000000e+02
1.025000000000000000e+03 1.930000000000000000e+02
9.580000000000000000e+02 8.230000000000000000e+02
9.870000000000000000e+02 8.930000000000000000e+02
7.680000000000000000e+02 5.500000000000000000e+01
8.760000000000000000e+02 6.370000000000000000e+02
8.230000000000000000e+02 7.950000000000000000e+02
9.330000000000000000e+02 1.025000000000000000e+03
7.220000000000000000e+02 9.100000000000000000e+02
7.190000000000000000e+02 9.770000000000000000e+02
1.035000000000000000e+03 1.153000000000000000e+03
9.970000000000000000e+02 1.208000000000000000e+03
4.100000000000000000e+02 1.025000000000000000e+03
5.290000000000000000e+02 1.112000000000000000e+03
4.760000000000000000e+02 9.470000000000000000e+02
6.570000000000000000e+02 1.014000000000000000e+03
7.150000000000000000e+02 4.130000000000000000e+02
8.610000000000000000e+02 9.050000000000000000e+02
8.900000000000000000e+02 7.400000000000000000e+02
9.500000000000000000e+02 6.020000000000000000e+02
1.705000000000000000e+03 1.697000000000000000e+03
9.660000000000000000e+02 1.073000000000000000e+03
8.500000000000000000e+02 5.480000000000000000e+02
8.710000000000000000e+02 5.590000000000000000e+02
6.240000000000000000e+02 1.320000000000000000e+02
6.410000000000000000e+02 4.900000000000000000e+01
1.066000000000000000e+03 1.908000000000000000e+03
1.614000000000000000e+03 9.050000000000000000e+02
2.166000000000000000e+03 1.902000000000000000e+03
1.930000000000000000e+03 1.792000000000000000e+03
6.580000000000000000e+02 7.820000000000000000e+02
7.200000000000000000e+02 8.050000000000000000e+02
3.027000000000000000e+03 8.810000000000000000e+02
1.786000000000000000e+03 8.150000000000000000e+02
9.620000000000000000e+02 3.790000000000000000e+02
9.170000000000000000e+02 2.930000000000000000e+02
3.020000000000000000e+02 4.030000000000000000e+02
3.380000000000000000e+02 3.750000000000000000e+02
1.710000000000000000e+03 1.393000000000000000e+03
1.573000000000000000e+03 1.134000000000000000e+03
2.540000000000000000e+02 5.280000000000000000e+02
3.260000000000000000e+02 5.390000000000000000e+02
1.624000000000000000e+03 1.222000000000000000e+03
2.735000000000000000e+03 7.490000000000000000e+02
1.626000000000000000e+03 1.874000000000000000e+03
7.400000000000000000e+02 9.430000000000000000e+02
6.980000000000000000e+02 2.240000000000000000e+02
8.190000000000000000e+02 3.170000000000000000e+02
8.390000000000000000e+02 1.172000000000000000e+03
7.290000000000000000e+02 1.882000000000000000e+03
1.115000000000000000e+03 5.350000000000000000e+02
1.093000000000000000e+03 5.870000000000000000e+02
1.203000000000000000e+03 9.010000000000000000e+02
1.232000000000000000e+03 8.160000000000000000e+02
2.433000000000000000e+03 1.924000000000000000e+03
4.315000000000000000e+03 2.426000000000000000e+03
4.210000000000000000e+03 2.453000000000000000e+03
4.428000000000000000e+03 2.493000000000000000e+03
4.397000000000000000e+03 2.479000000000000000e+03
4.185000000000000000e+03 2.656000000000000000e+03
4.225000000000000000e+03 2.622000000000000000e+03
4.022000000000000000e+03 2.440000000000000000e+03
4.027000000000000000e+03 2.486000000000000000e+03
3.821000000000000000e+03 2.397000000000000000e+03
3.842000000000000000e+03 2.445000000000000000e+03
2.739000000000000000e+03 2.032000000000000000e+03
3.371000000000000000e+03 2.241000000000000000e+03
3.942000000000000000e+03 1.183000000000000000e+03
3.826000000000000000e+03 1.431000000000000000e+03
3.275000000000000000e+03 1.206000000000000000e+03
3.323000000000000000e+03 1.219000000000000000e+03
3.051000000000000000e+03 2.365000000000000000e+03
3.145000000000000000e+03 1.619000000000000000e+03
3.651000000000000000e+03 1.346000000000000000e+03
3.805000000000000000e+03 1.159000000000000000e+03
3.912000000000000000e+03 2.472000000000000000e+03
4.064000000000000000e+03 2.610000000000000000e+03
4.440000000000000000e+03 2.212000000000000000e+03
4.180000000000000000e+03 2.260000000000000000e+03
3.275000000000000000e+03 2.276000000000000000e+03
3.258000000000000000e+03 2.336000000000000000e+03
3.981000000000000000e+03 2.532000000000000000e+03
4.439000000000000000e+03 2.663000000000000000e+03
3.045000000000000000e+03 2.285000000000000000e+03
3.504000000000000000e+03 2.453000000000000000e+03
4.187000000000000000e+03 2.774000000000000000e+03
4.053000000000000000e+03 2.538000000000000000e+03
4.327000000000000000e+03 2.566000000000000000e+03
3.956000000000000000e+03 2.655000000000000000e+03
4.321000000000000000e+03 2.756000000000000000e+03
4.451000000000000000e+03 2.357000000000000000e+03
4.270000000000000000e+03 2.348000000000000000e+03
3.868000000000000000e+03 2.540000000000000000e+03
3.545000000000000000e+03 2.488000000000000000e+03
3.490000000000000000e+03 2.547000000000000000e+03
3.617000000000000000e+03 2.579000000000000000e+03
3.068000000000000000e+03 2.260000000000000000e+03
3.123000000000000000e+03 2.340000000000000000e+03
3.486000000000000000e+03 2.036000000000000000e+03
4.398000000000000000e+03 2.011000000000000000e+03
3.623000000000000000e+03 2.294000000000000000e+03
4.178000000000000000e+03 2.502000000000000000e+03
3.555000000000000000e+03 2.503000000000000000e+03
4.047000000000000000e+03 2.747000000000000000e+03
3.415000000000000000e+03 2.383000000000000000e+03
3.098000000000000000e+03 2.306000000000000000e+03
3.985000000000000000e+03 2.237000000000000000e+03
3.959000000000000000e+03 2.300000000000000000e+03
3.519000000000000000e+03 2.232000000000000000e+03
3.865000000000000000e+03 2.134000000000000000e+03
4.345000000000000000e+03 2.113000000000000000e+03
3.187000000000000000e+03 2.167000000000000000e+03
4.216000000000000000e+03 1.935000000000000000e+03
4.055000000000000000e+03 2.342000000000000000e+03
3.070000000000000000e+03 2.457000000000000000e+03
2.757000000000000000e+03 1.088000000000000000e+03
3.165000000000000000e+03 1.237000000000000000e+03
2.595000000000000000e+03 1.500000000000000000e+03
2.734000000000000000e+03 2.560000000000000000e+03
3.061000000000000000e+03 1.240000000000000000e+02
3.075000000000000000e+03 6.700000000000000000e+01
2.277000000000000000e+03 1.430000000000000000e+02
2.254000000000000000e+03 4.500000000000000000e+01
3.003000000000000000e+03 1.201000000000000000e+03
2.970000000000000000e+03 1.247000000000000000e+03
2.988000000000000000e+03 1.137000000000000000e+03
2.896000000000000000e+03 1.447000000000000000e+03
3.600000000000000000e+03 1.209000000000000000e+03
3.633000000000000000e+03 1.205000000000000000e+03
3.469000000000000000e+03 1.179000000000000000e+03
3.367000000000000000e+03 1.230000000000000000e+03
3.447000000000000000e+03 8.600000000000000000e+01
3.258000000000000000e+03 5.420000000000000000e+02
2.450000000000000000e+03 1.710000000000000000e+02
2.428000000000000000e+03 1.140000000000000000e+02
2.878000000000000000e+03 3.240000000000000000e+02
2.885000000000000000e+03 7.900000000000000000e+01
2.628000000000000000e+03 9.200000000000000000e+01
2.568000000000000000e+03 3.280000000000000000e+02
4.059000000000000000e+03 9.300000000000000000e+01
4.056000000000000000e+03 8.200000000000000000e+01
2.952000000000000000e+03 9.880000000000000000e+02
3.065000000000000000e+03 9.560000000000000000e+02
2.771000000000000000e+03 3.500000000000000000e+01
2.755000000000000000e+03 9.000000000000000000e+01
2.696000000000000000e+03 1.225000000000000000e+03
2.780000000000000000e+03 1.209000000000000000e+03
1.784000000000000000e+03 2.150000000000000000e+02
2.175000000000000000e+03 7.640000000000000000e+02
2.663000000000000000e+03 1.313000000000000000e+03
2.623000000000000000e+03 1.484000000000000000e+03
2.763000000000000000e+03 1.569000000000000000e+03
2.740000000000000000e+03 1.419000000000000000e+03
4.190000000000000000e+03 1.292000000000000000e+03
4.193000000000000000e+03 4.800000000000000000e+01
3.629000000000000000e+03 6.240000000000000000e+02
3.548000000000000000e+03 6.400000000000000000e+01
3.589000000000000000e+03 1.222000000000000000e+03
3.719000000000000000e+03 1.272000000000000000e+03
2.163000000000000000e+03 1.340000000000000000e+02
2.131000000000000000e+03 4.800000000000000000e+01
3.471000000000000000e+03 8.810000000000000000e+02
2.974000000000000000e+03 3.760000000000000000e+02
3.513000000000000000e+03 2.170000000000000000e+02
2.614000000000000000e+03 5.870000000000000000e+02
3.568000000000000000e+03 4.610000000000000000e+02
2.300000000000000000e+03 8.140000000000000000e+02
3.224000000000000000e+03 3.620000000000000000e+02
3.095000000000000000e+03 3.750000000000000000e+02
2.941000000000000000e+03 4.300000000000000000e+02
3.735000000000000000e+03 4.300000000000000000e+01
2.505000000000000000e+03 1.180000000000000000e+02
3.739000000000000000e+03 1.250000000000000000e+02
2.004000000000000000e+03 1.240000000000000000e+02
2.574000000000000000e+03 9.120000000000000000e+02
4.356000000000000000e+03 1.300000000000000000e+02
2.669000000000000000e+03 1.258000000000000000e+03
5.400000000000000000e+02 1.713000000000000000e+03
5.730000000000000000e+02 4.271000000000000000e+03
5.220000000000000000e+02 4.365000000000000000e+03
2.667000000000000000e+03 1.395000000000000000e+03
1.400000000000000000e+03 9.120000000000000000e+02
4.310000000000000000e+02 6.110000000000000000e+02
6.400000000000000000e+01 6.290000000000000000e+02
2.400000000000000000e+02 2.365000000000000000e+03
1.170000000000000000e+02 2.337000000000000000e+03
3.530000000000000000e+02 2.709000000000000000e+03
4.180000000000000000e+02 2.632000000000000000e+03
8.560000000000000000e+02 2.412000000000000000e+03
8.110000000000000000e+02 2.488000000000000000e+03
1.230000000000000000e+02 2.252000000000000000e+03
1.050000000000000000e+02 2.245000000000000000e+03
2.984000000000000000e+03 1.656000000000000000e+03
4.358000000000000000e+03 2.974000000000000000e+03
6.350000000000000000e+02 1.141000000000000000e+03
3.165000000000000000e+03 2.812000000000000000e+03
8.300000000000000000e+01 2.633000000000000000e+03
1.420000000000000000e+02 2.630000000000000000e+03
2.124000000000000000e+03 2.122000000000000000e+03
1.526000000000000000e+03 1.901000000000000000e+03
4.220000000000000000e+02 2.012000000000000000e+03
1.790000000000000000e+02 1.733000000000000000e+03
7.500000000000000000e+01 2.745000000000000000e+03
7.000000000000000000e+01 2.783000000000000000e+03
4.510000000000000000e+02 1.591000000000000000e+03
2.880000000000000000e+02 2.136000000000000000e+03
6.100000000000000000e+01 3.693000000000000000e+03
4.200000000000000000e+01 3.680000000000000000e+03
1.328000000000000000e+03 1.360000000000000000e+03
8.000000000000000000e+01 2.073000000000000000e+03
4.510000000000000000e+02 2.434000000000000000e+03
8.100000000000000000e+02 2.730000000000000000e+03
8.600000000000000000e+02 2.742000000000000000e+03
8.350000000000000000e+02 3.475000000000000000e+03
2.537000000000000000e+03 3.055000000000000000e+03
1.173000000000000000e+03 2.745000000000000000e+03
1.553000000000000000e+03 2.892000000000000000e+03
1.092000000000000000e+03 2.698000000000000000e+03
1.017000000000000000e+03 2.767000000000000000e+03
5.500000000000000000e+01 3.156000000000000000e+03
1.135000000000000000e+03 3.055000000000000000e+03
6.510000000000000000e+02 2.776000000000000000e+03
1.299000000000000000e+03 2.944000000000000000e+03
4.930000000000000000e+02 2.595000000000000000e+03
4.070000000000000000e+02 2.587000000000000000e+03
2.372000000000000000e+03 3.388000000000000000e+03
1.579000000000000000e+03 2.588000000000000000e+03
3.680000000000000000e+02 2.519000000000000000e+03
4.580000000000000000e+02 2.458000000000000000e+03
1.890000000000000000e+02 2.547000000000000000e+03
3.350000000000000000e+02 2.462000000000000000e+03
1.289000000000000000e+03 1.327000000000000000e+03
6.250000000000000000e+02 1.692000000000000000e+03
3.531000000000000000e+03 2.898000000000000000e+03
4.310000000000000000e+02 1.511000000000000000e+03
4.400000000000000000e+01 2.990000000000000000e+03
5.100000000000000000e+01 2.934000000000000000e+03
7.120000000000000000e+02 2.303000000000000000e+03
5.800000000000000000e+02 2.388000000000000000e+03
9.170000000000000000e+02 1.590000000000000000e+03
4.260000000000000000e+02 8.120000000000000000e+02
2.860000000000000000e+02 7.680000000000000000e+02
3.750000000000000000e+02 3.300000000000000000e+02
9.840000000000000000e+02 2.560000000000000000e+02
1.167000000000000000e+03 1.980000000000000000e+03
2.800000000000000000e+02 4.600000000000000000e+02
4.040000000000000000e+02 2.037000000000000000e+03
3.000000000000000000e+02 9.890000000000000000e+02
2.510000000000000000e+02 1.480000000000000000e+03
4.730000000000000000e+02 1.740000000000000000e+02
1.200000000000000000e+01 2.098000000000000000e+03
3.400000000000000000e+02 2.680000000000000000e+02
2.200000000000000000e+02 4.650000000000000000e+02
3.330000000000000000e+02 5.920000000000000000e+02
1.137000000000000000e+03 3.273000000000000000e+03
3.131000000000000000e+03 3.885000000000000000e+03
4.790000000000000000e+02 2.726000000000000000e+03
4.980000000000000000e+02 2.744000000000000000e+03
5.550000000000000000e+02 2.611000000000000000e+03
6.030000000000000000e+02 2.573000000000000000e+03
6.090000000000000000e+02 2.567000000000000000e+03
2.730000000000000000e+02 1.192000000000000000e+03
4.700000000000000000e+02 2.352000000000000000e+03
2.645000000000000000e+03 3.373000000000000000e+03
2.110000000000000000e+02 2.416000000000000000e+03
3.300000000000000000e+02 2.421000000000000000e+03
4.960000000000000000e+02 2.479000000000000000e+03
5.670000000000000000e+02 2.461000000000000000e+03
1.883000000000000000e+03 2.737000000000000000e+03
3.870000000000000000e+03 3.734000000000000000e+03
2.960000000000000000e+03 2.461000000000000000e+03
2.934000000000000000e+03 2.426000000000000000e+03
3.269000000000000000e+03 2.637000000000000000e+03
3.268000000000000000e+03 2.658000000000000000e+03
3.414000000000000000e+03 2.633000000000000000e+03
3.319000000000000000e+03 2.555000000000000000e+03
3.366000000000000000e+03 2.499000000000000000e+03
3.323000000000000000e+03 2.545000000000000000e+03
3.029000000000000000e+03 2.464000000000000000e+03
3.088000000000000000e+03 2.426000000000000000e+03
3.465000000000000000e+03 2.760000000000000000e+03
3.501000000000000000e+03 2.758000000000000000e+03
3.873000000000000000e+03 2.662000000000000000e+03
3.911000000000000000e+03 2.610000000000000000e+03
3.713000000000000000e+03 2.622000000000000000e+03
3.711000000000000000e+03 2.597000000000000000e+03
3.907000000000000000e+03 2.769000000000000000e+03
3.874000000000000000e+03 2.768000000000000000e+03
3.556000000000000000e+03 2.488000000000000000e+03
3.982000000000000000e+03 2.666000000000000000e+03
3.668000000000000000e+03 2.467000000000000000e+03
3.707000000000000000e+03 2.472000000000000000e+03
4.468000000000000000e+03 2.876000000000000000e+03
4.466000000000000000e+03 2.884000000000000000e+03
3.620000000000000000e+03 2.769000000000000000e+03
3.593000000000000000e+03 2.748000000000000000e+03
3.190000000000000000e+03 2.484000000000000000e+03
3.399000000000000000e+03 2.551000000000000000e+03
3.761000000000000000e+03 2.759000000000000000e+03
3.723000000000000000e+03 2.767000000000000000e+03
3.270000000000000000e+03 2.510000000000000000e+03
3.550000000000000000e+03 2.552000000000000000e+03
2.368000000000000000e+03 2.007000000000000000e+03
2.402000000000000000e+03 1.763000000000000000e+03
2.383000000000000000e+03 1.842000000000000000e+03
2.174000000000000000e+03 2.108000000000000000e+03
2.208000000000000000e+03 2.133000000000000000e+03
2.456000000000000000e+03 1.986000000000000000e+03
2.373000000000000000e+03 2.017000000000000000e+03
2.345000000000000000e+03 2.543000000000000000e+03
2.348000000000000000e+03 2.452000000000000000e+03
2.531000000000000000e+03 2.339000000000000000e+03
2.354000000000000000e+03 2.258000000000000000e+03
2.822000000000000000e+03 2.511000000000000000e+03
3.018000000000000000e+03 2.559000000000000000e+03
2.449000000000000000e+03 2.159000000000000000e+03
2.461000000000000000e+03 2.135000000000000000e+03
3.546000000000000000e+03 2.461000000000000000e+03
3.487000000000000000e+03 2.398000000000000000e+03
2.718000000000000000e+03 2.495000000000000000e+03
2.826000000000000000e+03 2.480000000000000000e+03
2.525000000000000000e+03 2.269000000000000000e+03
2.623000000000000000e+03 2.334000000000000000e+03
3.096000000000000000e+03 2.633000000000000000e+03
3.150000000000000000e+03 2.596000000000000000e+03
1.934000000000000000e+03 1.397000000000000000e+03
1.983000000000000000e+03 1.533000000000000000e+03
1.972000000000000000e+03 1.787000000000000000e+03
1.938000000000000000e+03 1.817000000000000000e+03
2.155000000000000000e+03 1.952000000000000000e+03
2.165000000000000000e+03 1.959000000000000000e+03
2.596000000000000000e+03 2.496000000000000000e+03
2.646000000000000000e+03 2.450000000000000000e+03
2.226000000000000000e+03 1.575000000000000000e+03
1.691000000000000000e+03 6.940000000000000000e+02
1.779000000000000000e+03 8.140000000000000000e+02
2.174000000000000000e+03 1.569000000000000000e+03
2.102000000000000000e+03 1.672000000000000000e+03
3.276000000000000000e+03 5.100000000000000000e+01
3.010000000000000000e+03 2.320000000000000000e+02
3.392000000000000000e+03 2.365000000000000000e+03
3.410000000000000000e+03 2.419000000000000000e+03
2.385000000000000000e+03 2.148000000000000000e+03
2.444000000000000000e+03 2.149000000000000000e+03
1.920000000000000000e+03 1.399000000000000000e+03
1.779000000000000000e+03 1.278000000000000000e+03
2.258000000000000000e+03 1.899000000000000000e+03
2.293000000000000000e+03 1.980000000000000000e+03
2.122000000000000000e+03 1.849000000000000000e+03
2.139000000000000000e+03 1.804000000000000000e+03
2.260000000000000000e+03 2.290000000000000000e+03
2.242000000000000000e+03 2.269000000000000000e+03
2.322000000000000000e+03 2.417000000000000000e+03
2.248000000000000000e+03 2.461000000000000000e+03
2.288000000000000000e+03 2.035000000000000000e+03
2.422000000000000000e+03 2.231000000000000000e+03
3.202000000000000000e+03 2.499000000000000000e+03
2.999000000000000000e+03 2.447000000000000000e+03
2.496000000000000000e+03 2.559000000000000000e+03
2.465000000000000000e+03 2.563000000000000000e+03
2.485000000000000000e+03 1.890000000000000000e+03
2.478000000000000000e+03 1.887000000000000000e+03
2.569000000000000000e+03 2.286000000000000000e+03
2.324000000000000000e+03 2.188000000000000000e+03
2.229000000000000000e+03 1.407000000000000000e+03
1.662000000000000000e+03 1.095000000000000000e+03
1.632000000000000000e+03 1.141000000000000000e+03
1.760000000000000000e+03 1.428000000000000000e+03
1.755000000000000000e+03 1.396000000000000000e+03
1.938000000000000000e+03 1.523000000000000000e+03
2.013000000000000000e+03 1.446000000000000000e+03
1.965000000000000000e+03 1.201000000000000000e+03
1.930000000000000000e+03 1.279000000000000000e+03
1.758000000000000000e+03 1.572000000000000000e+03
1.781000000000000000e+03 1.511000000000000000e+03
2.075000000000000000e+03 1.229000000000000000e+03
2.082000000000000000e+03 1.275000000000000000e+03
2.061000000000000000e+03 1.545000000000000000e+03
2.228000000000000000e+03 1.379000000000000000e+03
2.026000000000000000e+03 1.905000000000000000e+03
2.032000000000000000e+03 1.921000000000000000e+03
1.817000000000000000e+03 9.080000000000000000e+02
1.731000000000000000e+03 8.750000000000000000e+02
2.038000000000000000e+03 1.671000000000000000e+03
2.118000000000000000e+03 1.450000000000000000e+03
2.080000000000000000e+03 1.415000000000000000e+03
2.102000000000000000e+03 1.369000000000000000e+03
1.651000000000000000e+03 8.660000000000000000e+02
1.634000000000000000e+03 9.020000000000000000e+02
2.039000000000000000e+03 1.600000000000000000e+03
1.925000000000000000e+03 1.452000000000000000e+03
1.648000000000000000e+03 1.213000000000000000e+03
1.646000000000000000e+03 1.271000000000000000e+03
1.938000000000000000e+03 1.576000000000000000e+03
1.954000000000000000e+03 1.569000000000000000e+03
1.896000000000000000e+03 1.980000000000000000e+02
1.888000000000000000e+03 6.500000000000000000e+01
1.779000000000000000e+03 3.960000000000000000e+02
1.784000000000000000e+03 4.240000000000000000e+02
2.320000000000000000e+03 1.165000000000000000e+03
2.401000000000000000e+03 1.413000000000000000e+03
2.670000000000000000e+03 1.244000000000000000e+03
2.614000000000000000e+03 1.230000000000000000e+03
1.796000000000000000e+03 5.720000000000000000e+02
1.745000000000000000e+03 5.620000000000000000e+02
2.218000000000000000e+03 1.222000000000000000e+03
2.475000000000000000e+03 1.229000000000000000e+03
1.783000000000000000e+03 1.122000000000000000e+03
1.812000000000000000e+03 1.172000000000000000e+03
2.128000000000000000e+03 1.410000000000000000e+03
2.186000000000000000e+03 1.370000000000000000e+03
2.342000000000000000e+03 1.510000000000000000e+03
2.463000000000000000e+03 1.491000000000000000e+03
4.317000000000000000e+03 1.296000000000000000e+03
4.123000000000000000e+03 1.346000000000000000e+03
3.292000000000000000e+03 1.298000000000000000e+03
3.404000000000000000e+03 1.284000000000000000e+03
2.808000000000000000e+03 1.300000000000000000e+03
2.569000000000000000e+03 1.502000000000000000e+03
2.191000000000000000e+03 1.304000000000000000e+03
2.337000000000000000e+03 1.230000000000000000e+03
2.359000000000000000e+03 1.395000000000000000e+03
2.402000000000000000e+03 1.447000000000000000e+03
2.429000000000000000e+03 1.453000000000000000e+03
2.408000000000000000e+03 1.432000000000000000e+03
2.401000000000000000e+03 1.272000000000000000e+03
2.459000000000000000e+03 1.207000000000000000e+03
1.776000000000000000e+03 1.501000000000000000e+03
1.597000000000000000e+03 1.960000000000000000e+02
1.576000000000000000e+03 2.680000000000000000e+02
1.218000000000000000e+03 1.097000000000000000e+03
1.231000000000000000e+03 1.095000000000000000e+03
1.414000000000000000e+03 1.159000000000000000e+03
1.405000000000000000e+03 1.193000000000000000e+03
1.384000000000000000e+03 9.000000000000000000e+02
1.429000000000000000e+03 9.040000000000000000e+02
1.723000000000000000e+03 1.459000000000000000e+03
1.468000000000000000e+03 1.039000000000000000e+03
1.414000000000000000e+03 3.960000000000000000e+02
1.380000000000000000e+03 3.790000000000000000e+02
1.892000000000000000e+03 9.900000000000000000e+02
1.656000000000000000e+03 1.091000000000000000e+03
2.095000000000000000e+03 1.259000000000000000e+03
2.089000000000000000e+03 1.283000000000000000e+03
2.059000000000000000e+03 1.391000000000000000e+03
2.116000000000000000e+03 1.404000000000000000e+03
1.805000000000000000e+03 1.301000000000000000e+03
1.360000000000000000e+03 9.380000000000000000e+02
1.280000000000000000e+03 6.570000000000000000e+02
1.278000000000000000e+03 6.720000000000000000e+02
1.246000000000000000e+03 6.490000000000000000e+02
1.228000000000000000e+03 6.620000000000000000e+02
4.480000000000000000e+03 2.040000000000000000e+02
4.450000000000000000e+03 1.420000000000000000e+02
1.676000000000000000e+03 9.920000000000000000e+02
1.717000000000000000e+03 9.820000000000000000e+02
1.813000000000000000e+03 1.092000000000000000e+03
1.514000000000000000e+03 7.060000000000000000e+02
3.047000000000000000e+03 1.558000000000000000e+03
4.441000000000000000e+03 1.841000000000000000e+03
4.328000000000000000e+03 1.795000000000000000e+03
4.419000000000000000e+03 1.488000000000000000e+03
4.435000000000000000e+03 1.457000000000000000e+03
2.672000000000000000e+03 1.520000000000000000e+03
3.125000000000000000e+03 1.434000000000000000e+03
4.360000000000000000e+03 1.181000000000000000e+03
4.440000000000000000e+03 1.179000000000000000e+03
2.912000000000000000e+03 1.404000000000000000e+03
2.903000000000000000e+03 1.428000000000000000e+03
3.901000000000000000e+03 6.300000000000000000e+01
3.872000000000000000e+03 6.900000000000000000e+01
2.637000000000000000e+03 1.369000000000000000e+03
2.792000000000000000e+03 1.035000000000000000e+03
4.145000000000000000e+03 1.214000000000000000e+03
4.198000000000000000e+03 1.205000000000000000e+03
3.292000000000000000e+03 1.357000000000000000e+03
3.482000000000000000e+03 1.395000000000000000e+03
3.086000000000000000e+03 1.252000000000000000e+03
2.760000000000000000e+03 1.432000000000000000e+03
4.059000000000000000e+03 1.232000000000000000e+03
4.014000000000000000e+03 1.289000000000000000e+03
4.395000000000000000e+03 1.710000000000000000e+03
4.345000000000000000e+03 1.724000000000000000e+03
3.427000000000000000e+03 1.491000000000000000e+03
2.780000000000000000e+03 1.564000000000000000e+03
2.860000000000000000e+03 1.532000000000000000e+03
3.246000000000000000e+03 1.151000000000000000e+03
4.368000000000000000e+03 1.566000000000000000e+03
4.438000000000000000e+03 1.630000000000000000e+03
1.566000000000000000e+03 7.440000000000000000e+02
1.439000000000000000e+03 7.040000000000000000e+02
1.381000000000000000e+03 7.080000000000000000e+02
1.377000000000000000e+03 9.610000000000000000e+02
1.393000000000000000e+03 1.016000000000000000e+03
1.362000000000000000e+03 5.780000000000000000e+02
1.363000000000000000e+03 5.160000000000000000e+02
1.186000000000000000e+03 2.520000000000000000e+02
1.222000000000000000e+03 2.100000000000000000e+02
1.441000000000000000e+03 7.100000000000000000e+02
1.483000000000000000e+03 1.127000000000000000e+03
1.605000000000000000e+03 2.890000000000000000e+02
1.650000000000000000e+03 3.600000000000000000e+01
1.536000000000000000e+03 1.011000000000000000e+03
1.557000000000000000e+03 9.520000000000000000e+02
1.484000000000000000e+03 1.212000000000000000e+03
1.478000000000000000e+03 1.153000000000000000e+03
1.500000000000000000e+03 6.000000000000000000e+02
1.467000000000000000e+03 5.820000000000000000e+02
1.581000000000000000e+03 6.470000000000000000e+02
1.590000000000000000e+03 6.630000000000000000e+02
1.437000000000000000e+03 1.113000000000000000e+03
1.522000000000000000e+03 1.191000000000000000e+03
2.230000000000000000e+02 3.400000000000000000e+02
4.200000000000000000e+02 5.000000000000000000e+02
1.474000000000000000e+03 9.960000000000000000e+02
1.503000000000000000e+03 1.081000000000000000e+03
1.425000000000000000e+03 5.790000000000000000e+02
1.306000000000000000e+03 1.170000000000000000e+02
1.482000000000000000e+03 1.990000000000000000e+02
1.553000000000000000e+03 5.900000000000000000e+01
1.314000000000000000e+03 1.780000000000000000e+02
1.349000000000000000e+03 1.970000000000000000e+02
1.519000000000000000e+03 1.142000000000000000e+03
1.536000000000000000e+03 9.810000000000000000e+02
1.748000000000000000e+03 1.720000000000000000e+02
1.766000000000000000e+03 1.520000000000000000e+02
1.615000000000000000e+03 7.680000000000000000e+02
1.682000000000000000e+03 4.980000000000000000e+02
1.351000000000000000e+03 1.248000000000000000e+03
1.541000000000000000e+03 1.240000000000000000e+03
1.503000000000000000e+03 8.450000000000000000e+02
1.538000000000000000e+03 7.840000000000000000e+02
1.482000000000000000e+03 1.397000000000000000e+03
1.580000000000000000e+03 1.305000000000000000e+03
1.473000000000000000e+03 1.127000000000000000e+03
1.496000000000000000e+03 1.113000000000000000e+03
1.242000000000000000e+03 3.600000000000000000e+02
1.295000000000000000e+03 3.750000000000000000e+02
1.380000000000000000e+03 8.340000000000000000e+02
1.467000000000000000e+03 1.073000000000000000e+03
1.605000000000000000e+03 1.132000000000000000e+03
1.515000000000000000e+03 1.459000000000000000e+03
1.463000000000000000e+03 2.300000000000000000e+02
1.447000000000000000e+03 1.780000000000000000e+02
1.580000000000000000e+03 4.040000000000000000e+02
1.544000000000000000e+03 4.530000000000000000e+02
1.672000000000000000e+03 3.300000000000000000e+02
1.871000000000000000e+03 3.540000000000000000e+02
2.781000000000000000e+03 1.370000000000000000e+03
2.430000000000000000e+03 1.399000000000000000e+03
1.716000000000000000e+03 1.343000000000000000e+03
1.587000000000000000e+03 8.650000000000000000e+02
1.030000000000000000e+02 2.820000000000000000e+03
2.613000000000000000e+03 1.340000000000000000e+03
1.847000000000000000e+03 1.700000000000000000e+02
1.728000000000000000e+03 2.830000000000000000e+03
