6.349000000000000000e+03 7.219000000000000000e+03
6.595000000000000000e+03 7.315000000000000000e+03
6.531000000000000000e+03 7.320000000000000000e+03
6.284000000000000000e+03 7.238000000000000000e+03
6.409000000000000000e+03 7.308000000000000000e+03
6.200000000000000000e+03 7.311000000000000000e+03
6.279000000000000000e+03 7.331000000000000000e+03
5.887000000000000000e+03 7.034000000000000000e+03
5.891000000000000000e+03 7.142000000000000000e+03
5.838000000000000000e+03 7.188000000000000000e+03
5.847000000000000000e+03 6.693000000000000000e+03
6.076000000000000000e+03 7.309000000000000000e+03
5.957000000000000000e+03 7.326000000000000000e+03
5.871000000000000000e+03 7.240000000000000000e+03
5.853000000000000000e+03 7.318000000000000000e+03
5.908000000000000000e+03 6.906000000000000000e+03
5.828000000000000000e+03 6.969000000000000000e+03
5.769000000000000000e+03 6.887000000000000000e+03
5.782000000000000000e+03 6.805000000000000000e+03
5.743000000000000000e+03 6.749000000000000000e+03
5.802000000000000000e+03 6.842000000000000000e+03
5.718000000000000000e+03 6.663000000000000000e+03
5.718000000000000000e+03 6.573000000000000000e+03
5.975000000000000000e+03 6.150000000000000000e+03
5.853000000000000000e+03 6.474000000000000000e+03
5.721000000000000000e+03 6.466000000000000000e+03
5.640000000000000000e+03 6.461000000000000000e+03
5.882000000000000000e+03 6.231000000000000000e+03
5.869000000000000000e+03 6.528000000000000000e+03
5.910000000000000000e+03 6.701000000000000000e+03
5.846000000000000000e+03 6.651000000000000000e+03
5.870000000000000000e+03 6.252000000000000000e+03
5.737000000000000000e+03 6.279000000000000000e+03
5.694000000000000000e+03 6.227000000000000000e+03
5.705000000000000000e+03 6.090000000000000000e+03
5.719000000000000000e+03 6.087000000000000000e+03
5.751000000000000000e+03 6.054000000000000000e+03
5.712000000000000000e+03 5.927000000000000000e+03
5.966000000000000000e+03 6.223000000000000000e+03
5.862000000000000000e+03 6.156000000000000000e+03
5.812000000000000000e+03 6.097000000000000000e+03
5.767000000000000000e+03 5.925000000000000000e+03
5.825000000000000000e+03 5.888000000000000000e+03
5.839000000000000000e+03 5.810000000000000000e+03
5.890000000000000000e+03 5.903000000000000000e+03
5.925000000000000000e+03 5.996000000000000000e+03
5.992000000000000000e+03 5.717000000000000000e+03
6.085000000000000000e+03 5.421000000000000000e+03
6.017000000000000000e+03 5.497000000000000000e+03
5.995000000000000000e+03 5.505000000000000000e+03
6.171000000000000000e+03 5.515000000000000000e+03
6.342000000000000000e+03 5.504000000000000000e+03
6.202000000000000000e+03 5.418000000000000000e+03
6.311000000000000000e+03 5.479000000000000000e+03
5.863000000000000000e+03 5.538000000000000000e+03
5.897000000000000000e+03 5.465000000000000000e+03
5.927000000000000000e+03 5.543000000000000000e+03
5.741000000000000000e+03 5.388000000000000000e+03
5.701000000000000000e+03 5.605000000000000000e+03
5.726000000000000000e+03 5.683000000000000000e+03
5.710000000000000000e+03 5.485000000000000000e+03
5.680000000000000000e+03 5.536000000000000000e+03
6.763000000000000000e+03 7.455000000000000000e+03
6.656000000000000000e+03 7.446000000000000000e+03
6.606000000000000000e+03 7.447000000000000000e+03
6.280000000000000000e+03 7.045000000000000000e+03
5.985000000000000000e+03 6.723000000000000000e+03
6.712000000000000000e+03 7.474000000000000000e+03
6.124000000000000000e+03 7.469000000000000000e+03
5.426000000000000000e+03 7.088000000000000000e+03
5.699000000000000000e+03 6.358000000000000000e+03
5.640000000000000000e+03 6.391000000000000000e+03
5.624000000000000000e+03 6.770000000000000000e+03
5.324000000000000000e+03 7.129000000000000000e+03
5.382000000000000000e+03 6.835000000000000000e+03
5.199000000000000000e+03 7.176000000000000000e+03
5.142000000000000000e+03 7.109000000000000000e+03
7.351000000000000000e+03 7.272000000000000000e+03
7.247000000000000000e+03 7.228000000000000000e+03
5.471000000000000000e+03 7.236000000000000000e+03
5.669000000000000000e+03 7.011000000000000000e+03
5.083000000000000000e+03 7.317000000000000000e+03
5.216000000000000000e+03 7.346000000000000000e+03
5.355000000000000000e+03 7.283000000000000000e+03
5.309000000000000000e+03 7.294000000000000000e+03
5.013000000000000000e+03 7.062000000000000000e+03
4.932000000000000000e+03 7.126000000000000000e+03
4.922000000000000000e+03 7.307000000000000000e+03
5.010000000000000000e+03 7.199000000000000000e+03
7.008000000000000000e+03 7.395000000000000000e+03
7.336000000000000000e+03 7.442000000000000000e+03
5.978000000000000000e+03 7.293000000000000000e+03
5.658000000000000000e+03 7.207000000000000000e+03
5.402000000000000000e+03 6.978000000000000000e+03
5.562000000000000000e+03 6.943000000000000000e+03
5.179000000000000000e+03 6.998000000000000000e+03
5.337000000000000000e+03 6.981000000000000000e+03
5.989000000000000000e+03 6.027000000000000000e+03
5.809000000000000000e+03 6.517000000000000000e+03
5.255000000000000000e+03 6.797000000000000000e+03
5.347000000000000000e+03 6.738000000000000000e+03
5.233000000000000000e+03 6.915000000000000000e+03
5.265000000000000000e+03 6.851000000000000000e+03
5.506000000000000000e+03 6.492000000000000000e+03
5.405000000000000000e+03 6.815000000000000000e+03
5.722000000000000000e+03 6.459000000000000000e+03
5.473000000000000000e+03 6.671000000000000000e+03
5.545000000000000000e+03 6.734000000000000000e+03
5.562000000000000000e+03 6.829000000000000000e+03
6.112000000000000000e+03 7.418000000000000000e+03
5.975000000000000000e+03 7.414000000000000000e+03
5.856000000000000000e+03 7.061000000000000000e+03
5.851000000000000000e+03 7.421000000000000000e+03
5.572000000000000000e+03 6.764000000000000000e+03
5.489000000000000000e+03 6.841000000000000000e+03
5.329000000000000000e+03 7.149000000000000000e+03
5.337000000000000000e+03 7.186000000000000000e+03
5.630000000000000000e+03 7.325000000000000000e+03
5.449000000000000000e+03 7.433000000000000000e+03
5.479000000000000000e+03 7.402000000000000000e+03
5.568000000000000000e+03 7.446000000000000000e+03
5.075000000000000000e+03 7.468000000000000000e+03
5.167000000000000000e+03 7.438000000000000000e+03
5.700000000000000000e+03 7.433000000000000000e+03
5.644000000000000000e+03 6.902000000000000000e+03
4.156000000000000000e+03 7.168000000000000000e+03
3.553000000000000000e+03 7.327000000000000000e+03
3.614000000000000000e+03 7.362000000000000000e+03
5.586000000000000000e+03 5.893000000000000000e+03
5.518000000000000000e+03 5.851000000000000000e+03
5.544000000000000000e+03 5.941000000000000000e+03
5.554000000000000000e+03 6.117000000000000000e+03
3.719000000000000000e+03 7.408000000000000000e+03
3.728000000000000000e+03 7.414000000000000000e+03
3.475000000000000000e+03 7.447000000000000000e+03
3.558000000000000000e+03 7.447000000000000000e+03
3.814000000000000000e+03 7.422000000000000000e+03
3.811000000000000000e+03 7.425000000000000000e+03
3.819000000000000000e+03 7.452000000000000000e+03
3.940000000000000000e+03 7.438000000000000000e+03
5.560000000000000000e+03 6.065000000000000000e+03
5.650000000000000000e+03 6.167000000000000000e+03
5.462000000000000000e+03 6.082000000000000000e+03
5.419000000000000000e+03 6.023000000000000000e+03
5.424000000000000000e+03 6.303000000000000000e+03
5.406000000000000000e+03 6.246000000000000000e+03
5.402000000000000000e+03 6.112000000000000000e+03
5.377000000000000000e+03 6.174000000000000000e+03
5.555000000000000000e+03 6.004000000000000000e+03
5.482000000000000000e+03 6.042000000000000000e+03
4.518000000000000000e+03 6.275000000000000000e+03
4.885000000000000000e+03 6.394000000000000000e+03
5.625000000000000000e+03 6.339000000000000000e+03
5.557000000000000000e+03 6.307000000000000000e+03
5.616000000000000000e+03 6.312000000000000000e+03
5.560000000000000000e+03 6.227000000000000000e+03
2.265000000000000000e+03 7.469000000000000000e+03
3.072000000000000000e+03 7.414000000000000000e+03
2.427000000000000000e+03 7.470000000000000000e+03
2.608000000000000000e+03 7.460000000000000000e+03
2.964000000000000000e+03 7.463000000000000000e+03
2.844000000000000000e+03 7.450000000000000000e+03
2.637000000000000000e+03 7.465000000000000000e+03
1.767000000000000000e+03 7.465000000000000000e+03
1.775000000000000000e+03 7.454000000000000000e+03
2.113000000000000000e+03 7.451000000000000000e+03
1.811000000000000000e+03 7.455000000000000000e+03
2.117000000000000000e+03 7.458000000000000000e+03
1.896000000000000000e+03 7.472000000000000000e+03
1.789000000000000000e+03 7.471000000000000000e+03
1.941000000000000000e+03 7.469000000000000000e+03
1.024000000000000000e+03 7.471000000000000000e+03
1.038000000000000000e+03 7.479000000000000000e+03
6.030000000000000000e+02 7.473000000000000000e+03
7.480000000000000000e+02 7.474000000000000000e+03
8.200000000000000000e+02 7.466000000000000000e+03
8.480000000000000000e+02 7.468000000000000000e+03
6.020000000000000000e+02 7.467000000000000000e+03
3.160000000000000000e+03 7.277000000000000000e+03
4.598000000000000000e+03 7.336000000000000000e+03
4.677000000000000000e+03 7.391000000000000000e+03
4.463000000000000000e+03 7.310000000000000000e+03
4.205000000000000000e+03 7.299000000000000000e+03
4.585000000000000000e+03 7.436000000000000000e+03
4.477000000000000000e+03 7.443000000000000000e+03
4.377000000000000000e+03 7.424000000000000000e+03
4.366000000000000000e+03 7.419000000000000000e+03
4.896000000000000000e+03 6.355000000000000000e+03
5.053000000000000000e+03 6.380000000000000000e+03
4.704000000000000000e+03 6.497000000000000000e+03
4.831000000000000000e+03 6.281000000000000000e+03
4.848000000000000000e+03 6.132000000000000000e+03
4.872000000000000000e+03 6.322000000000000000e+03
4.879000000000000000e+03 6.418000000000000000e+03
4.884000000000000000e+03 5.580000000000000000e+03
4.873000000000000000e+03 5.418000000000000000e+03
2.098000000000000000e+03 6.374000000000000000e+03
1.483000000000000000e+03 6.593000000000000000e+03
4.080000000000000000e+03 7.355000000000000000e+03
4.292000000000000000e+03 7.278000000000000000e+03
4.164000000000000000e+03 7.398000000000000000e+03
4.017000000000000000e+03 7.418000000000000000e+03
5.137000000000000000e+03 6.642000000000000000e+03
5.097000000000000000e+03 6.753000000000000000e+03
5.003000000000000000e+03 6.669000000000000000e+03
5.031000000000000000e+03 6.685000000000000000e+03
5.323000000000000000e+03 6.592000000000000000e+03
5.383000000000000000e+03 6.553000000000000000e+03
5.298000000000000000e+03 6.637000000000000000e+03
5.231000000000000000e+03 6.643000000000000000e+03
5.195000000000000000e+03 6.537000000000000000e+03
5.181000000000000000e+03 6.485000000000000000e+03
5.032000000000000000e+03 6.576000000000000000e+03
5.101000000000000000e+03 6.483000000000000000e+03
5.320000000000000000e+03 6.487000000000000000e+03
5.365000000000000000e+03 6.430000000000000000e+03
5.307000000000000000e+03 6.317000000000000000e+03
5.326000000000000000e+03 6.386000000000000000e+03
3.386000000000000000e+03 6.539000000000000000e+03
3.107000000000000000e+03 6.568000000000000000e+03
3.876000000000000000e+03 6.607000000000000000e+03
3.041000000000000000e+03 6.859000000000000000e+03
4.704000000000000000e+03 6.970000000000000000e+03
3.532000000000000000e+03 7.303000000000000000e+03
4.387000000000000000e+03 5.789000000000000000e+03
3.907000000000000000e+03 6.470000000000000000e+03
4.815000000000000000e+03 6.500000000000000000e+03
4.827000000000000000e+03 6.585000000000000000e+03
4.645000000000000000e+03 6.024000000000000000e+03
2.513000000000000000e+03 6.845000000000000000e+03
3.549000000000000000e+03 6.712000000000000000e+03
4.932000000000000000e+03 6.538000000000000000e+03
4.862000000000000000e+03 6.714000000000000000e+03
4.952000000000000000e+03 6.584000000000000000e+03
5.168000000000000000e+03 6.427000000000000000e+03
4.967000000000000000e+03 6.952000000000000000e+03
4.804000000000000000e+03 5.554000000000000000e+03
5.149000000000000000e+03 5.797000000000000000e+03
4.832000000000000000e+03 7.031000000000000000e+03
4.796000000000000000e+03 7.244000000000000000e+03
4.460000000000000000e+03 7.083000000000000000e+03
1.340000000000000000e+03 7.356000000000000000e+03
7.570000000000000000e+02 6.869000000000000000e+03
7.710000000000000000e+02 7.069000000000000000e+03
8.730000000000000000e+02 6.975000000000000000e+03
1.781000000000000000e+03 6.541000000000000000e+03
8.840000000000000000e+02 7.344000000000000000e+03
7.750000000000000000e+02 7.325000000000000000e+03
6.550000000000000000e+02 7.052000000000000000e+03
6.660000000000000000e+02 7.236000000000000000e+03
6.108000000000000000e+03 4.264000000000000000e+03
6.104000000000000000e+03 4.563000000000000000e+03
6.126000000000000000e+03 4.651000000000000000e+03
5.973000000000000000e+03 4.400000000000000000e+03
5.938000000000000000e+03 4.472000000000000000e+03
6.033000000000000000e+03 4.638000000000000000e+03
5.994000000000000000e+03 4.594000000000000000e+03
6.173000000000000000e+03 4.380000000000000000e+03
6.222000000000000000e+03 4.322000000000000000e+03
6.173000000000000000e+03 4.312000000000000000e+03
6.066000000000000000e+03 4.297000000000000000e+03
6.304000000000000000e+03 4.567000000000000000e+03
6.241000000000000000e+03 4.505000000000000000e+03
6.248000000000000000e+03 4.676000000000000000e+03
6.314000000000000000e+03 4.618000000000000000e+03
5.978000000000000000e+03 5.008000000000000000e+03
6.066000000000000000e+03 4.976000000000000000e+03
6.024000000000000000e+03 5.065000000000000000e+03
5.991000000000000000e+03 5.124000000000000000e+03
5.956000000000000000e+03 5.205000000000000000e+03
5.929000000000000000e+03 5.142000000000000000e+03
6.063000000000000000e+03 5.230000000000000000e+03
5.950000000000000000e+03 5.219000000000000000e+03
5.903000000000000000e+03 4.764000000000000000e+03
5.927000000000000000e+03 4.751000000000000000e+03
5.763000000000000000e+03 4.760000000000000000e+03
5.950000000000000000e+03 4.759000000000000000e+03
5.668000000000000000e+03 4.632000000000000000e+03
5.749000000000000000e+03 4.680000000000000000e+03
5.952000000000000000e+03 4.670000000000000000e+03
5.774000000000000000e+03 4.623000000000000000e+03
6.377000000000000000e+03 5.059000000000000000e+03
6.425000000000000000e+03 5.226000000000000000e+03
6.460000000000000000e+03 5.191000000000000000e+03
6.497000000000000000e+03 5.097000000000000000e+03
6.529000000000000000e+03 5.025000000000000000e+03
6.495000000000000000e+03 4.947000000000000000e+03
6.499000000000000000e+03 4.899000000000000000e+03
6.380000000000000000e+03 4.972000000000000000e+03
6.381000000000000000e+03 4.904000000000000000e+03
6.336000000000000000e+03 5.005000000000000000e+03
6.368000000000000000e+03 4.999000000000000000e+03
6.136000000000000000e+03 5.129000000000000000e+03
6.221000000000000000e+03 5.090000000000000000e+03
6.251000000000000000e+03 5.161000000000000000e+03
6.333000000000000000e+03 5.111000000000000000e+03
6.045000000000000000e+03 4.877000000000000000e+03
6.087000000000000000e+03 4.819000000000000000e+03
5.815000000000000000e+03 4.828000000000000000e+03
5.851000000000000000e+03 4.852000000000000000e+03
5.738000000000000000e+03 4.986000000000000000e+03
5.623000000000000000e+03 4.925000000000000000e+03
5.776000000000000000e+03 4.918000000000000000e+03
5.650000000000000000e+03 4.924000000000000000e+03
6.046000000000000000e+03 4.923000000000000000e+03
6.254000000000000000e+03 4.821000000000000000e+03
5.986000000000000000e+03 5.013000000000000000e+03
6.137000000000000000e+03 4.946000000000000000e+03
6.425000000000000000e+03 4.723000000000000000e+03
6.460000000000000000e+03 4.789000000000000000e+03
6.292000000000000000e+03 4.786000000000000000e+03
6.355000000000000000e+03 4.749000000000000000e+03
5.801000000000000000e+03 5.043000000000000000e+03
5.344000000000000000e+03 6.182000000000000000e+03
5.744000000000000000e+03 5.602000000000000000e+03
4.883000000000000000e+03 5.256000000000000000e+03
4.921000000000000000e+03 5.679000000000000000e+03
4.927000000000000000e+03 6.038000000000000000e+03
4.949000000000000000e+03 6.122000000000000000e+03
4.886000000000000000e+03 5.733000000000000000e+03
4.951000000000000000e+03 5.489000000000000000e+03
5.062000000000000000e+03 6.134000000000000000e+03
5.007000000000000000e+03 6.100000000000000000e+03
4.996000000000000000e+03 6.326000000000000000e+03
5.007000000000000000e+03 6.227000000000000000e+03
5.121000000000000000e+03 6.211000000000000000e+03
5.084000000000000000e+03 6.226000000000000000e+03
5.396000000000000000e+03 6.502000000000000000e+03
5.189000000000000000e+03 6.296000000000000000e+03
5.441000000000000000e+03 6.056000000000000000e+03
5.313000000000000000e+03 6.227000000000000000e+03
5.169000000000000000e+03 6.765000000000000000e+03
5.046000000000000000e+03 6.805000000000000000e+03
4.933000000000000000e+03 6.873000000000000000e+03
4.864000000000000000e+03 6.864000000000000000e+03
5.867000000000000000e+03 4.436000000000000000e+03
5.828000000000000000e+03 4.348000000000000000e+03
5.748000000000000000e+03 5.054000000000000000e+03
5.886000000000000000e+03 4.627000000000000000e+03
5.722000000000000000e+03 4.506000000000000000e+03
5.761000000000000000e+03 4.570000000000000000e+03
5.661000000000000000e+03 4.742000000000000000e+03
5.784000000000000000e+03 4.347000000000000000e+03
5.434000000000000000e+03 5.450000000000000000e+03
5.567000000000000000e+03 4.915000000000000000e+03
5.477000000000000000e+03 5.414000000000000000e+03
5.526000000000000000e+03 5.222000000000000000e+03
5.321000000000000000e+03 5.451000000000000000e+03
5.399000000000000000e+03 5.245000000000000000e+03
5.316000000000000000e+03 5.415000000000000000e+03
5.124000000000000000e+03 5.708000000000000000e+03
4.958000000000000000e+03 5.926000000000000000e+03
5.071000000000000000e+03 5.846000000000000000e+03
4.874000000000000000e+03 5.967000000000000000e+03
4.885000000000000000e+03 5.831000000000000000e+03
4.941000000000000000e+03 5.702000000000000000e+03
4.946000000000000000e+03 5.718000000000000000e+03
4.979000000000000000e+03 5.822000000000000000e+03
5.032000000000000000e+03 5.700000000000000000e+03
5.237000000000000000e+03 5.824000000000000000e+03
5.282000000000000000e+03 5.752000000000000000e+03
5.310000000000000000e+03 5.677000000000000000e+03
5.448000000000000000e+03 5.678000000000000000e+03
5.130000000000000000e+03 5.852000000000000000e+03
5.106000000000000000e+03 5.899000000000000000e+03
5.068000000000000000e+03 5.956000000000000000e+03
5.073000000000000000e+03 5.951000000000000000e+03
5.130000000000000000e+03 6.090000000000000000e+03
5.265000000000000000e+03 6.035000000000000000e+03
5.287000000000000000e+03 5.986000000000000000e+03
5.227000000000000000e+03 6.077000000000000000e+03
5.293000000000000000e+03 5.920000000000000000e+03
5.318000000000000000e+03 5.976000000000000000e+03
5.317000000000000000e+03 5.893000000000000000e+03
5.342000000000000000e+03 5.832000000000000000e+03
5.012000000000000000e+03 5.441000000000000000e+03
6.100000000000000000e+02 6.017000000000000000e+03
3.552000000000000000e+03 5.368000000000000000e+03
6.640000000000000000e+03 5.188000000000000000e+03
6.547000000000000000e+03 5.214000000000000000e+03
5.736000000000000000e+03 5.352000000000000000e+03
5.520000000000000000e+03 5.380000000000000000e+03
6.326000000000000000e+03 5.284000000000000000e+03
5.997000000000000000e+03 5.227000000000000000e+03
6.742000000000000000e+03 5.207000000000000000e+03
6.852000000000000000e+03 5.196000000000000000e+03
7.050000000000000000e+03 5.199000000000000000e+03
6.931000000000000000e+03 5.195000000000000000e+03
7.091000000000000000e+03 5.198000000000000000e+03
7.048000000000000000e+03 5.153000000000000000e+03
7.196000000000000000e+03 5.308000000000000000e+03
7.137000000000000000e+03 5.294000000000000000e+03
7.250000000000000000e+03 5.231000000000000000e+03
7.314000000000000000e+03 5.286000000000000000e+03
7.043000000000000000e+03 5.296000000000000000e+03
6.902000000000000000e+03 5.304000000000000000e+03
6.260000000000000000e+03 5.280000000000000000e+03
6.777000000000000000e+03 5.292000000000000000e+03
6.670000000000000000e+02 6.823000000000000000e+03
6.700000000000000000e+02 6.803000000000000000e+03
6.550000000000000000e+02 6.154000000000000000e+03
7.070000000000000000e+02 6.936000000000000000e+03
5.241000000000000000e+03 5.344000000000000000e+03
5.194000000000000000e+03 5.388000000000000000e+03
6.500000000000000000e+02 6.589000000000000000e+03
8.190000000000000000e+02 6.571000000000000000e+03
6.691000000000000000e+03 5.343000000000000000e+03
6.631000000000000000e+03 5.339000000000000000e+03
6.132000000000000000e+03 5.262000000000000000e+03
6.383000000000000000e+03 5.400000000000000000e+03
5.943000000000000000e+03 5.418000000000000000e+03
6.587000000000000000e+03 5.459000000000000000e+03
6.199000000000000000e+03 5.393000000000000000e+03
7.104000000000000000e+03 5.407000000000000000e+03
7.158000000000000000e+03 5.418000000000000000e+03
6.960000000000000000e+03 5.431000000000000000e+03
6.942000000000000000e+03 5.400000000000000000e+03
5.992000000000000000e+03 5.318000000000000000e+03
6.538000000000000000e+03 5.378000000000000000e+03
6.843000000000000000e+03 5.407000000000000000e+03
6.789000000000000000e+03 5.394000000000000000e+03
7.132000000000000000e+03 5.523000000000000000e+03
7.171000000000000000e+03 5.484000000000000000e+03
7.002000000000000000e+03 5.499000000000000000e+03
6.939000000000000000e+03 5.527000000000000000e+03
6.727000000000000000e+03 5.489000000000000000e+03
6.537000000000000000e+03 5.471000000000000000e+03
6.587000000000000000e+03 5.523000000000000000e+03
6.810000000000000000e+03 5.513000000000000000e+03
2.469000000000000000e+03 5.479000000000000000e+03
4.440000000000000000e+02 5.590000000000000000e+03
4.190000000000000000e+02 5.494000000000000000e+03
4.550000000000000000e+02 5.442000000000000000e+03
1.542000000000000000e+03 5.604000000000000000e+03
5.740000000000000000e+02 5.656000000000000000e+03
1.866000000000000000e+03 5.543000000000000000e+03
5.410000000000000000e+02 5.591000000000000000e+03
5.893000000000000000e+03 5.258000000000000000e+03
6.747000000000000000e+03 4.583000000000000000e+03
6.663000000000000000e+03 4.591000000000000000e+03
7.133000000000000000e+03 4.968000000000000000e+03
6.489000000000000000e+03 5.108000000000000000e+03
6.815000000000000000e+03 5.053000000000000000e+03
6.377000000000000000e+03 5.016000000000000000e+03
7.097000000000000000e+03 4.707000000000000000e+03
7.094000000000000000e+03 4.807000000000000000e+03
7.158000000000000000e+03 4.769000000000000000e+03
7.144000000000000000e+03 4.849000000000000000e+03
6.862000000000000000e+03 4.627000000000000000e+03
6.961000000000000000e+03 4.657000000000000000e+03
6.941000000000000000e+03 4.630000000000000000e+03
7.057000000000000000e+03 4.724000000000000000e+03
7.145000000000000000e+03 5.090000000000000000e+03
7.232000000000000000e+03 5.095000000000000000e+03
6.687000000000000000e+03 4.667000000000000000e+03
7.324000000000000000e+03 5.089000000000000000e+03
7.367000000000000000e+03 5.049000000000000000e+03
7.283000000000000000e+03 5.089000000000000000e+03
7.372000000000000000e+03 4.975000000000000000e+03
7.300000000000000000e+03 4.979000000000000000e+03
7.293000000000000000e+03 4.898000000000000000e+03
7.350000000000000000e+03 4.850000000000000000e+03
7.304000000000000000e+03 4.803000000000000000e+03
7.286000000000000000e+03 4.773000000000000000e+03
7.154000000000000000e+03 4.650000000000000000e+03
7.048000000000000000e+03 4.582000000000000000e+03
7.240000000000000000e+03 4.739000000000000000e+03
7.217000000000000000e+03 4.648000000000000000e+03
6.552000000000000000e+03 4.732000000000000000e+03
6.626000000000000000e+03 4.714000000000000000e+03
6.682000000000000000e+03 4.681000000000000000e+03
6.780000000000000000e+03 4.746000000000000000e+03
6.875000000000000000e+03 4.729000000000000000e+03
6.831000000000000000e+03 4.756000000000000000e+03
6.927000000000000000e+03 4.767000000000000000e+03
6.979000000000000000e+03 4.826000000000000000e+03
6.791000000000000000e+03 4.903000000000000000e+03
6.698000000000000000e+03 4.838000000000000000e+03
6.398000000000000000e+03 4.930000000000000000e+03
6.716000000000000000e+03 4.881000000000000000e+03
6.975000000000000000e+03 4.943000000000000000e+03
6.973000000000000000e+03 4.913000000000000000e+03
6.842000000000000000e+03 4.917000000000000000e+03
6.865000000000000000e+03 4.922000000000000000e+03
7.039000000000000000e+03 5.082000000000000000e+03
7.078000000000000000e+03 5.057000000000000000e+03
6.903000000000000000e+03 5.073000000000000000e+03
6.876000000000000000e+03 5.089000000000000000e+03
6.786000000000000000e+03 5.062000000000000000e+03
6.747000000000000000e+03 5.051000000000000000e+03
6.465000000000000000e+03 5.151000000000000000e+03
6.295000000000000000e+03 5.204000000000000000e+03
6.684000000000000000e+03 4.973000000000000000e+03
6.774000000000000000e+03 4.990000000000000000e+03
6.522000000000000000e+03 5.085000000000000000e+03
6.538000000000000000e+03 5.094000000000000000e+03
6.677000000000000000e+03 4.834000000000000000e+03
6.380000000000000000e+03 4.868000000000000000e+03
6.431000000000000000e+03 4.881000000000000000e+03
6.145000000000000000e+03 4.936000000000000000e+03
6.564000000000000000e+03 2.307000000000000000e+03
2.423000000000000000e+03 5.240000000000000000e+02
2.665000000000000000e+03 7.520000000000000000e+02
6.876000000000000000e+03 2.477000000000000000e+03
6.862000000000000000e+03 2.437000000000000000e+03
7.300000000000000000e+03 1.916000000000000000e+03
6.928000000000000000e+03 2.279000000000000000e+03
6.715000000000000000e+03 8.320000000000000000e+02
7.153000000000000000e+03 1.631000000000000000e+03
7.338000000000000000e+03 1.766000000000000000e+03
7.391000000000000000e+03 1.737000000000000000e+03
7.053000000000000000e+03 2.439000000000000000e+03
7.191000000000000000e+03 2.213000000000000000e+03
6.776000000000000000e+03 2.503000000000000000e+03
6.446000000000000000e+03 2.440000000000000000e+03
2.305000000000000000e+03 1.015000000000000000e+03
2.603000000000000000e+03 1.252000000000000000e+03
2.721000000000000000e+03 1.204000000000000000e+03
2.332000000000000000e+03 8.960000000000000000e+02
2.318000000000000000e+03 6.490000000000000000e+02
2.365000000000000000e+03 7.470000000000000000e+02
2.367000000000000000e+03 8.390000000000000000e+02
2.288000000000000000e+03 7.350000000000000000e+02
2.468000000000000000e+03 3.380000000000000000e+02
2.471000000000000000e+03 4.080000000000000000e+02
2.531000000000000000e+03 3.270000000000000000e+02
2.468000000000000000e+03 2.960000000000000000e+02
2.443000000000000000e+03 2.220000000000000000e+02
2.407000000000000000e+03 1.940000000000000000e+02
2.381000000000000000e+03 2.330000000000000000e+02
2.386000000000000000e+03 1.770000000000000000e+02
7.080000000000000000e+03 2.526000000000000000e+03
6.929000000000000000e+03 2.621000000000000000e+03
6.597000000000000000e+03 2.581000000000000000e+03
7.250000000000000000e+03 2.368000000000000000e+03
7.219000000000000000e+03 2.508000000000000000e+03
7.074000000000000000e+03 2.550000000000000000e+03
7.126000000000000000e+03 2.542000000000000000e+03
7.118000000000000000e+03 2.732000000000000000e+03
6.794000000000000000e+03 2.730000000000000000e+03
7.115000000000000000e+03 2.755000000000000000e+03
7.157000000000000000e+03 2.759000000000000000e+03
7.031000000000000000e+03 2.714000000000000000e+03
6.975000000000000000e+03 2.675000000000000000e+03
5.944000000000000000e+03 2.909000000000000000e+03
5.894000000000000000e+03 2.932000000000000000e+03
6.723000000000000000e+03 2.870000000000000000e+03
6.951000000000000000e+03 2.907000000000000000e+03
7.018000000000000000e+03 3.030000000000000000e+03
7.089000000000000000e+03 2.956000000000000000e+03
6.852000000000000000e+03 2.710000000000000000e+03
5.979000000000000000e+03 2.547000000000000000e+03
6.875000000000000000e+03 2.758000000000000000e+03
6.275000000000000000e+03 2.693000000000000000e+03
7.422000000000000000e+03 1.834000000000000000e+03
7.393000000000000000e+03 1.755000000000000000e+03
7.360000000000000000e+03 1.865000000000000000e+03
7.321000000000000000e+03 2.184000000000000000e+03
7.109000000000000000e+03 2.398000000000000000e+03
6.739000000000000000e+03 2.402000000000000000e+03
7.355000000000000000e+03 2.153000000000000000e+03
7.455000000000000000e+03 2.024000000000000000e+03
3.541000000000000000e+03 1.874000000000000000e+03
3.007000000000000000e+03 2.439000000000000000e+03
2.458000000000000000e+03 2.374000000000000000e+03
2.354000000000000000e+03 2.182000000000000000e+03
2.297000000000000000e+03 2.140000000000000000e+03
2.304000000000000000e+03 2.187000000000000000e+03
2.311000000000000000e+03 2.336000000000000000e+03
3.371000000000000000e+03 2.105000000000000000e+03
3.575000000000000000e+03 2.227000000000000000e+03
2.263000000000000000e+03 1.833000000000000000e+03
2.306000000000000000e+03 1.796000000000000000e+03
2.286000000000000000e+03 1.831000000000000000e+03
2.292000000000000000e+03 1.963000000000000000e+03
4.212000000000000000e+03 2.356000000000000000e+03
3.496000000000000000e+03 2.312000000000000000e+03
3.316000000000000000e+03 2.090000000000000000e+03
4.885000000000000000e+03 2.187000000000000000e+03
4.243000000000000000e+03 2.208000000000000000e+03
3.709000000000000000e+03 2.036000000000000000e+03
6.657000000000000000e+03 2.270000000000000000e+03
7.064000000000000000e+03 2.377000000000000000e+03
3.159000000000000000e+03 2.126000000000000000e+03
2.986000000000000000e+03 1.838000000000000000e+03
2.394000000000000000e+03 2.006000000000000000e+03
5.848000000000000000e+03 2.348000000000000000e+03
2.202000000000000000e+03 1.470000000000000000e+03
2.325000000000000000e+03 1.417000000000000000e+03
2.374000000000000000e+03 1.795000000000000000e+03
2.453000000000000000e+03 1.674000000000000000e+03
4.161000000000000000e+03 2.323000000000000000e+03
4.627000000000000000e+03 2.153000000000000000e+03
2.169000000000000000e+03 5.260000000000000000e+02
2.123000000000000000e+03 5.690000000000000000e+02
2.516000000000000000e+03 8.770000000000000000e+02
2.189000000000000000e+03 5.250000000000000000e+02
2.037000000000000000e+03 4.140000000000000000e+02
2.031000000000000000e+03 5.090000000000000000e+02
1.993000000000000000e+03 4.990000000000000000e+02
3.393000000000000000e+03 6.390000000000000000e+02
2.135000000000000000e+03 2.560000000000000000e+02
2.102000000000000000e+03 2.070000000000000000e+02
2.051000000000000000e+03 1.630000000000000000e+02
1.934000000000000000e+03 2.550000000000000000e+02
1.764000000000000000e+03 3.070000000000000000e+02
2.770000000000000000e+03 1.097000000000000000e+03
1.952000000000000000e+03 4.800000000000000000e+02
2.537000000000000000e+03 8.510000000000000000e+02
2.101000000000000000e+03 7.750000000000000000e+02
3.268000000000000000e+03 1.603000000000000000e+03
2.763000000000000000e+03 1.301000000000000000e+03
2.332000000000000000e+03 1.111000000000000000e+03
2.225000000000000000e+03 8.190000000000000000e+02
2.181000000000000000e+03 8.230000000000000000e+02
2.164000000000000000e+03 8.820000000000000000e+02
2.093000000000000000e+03 8.840000000000000000e+02
2.273000000000000000e+03 2.570000000000000000e+02
2.310000000000000000e+03 2.070000000000000000e+02
2.208000000000000000e+03 2.400000000000000000e+02
2.196000000000000000e+03 2.970000000000000000e+02
2.313000000000000000e+03 3.360000000000000000e+02
2.335000000000000000e+03 4.490000000000000000e+02
2.310000000000000000e+03 5.100000000000000000e+02
3.487000000000000000e+03 1.588000000000000000e+03
6.107000000000000000e+03 2.833000000000000000e+03
6.105000000000000000e+03 2.793000000000000000e+03
6.151000000000000000e+03 2.850000000000000000e+03
6.316000000000000000e+03 2.753000000000000000e+03
6.301000000000000000e+03 2.773000000000000000e+03
6.290000000000000000e+03 2.880000000000000000e+03
6.216000000000000000e+03 2.823000000000000000e+03
6.243000000000000000e+03 2.527000000000000000e+03
6.318000000000000000e+03 2.574000000000000000e+03
6.173000000000000000e+03 2.544000000000000000e+03
6.144000000000000000e+03 2.524000000000000000e+03
6.462000000000000000e+03 2.432000000000000000e+03
6.325000000000000000e+03 2.380000000000000000e+03
6.462000000000000000e+03 2.325000000000000000e+03
6.390000000000000000e+03 2.509000000000000000e+03
5.869000000000000000e+03 2.699000000000000000e+03
5.890000000000000000e+03 2.610000000000000000e+03
5.970000000000000000e+03 2.798000000000000000e+03
5.953000000000000000e+03 2.746000000000000000e+03
6.031000000000000000e+03 2.472000000000000000e+03
5.981000000000000000e+03 2.593000000000000000e+03
5.952000000000000000e+03 2.674000000000000000e+03
6.107000000000000000e+03 2.682000000000000000e+03
6.494000000000000000e+03 2.570000000000000000e+03
6.432000000000000000e+03 2.445000000000000000e+03
6.440000000000000000e+03 2.612000000000000000e+03
6.549000000000000000e+03 2.543000000000000000e+03
6.211000000000000000e+03 2.597000000000000000e+03
6.351000000000000000e+03 2.678000000000000000e+03
6.168000000000000000e+03 2.636000000000000000e+03
6.084000000000000000e+03 2.493000000000000000e+03
6.177000000000000000e+03 2.765000000000000000e+03
6.318000000000000000e+03 2.931000000000000000e+03
6.248000000000000000e+03 2.968000000000000000e+03
5.757000000000000000e+03 2.919000000000000000e+03
5.831000000000000000e+03 2.908000000000000000e+03
5.779000000000000000e+03 2.844000000000000000e+03
5.713000000000000000e+03 2.894000000000000000e+03
6.625000000000000000e+03 2.876000000000000000e+03
6.576000000000000000e+03 2.907000000000000000e+03
6.670000000000000000e+03 2.885000000000000000e+03
6.695000000000000000e+03 2.806000000000000000e+03
5.989000000000000000e+03 2.668000000000000000e+03
6.593000000000000000e+03 2.842000000000000000e+03
6.798000000000000000e+03 2.867000000000000000e+03
6.816000000000000000e+03 2.863000000000000000e+03
5.599000000000000000e+03 2.648000000000000000e+03
5.301000000000000000e+03 2.823000000000000000e+03
5.816000000000000000e+03 2.625000000000000000e+03
5.747000000000000000e+03 2.722000000000000000e+03
5.788000000000000000e+03 2.428000000000000000e+03
5.857000000000000000e+03 2.460000000000000000e+03
6.105000000000000000e+03 2.450000000000000000e+03
5.910000000000000000e+03 2.478000000000000000e+03
5.584000000000000000e+03 2.600000000000000000e+03
5.549000000000000000e+03 2.656000000000000000e+03
5.625000000000000000e+03 2.485000000000000000e+03
5.210000000000000000e+03 2.445000000000000000e+03
5.668000000000000000e+03 2.555000000000000000e+03
5.385000000000000000e+03 2.375000000000000000e+03
5.609000000000000000e+03 2.416000000000000000e+03
5.702000000000000000e+03 2.492000000000000000e+03
6.403000000000000000e+03 3.133000000000000000e+03
6.133000000000000000e+03 3.134000000000000000e+03
6.165000000000000000e+03 3.185000000000000000e+03
6.367000000000000000e+03 3.146000000000000000e+03
6.484000000000000000e+03 3.118000000000000000e+03
6.130000000000000000e+03 3.127000000000000000e+03
6.199000000000000000e+03 3.089000000000000000e+03
6.555000000000000000e+03 3.181000000000000000e+03
6.466000000000000000e+03 3.180000000000000000e+03
6.714000000000000000e+03 3.153000000000000000e+03
6.639000000000000000e+03 3.220000000000000000e+03
6.900000000000000000e+03 3.114000000000000000e+03
6.890000000000000000e+03 3.203000000000000000e+03
6.585000000000000000e+03 3.130000000000000000e+03
6.439000000000000000e+03 3.067000000000000000e+03
6.019000000000000000e+03 3.395000000000000000e+03
6.044000000000000000e+03 3.481000000000000000e+03
5.980000000000000000e+03 3.419000000000000000e+03
5.974000000000000000e+03 3.311000000000000000e+03
6.116000000000000000e+03 3.287000000000000000e+03
6.067000000000000000e+03 3.342000000000000000e+03
6.078000000000000000e+03 3.269000000000000000e+03
6.025000000000000000e+03 3.207000000000000000e+03
5.852000000000000000e+03 3.323000000000000000e+03
5.875000000000000000e+03 3.474000000000000000e+03
5.824000000000000000e+03 3.379000000000000000e+03
5.783000000000000000e+03 3.453000000000000000e+03
5.712000000000000000e+03 3.316000000000000000e+03
5.713000000000000000e+03 3.251000000000000000e+03
5.723000000000000000e+03 3.206000000000000000e+03
5.778000000000000000e+03 3.202000000000000000e+03
5.988000000000000000e+03 2.992000000000000000e+03
5.857000000000000000e+03 2.969000000000000000e+03
5.964000000000000000e+03 3.036000000000000000e+03
5.947000000000000000e+03 3.112000000000000000e+03
5.783000000000000000e+03 3.093000000000000000e+03
5.795000000000000000e+03 3.138000000000000000e+03
5.804000000000000000e+03 3.148000000000000000e+03
5.875000000000000000e+03 3.158000000000000000e+03
6.206000000000000000e+03 3.050000000000000000e+03
6.489000000000000000e+03 3.037000000000000000e+03
6.475000000000000000e+03 3.037000000000000000e+03
6.120000000000000000e+03 2.972000000000000000e+03
6.367000000000000000e+03 2.946000000000000000e+03
6.267000000000000000e+03 3.000000000000000000e+03
6.326000000000000000e+03 2.990000000000000000e+03
5.762000000000000000e+03 3.004000000000000000e+03
6.253000000000000000e+03 2.857000000000000000e+03
6.618000000000000000e+03 3.024000000000000000e+03
6.594000000000000000e+03 2.754000000000000000e+03
6.362000000000000000e+03 2.876000000000000000e+03
6.653000000000000000e+03 3.065000000000000000e+03
6.725000000000000000e+03 3.047000000000000000e+03
6.720000000000000000e+03 3.019000000000000000e+03
6.806000000000000000e+03 3.007000000000000000e+03
6.710000000000000000e+03 2.530000000000000000e+03
6.672000000000000000e+03 2.550000000000000000e+03
6.517000000000000000e+03 2.615000000000000000e+03
6.669000000000000000e+03 2.634000000000000000e+03
6.548000000000000000e+03 2.743000000000000000e+03
6.630000000000000000e+03 2.709000000000000000e+03
6.114000000000000000e+03 2.836000000000000000e+03
6.009000000000000000e+03 2.914000000000000000e+03
5.285000000000000000e+03 3.692000000000000000e+03
4.985000000000000000e+03 3.667000000000000000e+03
4.843000000000000000e+03 3.603000000000000000e+03
5.223000000000000000e+03 3.668000000000000000e+03
5.253000000000000000e+03 3.694000000000000000e+03
5.102000000000000000e+03 3.750000000000000000e+03
5.024000000000000000e+03 3.719000000000000000e+03
5.549000000000000000e+03 3.590000000000000000e+03
5.586000000000000000e+03 3.618000000000000000e+03
5.704000000000000000e+03 3.567000000000000000e+03
5.725000000000000000e+03 3.640000000000000000e+03
5.498000000000000000e+03 3.519000000000000000e+03
4.943000000000000000e+03 3.402000000000000000e+03
5.480000000000000000e+03 3.637000000000000000e+03
5.389000000000000000e+03 3.668000000000000000e+03
5.441000000000000000e+03 3.560000000000000000e+03
5.391000000000000000e+03 3.592000000000000000e+03
5.196000000000000000e+03 3.604000000000000000e+03
5.211000000000000000e+03 3.568000000000000000e+03
5.124000000000000000e+03 3.569000000000000000e+03
4.994000000000000000e+03 3.320000000000000000e+03
5.015000000000000000e+03 3.574000000000000000e+03
5.002000000000000000e+03 3.553000000000000000e+03
5.050000000000000000e+03 3.377000000000000000e+03
5.044000000000000000e+03 3.357000000000000000e+03
5.120000000000000000e+03 3.462000000000000000e+03
5.010000000000000000e+03 3.444000000000000000e+03
5.187000000000000000e+03 3.477000000000000000e+03
5.257000000000000000e+03 3.474000000000000000e+03
5.575000000000000000e+03 3.478000000000000000e+03
5.508000000000000000e+03 3.451000000000000000e+03
5.126000000000000000e+03 3.399000000000000000e+03
4.977000000000000000e+03 3.260000000000000000e+03
4.918000000000000000e+03 3.272000000000000000e+03
5.152000000000000000e+03 3.300000000000000000e+03
5.280000000000000000e+03 3.389000000000000000e+03
5.162000000000000000e+03 3.309000000000000000e+03
5.087000000000000000e+03 3.261000000000000000e+03
5.241000000000000000e+03 3.131000000000000000e+03
5.462000000000000000e+03 3.384000000000000000e+03
5.417000000000000000e+03 3.383000000000000000e+03
5.417000000000000000e+03 3.373000000000000000e+03
5.559000000000000000e+03 3.283000000000000000e+03
5.575000000000000000e+03 3.381000000000000000e+03
5.574000000000000000e+03 3.456000000000000000e+03
5.687000000000000000e+03 3.441000000000000000e+03
5.354000000000000000e+03 3.228000000000000000e+03
5.353000000000000000e+03 3.259000000000000000e+03
5.408000000000000000e+03 3.205000000000000000e+03
5.319000000000000000e+03 3.021000000000000000e+03
5.449000000000000000e+03 3.217000000000000000e+03
5.482000000000000000e+03 3.252000000000000000e+03
5.574000000000000000e+03 3.283000000000000000e+03
5.611000000000000000e+03 3.243000000000000000e+03
5.140000000000000000e+03 3.284000000000000000e+03
5.081000000000000000e+03 3.262000000000000000e+03
5.138000000000000000e+03 3.257000000000000000e+03
5.184000000000000000e+03 3.211000000000000000e+03
5.262000000000000000e+03 3.223000000000000000e+03
5.243000000000000000e+03 3.266000000000000000e+03
5.220000000000000000e+03 3.232000000000000000e+03
5.183000000000000000e+03 3.147000000000000000e+03
5.049000000000000000e+03 4.010000000000000000e+03
4.888000000000000000e+03 4.019000000000000000e+03
4.953000000000000000e+03 4.079000000000000000e+03
5.043000000000000000e+03 4.063000000000000000e+03
5.040000000000000000e+03 4.140000000000000000e+03
5.100000000000000000e+03 4.120000000000000000e+03
5.189000000000000000e+03 4.069000000000000000e+03
5.383000000000000000e+03 4.109000000000000000e+03
5.376000000000000000e+03 4.184000000000000000e+03
5.519000000000000000e+03 4.053000000000000000e+03
5.405000000000000000e+03 4.098000000000000000e+03
5.157000000000000000e+03 4.664000000000000000e+03
5.257000000000000000e+03 4.191000000000000000e+03
5.210000000000000000e+03 4.080000000000000000e+03
5.260000000000000000e+03 4.171000000000000000e+03
5.034000000000000000e+03 3.790000000000000000e+03
5.027000000000000000e+03 3.766000000000000000e+03
4.970000000000000000e+03 3.817000000000000000e+03
4.832000000000000000e+03 3.823000000000000000e+03
4.810000000000000000e+03 4.048000000000000000e+03
4.920000000000000000e+03 3.982000000000000000e+03
4.918000000000000000e+03 3.885000000000000000e+03
3.593000000000000000e+03 5.048000000000000000e+03
5.325000000000000000e+03 3.759000000000000000e+03
5.379000000000000000e+03 3.752000000000000000e+03
5.038000000000000000e+03 4.128000000000000000e+03
5.259000000000000000e+03 3.748000000000000000e+03
5.685000000000000000e+03 3.747000000000000000e+03
5.661000000000000000e+03 3.763000000000000000e+03
5.564000000000000000e+03 3.718000000000000000e+03
5.515000000000000000e+03 3.772000000000000000e+03
5.571000000000000000e+03 4.124000000000000000e+03
5.564000000000000000e+03 4.177000000000000000e+03
5.668000000000000000e+03 4.044000000000000000e+03
5.630000000000000000e+03 4.074000000000000000e+03
5.206000000000000000e+03 4.225000000000000000e+03
5.354000000000000000e+03 4.280000000000000000e+03
5.409000000000000000e+03 4.176000000000000000e+03
5.412000000000000000e+03 4.182000000000000000e+03
5.212000000000000000e+03 4.057000000000000000e+03
4.890000000000000000e+03 3.986000000000000000e+03
5.134000000000000000e+03 3.982000000000000000e+03
5.087000000000000000e+03 3.979000000000000000e+03
4.977000000000000000e+03 4.267000000000000000e+03
4.949000000000000000e+03 4.174000000000000000e+03
5.104000000000000000e+03 4.174000000000000000e+03
5.121000000000000000e+03 4.245000000000000000e+03
5.354000000000000000e+03 3.886000000000000000e+03
5.306000000000000000e+03 3.825000000000000000e+03
5.184000000000000000e+03 3.911000000000000000e+03
5.139000000000000000e+03 3.873000000000000000e+03
5.660000000000000000e+03 3.898000000000000000e+03
5.628000000000000000e+03 3.817000000000000000e+03
5.453000000000000000e+03 3.878000000000000000e+03
5.400000000000000000e+03 3.827000000000000000e+03
5.648000000000000000e+03 3.948000000000000000e+03
5.580000000000000000e+03 3.997000000000000000e+03
5.200000000000000000e+03 4.007000000000000000e+03
5.467000000000000000e+03 3.993000000000000000e+03
5.309000000000000000e+03 3.988000000000000000e+03
5.476000000000000000e+03 3.928000000000000000e+03
5.045000000000000000e+03 3.882000000000000000e+03
4.977000000000000000e+03 3.912000000000000000e+03
7.201000000000000000e+03 2.842000000000000000e+03
7.373000000000000000e+03 2.802000000000000000e+03
7.351000000000000000e+03 3.008000000000000000e+03
6.763000000000000000e+03 3.128000000000000000e+03
7.400000000000000000e+03 2.802000000000000000e+03
7.376000000000000000e+03 3.008000000000000000e+03
7.054000000000000000e+03 2.865000000000000000e+03
6.393000000000000000e+03 3.255000000000000000e+03
6.399000000000000000e+03 3.304000000000000000e+03
6.476000000000000000e+03 3.281000000000000000e+03
6.598000000000000000e+03 3.282000000000000000e+03
6.583000000000000000e+03 3.327000000000000000e+03
6.667000000000000000e+03 3.288000000000000000e+03
6.716000000000000000e+03 3.268000000000000000e+03
6.795000000000000000e+03 3.265000000000000000e+03
7.397000000000000000e+03 2.663000000000000000e+03
7.392000000000000000e+03 2.548000000000000000e+03
7.200000000000000000e+03 2.742000000000000000e+03
7.319000000000000000e+03 2.664000000000000000e+03
7.158000000000000000e+03 2.675000000000000000e+03
7.412000000000000000e+03 2.552000000000000000e+03
7.448000000000000000e+03 2.623000000000000000e+03
7.265000000000000000e+03 2.636000000000000000e+03
7.381000000000000000e+03 2.340000000000000000e+03
7.242000000000000000e+03 2.601000000000000000e+03
7.345000000000000000e+03 2.576000000000000000e+03
7.405000000000000000e+03 2.680000000000000000e+03
7.319000000000000000e+03 2.627000000000000000e+03
7.356000000000000000e+03 2.446000000000000000e+03
7.343000000000000000e+03 2.540000000000000000e+03
7.383000000000000000e+03 2.377000000000000000e+03
7.253000000000000000e+03 3.150000000000000000e+03
7.174000000000000000e+03 3.161000000000000000e+03
7.237000000000000000e+03 3.179000000000000000e+03
7.229000000000000000e+03 3.078000000000000000e+03
7.193000000000000000e+03 3.255000000000000000e+03
7.206000000000000000e+03 3.199000000000000000e+03
7.215000000000000000e+03 3.170000000000000000e+03
7.225000000000000000e+03 3.348000000000000000e+03
7.242000000000000000e+03 3.222000000000000000e+03
7.157000000000000000e+03 3.257000000000000000e+03
7.271000000000000000e+03 3.224000000000000000e+03
7.169000000000000000e+03 3.251000000000000000e+03
7.207000000000000000e+03 3.275000000000000000e+03
7.130000000000000000e+03 3.409000000000000000e+03
7.250000000000000000e+03 3.339000000000000000e+03
7.412000000000000000e+03 3.536000000000000000e+03
7.396000000000000000e+03 3.520000000000000000e+03
7.435000000000000000e+03 3.433000000000000000e+03
7.382000000000000000e+03 3.321000000000000000e+03
7.462000000000000000e+03 3.547000000000000000e+03
7.424000000000000000e+03 4.266000000000000000e+03
7.442000000000000000e+03 4.292000000000000000e+03
7.413000000000000000e+03 3.676000000000000000e+03
7.344000000000000000e+03 4.450000000000000000e+03
7.275000000000000000e+03 3.638000000000000000e+03
7.404000000000000000e+03 4.555000000000000000e+03
7.318000000000000000e+03 4.032000000000000000e+03
7.181000000000000000e+03 3.262000000000000000e+03
7.435000000000000000e+03 3.245000000000000000e+03
7.413000000000000000e+03 3.132000000000000000e+03
7.371000000000000000e+03 3.241000000000000000e+03
1.044000000000000000e+03 3.114000000000000000e+03
1.418000000000000000e+03 3.003000000000000000e+03
1.479000000000000000e+03 2.942000000000000000e+03
1.668000000000000000e+03 2.914000000000000000e+03
1.875000000000000000e+03 2.889000000000000000e+03
1.704000000000000000e+03 3.056000000000000000e+03
1.608000000000000000e+03 3.138000000000000000e+03
7.870000000000000000e+02 3.020000000000000000e+03
7.840000000000000000e+02 2.991000000000000000e+03
3.880000000000000000e+02 3.055000000000000000e+03
4.830000000000000000e+02 2.990000000000000000e+03
3.310000000000000000e+02 3.155000000000000000e+03
3.540000000000000000e+02 3.339000000000000000e+03
3.570000000000000000e+02 3.403000000000000000e+03
3.810000000000000000e+02 3.254000000000000000e+03
3.580000000000000000e+03 4.187000000000000000e+03
4.614000000000000000e+03 4.034000000000000000e+03
3.077000000000000000e+03 3.748000000000000000e+03
2.487000000000000000e+03 2.954000000000000000e+03
2.024000000000000000e+03 2.945000000000000000e+03
1.868000000000000000e+03 3.141000000000000000e+03
4.777000000000000000e+03 3.359000000000000000e+03
4.941000000000000000e+03 3.520000000000000000e+03
1.070000000000000000e+03 4.229000000000000000e+03
1.200000000000000000e+03 4.004000000000000000e+03
1.260000000000000000e+03 3.178000000000000000e+03
1.410000000000000000e+03 3.087000000000000000e+03
2.337000000000000000e+03 4.022000000000000000e+03
2.936000000000000000e+03 3.972000000000000000e+03
3.085000000000000000e+03 3.932000000000000000e+03
3.039000000000000000e+03 4.086000000000000000e+03
1.718000000000000000e+03 2.940000000000000000e+03
1.519000000000000000e+03 2.933000000000000000e+03
1.567000000000000000e+03 2.813000000000000000e+03
1.334000000000000000e+03 2.843000000000000000e+03
9.800000000000000000e+02 2.933000000000000000e+03
9.920000000000000000e+02 2.913000000000000000e+03
1.163000000000000000e+03 2.960000000000000000e+03
1.195000000000000000e+03 2.832000000000000000e+03
4.940000000000000000e+02 3.371000000000000000e+03
4.080000000000000000e+02 3.407000000000000000e+03
1.510000000000000000e+03 3.122000000000000000e+03
5.250000000000000000e+02 2.956000000000000000e+03
3.820000000000000000e+02 3.557000000000000000e+03
3.600000000000000000e+02 3.674000000000000000e+03
4.080000000000000000e+02 3.567000000000000000e+03
3.860000000000000000e+02 3.518000000000000000e+03
1.024000000000000000e+03 3.212000000000000000e+03
1.968000000000000000e+03 4.772000000000000000e+03
6.020000000000000000e+02 3.282000000000000000e+03
5.820000000000000000e+02 3.762000000000000000e+03
4.833000000000000000e+03 4.593000000000000000e+03
3.640000000000000000e+02 4.861000000000000000e+03
5.000000000000000000e+02 4.606000000000000000e+03
2.320000000000000000e+03 4.668000000000000000e+03
3.670000000000000000e+02 5.117000000000000000e+03
4.070000000000000000e+02 5.233000000000000000e+03
3.550000000000000000e+02 5.161000000000000000e+03
4.010000000000000000e+02 5.083000000000000000e+03
3.570000000000000000e+02 5.105000000000000000e+03
2.970000000000000000e+02 5.095000000000000000e+03
3.530000000000000000e+02 4.953000000000000000e+03
4.440000000000000000e+02 4.958000000000000000e+03
6.123000000000000000e+03 3.360000000000000000e+03
5.945000000000000000e+03 5.570000000000000000e+03
3.451000000000000000e+03 2.410000000000000000e+03
2.560000000000000000e+02 3.700000000000000000e+02
8.630000000000000000e+02 5.480000000000000000e+03
4.630000000000000000e+02 2.980000000000000000e+03
2.446000000000000000e+03 4.400000000000000000e+02
7.442000000000000000e+03 0.000000000000000000e+00
-1.200000000000000000e+01 0.000000000000000000e+00
-4.000000000000000000e+00 0.000000000000000000e+00
