6.886000000000000000e+03 6.824000000000000000e+03
6.932000000000000000e+03 6.695000000000000000e+03
6.943000000000000000e+03 6.827000000000000000e+03
6.861000000000000000e+03 6.809000000000000000e+03
6.793000000000000000e+03 6.898000000000000000e+03
6.827000000000000000e+03 6.750000000000000000e+03
6.773000000000000000e+03 6.802000000000000000e+03
6.769000000000000000e+03 6.324000000000000000e+03
6.800000000000000000e+03 6.440000000000000000e+03
6.888000000000000000e+03 6.440000000000000000e+03
6.651000000000000000e+03 6.385000000000000000e+03
6.850000000000000000e+03 6.673000000000000000e+03
6.793000000000000000e+03 6.614000000000000000e+03
6.934000000000000000e+03 6.521000000000000000e+03
6.837000000000000000e+03 6.579000000000000000e+03
6.850000000000000000e+03 6.329000000000000000e+03
6.843000000000000000e+03 6.213000000000000000e+03
6.812000000000000000e+03 6.031000000000000000e+03
6.652000000000000000e+03 6.165000000000000000e+03
6.715000000000000000e+03 6.000000000000000000e+03
6.766000000000000000e+03 6.106000000000000000e+03
6.642000000000000000e+03 6.039000000000000000e+03
6.546000000000000000e+03 6.120000000000000000e+03
6.641000000000000000e+03 6.089000000000000000e+03
6.894000000000000000e+03 6.202000000000000000e+03
6.616000000000000000e+03 6.161000000000000000e+03
6.033000000000000000e+03 6.190000000000000000e+03
6.729000000000000000e+03 6.097000000000000000e+03
6.989000000000000000e+03 6.218000000000000000e+03
6.943000000000000000e+03 6.387000000000000000e+03
7.041000000000000000e+03 6.333000000000000000e+03
7.247000000000000000e+03 6.190000000000000000e+03
7.213000000000000000e+03 6.207000000000000000e+03
7.382000000000000000e+03 6.210000000000000000e+03
7.365000000000000000e+03 6.261000000000000000e+03
7.264000000000000000e+03 6.363000000000000000e+03
7.153000000000000000e+03 6.401000000000000000e+03
7.167000000000000000e+03 6.312000000000000000e+03
7.401000000000000000e+03 6.361000000000000000e+03
7.383000000000000000e+03 6.392000000000000000e+03
7.446000000000000000e+03 6.423000000000000000e+03
7.183000000000000000e+03 6.397000000000000000e+03
7.382000000000000000e+03 6.544000000000000000e+03
7.107000000000000000e+03 6.498000000000000000e+03
7.255000000000000000e+03 6.493000000000000000e+03
7.212000000000000000e+03 6.442000000000000000e+03
7.209000000000000000e+03 6.113000000000000000e+03
7.266000000000000000e+03 5.912000000000000000e+03
7.176000000000000000e+03 5.928000000000000000e+03
7.093000000000000000e+03 5.873000000000000000e+03
7.322000000000000000e+03 6.102000000000000000e+03
7.449000000000000000e+03 6.092000000000000000e+03
7.393000000000000000e+03 5.987000000000000000e+03
7.408000000000000000e+03 6.031000000000000000e+03
7.193000000000000000e+03 6.101000000000000000e+03
7.213000000000000000e+03 6.044000000000000000e+03
7.142000000000000000e+03 6.088000000000000000e+03
7.031000000000000000e+03 6.034000000000000000e+03
6.936000000000000000e+03 5.930000000000000000e+03
6.898000000000000000e+03 6.033000000000000000e+03
7.066000000000000000e+03 6.003000000000000000e+03
6.941000000000000000e+03 5.935000000000000000e+03
6.850000000000000000e+03 7.416000000000000000e+03
6.762000000000000000e+03 7.352000000000000000e+03
6.762000000000000000e+03 7.353000000000000000e+03
6.657000000000000000e+03 6.840000000000000000e+03
6.684000000000000000e+03 6.438000000000000000e+03
6.795000000000000000e+03 7.445000000000000000e+03
6.363000000000000000e+03 7.432000000000000000e+03
5.369000000000000000e+03 5.779000000000000000e+03
5.747000000000000000e+03 5.537000000000000000e+03
5.846000000000000000e+03 6.133000000000000000e+03
5.653000000000000000e+03 5.739000000000000000e+03
5.236000000000000000e+03 5.796000000000000000e+03
5.386000000000000000e+03 5.908000000000000000e+03
5.115000000000000000e+03 5.910000000000000000e+03
5.082000000000000000e+03 5.906000000000000000e+03
7.401000000000000000e+03 7.085000000000000000e+03
7.308000000000000000e+03 6.929000000000000000e+03
5.305000000000000000e+03 6.195000000000000000e+03
5.773000000000000000e+03 6.209000000000000000e+03
4.976000000000000000e+03 6.155000000000000000e+03
5.184000000000000000e+03 6.209000000000000000e+03
5.328000000000000000e+03 6.243000000000000000e+03
5.308000000000000000e+03 6.225000000000000000e+03
5.103000000000000000e+03 6.058000000000000000e+03
4.968000000000000000e+03 5.997000000000000000e+03
4.841000000000000000e+03 6.085000000000000000e+03
4.959000000000000000e+03 6.037000000000000000e+03
7.084000000000000000e+03 7.089000000000000000e+03
7.351000000000000000e+03 7.432000000000000000e+03
6.077000000000000000e+03 6.311000000000000000e+03
5.790000000000000000e+03 6.222000000000000000e+03
5.285000000000000000e+03 5.691000000000000000e+03
5.494000000000000000e+03 5.560000000000000000e+03
5.102000000000000000e+03 5.578000000000000000e+03
5.222000000000000000e+03 5.553000000000000000e+03
6.063000000000000000e+03 5.005000000000000000e+03
5.890000000000000000e+03 5.485000000000000000e+03
5.139000000000000000e+03 5.444000000000000000e+03
5.215000000000000000e+03 5.472000000000000000e+03
5.146000000000000000e+03 5.719000000000000000e+03
5.200000000000000000e+03 5.658000000000000000e+03
5.433000000000000000e+03 5.503000000000000000e+03
5.347000000000000000e+03 5.685000000000000000e+03
5.723000000000000000e+03 5.524000000000000000e+03
5.465000000000000000e+03 5.650000000000000000e+03
5.610000000000000000e+03 5.654000000000000000e+03
5.717000000000000000e+03 5.667000000000000000e+03
6.178000000000000000e+03 7.352000000000000000e+03
5.987000000000000000e+03 7.419000000000000000e+03
5.944000000000000000e+03 7.019000000000000000e+03
5.775000000000000000e+03 7.447000000000000000e+03
5.667000000000000000e+03 6.151000000000000000e+03
5.628000000000000000e+03 6.160000000000000000e+03
5.357000000000000000e+03 6.834000000000000000e+03
5.318000000000000000e+03 7.121000000000000000e+03
5.545000000000000000e+03 7.243000000000000000e+03
5.333000000000000000e+03 7.235000000000000000e+03
5.398000000000000000e+03 7.307000000000000000e+03
5.482000000000000000e+03 7.322000000000000000e+03
5.068000000000000000e+03 7.443000000000000000e+03
5.139000000000000000e+03 7.365000000000000000e+03
5.615000000000000000e+03 7.413000000000000000e+03
5.907000000000000000e+03 6.388000000000000000e+03
4.944000000000000000e+03 5.732000000000000000e+03
4.932000000000000000e+03 5.415000000000000000e+03
4.954000000000000000e+03 5.529000000000000000e+03
7.071000000000000000e+03 6.564000000000000000e+03
7.014000000000000000e+03 6.551000000000000000e+03
6.864000000000000000e+03 6.382000000000000000e+03
6.636000000000000000e+03 6.195000000000000000e+03
4.709000000000000000e+03 5.326000000000000000e+03
4.798000000000000000e+03 5.409000000000000000e+03
4.756000000000000000e+03 5.631000000000000000e+03
4.885000000000000000e+03 5.449000000000000000e+03
4.680000000000000000e+03 5.324000000000000000e+03
4.650000000000000000e+03 5.530000000000000000e+03
4.698000000000000000e+03 5.360000000000000000e+03
4.699000000000000000e+03 5.468000000000000000e+03
7.160000000000000000e+03 6.933000000000000000e+03
7.093000000000000000e+03 6.896000000000000000e+03
7.104000000000000000e+03 7.030000000000000000e+03
7.124000000000000000e+03 7.080000000000000000e+03
7.026000000000000000e+03 6.918000000000000000e+03
6.973000000000000000e+03 7.013000000000000000e+03
7.053000000000000000e+03 7.082000000000000000e+03
6.980000000000000000e+03 7.089000000000000000e+03
7.049000000000000000e+03 6.652000000000000000e+03
6.942000000000000000e+03 6.675000000000000000e+03
3.839000000000000000e+03 6.926000000000000000e+03
5.163000000000000000e+03 6.898000000000000000e+03
7.120000000000000000e+03 6.763000000000000000e+03
7.030000000000000000e+03 6.821000000000000000e+03
7.067000000000000000e+03 6.758000000000000000e+03
7.090000000000000000e+03 6.691000000000000000e+03
2.259000000000000000e+03 7.460000000000000000e+03
3.371000000000000000e+03 6.781000000000000000e+03
2.420000000000000000e+03 7.461000000000000000e+03
2.610000000000000000e+03 7.452000000000000000e+03
2.956000000000000000e+03 7.435000000000000000e+03
2.789000000000000000e+03 7.456000000000000000e+03
2.637000000000000000e+03 7.439000000000000000e+03
1.772000000000000000e+03 7.462000000000000000e+03
1.778000000000000000e+03 7.454000000000000000e+03
2.148000000000000000e+03 7.454000000000000000e+03
1.796000000000000000e+03 7.442000000000000000e+03
2.114000000000000000e+03 7.470000000000000000e+03
1.898000000000000000e+03 7.476000000000000000e+03
1.800000000000000000e+03 7.452000000000000000e+03
1.843000000000000000e+03 7.471000000000000000e+03
1.028000000000000000e+03 7.470000000000000000e+03
1.040000000000000000e+03 7.479000000000000000e+03
6.080000000000000000e+02 7.474000000000000000e+03
7.490000000000000000e+02 7.476000000000000000e+03
8.270000000000000000e+02 7.463000000000000000e+03
8.790000000000000000e+02 7.469000000000000000e+03
6.030000000000000000e+02 7.467000000000000000e+03
3.570000000000000000e+03 6.353000000000000000e+03
4.909000000000000000e+03 5.818000000000000000e+03
5.026000000000000000e+03 5.744000000000000000e+03
4.882000000000000000e+03 5.878000000000000000e+03
4.755000000000000000e+03 6.019000000000000000e+03
5.004000000000000000e+03 5.624000000000000000e+03
4.941000000000000000e+03 5.586000000000000000e+03
4.859000000000000000e+03 5.669000000000000000e+03
4.872000000000000000e+03 5.725000000000000000e+03
4.820000000000000000e+03 6.427000000000000000e+03
4.971000000000000000e+03 6.255000000000000000e+03
4.694000000000000000e+03 6.407000000000000000e+03
4.777000000000000000e+03 6.292000000000000000e+03
4.779000000000000000e+03 6.152000000000000000e+03
4.795000000000000000e+03 6.323000000000000000e+03
4.791000000000000000e+03 6.416000000000000000e+03
5.046000000000000000e+03 6.384000000000000000e+03
4.569000000000000000e+03 5.561000000000000000e+03
2.788000000000000000e+03 6.920000000000000000e+03
2.189000000000000000e+03 7.206000000000000000e+03
4.418000000000000000e+03 5.303000000000000000e+03
4.302000000000000000e+03 5.355000000000000000e+03
4.521000000000000000e+03 5.476000000000000000e+03
4.440000000000000000e+03 5.327000000000000000e+03
4.974000000000000000e+03 6.573000000000000000e+03
4.956000000000000000e+03 6.663000000000000000e+03
4.886000000000000000e+03 6.698000000000000000e+03
4.908000000000000000e+03 6.708000000000000000e+03
5.017000000000000000e+03 6.365000000000000000e+03
5.129000000000000000e+03 6.352000000000000000e+03
5.042000000000000000e+03 6.408000000000000000e+03
5.051000000000000000e+03 6.495000000000000000e+03
5.134000000000000000e+03 6.660000000000000000e+03
5.149000000000000000e+03 6.640000000000000000e+03
4.988000000000000000e+03 6.767000000000000000e+03
5.109000000000000000e+03 6.701000000000000000e+03
5.198000000000000000e+03 6.573000000000000000e+03
5.233000000000000000e+03 6.515000000000000000e+03
5.204000000000000000e+03 6.323000000000000000e+03
5.206000000000000000e+03 6.443000000000000000e+03
3.304000000000000000e+03 6.534000000000000000e+03
3.092000000000000000e+03 6.534000000000000000e+03
4.037000000000000000e+03 6.476000000000000000e+03
3.060000000000000000e+03 6.819000000000000000e+03
4.625000000000000000e+03 7.227000000000000000e+03
3.474000000000000000e+03 7.325000000000000000e+03
3.357000000000000000e+03 5.761000000000000000e+03
3.790000000000000000e+03 6.139000000000000000e+03
4.752000000000000000e+03 6.546000000000000000e+03
4.777000000000000000e+03 6.604000000000000000e+03
4.564000000000000000e+03 5.600000000000000000e+03
2.810000000000000000e+03 5.758000000000000000e+03
3.528000000000000000e+03 6.817000000000000000e+03
4.898000000000000000e+03 6.524000000000000000e+03
4.795000000000000000e+03 6.622000000000000000e+03
4.894000000000000000e+03 6.449000000000000000e+03
5.135000000000000000e+03 6.605000000000000000e+03
4.833000000000000000e+03 6.995000000000000000e+03
4.398000000000000000e+03 5.434000000000000000e+03
4.919000000000000000e+03 6.219000000000000000e+03
4.779000000000000000e+03 5.745000000000000000e+03
4.770000000000000000e+03 5.901000000000000000e+03
4.769000000000000000e+03 5.603000000000000000e+03
1.755000000000000000e+03 7.360000000000000000e+03
7.210000000000000000e+02 7.143000000000000000e+03
8.090000000000000000e+02 7.311000000000000000e+03
1.012000000000000000e+03 7.121000000000000000e+03
1.879000000000000000e+03 6.847000000000000000e+03
1.136000000000000000e+03 7.374000000000000000e+03
1.295000000000000000e+03 7.378000000000000000e+03
1.318000000000000000e+03 7.119000000000000000e+03
1.439000000000000000e+03 7.325000000000000000e+03
5.662000000000000000e+03 5.520000000000000000e+03
5.554000000000000000e+03 5.895000000000000000e+03
5.631000000000000000e+03 6.130000000000000000e+03
5.538000000000000000e+03 5.450000000000000000e+03
5.557000000000000000e+03 5.476000000000000000e+03
5.392000000000000000e+03 5.535000000000000000e+03
5.443000000000000000e+03 5.462000000000000000e+03
5.413000000000000000e+03 6.567000000000000000e+03
5.500000000000000000e+03 7.014000000000000000e+03
5.561000000000000000e+03 5.979000000000000000e+03
5.387000000000000000e+03 6.537000000000000000e+03
5.498000000000000000e+03 5.961000000000000000e+03
5.516000000000000000e+03 5.936000000000000000e+03
5.515000000000000000e+03 6.188000000000000000e+03
5.432000000000000000e+03 6.279000000000000000e+03
5.351000000000000000e+03 5.359000000000000000e+03
5.448000000000000000e+03 5.317000000000000000e+03
5.366000000000000000e+03 5.242000000000000000e+03
5.356000000000000000e+03 5.322000000000000000e+03
5.441000000000000000e+03 5.106000000000000000e+03
5.381000000000000000e+03 5.149000000000000000e+03
5.549000000000000000e+03 5.238000000000000000e+03
5.502000000000000000e+03 5.165000000000000000e+03
5.188000000000000000e+03 5.164000000000000000e+03
5.172000000000000000e+03 5.116000000000000000e+03
5.118000000000000000e+03 5.163000000000000000e+03
5.300000000000000000e+03 5.190000000000000000e+03
5.071000000000000000e+03 5.293000000000000000e+03
5.129000000000000000e+03 5.245000000000000000e+03
5.240000000000000000e+03 5.259000000000000000e+03
5.176000000000000000e+03 5.321000000000000000e+03
5.642000000000000000e+03 5.051000000000000000e+03
5.630000000000000000e+03 5.051000000000000000e+03
5.659000000000000000e+03 4.938000000000000000e+03
5.647000000000000000e+03 4.839000000000000000e+03
5.606000000000000000e+03 4.837000000000000000e+03
5.520000000000000000e+03 4.911000000000000000e+03
5.568000000000000000e+03 5.014000000000000000e+03
5.504000000000000000e+03 4.905000000000000000e+03
5.437000000000000000e+03 4.954000000000000000e+03
5.426000000000000000e+03 4.811000000000000000e+03
5.451000000000000000e+03 4.821000000000000000e+03
5.605000000000000000e+03 4.652000000000000000e+03
5.468000000000000000e+03 4.647000000000000000e+03
5.410000000000000000e+03 4.600000000000000000e+03
5.483000000000000000e+03 4.710000000000000000e+03
5.182000000000000000e+03 4.983000000000000000e+03
5.198000000000000000e+03 5.015000000000000000e+03
5.041000000000000000e+03 4.896000000000000000e+03
5.109000000000000000e+03 4.857000000000000000e+03
5.209000000000000000e+03 4.625000000000000000e+03
5.280000000000000000e+03 4.488000000000000000e+03
5.134000000000000000e+03 4.727000000000000000e+03
5.141000000000000000e+03 4.755000000000000000e+03
5.363000000000000000e+03 4.574000000000000000e+03
5.380000000000000000e+03 4.757000000000000000e+03
5.501000000000000000e+03 4.661000000000000000e+03
5.347000000000000000e+03 4.653000000000000000e+03
5.264000000000000000e+03 4.986000000000000000e+03
5.366000000000000000e+03 5.017000000000000000e+03
5.300000000000000000e+03 4.833000000000000000e+03
5.256000000000000000e+03 4.908000000000000000e+03
5.600000000000000000e+03 5.497000000000000000e+03
5.158000000000000000e+03 6.562000000000000000e+03
5.518000000000000000e+03 6.204000000000000000e+03
4.768000000000000000e+03 5.998000000000000000e+03
4.806000000000000000e+03 6.405000000000000000e+03
4.779000000000000000e+03 7.009000000000000000e+03
4.676000000000000000e+03 7.243000000000000000e+03
4.464000000000000000e+03 6.766000000000000000e+03
4.332000000000000000e+03 6.529000000000000000e+03
4.416000000000000000e+03 7.394000000000000000e+03
4.418000000000000000e+03 7.363000000000000000e+03
4.624000000000000000e+03 7.402000000000000000e+03
4.658000000000000000e+03 7.142000000000000000e+03
4.508000000000000000e+03 7.431000000000000000e+03
4.486000000000000000e+03 7.447000000000000000e+03
5.197000000000000000e+03 6.365000000000000000e+03
4.919000000000000000e+03 6.961000000000000000e+03
5.326000000000000000e+03 6.205000000000000000e+03
5.076000000000000000e+03 6.654000000000000000e+03
4.999000000000000000e+03 6.847000000000000000e+03
4.876000000000000000e+03 7.175000000000000000e+03
4.817000000000000000e+03 7.292000000000000000e+03
4.787000000000000000e+03 7.335000000000000000e+03
5.601000000000000000e+03 5.921000000000000000e+03
5.540000000000000000e+03 5.906000000000000000e+03
5.614000000000000000e+03 5.357000000000000000e+03
5.625000000000000000e+03 5.770000000000000000e+03
5.355000000000000000e+03 5.956000000000000000e+03
5.307000000000000000e+03 6.007000000000000000e+03
5.451000000000000000e+03 5.674000000000000000e+03
5.470000000000000000e+03 5.936000000000000000e+03
5.400000000000000000e+03 6.021000000000000000e+03
5.590000000000000000e+03 5.509000000000000000e+03
5.445000000000000000e+03 5.636000000000000000e+03
5.444000000000000000e+03 6.146000000000000000e+03
5.272000000000000000e+03 6.664000000000000000e+03
5.334000000000000000e+03 6.612000000000000000e+03
5.257000000000000000e+03 6.610000000000000000e+03
5.166000000000000000e+03 6.796000000000000000e+03
5.024000000000000000e+03 7.053000000000000000e+03
5.149000000000000000e+03 6.855000000000000000e+03
4.994000000000000000e+03 6.971000000000000000e+03
5.029000000000000000e+03 6.940000000000000000e+03
5.167000000000000000e+03 6.868000000000000000e+03
5.171000000000000000e+03 6.940000000000000000e+03
5.151000000000000000e+03 6.913000000000000000e+03
5.213000000000000000e+03 6.851000000000000000e+03
5.239000000000000000e+03 7.147000000000000000e+03
5.239000000000000000e+03 7.069000000000000000e+03
5.250000000000000000e+03 6.966000000000000000e+03
5.286000000000000000e+03 5.826000000000000000e+03
5.203000000000000000e+03 7.231000000000000000e+03
5.150000000000000000e+03 7.251000000000000000e+03
5.086000000000000000e+03 7.290000000000000000e+03
5.078000000000000000e+03 7.247000000000000000e+03
4.914000000000000000e+03 7.354000000000000000e+03
5.038000000000000000e+03 6.405000000000000000e+03
4.973000000000000000e+03 7.212000000000000000e+03
4.993000000000000000e+03 7.374000000000000000e+03
5.024000000000000000e+03 7.152000000000000000e+03
5.025000000000000000e+03 7.201000000000000000e+03
5.108000000000000000e+03 6.986000000000000000e+03
5.193000000000000000e+03 6.911000000000000000e+03
4.607000000000000000e+03 4.789000000000000000e+03
1.993000000000000000e+03 5.398000000000000000e+03
4.076000000000000000e+03 5.306000000000000000e+03
5.796000000000000000e+03 4.783000000000000000e+03
5.736000000000000000e+03 4.708000000000000000e+03
5.235000000000000000e+03 4.575000000000000000e+03
5.147000000000000000e+03 4.726000000000000000e+03
5.500000000000000000e+03 4.625000000000000000e+03
5.411000000000000000e+03 4.515000000000000000e+03
5.806000000000000000e+03 4.880000000000000000e+03
5.863000000000000000e+03 5.193000000000000000e+03
5.920000000000000000e+03 5.280000000000000000e+03
5.821000000000000000e+03 5.243000000000000000e+03
5.871000000000000000e+03 5.367000000000000000e+03
5.808000000000000000e+03 5.350000000000000000e+03
5.983000000000000000e+03 6.055000000000000000e+03
6.009000000000000000e+03 5.999000000000000000e+03
6.046000000000000000e+03 5.963000000000000000e+03
6.012000000000000000e+03 6.067000000000000000e+03
5.835000000000000000e+03 6.037000000000000000e+03
5.805000000000000000e+03 5.957000000000000000e+03
5.750000000000000000e+03 5.793000000000000000e+03
5.813000000000000000e+03 5.838000000000000000e+03
1.745000000000000000e+03 5.353000000000000000e+03
1.748000000000000000e+03 5.363000000000000000e+03
1.464000000000000000e+03 5.495000000000000000e+03
1.823000000000000000e+03 5.440000000000000000e+03
5.194000000000000000e+03 5.802000000000000000e+03
5.095000000000000000e+03 5.943000000000000000e+03
1.792000000000000000e+03 5.375000000000000000e+03
1.982000000000000000e+03 5.348000000000000000e+03
6.114000000000000000e+03 5.917000000000000000e+03
6.058000000000000000e+03 5.996000000000000000e+03
5.976000000000000000e+03 6.176000000000000000e+03
5.840000000000000000e+03 5.599000000000000000e+03
5.578000000000000000e+03 5.591000000000000000e+03
5.904000000000000000e+03 5.787000000000000000e+03
5.641000000000000000e+03 5.572000000000000000e+03
6.544000000000000000e+03 5.982000000000000000e+03
6.579000000000000000e+03 5.975000000000000000e+03
6.451000000000000000e+03 6.096000000000000000e+03
6.340000000000000000e+03 6.074000000000000000e+03
6.243000000000000000e+03 6.254000000000000000e+03
6.143000000000000000e+03 6.140000000000000000e+03
6.259000000000000000e+03 6.114000000000000000e+03
6.230000000000000000e+03 6.097000000000000000e+03
6.492000000000000000e+03 5.954000000000000000e+03
6.485000000000000000e+03 5.906000000000000000e+03
6.369000000000000000e+03 5.964000000000000000e+03
6.343000000000000000e+03 6.010000000000000000e+03
6.169000000000000000e+03 5.914000000000000000e+03
5.930000000000000000e+03 5.798000000000000000e+03
5.984000000000000000e+03 5.750000000000000000e+03
6.214000000000000000e+03 5.987000000000000000e+03
2.570000000000000000e+03 5.567000000000000000e+03
6.720000000000000000e+02 5.611000000000000000e+03
6.710000000000000000e+02 5.553000000000000000e+03
5.940000000000000000e+02 5.497000000000000000e+03
1.610000000000000000e+03 5.749000000000000000e+03
7.760000000000000000e+02 5.562000000000000000e+03
1.941000000000000000e+03 5.710000000000000000e+03
6.960000000000000000e+02 5.657000000000000000e+03
5.239000000000000000e+03 4.919000000000000000e+03
5.768000000000000000e+03 4.291000000000000000e+03
5.752000000000000000e+03 4.394000000000000000e+03
5.879000000000000000e+03 4.968000000000000000e+03
5.397000000000000000e+03 5.115000000000000000e+03
5.717000000000000000e+03 5.177000000000000000e+03
5.230000000000000000e+03 4.944000000000000000e+03
6.014000000000000000e+03 3.998000000000000000e+03
6.039000000000000000e+03 4.123000000000000000e+03
6.108000000000000000e+03 4.041000000000000000e+03
6.084000000000000000e+03 4.147000000000000000e+03
5.886000000000000000e+03 4.134000000000000000e+03
6.030000000000000000e+03 4.249000000000000000e+03
5.910000000000000000e+03 4.033000000000000000e+03
5.967000000000000000e+03 4.084000000000000000e+03
5.745000000000000000e+03 5.138000000000000000e+03
5.801000000000000000e+03 5.140000000000000000e+03
5.667000000000000000e+03 4.639000000000000000e+03
5.793000000000000000e+03 5.108000000000000000e+03
5.807000000000000000e+03 5.009000000000000000e+03
5.770000000000000000e+03 5.062000000000000000e+03
5.924000000000000000e+03 4.955000000000000000e+03
5.895000000000000000e+03 4.906000000000000000e+03
5.870000000000000000e+03 4.272000000000000000e+03
5.864000000000000000e+03 4.110000000000000000e+03
5.928000000000000000e+03 4.139000000000000000e+03
5.755000000000000000e+03 4.138000000000000000e+03
5.672000000000000000e+03 4.198000000000000000e+03
5.655000000000000000e+03 4.285000000000000000e+03
5.718000000000000000e+03 4.123000000000000000e+03
5.638000000000000000e+03 4.136000000000000000e+03
6.085000000000000000e+03 4.194000000000000000e+03
6.171000000000000000e+03 4.129000000000000000e+03
6.267000000000000000e+03 4.078000000000000000e+03
6.323000000000000000e+03 4.143000000000000000e+03
6.419000000000000000e+03 4.118000000000000000e+03
6.451000000000000000e+03 4.097000000000000000e+03
6.541000000000000000e+03 4.072000000000000000e+03
6.490000000000000000e+03 4.181000000000000000e+03
6.609000000000000000e+03 3.996000000000000000e+03
6.287000000000000000e+03 4.242000000000000000e+03
6.149000000000000000e+03 4.028000000000000000e+03
6.505000000000000000e+03 3.981000000000000000e+03
6.752000000000000000e+03 4.147000000000000000e+03
6.682000000000000000e+03 4.140000000000000000e+03
6.726000000000000000e+03 4.004000000000000000e+03
6.652000000000000000e+03 4.063000000000000000e+03
5.881000000000000000e+03 4.736000000000000000e+03
5.943000000000000000e+03 4.733000000000000000e+03
5.825000000000000000e+03 4.640000000000000000e+03
5.871000000000000000e+03 4.593000000000000000e+03
5.861000000000000000e+03 4.525000000000000000e+03
5.827000000000000000e+03 4.485000000000000000e+03
5.644000000000000000e+03 4.504000000000000000e+03
5.590000000000000000e+03 4.559000000000000000e+03
5.775000000000000000e+03 4.481000000000000000e+03
5.957000000000000000e+03 4.643000000000000000e+03
5.628000000000000000e+03 4.498000000000000000e+03
5.634000000000000000e+03 4.507000000000000000e+03
6.389000000000000000e+03 3.994000000000000000e+03
6.071000000000000000e+03 4.016000000000000000e+03
6.040000000000000000e+03 4.050000000000000000e+03
5.848000000000000000e+03 4.206000000000000000e+03
6.679000000000000000e+03 2.126000000000000000e+03
2.299000000000000000e+03 5.430000000000000000e+02
2.578000000000000000e+03 7.490000000000000000e+02
7.052000000000000000e+03 2.398000000000000000e+03
7.123000000000000000e+03 2.373000000000000000e+03
7.037000000000000000e+03 2.322000000000000000e+03
6.957000000000000000e+03 2.365000000000000000e+03
6.385000000000000000e+03 2.213000000000000000e+03
6.633000000000000000e+03 2.263000000000000000e+03
6.909000000000000000e+03 2.343000000000000000e+03
6.885000000000000000e+03 2.306000000000000000e+03
6.836000000000000000e+03 2.383000000000000000e+03
6.754000000000000000e+03 2.310000000000000000e+03
6.643000000000000000e+03 2.346000000000000000e+03
6.431000000000000000e+03 2.318000000000000000e+03
2.250000000000000000e+03 1.717000000000000000e+03
2.547000000000000000e+03 1.756000000000000000e+03
2.651000000000000000e+03 1.742000000000000000e+03
2.224000000000000000e+03 1.562000000000000000e+03
2.223000000000000000e+03 9.460000000000000000e+02
2.248000000000000000e+03 1.137000000000000000e+03
2.212000000000000000e+03 1.400000000000000000e+03
2.206000000000000000e+03 1.126000000000000000e+03
2.286000000000000000e+03 3.580000000000000000e+02
2.294000000000000000e+03 4.580000000000000000e+02
2.338000000000000000e+03 2.930000000000000000e+02
2.305000000000000000e+03 2.620000000000000000e+02
2.263000000000000000e+03 2.010000000000000000e+02
2.280000000000000000e+03 1.710000000000000000e+02
2.235000000000000000e+03 2.170000000000000000e+02
2.242000000000000000e+03 2.350000000000000000e+02
7.146000000000000000e+03 2.156000000000000000e+03
6.786000000000000000e+03 2.119000000000000000e+03
6.491000000000000000e+03 2.107000000000000000e+03
7.230000000000000000e+03 2.151000000000000000e+03
7.297000000000000000e+03 2.212000000000000000e+03
7.233000000000000000e+03 2.068000000000000000e+03
7.330000000000000000e+03 2.112000000000000000e+03
7.082000000000000000e+03 2.250000000000000000e+03
6.893000000000000000e+03 2.351000000000000000e+03
7.070000000000000000e+03 2.256000000000000000e+03
7.207000000000000000e+03 2.301000000000000000e+03
6.887000000000000000e+03 2.192000000000000000e+03
6.737000000000000000e+03 2.160000000000000000e+03
6.016000000000000000e+03 2.267000000000000000e+03
6.119000000000000000e+03 2.254000000000000000e+03
6.768000000000000000e+03 2.484000000000000000e+03
6.884000000000000000e+03 2.478000000000000000e+03
7.178000000000000000e+03 2.544000000000000000e+03
7.255000000000000000e+03 2.527000000000000000e+03
6.700000000000000000e+03 2.551000000000000000e+03
6.343000000000000000e+03 2.607000000000000000e+03
6.689000000000000000e+03 2.451000000000000000e+03
6.529000000000000000e+03 2.485000000000000000e+03
7.089000000000000000e+03 2.061000000000000000e+03
6.996000000000000000e+03 2.076000000000000000e+03
7.105000000000000000e+03 2.144000000000000000e+03
7.203000000000000000e+03 2.170000000000000000e+03
6.903000000000000000e+03 2.146000000000000000e+03
6.761000000000000000e+03 2.074000000000000000e+03
6.874000000000000000e+03 2.064000000000000000e+03
6.989000000000000000e+03 2.078000000000000000e+03
3.824000000000000000e+03 1.524000000000000000e+03
3.390000000000000000e+03 2.013000000000000000e+03
2.384000000000000000e+03 1.978000000000000000e+03
2.412000000000000000e+03 1.460000000000000000e+03
2.362000000000000000e+03 1.229000000000000000e+03
2.332000000000000000e+03 1.637000000000000000e+03
2.298000000000000000e+03 1.870000000000000000e+03
3.948000000000000000e+03 2.032000000000000000e+03
4.460000000000000000e+03 2.058000000000000000e+03
2.379000000000000000e+03 1.839000000000000000e+03
2.404000000000000000e+03 1.556000000000000000e+03
2.394000000000000000e+03 1.814000000000000000e+03
2.404000000000000000e+03 1.915000000000000000e+03
4.392000000000000000e+03 1.886000000000000000e+03
3.933000000000000000e+03 2.081000000000000000e+03
3.387000000000000000e+03 5.290000000000000000e+02
4.894000000000000000e+03 6.170000000000000000e+02
4.277000000000000000e+03 2.940000000000000000e+02
3.757000000000000000e+03 5.850000000000000000e+02
6.839000000000000000e+03 2.520000000000000000e+02
7.226000000000000000e+03 2.140000000000000000e+02
3.344000000000000000e+03 1.223000000000000000e+03
3.206000000000000000e+03 5.300000000000000000e+02
2.389000000000000000e+03 4.740000000000000000e+02
5.817000000000000000e+03 1.034000000000000000e+03
2.425000000000000000e+03 2.800000000000000000e+02
2.397000000000000000e+03 6.940000000000000000e+02
2.424000000000000000e+03 7.130000000000000000e+02
2.500000000000000000e+03 7.610000000000000000e+02
4.369000000000000000e+03 1.050000000000000000e+03
4.737000000000000000e+03 1.833000000000000000e+03
1.430000000000000000e+03 1.560000000000000000e+02
1.431000000000000000e+03 1.870000000000000000e+02
1.815000000000000000e+03 4.030000000000000000e+02
1.497000000000000000e+03 2.530000000000000000e+02
1.808000000000000000e+03 1.680000000000000000e+02
1.510000000000000000e+03 1.960000000000000000e+02
2.151000000000000000e+03 4.150000000000000000e+02
3.578000000000000000e+03 1.351000000000000000e+03
1.623000000000000000e+03 2.500000000000000000e+02
1.608000000000000000e+03 1.860000000000000000e+02
1.684000000000000000e+03 1.290000000000000000e+02
1.795000000000000000e+03 1.580000000000000000e+02
1.928000000000000000e+03 2.230000000000000000e+02
2.845000000000000000e+03 9.020000000000000000e+02
2.088000000000000000e+03 4.640000000000000000e+02
2.588000000000000000e+03 5.610000000000000000e+02
2.341000000000000000e+03 1.211000000000000000e+03
3.528000000000000000e+03 1.645000000000000000e+03
2.957000000000000000e+03 1.706000000000000000e+03
2.617000000000000000e+03 1.313000000000000000e+03
2.317000000000000000e+03 8.370000000000000000e+02
2.297000000000000000e+03 8.640000000000000000e+02
2.359000000000000000e+03 9.520000000000000000e+02
2.337000000000000000e+03 1.063000000000000000e+03
2.172000000000000000e+03 5.050000000000000000e+02
2.185000000000000000e+03 7.990000000000000000e+02
2.110000000000000000e+03 1.130000000000000000e+02
2.036000000000000000e+03 1.410000000000000000e+02
2.270000000000000000e+03 1.037000000000000000e+03
2.323000000000000000e+03 1.355000000000000000e+03
2.265000000000000000e+03 1.336000000000000000e+03
3.671000000000000000e+03 1.825000000000000000e+03
6.285000000000000000e+03 2.561000000000000000e+03
6.311000000000000000e+03 2.661000000000000000e+03
6.306000000000000000e+03 2.679000000000000000e+03
6.563000000000000000e+03 2.659000000000000000e+03
6.522000000000000000e+03 2.751000000000000000e+03
6.489000000000000000e+03 2.645000000000000000e+03
6.426000000000000000e+03 2.690000000000000000e+03
6.269000000000000000e+03 2.286000000000000000e+03
6.351000000000000000e+03 2.282000000000000000e+03
6.267000000000000000e+03 2.330000000000000000e+03
6.198000000000000000e+03 2.341000000000000000e+03
6.493000000000000000e+03 2.308000000000000000e+03
6.521000000000000000e+03 2.335000000000000000e+03
6.415000000000000000e+03 2.254000000000000000e+03
6.434000000000000000e+03 2.237000000000000000e+03
6.199000000000000000e+03 2.463000000000000000e+03
6.199000000000000000e+03 2.384000000000000000e+03
6.349000000000000000e+03 2.499000000000000000e+03
6.238000000000000000e+03 2.441000000000000000e+03
6.524000000000000000e+03 2.444000000000000000e+03
6.469000000000000000e+03 2.513000000000000000e+03
6.330000000000000000e+03 2.413000000000000000e+03
6.451000000000000000e+03 2.428000000000000000e+03
6.519000000000000000e+03 2.134000000000000000e+03
6.569000000000000000e+03 2.197000000000000000e+03
6.520000000000000000e+03 2.210000000000000000e+03
6.532000000000000000e+03 2.107000000000000000e+03
6.335000000000000000e+03 2.199000000000000000e+03
6.388000000000000000e+03 2.121000000000000000e+03
6.281000000000000000e+03 2.123000000000000000e+03
6.226000000000000000e+03 2.101000000000000000e+03
6.582000000000000000e+03 2.759000000000000000e+03
6.645000000000000000e+03 2.778000000000000000e+03
6.538000000000000000e+03 2.733000000000000000e+03
6.254000000000000000e+03 2.983000000000000000e+03
6.277000000000000000e+03 2.898000000000000000e+03
6.243000000000000000e+03 2.945000000000000000e+03
6.227000000000000000e+03 3.022000000000000000e+03
6.834000000000000000e+03 2.687000000000000000e+03
6.837000000000000000e+03 2.726000000000000000e+03
6.954000000000000000e+03 2.727000000000000000e+03
7.031000000000000000e+03 2.702000000000000000e+03
6.517000000000000000e+03 2.663000000000000000e+03
6.938000000000000000e+03 2.737000000000000000e+03
7.178000000000000000e+03 2.703000000000000000e+03
7.199000000000000000e+03 2.694000000000000000e+03
6.241000000000000000e+03 2.927000000000000000e+03
6.112000000000000000e+03 2.925000000000000000e+03
6.209000000000000000e+03 2.699000000000000000e+03
6.228000000000000000e+03 2.800000000000000000e+03
6.386000000000000000e+03 2.873000000000000000e+03
6.446000000000000000e+03 2.814000000000000000e+03
6.588000000000000000e+03 2.793000000000000000e+03
6.432000000000000000e+03 2.986000000000000000e+03
6.201000000000000000e+03 3.235000000000000000e+03
6.241000000000000000e+03 3.155000000000000000e+03
6.326000000000000000e+03 2.955000000000000000e+03
6.231000000000000000e+03 3.228000000000000000e+03
6.343000000000000000e+03 3.150000000000000000e+03
6.283000000000000000e+03 3.165000000000000000e+03
6.352000000000000000e+03 3.205000000000000000e+03
6.390000000000000000e+03 3.195000000000000000e+03
7.035000000000000000e+03 3.159000000000000000e+03
6.914000000000000000e+03 3.101000000000000000e+03
6.896000000000000000e+03 3.176000000000000000e+03
6.881000000000000000e+03 2.973000000000000000e+03
6.951000000000000000e+03 2.934000000000000000e+03
6.790000000000000000e+03 2.941000000000000000e+03
6.778000000000000000e+03 2.901000000000000000e+03
7.047000000000000000e+03 2.990000000000000000e+03
6.997000000000000000e+03 3.038000000000000000e+03
7.127000000000000000e+03 3.046000000000000000e+03
7.081000000000000000e+03 3.131000000000000000e+03
7.236000000000000000e+03 3.045000000000000000e+03
7.217000000000000000e+03 3.132000000000000000e+03
7.079000000000000000e+03 3.136000000000000000e+03
6.793000000000000000e+03 3.028000000000000000e+03
6.898000000000000000e+03 3.265000000000000000e+03
6.910000000000000000e+03 3.280000000000000000e+03
6.787000000000000000e+03 3.294000000000000000e+03
6.802000000000000000e+03 3.221000000000000000e+03
6.895000000000000000e+03 3.116000000000000000e+03
6.890000000000000000e+03 3.174000000000000000e+03
6.848000000000000000e+03 3.111000000000000000e+03
6.783000000000000000e+03 3.036000000000000000e+03
6.612000000000000000e+03 3.265000000000000000e+03
6.642000000000000000e+03 3.218000000000000000e+03
6.593000000000000000e+03 3.185000000000000000e+03
6.498000000000000000e+03 3.209000000000000000e+03
6.486000000000000000e+03 3.089000000000000000e+03
6.522000000000000000e+03 3.061000000000000000e+03
6.553000000000000000e+03 3.021000000000000000e+03
6.629000000000000000e+03 3.015000000000000000e+03
6.879000000000000000e+03 3.571000000000000000e+03
6.760000000000000000e+03 3.421000000000000000e+03
6.916000000000000000e+03 3.512000000000000000e+03
6.917000000000000000e+03 3.441000000000000000e+03
6.682000000000000000e+03 3.098000000000000000e+03
6.691000000000000000e+03 3.071000000000000000e+03
6.787000000000000000e+03 3.186000000000000000e+03
6.891000000000000000e+03 3.332000000000000000e+03
6.880000000000000000e+03 2.876000000000000000e+03
7.030000000000000000e+03 2.855000000000000000e+03
7.017000000000000000e+03 2.918000000000000000e+03
6.708000000000000000e+03 2.866000000000000000e+03
6.844000000000000000e+03 2.815000000000000000e+03
6.854000000000000000e+03 2.831000000000000000e+03
6.841000000000000000e+03 2.815000000000000000e+03
6.680000000000000000e+03 2.897000000000000000e+03
6.519000000000000000e+03 2.509000000000000000e+03
7.112000000000000000e+03 2.853000000000000000e+03
6.851000000000000000e+03 2.570000000000000000e+03
6.611000000000000000e+03 2.566000000000000000e+03
7.178000000000000000e+03 2.912000000000000000e+03
7.206000000000000000e+03 2.871000000000000000e+03
7.205000000000000000e+03 2.860000000000000000e+03
7.221000000000000000e+03 2.786000000000000000e+03
7.088000000000000000e+03 2.462000000000000000e+03
7.090000000000000000e+03 2.525000000000000000e+03
6.768000000000000000e+03 2.565000000000000000e+03
7.056000000000000000e+03 2.591000000000000000e+03
6.805000000000000000e+03 2.641000000000000000e+03
6.975000000000000000e+03 2.629000000000000000e+03
6.353000000000000000e+03 2.563000000000000000e+03
6.197000000000000000e+03 2.591000000000000000e+03
5.388000000000000000e+03 2.800000000000000000e+03
5.178000000000000000e+03 2.738000000000000000e+03
5.109000000000000000e+03 2.710000000000000000e+03
5.614000000000000000e+03 2.882000000000000000e+03
5.630000000000000000e+03 2.886000000000000000e+03
5.428000000000000000e+03 2.822000000000000000e+03
5.373000000000000000e+03 2.859000000000000000e+03
5.867000000000000000e+03 3.057000000000000000e+03
5.854000000000000000e+03 3.103000000000000000e+03
5.972000000000000000e+03 3.207000000000000000e+03
5.969000000000000000e+03 3.184000000000000000e+03
5.576000000000000000e+03 3.669000000000000000e+03
5.175000000000000000e+03 3.526000000000000000e+03
5.846000000000000000e+03 3.031000000000000000e+03
5.721000000000000000e+03 2.977000000000000000e+03
5.563000000000000000e+03 2.929000000000000000e+03
5.517000000000000000e+03 2.941000000000000000e+03
5.327000000000000000e+03 2.881000000000000000e+03
5.396000000000000000e+03 2.849000000000000000e+03
5.338000000000000000e+03 2.806000000000000000e+03
5.398000000000000000e+03 3.331000000000000000e+03
5.277000000000000000e+03 2.758000000000000000e+03
5.240000000000000000e+03 2.789000000000000000e+03
5.420000000000000000e+03 2.644000000000000000e+03
5.400000000000000000e+03 2.690000000000000000e+03
5.572000000000000000e+03 2.725000000000000000e+03
5.482000000000000000e+03 2.677000000000000000e+03
5.606000000000000000e+03 2.776000000000000000e+03
5.668000000000000000e+03 2.785000000000000000e+03
5.871000000000000000e+03 2.920000000000000000e+03
5.845000000000000000e+03 2.882000000000000000e+03
5.584000000000000000e+03 2.811000000000000000e+03
5.295000000000000000e+03 3.154000000000000000e+03
5.196000000000000000e+03 3.339000000000000000e+03
5.887000000000000000e+03 2.589000000000000000e+03
5.958000000000000000e+03 2.659000000000000000e+03
5.886000000000000000e+03 2.565000000000000000e+03
5.764000000000000000e+03 2.481000000000000000e+03
5.659000000000000000e+03 3.436000000000000000e+03
6.050000000000000000e+03 2.810000000000000000e+03
6.004000000000000000e+03 2.761000000000000000e+03
6.079000000000000000e+03 2.720000000000000000e+03
5.937000000000000000e+03 3.366000000000000000e+03
6.080000000000000000e+03 2.944000000000000000e+03
6.019000000000000000e+03 2.952000000000000000e+03
6.064000000000000000e+03 3.054000000000000000e+03
5.864000000000000000e+03 2.737000000000000000e+03
5.834000000000000000e+03 2.727000000000000000e+03
5.919000000000000000e+03 2.738000000000000000e+03
5.655000000000000000e+03 3.501000000000000000e+03
5.870000000000000000e+03 2.852000000000000000e+03
5.944000000000000000e+03 2.847000000000000000e+03
5.935000000000000000e+03 2.979000000000000000e+03
5.990000000000000000e+03 2.951000000000000000e+03
5.577000000000000000e+03 3.138000000000000000e+03
5.522000000000000000e+03 3.101000000000000000e+03
5.591000000000000000e+03 3.326000000000000000e+03
5.689000000000000000e+03 2.627000000000000000e+03
5.767000000000000000e+03 2.643000000000000000e+03
5.742000000000000000e+03 2.696000000000000000e+03
5.622000000000000000e+03 3.021000000000000000e+03
5.637000000000000000e+03 3.024000000000000000e+03
5.165000000000000000e+03 3.293000000000000000e+03
4.748000000000000000e+03 2.940000000000000000e+03
4.785000000000000000e+03 2.987000000000000000e+03
4.895000000000000000e+03 2.993000000000000000e+03
4.863000000000000000e+03 3.080000000000000000e+03
4.919000000000000000e+03 2.930000000000000000e+03
5.100000000000000000e+03 2.976000000000000000e+03
5.284000000000000000e+03 2.971000000000000000e+03
5.202000000000000000e+03 2.985000000000000000e+03
5.462000000000000000e+03 3.013000000000000000e+03
5.248000000000000000e+03 3.156000000000000000e+03
4.915000000000000000e+03 4.084000000000000000e+03
5.098000000000000000e+03 2.917000000000000000e+03
5.078000000000000000e+03 2.932000000000000000e+03
5.118000000000000000e+03 3.050000000000000000e+03
5.089000000000000000e+03 2.824000000000000000e+03
5.089000000000000000e+03 2.814000000000000000e+03
5.016000000000000000e+03 2.889000000000000000e+03
4.902000000000000000e+03 2.800000000000000000e+03
4.738000000000000000e+03 3.280000000000000000e+03
4.840000000000000000e+03 3.148000000000000000e+03
4.926000000000000000e+03 3.059000000000000000e+03
4.181000000000000000e+03 4.832000000000000000e+03
5.574000000000000000e+03 3.025000000000000000e+03
5.612000000000000000e+03 3.044000000000000000e+03
5.087000000000000000e+03 3.009000000000000000e+03
5.394000000000000000e+03 2.927000000000000000e+03
5.792000000000000000e+03 3.211000000000000000e+03
5.756000000000000000e+03 3.200000000000000000e+03
5.786000000000000000e+03 3.148000000000000000e+03
5.683000000000000000e+03 3.135000000000000000e+03
5.578000000000000000e+03 3.216000000000000000e+03
5.565000000000000000e+03 3.253000000000000000e+03
5.700000000000000000e+03 3.263000000000000000e+03
5.646000000000000000e+03 3.215000000000000000e+03
5.030000000000000000e+03 3.038000000000000000e+03
5.155000000000000000e+03 3.056000000000000000e+03
5.312000000000000000e+03 3.131000000000000000e+03
5.242000000000000000e+03 3.096000000000000000e+03
5.144000000000000000e+03 3.243000000000000000e+03
4.933000000000000000e+03 3.197000000000000000e+03
4.972000000000000000e+03 3.116000000000000000e+03
4.944000000000000000e+03 3.142000000000000000e+03
4.756000000000000000e+03 3.118000000000000000e+03
4.786000000000000000e+03 3.168000000000000000e+03
4.954000000000000000e+03 3.074000000000000000e+03
4.843000000000000000e+03 3.067000000000000000e+03
5.239000000000000000e+03 3.219000000000000000e+03
5.227000000000000000e+03 3.259000000000000000e+03
5.082000000000000000e+03 3.233000000000000000e+03
5.065000000000000000e+03 3.223000000000000000e+03
5.520000000000000000e+03 3.263000000000000000e+03
5.546000000000000000e+03 3.229000000000000000e+03
5.340000000000000000e+03 3.228000000000000000e+03
5.292000000000000000e+03 3.263000000000000000e+03
5.558000000000000000e+03 3.136000000000000000e+03
5.407000000000000000e+03 3.123000000000000000e+03
5.185000000000000000e+03 3.077000000000000000e+03
5.347000000000000000e+03 3.102000000000000000e+03
5.294000000000000000e+03 3.082000000000000000e+03
5.385000000000000000e+03 3.131000000000000000e+03
4.968000000000000000e+03 3.239000000000000000e+03
4.905000000000000000e+03 3.251000000000000000e+03
7.263000000000000000e+03 2.936000000000000000e+03
7.387000000000000000e+03 2.877000000000000000e+03
7.400000000000000000e+03 3.080000000000000000e+03
6.830000000000000000e+03 3.266000000000000000e+03
7.418000000000000000e+03 2.837000000000000000e+03
7.396000000000000000e+03 3.082000000000000000e+03
7.117000000000000000e+03 2.953000000000000000e+03
7.025000000000000000e+03 3.346000000000000000e+03
7.025000000000000000e+03 3.428000000000000000e+03
7.080000000000000000e+03 3.391000000000000000e+03
7.137000000000000000e+03 3.408000000000000000e+03
7.114000000000000000e+03 3.434000000000000000e+03
7.159000000000000000e+03 3.352000000000000000e+03
7.185000000000000000e+03 3.310000000000000000e+03
7.190000000000000000e+03 3.241000000000000000e+03
7.402000000000000000e+03 2.688000000000000000e+03
7.399000000000000000e+03 2.526000000000000000e+03
7.248000000000000000e+03 2.768000000000000000e+03
7.378000000000000000e+03 2.690000000000000000e+03
7.229000000000000000e+03 2.649000000000000000e+03
7.431000000000000000e+03 2.545000000000000000e+03
7.453000000000000000e+03 2.614000000000000000e+03
7.275000000000000000e+03 2.613000000000000000e+03
7.447000000000000000e+03 2.300000000000000000e+03
7.281000000000000000e+03 2.640000000000000000e+03
7.389000000000000000e+03 2.587000000000000000e+03
7.415000000000000000e+03 2.698000000000000000e+03
7.345000000000000000e+03 2.633000000000000000e+03
7.382000000000000000e+03 2.430000000000000000e+03
7.301000000000000000e+03 2.553000000000000000e+03
7.375000000000000000e+03 2.366000000000000000e+03
7.350000000000000000e+03 3.370000000000000000e+03
7.316000000000000000e+03 3.415000000000000000e+03
7.376000000000000000e+03 3.343000000000000000e+03
7.340000000000000000e+03 3.280000000000000000e+03
7.310000000000000000e+03 3.500000000000000000e+03
7.337000000000000000e+03 3.466000000000000000e+03
7.348000000000000000e+03 3.418000000000000000e+03
7.370000000000000000e+03 3.602000000000000000e+03
7.366000000000000000e+03 3.399000000000000000e+03
7.319000000000000000e+03 3.519000000000000000e+03
7.392000000000000000e+03 3.372000000000000000e+03
7.331000000000000000e+03 3.590000000000000000e+03
7.370000000000000000e+03 3.534000000000000000e+03
7.285000000000000000e+03 3.728000000000000000e+03
7.389000000000000000e+03 3.598000000000000000e+03
7.370000000000000000e+03 3.811000000000000000e+03
7.365000000000000000e+03 3.805000000000000000e+03
7.400000000000000000e+03 3.765000000000000000e+03
7.394000000000000000e+03 3.641000000000000000e+03
7.435000000000000000e+03 3.729000000000000000e+03
7.356000000000000000e+03 4.101000000000000000e+03
7.392000000000000000e+03 4.078000000000000000e+03
7.411000000000000000e+03 3.810000000000000000e+03
7.326000000000000000e+03 4.166000000000000000e+03
7.377000000000000000e+03 3.671000000000000000e+03
7.373000000000000000e+03 4.199000000000000000e+03
7.337000000000000000e+03 3.841000000000000000e+03
7.208000000000000000e+03 3.453000000000000000e+03
7.447000000000000000e+03 3.479000000000000000e+03
7.421000000000000000e+03 3.331000000000000000e+03
7.416000000000000000e+03 3.309000000000000000e+03
1.661000000000000000e+03 5.308000000000000000e+03
2.039000000000000000e+03 5.349000000000000000e+03
2.076000000000000000e+03 5.307000000000000000e+03
2.209000000000000000e+03 5.275000000000000000e+03
2.358000000000000000e+03 5.321000000000000000e+03
2.136000000000000000e+03 5.280000000000000000e+03
2.123000000000000000e+03 5.304000000000000000e+03
1.268000000000000000e+03 5.281000000000000000e+03
1.308000000000000000e+03 5.310000000000000000e+03
7.020000000000000000e+02 5.293000000000000000e+03
1.022000000000000000e+03 5.279000000000000000e+03
5.460000000000000000e+02 5.277000000000000000e+03
5.900000000000000000e+02 5.355000000000000000e+03
5.360000000000000000e+02 5.363000000000000000e+03
5.420000000000000000e+02 5.312000000000000000e+03
3.593000000000000000e+03 3.796000000000000000e+03
4.213000000000000000e+03 3.935000000000000000e+03
3.365000000000000000e+03 4.408000000000000000e+03
2.769000000000000000e+03 5.174000000000000000e+03
1.957000000000000000e+03 5.226000000000000000e+03
2.268000000000000000e+03 5.076000000000000000e+03
5.031000000000000000e+03 3.925000000000000000e+03
5.264000000000000000e+03 3.789000000000000000e+03
1.391000000000000000e+03 4.035000000000000000e+03
1.425000000000000000e+03 4.318000000000000000e+03
1.434000000000000000e+03 5.043000000000000000e+03
1.577000000000000000e+03 5.277000000000000000e+03
2.587000000000000000e+03 4.143000000000000000e+03
2.965000000000000000e+03 4.223000000000000000e+03
3.262000000000000000e+03 3.896000000000000000e+03
3.175000000000000000e+03 4.566000000000000000e+03
2.460000000000000000e+03 5.307000000000000000e+03
2.379000000000000000e+03 5.350000000000000000e+03
2.580000000000000000e+03 5.385000000000000000e+03
2.470000000000000000e+03 5.405000000000000000e+03
1.993000000000000000e+03 5.409000000000000000e+03
2.149000000000000000e+03 5.419000000000000000e+03
2.306000000000000000e+03 5.405000000000000000e+03
2.364000000000000000e+03 5.423000000000000000e+03
1.379000000000000000e+03 5.337000000000000000e+03
1.158000000000000000e+03 5.347000000000000000e+03
2.135000000000000000e+03 5.278000000000000000e+03
1.391000000000000000e+03 5.367000000000000000e+03
8.430000000000000000e+02 5.295000000000000000e+03
8.700000000000000000e+02 5.309000000000000000e+03
1.022000000000000000e+03 5.301000000000000000e+03
1.024000000000000000e+03 5.302000000000000000e+03
1.746000000000000000e+03 5.329000000000000000e+03
2.762000000000000000e+03 5.323000000000000000e+03
1.457000000000000000e+03 5.387000000000000000e+03
1.331000000000000000e+03 5.397000000000000000e+03
4.597000000000000000e+03 4.781000000000000000e+03
1.253000000000000000e+03 5.436000000000000000e+03
1.339000000000000000e+03 5.407000000000000000e+03
2.758000000000000000e+03 5.188000000000000000e+03
7.110000000000000000e+02 5.390000000000000000e+03
6.600000000000000000e+02 5.434000000000000000e+03
7.190000000000000000e+02 5.460000000000000000e+03
8.860000000000000000e+02 5.434000000000000000e+03
9.320000000000000000e+02 5.391000000000000000e+03
8.720000000000000000e+02 5.389000000000000000e+03
1.115000000000000000e+03 5.421000000000000000e+03
1.114000000000000000e+03 5.435000000000000000e+03
5.384000000000000000e+03 6.260000000000000000e+03
5.945000000000000000e+03 4.200000000000000000e+03
4.650000000000000000e+03 3.330000000000000000e+03
4.610000000000000000e+02 3.000000000000000000e+02
8.070000000000000000e+02 5.480000000000000000e+03
4.590000000000000000e+02 2.750000000000000000e+03
2.440000000000000000e+03 1.000000000000000000e+02
7.442000000000000000e+03 0.000000000000000000e+00
-1.200000000000000000e+01 0.000000000000000000e+00
-4.000000000000000000e+00 0.000000000000000000e+00
