5.906000000000000000e+03 6.531000000000000000e+03
6.003000000000000000e+03 6.451000000000000000e+03
5.934000000000000000e+03 6.446000000000000000e+03
5.856000000000000000e+03 6.579000000000000000e+03
5.839000000000000000e+03 6.513000000000000000e+03
5.938000000000000000e+03 6.683000000000000000e+03
5.876000000000000000e+03 6.702000000000000000e+03
5.726000000000000000e+03 6.655000000000000000e+03
5.749000000000000000e+03 6.768000000000000000e+03
5.756000000000000000e+03 6.786000000000000000e+03
5.862000000000000000e+03 6.560000000000000000e+03
6.010000000000000000e+03 6.872000000000000000e+03
5.961000000000000000e+03 6.885000000000000000e+03
5.856000000000000000e+03 6.831000000000000000e+03
5.868000000000000000e+03 6.887000000000000000e+03
5.858000000000000000e+03 7.153000000000000000e+03
5.762000000000000000e+03 7.194000000000000000e+03
5.712000000000000000e+03 7.116000000000000000e+03
5.680000000000000000e+03 6.781000000000000000e+03
5.611000000000000000e+03 6.986000000000000000e+03
5.693000000000000000e+03 7.066000000000000000e+03
5.582000000000000000e+03 6.911000000000000000e+03
5.604000000000000000e+03 6.778000000000000000e+03
5.697000000000000000e+03 6.220000000000000000e+03
5.771000000000000000e+03 6.936000000000000000e+03
5.644000000000000000e+03 6.821000000000000000e+03
5.450000000000000000e+03 6.124000000000000000e+03
5.815000000000000000e+03 6.353000000000000000e+03
5.846000000000000000e+03 7.008000000000000000e+03
6.004000000000000000e+03 7.002000000000000000e+03
5.952000000000000000e+03 7.091000000000000000e+03
6.255000000000000000e+03 5.897000000000000000e+03
6.253000000000000000e+03 5.975000000000000000e+03
6.357000000000000000e+03 6.019000000000000000e+03
6.428000000000000000e+03 6.075000000000000000e+03
6.384000000000000000e+03 6.165000000000000000e+03
6.270000000000000000e+03 6.156000000000000000e+03
6.328000000000000000e+03 6.194000000000000000e+03
6.274000000000000000e+03 5.587000000000000000e+03
6.144000000000000000e+03 5.511000000000000000e+03
6.048000000000000000e+03 5.458000000000000000e+03
6.001000000000000000e+03 5.404000000000000000e+03
6.153000000000000000e+03 5.665000000000000000e+03
6.093000000000000000e+03 5.590000000000000000e+03
6.165000000000000000e+03 5.783000000000000000e+03
6.197000000000000000e+03 5.856000000000000000e+03
6.362000000000000000e+03 5.822000000000000000e+03
6.478000000000000000e+03 5.650000000000000000e+03
6.406000000000000000e+03 5.610000000000000000e+03
6.339000000000000000e+03 5.526000000000000000e+03
6.519000000000000000e+03 6.006000000000000000e+03
6.634000000000000000e+03 5.942000000000000000e+03
6.548000000000000000e+03 5.817000000000000000e+03
6.600000000000000000e+03 5.881000000000000000e+03
6.430000000000000000e+03 5.954000000000000000e+03
6.478000000000000000e+03 5.890000000000000000e+03
6.436000000000000000e+03 5.866000000000000000e+03
6.340000000000000000e+03 5.825000000000000000e+03
6.316000000000000000e+03 5.644000000000000000e+03
6.234000000000000000e+03 5.630000000000000000e+03
6.347000000000000000e+03 5.790000000000000000e+03
6.308000000000000000e+03 5.712000000000000000e+03
6.653000000000000000e+03 7.324000000000000000e+03
6.266000000000000000e+03 7.266000000000000000e+03
6.220000000000000000e+03 7.271000000000000000e+03
6.066000000000000000e+03 6.895000000000000000e+03
5.871000000000000000e+03 6.608000000000000000e+03
6.616000000000000000e+03 7.345000000000000000e+03
6.002000000000000000e+03 7.328000000000000000e+03
5.297000000000000000e+03 6.122000000000000000e+03
5.693000000000000000e+03 5.591000000000000000e+03
5.621000000000000000e+03 5.496000000000000000e+03
5.552000000000000000e+03 5.840000000000000000e+03
5.179000000000000000e+03 6.164000000000000000e+03
5.385000000000000000e+03 6.178000000000000000e+03
5.155000000000000000e+03 6.330000000000000000e+03
5.073000000000000000e+03 6.318000000000000000e+03
7.427000000000000000e+03 7.005000000000000000e+03
7.280000000000000000e+03 6.922000000000000000e+03
5.422000000000000000e+03 6.516000000000000000e+03
5.608000000000000000e+03 6.489000000000000000e+03
5.052000000000000000e+03 6.476000000000000000e+03
5.174000000000000000e+03 6.502000000000000000e+03
5.327000000000000000e+03 6.548000000000000000e+03
5.272000000000000000e+03 6.540000000000000000e+03
5.198000000000000000e+03 6.523000000000000000e+03
5.057000000000000000e+03 6.594000000000000000e+03
4.921000000000000000e+03 6.504000000000000000e+03
4.999000000000000000e+03 6.460000000000000000e+03
7.023000000000000000e+03 7.069000000000000000e+03
7.432000000000000000e+03 7.341000000000000000e+03
6.003000000000000000e+03 6.522000000000000000e+03
5.797000000000000000e+03 6.490000000000000000e+03
5.201000000000000000e+03 5.851000000000000000e+03
5.316000000000000000e+03 5.603000000000000000e+03
5.123000000000000000e+03 5.890000000000000000e+03
5.168000000000000000e+03 5.726000000000000000e+03
5.843000000000000000e+03 4.591000000000000000e+03
5.629000000000000000e+03 5.661000000000000000e+03
5.225000000000000000e+03 5.882000000000000000e+03
5.292000000000000000e+03 5.898000000000000000e+03
5.162000000000000000e+03 6.068000000000000000e+03
5.213000000000000000e+03 5.986000000000000000e+03
5.336000000000000000e+03 6.022000000000000000e+03
5.343000000000000000e+03 6.054000000000000000e+03
5.510000000000000000e+03 6.146000000000000000e+03
5.388000000000000000e+03 6.158000000000000000e+03
5.418000000000000000e+03 6.269000000000000000e+03
5.396000000000000000e+03 6.307000000000000000e+03
6.057000000000000000e+03 7.094000000000000000e+03
5.889000000000000000e+03 7.273000000000000000e+03
5.752000000000000000e+03 6.951000000000000000e+03
5.794000000000000000e+03 7.364000000000000000e+03
5.453000000000000000e+03 6.406000000000000000e+03
5.394000000000000000e+03 6.474000000000000000e+03
5.263000000000000000e+03 7.033000000000000000e+03
5.303000000000000000e+03 7.075000000000000000e+03
5.588000000000000000e+03 7.209000000000000000e+03
5.427000000000000000e+03 7.345000000000000000e+03
5.441000000000000000e+03 7.335000000000000000e+03
5.509000000000000000e+03 7.369000000000000000e+03
5.044000000000000000e+03 7.415000000000000000e+03
5.145000000000000000e+03 7.380000000000000000e+03
5.617000000000000000e+03 7.441000000000000000e+03
5.542000000000000000e+03 6.751000000000000000e+03
4.944000000000000000e+03 5.678000000000000000e+03
4.986000000000000000e+03 5.454000000000000000e+03
5.010000000000000000e+03 5.531000000000000000e+03
5.953000000000000000e+03 5.936000000000000000e+03
5.899000000000000000e+03 5.894000000000000000e+03
5.889000000000000000e+03 5.852000000000000000e+03
5.900000000000000000e+03 5.890000000000000000e+03
5.023000000000000000e+03 5.619000000000000000e+03
5.028000000000000000e+03 5.695000000000000000e+03
4.990000000000000000e+03 5.638000000000000000e+03
5.029000000000000000e+03 5.529000000000000000e+03
5.055000000000000000e+03 5.736000000000000000e+03
4.960000000000000000e+03 5.828000000000000000e+03
4.978000000000000000e+03 5.735000000000000000e+03
5.005000000000000000e+03 5.871000000000000000e+03
6.004000000000000000e+03 5.835000000000000000e+03
6.069000000000000000e+03 5.949000000000000000e+03
5.950000000000000000e+03 5.757000000000000000e+03
5.904000000000000000e+03 5.752000000000000000e+03
5.953000000000000000e+03 5.524000000000000000e+03
5.955000000000000000e+03 5.605000000000000000e+03
5.929000000000000000e+03 5.690000000000000000e+03
5.917000000000000000e+03 5.650000000000000000e+03
6.005000000000000000e+03 5.999000000000000000e+03
5.932000000000000000e+03 6.005000000000000000e+03
4.248000000000000000e+03 5.044000000000000000e+03
5.071000000000000000e+03 5.028000000000000000e+03
6.148000000000000000e+03 6.075000000000000000e+03
6.083000000000000000e+03 6.141000000000000000e+03
6.124000000000000000e+03 6.003000000000000000e+03
6.061000000000000000e+03 6.109000000000000000e+03
2.268000000000000000e+03 7.460000000000000000e+03
3.447000000000000000e+03 6.662000000000000000e+03
2.438000000000000000e+03 7.431000000000000000e+03
2.605000000000000000e+03 7.432000000000000000e+03
2.961000000000000000e+03 7.426000000000000000e+03
2.824000000000000000e+03 7.436000000000000000e+03
2.646000000000000000e+03 7.410000000000000000e+03
1.767000000000000000e+03 7.465000000000000000e+03
1.769000000000000000e+03 7.422000000000000000e+03
2.098000000000000000e+03 7.452000000000000000e+03
1.787000000000000000e+03 7.362000000000000000e+03
2.077000000000000000e+03 7.361000000000000000e+03
1.896000000000000000e+03 7.477000000000000000e+03
1.771000000000000000e+03 7.429000000000000000e+03
1.906000000000000000e+03 7.469000000000000000e+03
1.027000000000000000e+03 7.469000000000000000e+03
1.038000000000000000e+03 7.476000000000000000e+03
6.040000000000000000e+02 7.482000000000000000e+03
7.470000000000000000e+02 7.474000000000000000e+03
8.230000000000000000e+02 7.462000000000000000e+03
8.480000000000000000e+02 7.466000000000000000e+03
6.060000000000000000e+02 7.471000000000000000e+03
3.349000000000000000e+03 6.413000000000000000e+03
4.891000000000000000e+03 6.061000000000000000e+03
5.018000000000000000e+03 6.103000000000000000e+03
4.994000000000000000e+03 6.003000000000000000e+03
4.909000000000000000e+03 5.987000000000000000e+03
5.016000000000000000e+03 6.177000000000000000e+03
4.955000000000000000e+03 6.218000000000000000e+03
4.927000000000000000e+03 6.309000000000000000e+03
4.923000000000000000e+03 6.355000000000000000e+03
4.684000000000000000e+03 3.842000000000000000e+03
4.801000000000000000e+03 3.904000000000000000e+03
4.461000000000000000e+03 4.251000000000000000e+03
4.617000000000000000e+03 3.689000000000000000e+03
4.636000000000000000e+03 3.482000000000000000e+03
4.667000000000000000e+03 3.646000000000000000e+03
4.665000000000000000e+03 3.859000000000000000e+03
5.029000000000000000e+03 5.439000000000000000e+03
4.826000000000000000e+03 3.518000000000000000e+03
2.145000000000000000e+03 4.912000000000000000e+03
1.424000000000000000e+03 4.741000000000000000e+03
4.917000000000000000e+03 5.366000000000000000e+03
4.907000000000000000e+03 5.238000000000000000e+03
4.884000000000000000e+03 5.765000000000000000e+03
4.909000000000000000e+03 5.477000000000000000e+03
4.826000000000000000e+03 4.058000000000000000e+03
4.803000000000000000e+03 4.344000000000000000e+03
4.717000000000000000e+03 4.113000000000000000e+03
4.741000000000000000e+03 4.128000000000000000e+03
4.982000000000000000e+03 3.998000000000000000e+03
5.011000000000000000e+03 4.061000000000000000e+03
4.937000000000000000e+03 4.016000000000000000e+03
4.894000000000000000e+03 4.031000000000000000e+03
4.905000000000000000e+03 3.808000000000000000e+03
4.914000000000000000e+03 3.762000000000000000e+03
4.810000000000000000e+03 4.141000000000000000e+03
4.824000000000000000e+03 3.781000000000000000e+03
4.992000000000000000e+03 3.832000000000000000e+03
5.063000000000000000e+03 3.837000000000000000e+03
5.119000000000000000e+03 3.985000000000000000e+03
5.071000000000000000e+03 3.902000000000000000e+03
3.138000000000000000e+03 3.942000000000000000e+03
2.910000000000000000e+03 3.957000000000000000e+03
3.762000000000000000e+03 4.005000000000000000e+03
2.799000000000000000e+03 4.229000000000000000e+03
4.507000000000000000e+03 4.499000000000000000e+03
3.356000000000000000e+03 4.615000000000000000e+03
3.155000000000000000e+03 3.153000000000000000e+03
3.806000000000000000e+03 3.957000000000000000e+03
4.593000000000000000e+03 3.929000000000000000e+03
4.605000000000000000e+03 3.923000000000000000e+03
4.683000000000000000e+03 3.890000000000000000e+03
2.625000000000000000e+03 4.590000000000000000e+03
3.437000000000000000e+03 4.323000000000000000e+03
4.700000000000000000e+03 3.891000000000000000e+03
4.640000000000000000e+03 4.099000000000000000e+03
4.716000000000000000e+03 3.971000000000000000e+03
5.039000000000000000e+03 4.393000000000000000e+03
4.702000000000000000e+03 4.408000000000000000e+03
4.294000000000000000e+03 2.848000000000000000e+03
5.001000000000000000e+03 4.484000000000000000e+03
4.872000000000000000e+03 5.702000000000000000e+03
4.915000000000000000e+03 5.963000000000000000e+03
4.905000000000000000e+03 5.309000000000000000e+03
9.040000000000000000e+02 4.676000000000000000e+03
4.160000000000000000e+02 4.628000000000000000e+03
4.900000000000000000e+02 4.558000000000000000e+03
7.070000000000000000e+02 4.742000000000000000e+03
1.677000000000000000e+03 4.663000000000000000e+03
6.230000000000000000e+02 4.457000000000000000e+03
6.020000000000000000e+02 4.415000000000000000e+03
4.380000000000000000e+02 4.466000000000000000e+03
4.260000000000000000e+02 4.470000000000000000e+03
5.896000000000000000e+03 5.918000000000000000e+03
5.788000000000000000e+03 5.966000000000000000e+03
5.814000000000000000e+03 5.879000000000000000e+03
5.656000000000000000e+03 6.019000000000000000e+03
5.579000000000000000e+03 6.061000000000000000e+03
5.625000000000000000e+03 6.196000000000000000e+03
5.585000000000000000e+03 6.146000000000000000e+03
6.007000000000000000e+03 6.336000000000000000e+03
6.154000000000000000e+03 6.511000000000000000e+03
6.106000000000000000e+03 6.162000000000000000e+03
6.010000000000000000e+03 6.417000000000000000e+03
6.007000000000000000e+03 5.948000000000000000e+03
5.945000000000000000e+03 6.104000000000000000e+03
5.862000000000000000e+03 6.075000000000000000e+03
5.931000000000000000e+03 6.191000000000000000e+03
5.540000000000000000e+03 5.950000000000000000e+03
5.641000000000000000e+03 5.899000000000000000e+03
5.514000000000000000e+03 5.925000000000000000e+03
5.503000000000000000e+03 5.895000000000000000e+03
5.595000000000000000e+03 5.772000000000000000e+03
5.527000000000000000e+03 5.820000000000000000e+03
5.727000000000000000e+03 5.819000000000000000e+03
5.677000000000000000e+03 5.802000000000000000e+03
5.680000000000000000e+03 5.624000000000000000e+03
5.717000000000000000e+03 5.642000000000000000e+03
5.584000000000000000e+03 5.620000000000000000e+03
5.681000000000000000e+03 5.658000000000000000e+03
5.419000000000000000e+03 5.699000000000000000e+03
5.532000000000000000e+03 5.682000000000000000e+03
5.351000000000000000e+03 5.559000000000000000e+03
5.394000000000000000e+03 5.643000000000000000e+03
5.557000000000000000e+03 5.124000000000000000e+03
5.399000000000000000e+03 4.936000000000000000e+03
5.446000000000000000e+03 4.919000000000000000e+03
5.525000000000000000e+03 4.960000000000000000e+03
5.628000000000000000e+03 4.947000000000000000e+03
5.632000000000000000e+03 4.974000000000000000e+03
5.721000000000000000e+03 5.010000000000000000e+03
5.609000000000000000e+03 5.337000000000000000e+03
5.634000000000000000e+03 5.334000000000000000e+03
5.403000000000000000e+03 5.305000000000000000e+03
5.469000000000000000e+03 5.260000000000000000e+03
5.381000000000000000e+03 4.871000000000000000e+03
5.357000000000000000e+03 5.100000000000000000e+03
5.338000000000000000e+03 5.179000000000000000e+03
5.345000000000000000e+03 5.237000000000000000e+03
5.734000000000000000e+03 5.433000000000000000e+03
5.765000000000000000e+03 5.454000000000000000e+03
5.590000000000000000e+03 5.295000000000000000e+03
5.564000000000000000e+03 5.506000000000000000e+03
5.379000000000000000e+03 5.320000000000000000e+03
5.436000000000000000e+03 4.666000000000000000e+03
5.434000000000000000e+03 5.486000000000000000e+03
5.465000000000000000e+03 5.110000000000000000e+03
5.570000000000000000e+03 4.894000000000000000e+03
5.663000000000000000e+03 5.129000000000000000e+03
5.532000000000000000e+03 4.727000000000000000e+03
5.499000000000000000e+03 5.062000000000000000e+03
5.718000000000000000e+03 5.267000000000000000e+03
5.770000000000000000e+03 5.234000000000000000e+03
5.675000000000000000e+03 5.200000000000000000e+03
5.684000000000000000e+03 5.145000000000000000e+03
5.666000000000000000e+03 5.077000000000000000e+03
5.138000000000000000e+03 4.449000000000000000e+03
5.543000000000000000e+03 4.535000000000000000e+03
4.971000000000000000e+03 4.745000000000000000e+03
4.869000000000000000e+03 4.651000000000000000e+03
4.937000000000000000e+03 4.557000000000000000e+03
4.880000000000000000e+03 4.561000000000000000e+03
4.900000000000000000e+03 4.806000000000000000e+03
4.887000000000000000e+03 4.795000000000000000e+03
4.784000000000000000e+03 4.584000000000000000e+03
4.837000000000000000e+03 4.566000000000000000e+03
4.620000000000000000e+03 4.654000000000000000e+03
4.704000000000000000e+03 4.747000000000000000e+03
4.723000000000000000e+03 4.586000000000000000e+03
4.669000000000000000e+03 4.677000000000000000e+03
5.140000000000000000e+03 4.427000000000000000e+03
4.905000000000000000e+03 4.331000000000000000e+03
5.313000000000000000e+03 4.489000000000000000e+03
5.057000000000000000e+03 4.431000000000000000e+03
4.882000000000000000e+03 4.333000000000000000e+03
4.809000000000000000e+03 4.266000000000000000e+03
4.686000000000000000e+03 4.346000000000000000e+03
4.673000000000000000e+03 4.491000000000000000e+03
5.771000000000000000e+03 6.318000000000000000e+03
5.701000000000000000e+03 6.359000000000000000e+03
5.509000000000000000e+03 4.921000000000000000e+03
5.829000000000000000e+03 6.153000000000000000e+03
5.567000000000000000e+03 6.321000000000000000e+03
5.589000000000000000e+03 6.271000000000000000e+03
5.423000000000000000e+03 5.792000000000000000e+03
5.643000000000000000e+03 6.414000000000000000e+03
5.406000000000000000e+03 4.764000000000000000e+03
5.579000000000000000e+03 4.795000000000000000e+03
5.446000000000000000e+03 4.688000000000000000e+03
5.501000000000000000e+03 4.921000000000000000e+03
5.347000000000000000e+03 4.584000000000000000e+03
5.361000000000000000e+03 4.780000000000000000e+03
5.358000000000000000e+03 4.652000000000000000e+03
5.308000000000000000e+03 4.448000000000000000e+03
5.022000000000000000e+03 4.512000000000000000e+03
5.122000000000000000e+03 4.622000000000000000e+03
5.027000000000000000e+03 4.759000000000000000e+03
5.046000000000000000e+03 4.568000000000000000e+03
5.179000000000000000e+03 4.557000000000000000e+03
5.173000000000000000e+03 4.526000000000000000e+03
5.183000000000000000e+03 4.713000000000000000e+03
5.237000000000000000e+03 4.492000000000000000e+03
5.196000000000000000e+03 4.089000000000000000e+03
5.262000000000000000e+03 4.105000000000000000e+03
5.344000000000000000e+03 4.143000000000000000e+03
5.390000000000000000e+03 4.279000000000000000e+03
5.106000000000000000e+03 4.176000000000000000e+03
5.083000000000000000e+03 4.255000000000000000e+03
5.023000000000000000e+03 4.317000000000000000e+03
4.999000000000000000e+03 4.325000000000000000e+03
5.048000000000000000e+03 4.468000000000000000e+03
5.153000000000000000e+03 4.515000000000000000e+03
5.222000000000000000e+03 4.332000000000000000e+03
5.140000000000000000e+03 4.375000000000000000e+03
5.238000000000000000e+03 4.229000000000000000e+03
5.258000000000000000e+03 4.282000000000000000e+03
5.276000000000000000e+03 4.194000000000000000e+03
5.333000000000000000e+03 4.106000000000000000e+03
4.917000000000000000e+03 4.539000000000000000e+03
1.323000000000000000e+03 4.664000000000000000e+03
4.668000000000000000e+03 4.616000000000000000e+03
6.611000000000000000e+03 5.649000000000000000e+03
6.461000000000000000e+03 5.521000000000000000e+03
5.498000000000000000e+03 4.345000000000000000e+03
5.404000000000000000e+03 4.449000000000000000e+03
6.057000000000000000e+03 4.895000000000000000e+03
5.654000000000000000e+03 4.312000000000000000e+03
6.687000000000000000e+03 5.736000000000000000e+03
6.789000000000000000e+03 5.761000000000000000e+03
6.949000000000000000e+03 5.792000000000000000e+03
6.839000000000000000e+03 5.759000000000000000e+03
7.001000000000000000e+03 5.806000000000000000e+03
6.959000000000000000e+03 5.782000000000000000e+03
7.156000000000000000e+03 5.910000000000000000e+03
7.058000000000000000e+03 5.816000000000000000e+03
7.255000000000000000e+03 5.860000000000000000e+03
7.342000000000000000e+03 5.907000000000000000e+03
6.944000000000000000e+03 5.911000000000000000e+03
6.773000000000000000e+03 5.870000000000000000e+03
6.172000000000000000e+03 5.192000000000000000e+03
6.684000000000000000e+03 5.858000000000000000e+03
7.060000000000000000e+02 4.931000000000000000e+03
6.250000000000000000e+02 4.815000000000000000e+03
5.980000000000000000e+02 4.729000000000000000e+03
6.390000000000000000e+02 4.767000000000000000e+03
5.463000000000000000e+03 4.701000000000000000e+03
5.505000000000000000e+03 4.741000000000000000e+03
7.770000000000000000e+02 4.862000000000000000e+03
1.032000000000000000e+03 4.882000000000000000e+03
6.784000000000000000e+03 5.929000000000000000e+03
6.733000000000000000e+03 6.063000000000000000e+03
6.053000000000000000e+03 6.192000000000000000e+03
5.841000000000000000e+03 5.345000000000000000e+03
5.261000000000000000e+03 4.901000000000000000e+03
6.732000000000000000e+03 5.960000000000000000e+03
5.772000000000000000e+03 5.127000000000000000e+03
7.167000000000000000e+03 6.113000000000000000e+03
7.212000000000000000e+03 6.127000000000000000e+03
7.031000000000000000e+03 6.164000000000000000e+03
7.007000000000000000e+03 6.121000000000000000e+03
5.910000000000000000e+03 6.340000000000000000e+03
6.599000000000000000e+03 6.128000000000000000e+03
6.916000000000000000e+03 6.131000000000000000e+03
6.872000000000000000e+03 6.102000000000000000e+03
7.297000000000000000e+03 6.036000000000000000e+03
7.243000000000000000e+03 5.990000000000000000e+03
7.135000000000000000e+03 6.013000000000000000e+03
7.097000000000000000e+03 6.040000000000000000e+03
6.888000000000000000e+03 6.023000000000000000e+03
6.074000000000000000e+03 5.354000000000000000e+03
5.935000000000000000e+03 5.146000000000000000e+03
6.972000000000000000e+03 6.001000000000000000e+03
2.430000000000000000e+03 4.817000000000000000e+03
3.430000000000000000e+02 4.792000000000000000e+03
3.300000000000000000e+02 4.691000000000000000e+03
2.920000000000000000e+02 4.649000000000000000e+03
1.448000000000000000e+03 4.715000000000000000e+03
4.390000000000000000e+02 4.782000000000000000e+03
1.822000000000000000e+03 4.779000000000000000e+03
3.940000000000000000e+02 4.757000000000000000e+03
5.989000000000000000e+03 5.229000000000000000e+03
7.091000000000000000e+03 5.508000000000000000e+03
6.985000000000000000e+03 5.486000000000000000e+03
7.003000000000000000e+03 5.698000000000000000e+03
6.339000000000000000e+03 5.620000000000000000e+03
6.550000000000000000e+03 5.447000000000000000e+03
6.200000000000000000e+03 5.572000000000000000e+03
7.394000000000000000e+03 5.445000000000000000e+03
7.435000000000000000e+03 5.446000000000000000e+03
7.447000000000000000e+03 5.514000000000000000e+03
7.424000000000000000e+03 5.576000000000000000e+03
7.198000000000000000e+03 5.460000000000000000e+03
7.274000000000000000e+03 5.461000000000000000e+03
7.314000000000000000e+03 5.367000000000000000e+03
7.416000000000000000e+03 5.419000000000000000e+03
6.922000000000000000e+03 5.702000000000000000e+03
7.131000000000000000e+03 5.741000000000000000e+03
6.642000000000000000e+03 5.447000000000000000e+03
7.188000000000000000e+03 5.791000000000000000e+03
7.387000000000000000e+03 5.838000000000000000e+03
7.195000000000000000e+03 5.766000000000000000e+03
7.435000000000000000e+03 5.770000000000000000e+03
7.399000000000000000e+03 5.759000000000000000e+03
7.411000000000000000e+03 5.672000000000000000e+03
7.398000000000000000e+03 5.632000000000000000e+03
7.307000000000000000e+03 5.586000000000000000e+03
7.271000000000000000e+03 5.655000000000000000e+03
7.084000000000000000e+03 5.623000000000000000e+03
6.903000000000000000e+03 5.637000000000000000e+03
7.209000000000000000e+03 5.670000000000000000e+03
7.115000000000000000e+03 5.638000000000000000e+03
7.290000000000000000e+03 4.796000000000000000e+03
7.347000000000000000e+03 4.967000000000000000e+03
7.415000000000000000e+03 4.974000000000000000e+03
7.387000000000000000e+03 5.085000000000000000e+03
7.382000000000000000e+03 5.159000000000000000e+03
7.434000000000000000e+03 5.086000000000000000e+03
7.453000000000000000e+03 5.212000000000000000e+03
7.380000000000000000e+03 5.262000000000000000e+03
7.405000000000000000e+03 4.579000000000000000e+03
7.323000000000000000e+03 4.803000000000000000e+03
6.719000000000000000e+03 4.630000000000000000e+03
7.446000000000000000e+03 4.495000000000000000e+03
7.468000000000000000e+03 4.784000000000000000e+03
7.441000000000000000e+03 4.814000000000000000e+03
7.443000000000000000e+03 4.632000000000000000e+03
7.364000000000000000e+03 4.682000000000000000e+03
6.949000000000000000e+03 5.557000000000000000e+03
7.011000000000000000e+03 5.537000000000000000e+03
6.827000000000000000e+03 5.553000000000000000e+03
6.822000000000000000e+03 5.528000000000000000e+03
6.685000000000000000e+03 5.517000000000000000e+03
6.618000000000000000e+03 5.537000000000000000e+03
5.917000000000000000e+03 5.369000000000000000e+03
5.609000000000000000e+03 5.392000000000000000e+03
6.673000000000000000e+03 5.506000000000000000e+03
6.650000000000000000e+03 5.474000000000000000e+03
6.110000000000000000e+03 5.413000000000000000e+03
6.247000000000000000e+03 5.442000000000000000e+03
7.452000000000000000e+03 4.399000000000000000e+03
6.756000000000000000e+03 4.361000000000000000e+03
6.910000000000000000e+03 4.355000000000000000e+03
6.410000000000000000e+03 4.413000000000000000e+03
6.455000000000000000e+03 2.409000000000000000e+03
4.311000000000000000e+03 3.980000000000000000e+02
4.400000000000000000e+03 5.530000000000000000e+02
6.782000000000000000e+03 2.720000000000000000e+03
6.764000000000000000e+03 2.695000000000000000e+03
6.753000000000000000e+03 2.664000000000000000e+03
6.693000000000000000e+03 2.745000000000000000e+03
6.908000000000000000e+03 2.573000000000000000e+03
6.646000000000000000e+03 2.567000000000000000e+03
6.587000000000000000e+03 2.731000000000000000e+03
6.535000000000000000e+03 2.675000000000000000e+03
6.529000000000000000e+03 2.666000000000000000e+03
6.545000000000000000e+03 2.613000000000000000e+03
6.692000000000000000e+03 2.609000000000000000e+03
6.814000000000000000e+03 2.588000000000000000e+03
4.780000000000000000e+03 3.680000000000000000e+02
4.686000000000000000e+03 6.300000000000000000e+02
4.782000000000000000e+03 6.420000000000000000e+02
4.766000000000000000e+03 2.520000000000000000e+02
4.519000000000000000e+03 2.470000000000000000e+02
4.622000000000000000e+03 1.960000000000000000e+02
4.757000000000000000e+03 1.950000000000000000e+02
4.569000000000000000e+03 2.090000000000000000e+02
4.379000000000000000e+03 3.080000000000000000e+02
4.325000000000000000e+03 3.540000000000000000e+02
4.243000000000000000e+03 2.670000000000000000e+02
4.388000000000000000e+03 2.480000000000000000e+02
4.312000000000000000e+03 1.970000000000000000e+02
4.219000000000000000e+03 2.010000000000000000e+02
4.452000000000000000e+03 2.630000000000000000e+02
4.475000000000000000e+03 1.840000000000000000e+02
5.794000000000000000e+03 2.645000000000000000e+03
5.498000000000000000e+03 2.713000000000000000e+03
5.336000000000000000e+03 2.651000000000000000e+03
5.927000000000000000e+03 2.585000000000000000e+03
6.140000000000000000e+03 2.584000000000000000e+03
5.755000000000000000e+03 2.576000000000000000e+03
5.786000000000000000e+03 2.594000000000000000e+03
5.873000000000000000e+03 2.801000000000000000e+03
5.994000000000000000e+03 2.733000000000000000e+03
5.804000000000000000e+03 2.765000000000000000e+03
6.106000000000000000e+03 2.769000000000000000e+03
5.639000000000000000e+03 2.783000000000000000e+03
5.496000000000000000e+03 2.774000000000000000e+03
5.464000000000000000e+03 2.682000000000000000e+03
5.517000000000000000e+03 2.726000000000000000e+03
6.097000000000000000e+03 2.881000000000000000e+03
6.124000000000000000e+03 2.912000000000000000e+03
6.269000000000000000e+03 2.904000000000000000e+03
6.247000000000000000e+03 2.816000000000000000e+03
6.073000000000000000e+03 2.812000000000000000e+03
5.962000000000000000e+03 2.731000000000000000e+03
6.030000000000000000e+03 2.841000000000000000e+03
5.995000000000000000e+03 2.864000000000000000e+03
5.914000000000000000e+03 2.658000000000000000e+03
5.866000000000000000e+03 2.632000000000000000e+03
6.063000000000000000e+03 2.648000000000000000e+03
6.186000000000000000e+03 2.635000000000000000e+03
5.734000000000000000e+03 2.663000000000000000e+03
5.411000000000000000e+03 2.621000000000000000e+03
5.609000000000000000e+03 2.632000000000000000e+03
5.780000000000000000e+03 2.675000000000000000e+03
4.042000000000000000e+03 1.842000000000000000e+03
3.662000000000000000e+03 2.431000000000000000e+03
2.830000000000000000e+03 2.414000000000000000e+03
2.373000000000000000e+03 2.434000000000000000e+03
2.710000000000000000e+03 2.338000000000000000e+03
2.572000000000000000e+03 2.416000000000000000e+03
2.659000000000000000e+03 2.458000000000000000e+03
2.975000000000000000e+03 2.235000000000000000e+03
3.362000000000000000e+03 2.453000000000000000e+03
2.730000000000000000e+02 2.060000000000000000e+03
2.820000000000000000e+02 1.909000000000000000e+03
9.760000000000000000e+02 2.141000000000000000e+03
4.910000000000000000e+02 2.406000000000000000e+03
4.487000000000000000e+03 2.392000000000000000e+03
3.119000000000000000e+03 2.425000000000000000e+03
1.851000000000000000e+03 2.182000000000000000e+03
4.090000000000000000e+03 2.268000000000000000e+03
2.365000000000000000e+03 2.242000000000000000e+03
2.384000000000000000e+03 2.076000000000000000e+03
5.088000000000000000e+03 2.351000000000000000e+03
5.191000000000000000e+03 2.510000000000000000e+03
2.294000000000000000e+03 2.205000000000000000e+03
2.725000000000000000e+03 1.917000000000000000e+03
2.900000000000000000e+02 2.131000000000000000e+03
4.224000000000000000e+03 2.490000000000000000e+03
2.561000000000000000e+03 1.717000000000000000e+03
2.912000000000000000e+03 1.630000000000000000e+03
5.220000000000000000e+02 1.969000000000000000e+03
7.020000000000000000e+02 1.686000000000000000e+03
3.400000000000000000e+03 2.370000000000000000e+03
3.698000000000000000e+03 2.197000000000000000e+03
6.937000000000000000e+03 1.080000000000000000e+02
6.762000000000000000e+03 1.270000000000000000e+02
7.032000000000000000e+03 7.270000000000000000e+02
7.159000000000000000e+03 6.990000000000000000e+02
6.751000000000000000e+03 6.520000000000000000e+02
6.722000000000000000e+03 2.380000000000000000e+02
7.061000000000000000e+03 1.214000000000000000e+03
7.039000000000000000e+03 1.892000000000000000e+03
5.236000000000000000e+03 4.920000000000000000e+02
5.257000000000000000e+03 2.640000000000000000e+02
5.494000000000000000e+03 1.380000000000000000e+02
5.696000000000000000e+03 1.460000000000000000e+02
7.072000000000000000e+03 1.044000000000000000e+03
6.105000000000000000e+03 1.199000000000000000e+03
6.634000000000000000e+03 8.190000000000000000e+02
6.613000000000000000e+03 1.114000000000000000e+03
6.645000000000000000e+03 1.341000000000000000e+03
6.487000000000000000e+03 1.864000000000000000e+03
5.866000000000000000e+03 1.440000000000000000e+03
5.103000000000000000e+03 7.860000000000000000e+02
4.572000000000000000e+03 3.790000000000000000e+02
4.660000000000000000e+03 3.790000000000000000e+02
4.773000000000000000e+03 4.020000000000000000e+02
4.985000000000000000e+03 3.990000000000000000e+02
7.202000000000000000e+03 1.129000000000000000e+03
7.257000000000000000e+03 1.164000000000000000e+03
7.038000000000000000e+03 9.880000000000000000e+02
7.166000000000000000e+03 9.850000000000000000e+02
7.231000000000000000e+03 1.218000000000000000e+03
7.190000000000000000e+03 1.304000000000000000e+03
7.102000000000000000e+03 1.303000000000000000e+03
7.022000000000000000e+03 1.933000000000000000e+03
7.072000000000000000e+03 2.454000000000000000e+03
7.127000000000000000e+03 2.390000000000000000e+03
7.130000000000000000e+03 2.514000000000000000e+03
7.211000000000000000e+03 2.303000000000000000e+03
7.234000000000000000e+03 2.375000000000000000e+03
7.230000000000000000e+03 2.544000000000000000e+03
7.214000000000000000e+03 2.476000000000000000e+03
7.147000000000000000e+03 2.022000000000000000e+03
7.246000000000000000e+03 1.981000000000000000e+03
7.130000000000000000e+03 2.116000000000000000e+03
7.060000000000000000e+03 2.189000000000000000e+03
7.399000000000000000e+03 1.904000000000000000e+03
7.404000000000000000e+03 2.005000000000000000e+03
7.275000000000000000e+03 1.937000000000000000e+03
7.323000000000000000e+03 1.932000000000000000e+03
7.109000000000000000e+03 1.903000000000000000e+03
7.040000000000000000e+03 2.045000000000000000e+03
7.252000000000000000e+03 1.733000000000000000e+03
7.193000000000000000e+03 1.794000000000000000e+03
7.277000000000000000e+03 1.822000000000000000e+03
7.390000000000000000e+03 1.672000000000000000e+03
7.236000000000000000e+03 1.673000000000000000e+03
7.301000000000000000e+03 1.718000000000000000e+03
7.409000000000000000e+03 2.125000000000000000e+03
7.357000000000000000e+03 2.089000000000000000e+03
7.320000000000000000e+03 2.133000000000000000e+03
7.239000000000000000e+03 2.208000000000000000e+03
7.026000000000000000e+03 2.197000000000000000e+03
7.221000000000000000e+03 2.174000000000000000e+03
7.100000000000000000e+03 2.252000000000000000e+03
7.000000000000000000e+03 2.349000000000000000e+03
6.704000000000000000e+03 2.384000000000000000e+03
6.399000000000000000e+03 2.632000000000000000e+03
6.333000000000000000e+03 2.628000000000000000e+03
7.042000000000000000e+03 1.782000000000000000e+03
7.017000000000000000e+03 1.948000000000000000e+03
6.870000000000000000e+03 1.928000000000000000e+03
7.053000000000000000e+03 1.714000000000000000e+03
6.425000000000000000e+03 2.687000000000000000e+03
6.315000000000000000e+03 2.752000000000000000e+03
6.355000000000000000e+03 2.856000000000000000e+03
6.403000000000000000e+03 2.866000000000000000e+03
6.187000000000000000e+03 2.534000000000000000e+03
6.414000000000000000e+03 2.773000000000000000e+03
6.555000000000000000e+03 2.830000000000000000e+03
6.566000000000000000e+03 2.808000000000000000e+03
7.138000000000000000e+03 1.503000000000000000e+03
7.018000000000000000e+03 1.451000000000000000e+03
7.069000000000000000e+03 2.031000000000000000e+03
7.130000000000000000e+03 1.791000000000000000e+03
7.150000000000000000e+03 1.543000000000000000e+03
7.147000000000000000e+03 1.612000000000000000e+03
7.274000000000000000e+03 1.666000000000000000e+03
7.257000000000000000e+03 1.544000000000000000e+03
7.086000000000000000e+03 1.388000000000000000e+03
7.129000000000000000e+03 1.318000000000000000e+03
7.063000000000000000e+03 1.732000000000000000e+03
6.975000000000000000e+03 9.720000000000000000e+02
7.338000000000000000e+03 9.830000000000000000e+02
7.262000000000000000e+03 1.001000000000000000e+03
7.279000000000000000e+03 8.590000000000000000e+02
7.360000000000000000e+03 8.200000000000000000e+02
6.700000000000000000e+03 3.001000000000000000e+03
6.605000000000000000e+03 2.980000000000000000e+03
6.549000000000000000e+03 3.017000000000000000e+03
6.273000000000000000e+03 2.991000000000000000e+03
6.389000000000000000e+03 2.994000000000000000e+03
6.718000000000000000e+03 3.099000000000000000e+03
6.596000000000000000e+03 3.011000000000000000e+03
6.362000000000000000e+03 3.044000000000000000e+03
6.307000000000000000e+03 3.079000000000000000e+03
6.383000000000000000e+03 3.133000000000000000e+03
6.375000000000000000e+03 3.215000000000000000e+03
6.583000000000000000e+03 3.144000000000000000e+03
6.524000000000000000e+03 3.194000000000000000e+03
6.394000000000000000e+03 3.190000000000000000e+03
6.518000000000000000e+03 3.121000000000000000e+03
7.104000000000000000e+03 3.426000000000000000e+03
7.083000000000000000e+03 3.427000000000000000e+03
7.199000000000000000e+03 3.351000000000000000e+03
7.144000000000000000e+03 3.306000000000000000e+03
6.966000000000000000e+03 3.368000000000000000e+03
7.028000000000000000e+03 3.400000000000000000e+03
7.003000000000000000e+03 3.336000000000000000e+03
6.997000000000000000e+03 3.272000000000000000e+03
7.223000000000000000e+03 3.139000000000000000e+03
7.197000000000000000e+03 3.193000000000000000e+03
7.121000000000000000e+03 3.247000000000000000e+03
7.155000000000000000e+03 3.094000000000000000e+03
7.028000000000000000e+03 3.144000000000000000e+03
7.064000000000000000e+03 3.071000000000000000e+03
7.093000000000000000e+03 3.014000000000000000e+03
6.985000000000000000e+03 3.009000000000000000e+03
7.239000000000000000e+03 2.766000000000000000e+03
7.249000000000000000e+03 2.874000000000000000e+03
7.202000000000000000e+03 2.856000000000000000e+03
7.195000000000000000e+03 2.846000000000000000e+03
7.145000000000000000e+03 2.698000000000000000e+03
7.091000000000000000e+03 2.747000000000000000e+03
7.124000000000000000e+03 2.831000000000000000e+03
7.176000000000000000e+03 2.964000000000000000e+03
6.775000000000000000e+03 3.018000000000000000e+03
6.704000000000000000e+03 3.156000000000000000e+03
6.772000000000000000e+03 3.126000000000000000e+03
6.965000000000000000e+03 2.847000000000000000e+03
6.684000000000000000e+03 2.876000000000000000e+03
6.736000000000000000e+03 2.957000000000000000e+03
6.760000000000000000e+03 2.790000000000000000e+03
6.964000000000000000e+03 2.700000000000000000e+03
6.798000000000000000e+03 2.772000000000000000e+03
6.782000000000000000e+03 3.234000000000000000e+03
6.838000000000000000e+03 2.880000000000000000e+03
6.837000000000000000e+03 2.857000000000000000e+03
6.828000000000000000e+03 3.268000000000000000e+03
6.857000000000000000e+03 3.233000000000000000e+03
6.825000000000000000e+03 3.076000000000000000e+03
6.882000000000000000e+03 3.161000000000000000e+03
6.856000000000000000e+03 2.789000000000000000e+03
6.864000000000000000e+03 2.852000000000000000e+03
6.891000000000000000e+03 2.833000000000000000e+03
6.888000000000000000e+03 3.031000000000000000e+03
6.866000000000000000e+03 2.974000000000000000e+03
6.900000000000000000e+03 3.077000000000000000e+03
7.025000000000000000e+03 2.873000000000000000e+03
7.017000000000000000e+03 2.877000000000000000e+03
5.950000000000000000e+03 3.631000000000000000e+03
5.814000000000000000e+03 3.457000000000000000e+03
5.678000000000000000e+03 3.654000000000000000e+03
6.180000000000000000e+03 3.495000000000000000e+03
6.220000000000000000e+03 3.495000000000000000e+03
6.015000000000000000e+03 3.607000000000000000e+03
5.831000000000000000e+03 3.723000000000000000e+03
6.392000000000000000e+03 3.569000000000000000e+03
6.426000000000000000e+03 3.606000000000000000e+03
6.409000000000000000e+03 3.527000000000000000e+03
6.478000000000000000e+03 3.540000000000000000e+03
5.523000000000000000e+03 4.080000000000000000e+03
5.329000000000000000e+03 3.961000000000000000e+03
6.331000000000000000e+03 3.566000000000000000e+03
6.293000000000000000e+03 3.579000000000000000e+03
6.095000000000000000e+03 3.443000000000000000e+03
6.121000000000000000e+03 3.538000000000000000e+03
5.978000000000000000e+03 3.654000000000000000e+03
5.999000000000000000e+03 3.575000000000000000e+03
5.917000000000000000e+03 3.580000000000000000e+03
5.709000000000000000e+03 3.631000000000000000e+03
5.861000000000000000e+03 3.537000000000000000e+03
5.834000000000000000e+03 3.601000000000000000e+03
5.833000000000000000e+03 3.129000000000000000e+03
5.827000000000000000e+03 3.096000000000000000e+03
5.890000000000000000e+03 3.277000000000000000e+03
5.825000000000000000e+03 3.228000000000000000e+03
5.880000000000000000e+03 3.380000000000000000e+03
5.979000000000000000e+03 3.301000000000000000e+03
6.168000000000000000e+03 3.370000000000000000e+03
6.107000000000000000e+03 3.367000000000000000e+03
5.480000000000000000e+03 3.273000000000000000e+03
5.394000000000000000e+03 3.586000000000000000e+03
5.196000000000000000e+03 3.674000000000000000e+03
5.868000000000000000e+03 3.261000000000000000e+03
6.124000000000000000e+03 3.267000000000000000e+03
5.876000000000000000e+03 3.224000000000000000e+03
5.620000000000000000e+03 3.173000000000000000e+03
5.863000000000000000e+03 3.869000000000000000e+03
6.284000000000000000e+03 3.409000000000000000e+03
6.271000000000000000e+03 3.327000000000000000e+03
6.257000000000000000e+03 3.332000000000000000e+03
6.243000000000000000e+03 3.662000000000000000e+03
6.381000000000000000e+03 3.335000000000000000e+03
6.405000000000000000e+03 3.371000000000000000e+03
6.463000000000000000e+03 3.378000000000000000e+03
6.109000000000000000e+03 3.097000000000000000e+03
6.082000000000000000e+03 3.119000000000000000e+03
6.146000000000000000e+03 3.081000000000000000e+03
5.715000000000000000e+03 3.750000000000000000e+03
6.171000000000000000e+03 3.125000000000000000e+03
6.234000000000000000e+03 3.139000000000000000e+03
6.249000000000000000e+03 3.251000000000000000e+03
6.304000000000000000e+03 3.218000000000000000e+03
5.851000000000000000e+03 3.474000000000000000e+03
5.772000000000000000e+03 3.414000000000000000e+03
5.742000000000000000e+03 3.554000000000000000e+03
5.949000000000000000e+03 3.052000000000000000e+03
6.021000000000000000e+03 3.077000000000000000e+03
5.999000000000000000e+03 3.110000000000000000e+03
5.829000000000000000e+03 3.412000000000000000e+03
5.854000000000000000e+03 3.399000000000000000e+03
5.574000000000000000e+03 3.790000000000000000e+03
5.416000000000000000e+03 3.705000000000000000e+03
5.388000000000000000e+03 3.683000000000000000e+03
5.384000000000000000e+03 3.635000000000000000e+03
5.370000000000000000e+03 3.660000000000000000e+03
5.363000000000000000e+03 3.581000000000000000e+03
5.505000000000000000e+03 3.615000000000000000e+03
5.613000000000000000e+03 3.526000000000000000e+03
5.572000000000000000e+03 3.582000000000000000e+03
5.714000000000000000e+03 3.533000000000000000e+03
5.657000000000000000e+03 3.576000000000000000e+03
5.123000000000000000e+03 4.280000000000000000e+03
5.442000000000000000e+03 3.506000000000000000e+03
5.489000000000000000e+03 3.551000000000000000e+03
5.500000000000000000e+03 3.614000000000000000e+03
5.906000000000000000e+03 3.734000000000000000e+03
5.936000000000000000e+03 3.751000000000000000e+03
5.781000000000000000e+03 3.774000000000000000e+03
5.679000000000000000e+03 3.726000000000000000e+03
5.138000000000000000e+03 3.547000000000000000e+03
5.273000000000000000e+03 3.416000000000000000e+03
5.425000000000000000e+03 3.471000000000000000e+03
4.345000000000000000e+03 4.342000000000000000e+03
6.073000000000000000e+03 3.710000000000000000e+03
6.044000000000000000e+03 3.630000000000000000e+03
5.885000000000000000e+03 3.905000000000000000e+03
6.011000000000000000e+03 3.688000000000000000e+03
6.239000000000000000e+03 3.605000000000000000e+03
6.225000000000000000e+03 3.629000000000000000e+03
6.289000000000000000e+03 3.716000000000000000e+03
6.198000000000000000e+03 3.714000000000000000e+03
5.691000000000000000e+03 3.654000000000000000e+03
5.712000000000000000e+03 3.743000000000000000e+03
5.785000000000000000e+03 3.591000000000000000e+03
5.776000000000000000e+03 3.635000000000000000e+03
5.535000000000000000e+03 3.752000000000000000e+03
5.451000000000000000e+03 3.783000000000000000e+03
5.636000000000000000e+03 3.723000000000000000e+03
5.610000000000000000e+03 3.702000000000000000e+03
5.446000000000000000e+03 3.502000000000000000e+03
5.180000000000000000e+03 3.397000000000000000e+03
5.444000000000000000e+03 3.431000000000000000e+03
5.418000000000000000e+03 3.455000000000000000e+03
5.319000000000000000e+03 3.836000000000000000e+03
5.292000000000000000e+03 3.775000000000000000e+03
5.466000000000000000e+03 3.802000000000000000e+03
5.448000000000000000e+03 3.823000000000000000e+03
5.591000000000000000e+03 3.190000000000000000e+03
5.588000000000000000e+03 3.142000000000000000e+03
5.488000000000000000e+03 3.192000000000000000e+03
5.465000000000000000e+03 3.174000000000000000e+03
5.748000000000000000e+03 3.310000000000000000e+03
5.836000000000000000e+03 3.249000000000000000e+03
5.667000000000000000e+03 3.209000000000000000e+03
5.628000000000000000e+03 3.130000000000000000e+03
5.786000000000000000e+03 3.417000000000000000e+03
5.686000000000000000e+03 3.370000000000000000e+03
5.422000000000000000e+03 3.318000000000000000e+03
5.622000000000000000e+03 3.369000000000000000e+03
5.550000000000000000e+03 3.396000000000000000e+03
5.669000000000000000e+03 3.341000000000000000e+03
5.435000000000000000e+03 3.239000000000000000e+03
5.416000000000000000e+03 3.294000000000000000e+03
7.241000000000000000e+03 2.922000000000000000e+03
7.391000000000000000e+03 2.849000000000000000e+03
7.381000000000000000e+03 3.072000000000000000e+03
6.859000000000000000e+03 3.178000000000000000e+03
7.402000000000000000e+03 2.840000000000000000e+03
7.407000000000000000e+03 3.071000000000000000e+03
7.074000000000000000e+03 2.911000000000000000e+03
6.533000000000000000e+03 3.239000000000000000e+03
6.533000000000000000e+03 3.359000000000000000e+03
6.572000000000000000e+03 3.347000000000000000e+03
6.653000000000000000e+03 3.357000000000000000e+03
6.626000000000000000e+03 3.407000000000000000e+03
6.717000000000000000e+03 3.367000000000000000e+03
6.706000000000000000e+03 3.305000000000000000e+03
6.667000000000000000e+03 3.239000000000000000e+03
7.399000000000000000e+03 2.704000000000000000e+03
7.391000000000000000e+03 2.557000000000000000e+03
7.220000000000000000e+03 2.749000000000000000e+03
7.367000000000000000e+03 2.698000000000000000e+03
7.299000000000000000e+03 2.651000000000000000e+03
7.421000000000000000e+03 2.548000000000000000e+03
7.438000000000000000e+03 2.629000000000000000e+03
7.236000000000000000e+03 2.673000000000000000e+03
7.406000000000000000e+03 2.318000000000000000e+03
7.280000000000000000e+03 2.631000000000000000e+03
7.366000000000000000e+03 2.620000000000000000e+03
7.436000000000000000e+03 2.701000000000000000e+03
7.339000000000000000e+03 2.669000000000000000e+03
7.371000000000000000e+03 2.491000000000000000e+03
7.347000000000000000e+03 2.557000000000000000e+03
7.399000000000000000e+03 2.366000000000000000e+03
7.362000000000000000e+03 3.348000000000000000e+03
7.314000000000000000e+03 3.407000000000000000e+03
7.377000000000000000e+03 3.343000000000000000e+03
7.347000000000000000e+03 3.256000000000000000e+03
7.320000000000000000e+03 3.507000000000000000e+03
7.335000000000000000e+03 3.454000000000000000e+03
7.349000000000000000e+03 3.427000000000000000e+03
7.386000000000000000e+03 3.599000000000000000e+03
7.385000000000000000e+03 3.380000000000000000e+03
7.321000000000000000e+03 3.495000000000000000e+03
7.401000000000000000e+03 3.361000000000000000e+03
7.324000000000000000e+03 3.573000000000000000e+03
7.368000000000000000e+03 3.534000000000000000e+03
7.299000000000000000e+03 3.716000000000000000e+03
7.393000000000000000e+03 3.584000000000000000e+03
7.408000000000000000e+03 3.782000000000000000e+03
7.392000000000000000e+03 3.804000000000000000e+03
7.428000000000000000e+03 3.785000000000000000e+03
7.409000000000000000e+03 3.642000000000000000e+03
7.444000000000000000e+03 3.742000000000000000e+03
7.406000000000000000e+03 4.118000000000000000e+03
7.425000000000000000e+03 4.124000000000000000e+03
7.405000000000000000e+03 3.808000000000000000e+03
7.351000000000000000e+03 4.211000000000000000e+03
7.399000000000000000e+03 3.707000000000000000e+03
7.412000000000000000e+03 4.295000000000000000e+03
7.351000000000000000e+03 3.783000000000000000e+03
7.207000000000000000e+03 3.452000000000000000e+03
7.433000000000000000e+03 3.469000000000000000e+03
7.390000000000000000e+03 3.312000000000000000e+03
7.394000000000000000e+03 3.329000000000000000e+03
2.460000000000000000e+03 4.715000000000000000e+03
2.765000000000000000e+03 4.699000000000000000e+03
2.836000000000000000e+03 4.694000000000000000e+03
2.889000000000000000e+03 4.687000000000000000e+03
3.181000000000000000e+03 4.660000000000000000e+03
2.809000000000000000e+03 4.737000000000000000e+03
2.811000000000000000e+03 4.736000000000000000e+03
1.950000000000000000e+03 4.698000000000000000e+03
1.959000000000000000e+03 4.691000000000000000e+03
1.415000000000000000e+03 4.689000000000000000e+03
1.818000000000000000e+03 4.659000000000000000e+03
1.185000000000000000e+03 4.685000000000000000e+03
1.083000000000000000e+03 4.730000000000000000e+03
9.380000000000000000e+02 4.735000000000000000e+03
9.940000000000000000e+02 4.739000000000000000e+03
3.591000000000000000e+03 5.228000000000000000e+03
4.170000000000000000e+03 5.209000000000000000e+03
3.518000000000000000e+03 5.335000000000000000e+03
3.369000000000000000e+03 4.716000000000000000e+03
2.387000000000000000e+03 4.744000000000000000e+03
2.801000000000000000e+03 4.920000000000000000e+03
5.274000000000000000e+03 3.978000000000000000e+03
5.440000000000000000e+03 3.867000000000000000e+03
1.743000000000000000e+03 5.956000000000000000e+03
1.760000000000000000e+03 5.663000000000000000e+03
1.741000000000000000e+03 4.951000000000000000e+03
1.909000000000000000e+03 4.740000000000000000e+03
3.045000000000000000e+03 5.727000000000000000e+03
3.311000000000000000e+03 5.687000000000000000e+03
3.434000000000000000e+03 5.313000000000000000e+03
3.422000000000000000e+03 5.547000000000000000e+03
3.643000000000000000e+03 4.732000000000000000e+03
3.504000000000000000e+03 4.714000000000000000e+03
3.743000000000000000e+03 4.671000000000000000e+03
3.582000000000000000e+03 4.695000000000000000e+03
3.216000000000000000e+03 4.715000000000000000e+03
3.248000000000000000e+03 4.687000000000000000e+03
3.319000000000000000e+03 4.680000000000000000e+03
3.538000000000000000e+03 4.686000000000000000e+03
2.475000000000000000e+03 4.660000000000000000e+03
2.318000000000000000e+03 4.667000000000000000e+03
3.143000000000000000e+03 4.718000000000000000e+03
2.546000000000000000e+03 4.664000000000000000e+03
1.438000000000000000e+03 4.702000000000000000e+03
1.478000000000000000e+03 4.698000000000000000e+03
1.860000000000000000e+03 4.653000000000000000e+03
2.004000000000000000e+03 4.667000000000000000e+03
2.549000000000000000e+03 4.681000000000000000e+03
2.870000000000000000e+03 4.745000000000000000e+03
2.392000000000000000e+03 4.666000000000000000e+03
1.895000000000000000e+03 4.736000000000000000e+03
5.130000000000000000e+03 4.863000000000000000e+03
4.570000000000000000e+02 4.996000000000000000e+03
1.009000000000000000e+03 4.824000000000000000e+03
2.648000000000000000e+03 4.669000000000000000e+03
5.790000000000000000e+02 4.934000000000000000e+03
5.150000000000000000e+02 4.879000000000000000e+03
4.990000000000000000e+02 4.973000000000000000e+03
6.580000000000000000e+02 5.001000000000000000e+03
7.000000000000000000e+02 5.015000000000000000e+03
7.040000000000000000e+02 5.081000000000000000e+03
5.580000000000000000e+02 5.067000000000000000e+03
6.240000000000000000e+02 5.007000000000000000e+03
6.065000000000000000e+03 6.310000000000000000e+03
5.788000000000000000e+03 3.790000000000000000e+03
5.288000000000000000e+03 1.600000000000000000e+02
5.258000000000000000e+03 7.300000000000000000e+02
6.460000000000000000e+02 2.780000000000000000e+03
8.370000000000000000e+02 4.760000000000000000e+03
3.440000000000000000e+02 4.700000000000000000e+02
7.442000000000000000e+03 0.000000000000000000e+00
-1.200000000000000000e+01 0.000000000000000000e+00
-4.000000000000000000e+00 0.000000000000000000e+00
