5.958000000000000000e+03 6.405000000000000000e+03
5.746000000000000000e+03 6.452000000000000000e+03
5.816000000000000000e+03 6.384000000000000000e+03
6.047000000000000000e+03 6.406000000000000000e+03
5.898000000000000000e+03 6.309000000000000000e+03
6.096000000000000000e+03 6.455000000000000000e+03
6.117000000000000000e+03 6.401000000000000000e+03
5.819000000000000000e+03 6.792000000000000000e+03
5.891000000000000000e+03 6.739000000000000000e+03
5.900000000000000000e+03 6.668000000000000000e+03
4.689000000000000000e+03 6.851000000000000000e+03
6.103000000000000000e+03 6.679000000000000000e+03
6.096000000000000000e+03 6.571000000000000000e+03
5.984000000000000000e+03 6.601000000000000000e+03
5.966000000000000000e+03 6.567000000000000000e+03
6.359000000000000000e+03 6.739000000000000000e+03
6.359000000000000000e+03 6.807000000000000000e+03
6.240000000000000000e+03 6.785000000000000000e+03
6.147000000000000000e+03 6.560000000000000000e+03
6.017000000000000000e+03 6.762000000000000000e+03
6.146000000000000000e+03 6.785000000000000000e+03
5.870000000000000000e+03 6.783000000000000000e+03
5.719000000000000000e+03 6.793000000000000000e+03
5.904000000000000000e+03 6.135000000000000000e+03
6.238000000000000000e+03 6.610000000000000000e+03
5.831000000000000000e+03 6.631000000000000000e+03
5.677000000000000000e+03 6.293000000000000000e+03
6.118000000000000000e+03 5.993000000000000000e+03
6.330000000000000000e+03 6.558000000000000000e+03
6.350000000000000000e+03 6.634000000000000000e+03
6.471000000000000000e+03 6.624000000000000000e+03
6.152000000000000000e+03 5.801000000000000000e+03
6.205000000000000000e+03 5.879000000000000000e+03
6.187000000000000000e+03 5.959000000000000000e+03
6.217000000000000000e+03 5.974000000000000000e+03
6.277000000000000000e+03 6.093000000000000000e+03
6.425000000000000000e+03 6.124000000000000000e+03
6.407000000000000000e+03 6.047000000000000000e+03
6.365000000000000000e+03 5.866000000000000000e+03
6.323000000000000000e+03 5.823000000000000000e+03
6.045000000000000000e+03 5.588000000000000000e+03
5.746000000000000000e+03 5.440000000000000000e+03
6.494000000000000000e+03 5.820000000000000000e+03
6.205000000000000000e+03 5.636000000000000000e+03
6.525000000000000000e+03 5.926000000000000000e+03
6.517000000000000000e+03 5.986000000000000000e+03
6.602000000000000000e+03 5.991000000000000000e+03
6.434000000000000000e+03 5.651000000000000000e+03
6.475000000000000000e+03 5.766000000000000000e+03
6.392000000000000000e+03 5.730000000000000000e+03
6.772000000000000000e+03 6.001000000000000000e+03
6.905000000000000000e+03 5.952000000000000000e+03
6.831000000000000000e+03 5.876000000000000000e+03
6.771000000000000000e+03 5.844000000000000000e+03
6.814000000000000000e+03 6.055000000000000000e+03
6.856000000000000000e+03 6.112000000000000000e+03
6.769000000000000000e+03 6.085000000000000000e+03
6.750000000000000000e+03 6.210000000000000000e+03
6.609000000000000000e+03 6.080000000000000000e+03
6.578000000000000000e+03 6.021000000000000000e+03
6.686000000000000000e+03 6.190000000000000000e+03
6.598000000000000000e+03 6.173000000000000000e+03
6.848000000000000000e+03 7.152000000000000000e+03
6.669000000000000000e+03 7.026000000000000000e+03
6.616000000000000000e+03 7.018000000000000000e+03
5.458000000000000000e+03 7.051000000000000000e+03
4.589000000000000000e+03 7.008000000000000000e+03
6.803000000000000000e+03 7.147000000000000000e+03
5.956000000000000000e+03 7.094000000000000000e+03
4.338000000000000000e+03 7.010000000000000000e+03
5.488000000000000000e+03 6.166000000000000000e+03
5.460000000000000000e+03 6.008000000000000000e+03
4.924000000000000000e+03 6.603000000000000000e+03
4.238000000000000000e+03 7.055000000000000000e+03
4.877000000000000000e+03 6.911000000000000000e+03
4.333000000000000000e+03 7.160000000000000000e+03
4.347000000000000000e+03 7.214000000000000000e+03
7.448000000000000000e+03 7.084000000000000000e+03
7.225000000000000000e+03 7.029000000000000000e+03
4.526000000000000000e+03 7.124000000000000000e+03
4.541000000000000000e+03 7.077000000000000000e+03
4.463000000000000000e+03 7.403000000000000000e+03
4.513000000000000000e+03 7.328000000000000000e+03
4.548000000000000000e+03 7.189000000000000000e+03
4.520000000000000000e+03 7.232000000000000000e+03
4.150000000000000000e+03 7.216000000000000000e+03
4.230000000000000000e+03 7.292000000000000000e+03
4.339000000000000000e+03 7.437000000000000000e+03
4.303000000000000000e+03 7.336000000000000000e+03
6.550000000000000000e+03 7.297000000000000000e+03
7.410000000000000000e+03 7.397000000000000000e+03
4.947000000000000000e+03 7.126000000000000000e+03
4.663000000000000000e+03 7.124000000000000000e+03
3.576000000000000000e+03 7.119000000000000000e+03
2.968000000000000000e+03 6.651000000000000000e+03
3.657000000000000000e+03 7.243000000000000000e+03
3.482000000000000000e+03 7.173000000000000000e+03
1.243000000000000000e+03 3.563000000000000000e+03
2.416000000000000000e+03 6.340000000000000000e+03
3.637000000000000000e+03 7.138000000000000000e+03
3.625000000000000000e+03 7.069000000000000000e+03
3.922000000000000000e+03 7.195000000000000000e+03
3.880000000000000000e+03 7.146000000000000000e+03
4.563000000000000000e+03 6.496000000000000000e+03
3.774000000000000000e+03 7.121000000000000000e+03
4.656000000000000000e+03 6.434000000000000000e+03
3.535000000000000000e+03 7.031000000000000000e+03
3.926000000000000000e+03 7.029000000000000000e+03
3.960000000000000000e+03 7.069000000000000000e+03
6.086000000000000000e+03 7.002000000000000000e+03
5.907000000000000000e+03 7.038000000000000000e+03
5.519000000000000000e+03 6.842000000000000000e+03
5.674000000000000000e+03 7.105000000000000000e+03
4.419000000000000000e+03 7.082000000000000000e+03
4.314000000000000000e+03 7.081000000000000000e+03
4.844000000000000000e+03 7.221000000000000000e+03
5.090000000000000000e+03 6.958000000000000000e+03
5.123000000000000000e+03 7.168000000000000000e+03
4.902000000000000000e+03 7.279000000000000000e+03
5.023000000000000000e+03 7.255000000000000000e+03
5.230000000000000000e+03 7.312000000000000000e+03
4.904000000000000000e+03 7.326000000000000000e+03
4.917000000000000000e+03 7.344000000000000000e+03
5.431000000000000000e+03 7.265000000000000000e+03
4.847000000000000000e+03 7.004000000000000000e+03
3.192000000000000000e+03 6.966000000000000000e+03
3.136000000000000000e+03 7.085000000000000000e+03
3.320000000000000000e+03 7.224000000000000000e+03
6.240000000000000000e+03 6.335000000000000000e+03
6.203000000000000000e+03 6.366000000000000000e+03
5.921000000000000000e+03 6.371000000000000000e+03
5.508000000000000000e+03 6.276000000000000000e+03
3.866000000000000000e+03 7.413000000000000000e+03
3.866000000000000000e+03 7.420000000000000000e+03
2.824000000000000000e+03 7.369000000000000000e+03
3.718000000000000000e+03 7.419000000000000000e+03
3.967000000000000000e+03 7.422000000000000000e+03
3.017000000000000000e+03 7.184000000000000000e+03
3.985000000000000000e+03 7.458000000000000000e+03
4.145000000000000000e+03 7.465000000000000000e+03
6.441000000000000000e+03 6.230000000000000000e+03
6.482000000000000000e+03 6.293000000000000000e+03
6.355000000000000000e+03 6.200000000000000000e+03
6.335000000000000000e+03 6.218000000000000000e+03
6.185000000000000000e+03 6.122000000000000000e+03
6.175000000000000000e+03 6.205000000000000000e+03
6.275000000000000000e+03 6.233000000000000000e+03
6.161000000000000000e+03 6.243000000000000000e+03
6.320000000000000000e+03 6.384000000000000000e+03
6.337000000000000000e+03 6.461000000000000000e+03
4.770000000000000000e+03 6.359000000000000000e+03
5.679000000000000000e+03 5.583000000000000000e+03
6.492000000000000000e+03 6.377000000000000000e+03
6.431000000000000000e+03 6.444000000000000000e+03
6.475000000000000000e+03 6.329000000000000000e+03
6.420000000000000000e+03 6.408000000000000000e+03
2.260000000000000000e+03 7.457000000000000000e+03
2.531000000000000000e+03 7.175000000000000000e+03
2.422000000000000000e+03 7.464000000000000000e+03
2.615000000000000000e+03 7.469000000000000000e+03
2.927000000000000000e+03 7.449000000000000000e+03
2.785000000000000000e+03 7.469000000000000000e+03
2.650000000000000000e+03 7.461000000000000000e+03
1.768000000000000000e+03 7.465000000000000000e+03
1.784000000000000000e+03 7.449000000000000000e+03
2.101000000000000000e+03 7.446000000000000000e+03
1.816000000000000000e+03 7.448000000000000000e+03
2.083000000000000000e+03 7.454000000000000000e+03
1.895000000000000000e+03 7.477000000000000000e+03
1.776000000000000000e+03 7.463000000000000000e+03
1.868000000000000000e+03 7.469000000000000000e+03
1.021000000000000000e+03 7.467000000000000000e+03
1.033000000000000000e+03 7.474000000000000000e+03
6.020000000000000000e+02 7.475000000000000000e+03
7.440000000000000000e+02 7.470000000000000000e+03
8.200000000000000000e+02 7.469000000000000000e+03
8.470000000000000000e+02 7.473000000000000000e+03
6.030000000000000000e+02 7.466000000000000000e+03
1.228000000000000000e+03 7.067000000000000000e+03
3.207000000000000000e+03 7.216000000000000000e+03
3.868000000000000000e+03 7.273000000000000000e+03
3.189000000000000000e+03 7.130000000000000000e+03
2.819000000000000000e+03 7.151000000000000000e+03
3.979000000000000000e+03 7.281000000000000000e+03
4.020000000000000000e+03 7.320000000000000000e+03
4.083000000000000000e+03 7.370000000000000000e+03
4.177000000000000000e+03 7.380000000000000000e+03
5.707000000000000000e+03 5.999000000000000000e+03
5.615000000000000000e+03 5.670000000000000000e+03
5.338000000000000000e+03 5.882000000000000000e+03
5.735000000000000000e+03 6.288000000000000000e+03
5.760000000000000000e+03 6.312000000000000000e+03
5.768000000000000000e+03 6.139000000000000000e+03
5.689000000000000000e+03 6.177000000000000000e+03
3.420000000000000000e+03 5.576000000000000000e+03
4.498000000000000000e+03 6.823000000000000000e+03
3.150000000000000000e+03 5.350000000000000000e+03
2.796000000000000000e+03 5.036000000000000000e+03
4.728000000000000000e+03 7.291000000000000000e+03
4.757000000000000000e+03 7.198000000000000000e+03
4.615000000000000000e+03 7.417000000000000000e+03
4.743000000000000000e+03 7.374000000000000000e+03
5.926000000000000000e+03 6.028000000000000000e+03
5.883000000000000000e+03 6.182000000000000000e+03
5.862000000000000000e+03 6.147000000000000000e+03
5.892000000000000000e+03 6.185000000000000000e+03
5.860000000000000000e+03 5.759000000000000000e+03
5.869000000000000000e+03 5.627000000000000000e+03
5.946000000000000000e+03 5.817000000000000000e+03
5.987000000000000000e+03 5.900000000000000000e+03
5.941000000000000000e+03 5.897000000000000000e+03
5.987000000000000000e+03 5.890000000000000000e+03
5.758000000000000000e+03 6.085000000000000000e+03
5.954000000000000000e+03 5.994000000000000000e+03
5.982000000000000000e+03 5.720000000000000000e+03
5.993000000000000000e+03 5.634000000000000000e+03
5.643000000000000000e+03 5.315000000000000000e+03
5.861000000000000000e+03 5.501000000000000000e+03
4.217000000000000000e+03 5.926000000000000000e+03
4.004000000000000000e+03 5.765000000000000000e+03
4.722000000000000000e+03 5.629000000000000000e+03
3.840000000000000000e+03 5.466000000000000000e+03
5.328000000000000000e+03 5.303000000000000000e+03
4.416000000000000000e+03 5.066000000000000000e+03
3.823000000000000000e+03 6.516000000000000000e+03
4.235000000000000000e+03 6.291000000000000000e+03
5.708000000000000000e+03 5.917000000000000000e+03
5.730000000000000000e+03 5.784000000000000000e+03
4.560000000000000000e+03 6.938000000000000000e+03
3.473000000000000000e+03 5.656000000000000000e+03
4.166000000000000000e+03 5.493000000000000000e+03
5.776000000000000000e+03 5.675000000000000000e+03
5.754000000000000000e+03 5.497000000000000000e+03
5.770000000000000000e+03 5.618000000000000000e+03
5.602000000000000000e+03 5.314000000000000000e+03
5.577000000000000000e+03 5.015000000000000000e+03
4.970000000000000000e+03 7.019000000000000000e+03
5.087000000000000000e+03 6.522000000000000000e+03
4.649000000000000000e+03 7.206000000000000000e+03
4.614000000000000000e+03 7.331000000000000000e+03
4.556000000000000000e+03 7.062000000000000000e+03
2.593000000000000000e+03 4.932000000000000000e+03
2.298000000000000000e+03 4.992000000000000000e+03
2.444000000000000000e+03 4.968000000000000000e+03
2.106000000000000000e+03 5.181000000000000000e+03
2.480000000000000000e+03 5.115000000000000000e+03
2.216000000000000000e+03 4.947000000000000000e+03
2.258000000000000000e+03 4.893000000000000000e+03
2.341000000000000000e+03 4.866000000000000000e+03
2.353000000000000000e+03 4.853000000000000000e+03
3.507000000000000000e+03 5.017000000000000000e+03
1.977000000000000000e+03 5.344000000000000000e+03
1.122000000000000000e+03 5.510000000000000000e+03
3.492000000000000000e+03 4.991000000000000000e+03
3.547000000000000000e+03 5.003000000000000000e+03
3.649000000000000000e+03 5.092000000000000000e+03
3.687000000000000000e+03 5.017000000000000000e+03
1.198000000000000000e+03 5.915000000000000000e+03
7.270000000000000000e+02 6.343000000000000000e+03
1.187000000000000000e+03 5.689000000000000000e+03
1.179000000000000000e+03 6.555000000000000000e+03
2.207000000000000000e+03 5.521000000000000000e+03
2.133000000000000000e+03 5.613000000000000000e+03
1.019000000000000000e+03 5.613000000000000000e+03
9.650000000000000000e+02 5.716000000000000000e+03
3.714000000000000000e+03 4.889000000000000000e+03
3.714000000000000000e+03 4.926000000000000000e+03
3.601000000000000000e+03 4.797000000000000000e+03
3.872000000000000000e+03 4.942000000000000000e+03
3.530000000000000000e+03 4.813000000000000000e+03
3.547000000000000000e+03 4.795000000000000000e+03
3.383000000000000000e+03 4.959000000000000000e+03
3.444000000000000000e+03 4.878000000000000000e+03
3.926000000000000000e+03 4.982000000000000000e+03
3.940000000000000000e+03 4.981000000000000000e+03
3.905000000000000000e+03 4.857000000000000000e+03
4.147000000000000000e+03 4.878000000000000000e+03
3.832000000000000000e+03 4.699000000000000000e+03
3.860000000000000000e+03 4.772000000000000000e+03
3.788000000000000000e+03 4.808000000000000000e+03
3.762000000000000000e+03 4.672000000000000000e+03
5.222000000000000000e+03 4.866000000000000000e+03
5.355000000000000000e+03 4.897000000000000000e+03
5.394000000000000000e+03 4.853000000000000000e+03
5.384000000000000000e+03 4.772000000000000000e+03
5.399000000000000000e+03 4.722000000000000000e+03
5.280000000000000000e+03 4.713000000000000000e+03
5.293000000000000000e+03 4.820000000000000000e+03
5.269000000000000000e+03 4.879000000000000000e+03
5.125000000000000000e+03 4.903000000000000000e+03
5.112000000000000000e+03 4.741000000000000000e+03
5.177000000000000000e+03 4.771000000000000000e+03
5.211000000000000000e+03 3.272000000000000000e+03
5.096000000000000000e+03 4.353000000000000000e+03
5.090000000000000000e+03 4.594000000000000000e+03
5.165000000000000000e+03 4.651000000000000000e+03
4.829000000000000000e+03 4.715000000000000000e+03
4.794000000000000000e+03 4.800000000000000000e+03
4.707000000000000000e+03 4.469000000000000000e+03
4.611000000000000000e+03 4.728000000000000000e+03
4.561000000000000000e+03 4.568000000000000000e+03
4.419000000000000000e+03 4.545000000000000000e+03
4.602000000000000000e+03 4.619000000000000000e+03
4.579000000000000000e+03 4.679000000000000000e+03
5.087000000000000000e+03 4.619000000000000000e+03
4.977000000000000000e+03 4.637000000000000000e+03
5.298000000000000000e+03 4.642000000000000000e+03
4.977000000000000000e+03 4.644000000000000000e+03
4.903000000000000000e+03 4.817000000000000000e+03
4.987000000000000000e+03 4.870000000000000000e+03
4.934000000000000000e+03 4.716000000000000000e+03
4.962000000000000000e+03 4.768000000000000000e+03
3.450000000000000000e+03 4.718000000000000000e+03
5.169000000000000000e+03 5.042000000000000000e+03
4.893000000000000000e+03 5.013000000000000000e+03
4.542000000000000000e+03 4.802000000000000000e+03
4.724000000000000000e+03 4.878000000000000000e+03
4.824000000000000000e+03 4.907000000000000000e+03
4.909000000000000000e+03 5.012000000000000000e+03
4.827000000000000000e+03 4.978000000000000000e+03
4.981000000000000000e+03 4.899000000000000000e+03
4.876000000000000000e+03 5.016000000000000000e+03
4.948000000000000000e+03 5.037000000000000000e+03
4.674000000000000000e+03 5.137000000000000000e+03
4.505000000000000000e+03 5.079000000000000000e+03
4.759000000000000000e+03 5.001000000000000000e+03
4.715000000000000000e+03 4.997000000000000000e+03
3.915000000000000000e+03 4.767000000000000000e+03
4.509000000000000000e+03 4.791000000000000000e+03
3.750000000000000000e+03 4.571000000000000000e+03
4.264000000000000000e+03 4.705000000000000000e+03
4.264000000000000000e+03 4.874000000000000000e+03
4.511000000000000000e+03 4.917000000000000000e+03
4.498000000000000000e+03 5.050000000000000000e+03
4.466000000000000000e+03 5.169000000000000000e+03
3.114000000000000000e+03 4.967000000000000000e+03
3.089000000000000000e+03 4.974000000000000000e+03
3.310000000000000000e+03 4.750000000000000000e+03
3.331000000000000000e+03 4.906000000000000000e+03
3.140000000000000000e+03 4.917000000000000000e+03
3.078000000000000000e+03 5.719000000000000000e+03
3.177000000000000000e+03 4.856000000000000000e+03
3.041000000000000000e+03 4.915000000000000000e+03
4.398000000000000000e+03 4.805000000000000000e+03
4.489000000000000000e+03 4.657000000000000000e+03
5.432000000000000000e+03 5.031000000000000000e+03
4.345000000000000000e+03 4.687000000000000000e+03
3.760000000000000000e+03 4.574000000000000000e+03
3.593000000000000000e+03 4.493000000000000000e+03
3.757000000000000000e+03 4.560000000000000000e+03
4.010000000000000000e+03 4.620000000000000000e+03
4.336000000000000000e+03 4.789000000000000000e+03
4.285000000000000000e+03 4.782000000000000000e+03
4.404000000000000000e+03 4.931000000000000000e+03
4.315000000000000000e+03 4.676000000000000000e+03
4.158000000000000000e+03 4.557000000000000000e+03
4.199000000000000000e+03 4.614000000000000000e+03
4.102000000000000000e+03 4.804000000000000000e+03
4.135000000000000000e+03 4.574000000000000000e+03
4.058000000000000000e+03 4.869000000000000000e+03
4.037000000000000000e+03 4.782000000000000000e+03
4.089000000000000000e+03 4.703000000000000000e+03
4.196000000000000000e+03 4.647000000000000000e+03
4.013000000000000000e+03 4.984000000000000000e+03
4.115000000000000000e+03 5.039000000000000000e+03
4.142000000000000000e+03 5.083000000000000000e+03
4.176000000000000000e+03 5.087000000000000000e+03
4.324000000000000000e+03 5.072000000000000000e+03
4.283000000000000000e+03 5.027000000000000000e+03
4.263000000000000000e+03 4.842000000000000000e+03
4.339000000000000000e+03 4.940000000000000000e+03
4.187000000000000000e+03 4.845000000000000000e+03
4.244000000000000000e+03 4.843000000000000000e+03
4.044000000000000000e+03 4.660000000000000000e+03
3.801000000000000000e+03 4.523000000000000000e+03
4.512000000000000000e+03 4.790000000000000000e+03
2.908000000000000000e+03 4.786000000000000000e+03
4.703000000000000000e+03 4.771000000000000000e+03
6.060000000000000000e+03 5.121000000000000000e+03
5.943000000000000000e+03 5.072000000000000000e+03
4.642000000000000000e+03 4.801000000000000000e+03
4.544000000000000000e+03 4.824000000000000000e+03
5.346000000000000000e+03 4.921000000000000000e+03
3.654000000000000000e+03 4.620000000000000000e+03
6.129000000000000000e+03 5.162000000000000000e+03
6.232000000000000000e+03 5.180000000000000000e+03
6.430000000000000000e+03 5.174000000000000000e+03
6.288000000000000000e+03 5.133000000000000000e+03
6.342000000000000000e+03 5.178000000000000000e+03
6.415000000000000000e+03 5.162000000000000000e+03
6.514000000000000000e+03 5.304000000000000000e+03
6.522000000000000000e+03 5.297000000000000000e+03
6.589000000000000000e+03 5.241000000000000000e+03
6.655000000000000000e+03 5.285000000000000000e+03
6.346000000000000000e+03 5.281000000000000000e+03
6.216000000000000000e+03 5.274000000000000000e+03
5.866000000000000000e+03 5.133000000000000000e+03
6.089000000000000000e+03 5.257000000000000000e+03
2.772000000000000000e+03 4.895000000000000000e+03
2.768000000000000000e+03 4.951000000000000000e+03
2.595000000000000000e+03 4.901000000000000000e+03
2.810000000000000000e+03 4.978000000000000000e+03
5.270000000000000000e+03 5.138000000000000000e+03
5.431000000000000000e+03 5.431000000000000000e+03
2.763000000000000000e+03 4.856000000000000000e+03
2.941000000000000000e+03 4.883000000000000000e+03
6.119000000000000000e+03 5.336000000000000000e+03
6.082000000000000000e+03 5.478000000000000000e+03
3.937000000000000000e+03 5.838000000000000000e+03
5.896000000000000000e+03 5.209000000000000000e+03
5.781000000000000000e+03 5.114000000000000000e+03
6.061000000000000000e+03 5.325000000000000000e+03
5.885000000000000000e+03 5.097000000000000000e+03
6.565000000000000000e+03 5.525000000000000000e+03
6.460000000000000000e+03 5.622000000000000000e+03
6.450000000000000000e+03 5.580000000000000000e+03
6.428000000000000000e+03 5.531000000000000000e+03
3.428000000000000000e+03 6.935000000000000000e+03
5.768000000000000000e+03 5.560000000000000000e+03
6.339000000000000000e+03 5.540000000000000000e+03
6.294000000000000000e+03 5.554000000000000000e+03
6.597000000000000000e+03 5.428000000000000000e+03
6.579000000000000000e+03 5.386000000000000000e+03
6.439000000000000000e+03 5.412000000000000000e+03
6.402000000000000000e+03 5.426000000000000000e+03
6.200000000000000000e+03 5.398000000000000000e+03
5.862000000000000000e+03 5.140000000000000000e+03
5.787000000000000000e+03 5.028000000000000000e+03
6.292000000000000000e+03 5.378000000000000000e+03
3.556000000000000000e+03 4.699000000000000000e+03
2.273000000000000000e+03 4.678000000000000000e+03
2.185000000000000000e+03 4.668000000000000000e+03
2.154000000000000000e+03 4.777000000000000000e+03
3.191000000000000000e+03 4.878000000000000000e+03
2.253000000000000000e+03 4.865000000000000000e+03
3.392000000000000000e+03 4.794000000000000000e+03
2.351000000000000000e+03 4.749000000000000000e+03
5.805000000000000000e+03 4.904000000000000000e+03
6.084000000000000000e+03 4.756000000000000000e+03
5.971000000000000000e+03 4.717000000000000000e+03
6.511000000000000000e+03 4.943000000000000000e+03
5.906000000000000000e+03 5.020000000000000000e+03
6.335000000000000000e+03 4.871000000000000000e+03
5.897000000000000000e+03 4.894000000000000000e+03
6.483000000000000000e+03 4.718000000000000000e+03
6.510000000000000000e+03 4.793000000000000000e+03
6.583000000000000000e+03 4.753000000000000000e+03
6.560000000000000000e+03 4.806000000000000000e+03
6.240000000000000000e+03 4.718000000000000000e+03
6.360000000000000000e+03 4.753000000000000000e+03
6.354000000000000000e+03 4.703000000000000000e+03
6.461000000000000000e+03 4.742000000000000000e+03
6.414000000000000000e+03 5.029000000000000000e+03
6.519000000000000000e+03 5.075000000000000000e+03
6.190000000000000000e+03 4.667000000000000000e+03
6.594000000000000000e+03 5.123000000000000000e+03
6.652000000000000000e+03 5.072000000000000000e+03
6.560000000000000000e+03 5.059000000000000000e+03
6.695000000000000000e+03 4.998000000000000000e+03
6.630000000000000000e+03 4.966000000000000000e+03
6.638000000000000000e+03 4.864000000000000000e+03
6.686000000000000000e+03 4.792000000000000000e+03
6.722000000000000000e+03 4.677000000000000000e+03
6.650000000000000000e+03 4.654000000000000000e+03
6.512000000000000000e+03 4.603000000000000000e+03
6.405000000000000000e+03 4.567000000000000000e+03
6.635000000000000000e+03 4.615000000000000000e+03
6.571000000000000000e+03 4.558000000000000000e+03
5.929000000000000000e+03 4.628000000000000000e+03
5.973000000000000000e+03 4.658000000000000000e+03
6.043000000000000000e+03 4.609000000000000000e+03
6.164000000000000000e+03 4.676000000000000000e+03
6.226000000000000000e+03 4.611000000000000000e+03
6.211000000000000000e+03 4.632000000000000000e+03
6.311000000000000000e+03 4.619000000000000000e+03
6.354000000000000000e+03 4.719000000000000000e+03
6.104000000000000000e+03 4.871000000000000000e+03
6.098000000000000000e+03 4.768000000000000000e+03
5.929000000000000000e+03 4.804000000000000000e+03
6.012000000000000000e+03 4.832000000000000000e+03
6.350000000000000000e+03 4.862000000000000000e+03
6.315000000000000000e+03 4.893000000000000000e+03
6.166000000000000000e+03 4.864000000000000000e+03
6.191000000000000000e+03 4.928000000000000000e+03
6.360000000000000000e+03 5.051000000000000000e+03
6.394000000000000000e+03 5.001000000000000000e+03
6.240000000000000000e+03 5.045000000000000000e+03
6.232000000000000000e+03 5.021000000000000000e+03
6.134000000000000000e+03 5.044000000000000000e+03
6.088000000000000000e+03 5.008000000000000000e+03
5.667000000000000000e+03 4.752000000000000000e+03
5.459000000000000000e+03 4.670000000000000000e+03
6.016000000000000000e+03 4.916000000000000000e+03
6.178000000000000000e+03 4.957000000000000000e+03
5.675000000000000000e+03 4.827000000000000000e+03
5.820000000000000000e+03 4.926000000000000000e+03
5.954000000000000000e+03 4.818000000000000000e+03
5.818000000000000000e+03 4.753000000000000000e+03
5.813000000000000000e+03 4.723000000000000000e+03
5.710000000000000000e+03 4.669000000000000000e+03
6.770000000000000000e+03 2.457000000000000000e+03
1.444000000000000000e+03 3.128000000000000000e+03
2.054000000000000000e+03 3.012000000000000000e+03
7.394000000000000000e+03 1.974000000000000000e+03
7.337000000000000000e+03 1.994000000000000000e+03
7.444000000000000000e+03 2.075000000000000000e+03
7.375000000000000000e+03 1.999000000000000000e+03
7.329000000000000000e+03 3.579000000000000000e+03
7.298000000000000000e+03 2.587000000000000000e+03
7.399000000000000000e+03 2.072000000000000000e+03
7.347000000000000000e+03 2.096000000000000000e+03
7.231000000000000000e+03 2.086000000000000000e+03
7.234000000000000000e+03 2.103000000000000000e+03
7.149000000000000000e+03 2.468000000000000000e+03
7.078000000000000000e+03 3.155000000000000000e+03
1.931000000000000000e+03 2.749000000000000000e+03
2.330000000000000000e+03 2.751000000000000000e+03
2.477000000000000000e+03 2.573000000000000000e+03
1.877000000000000000e+03 2.774000000000000000e+03
1.949000000000000000e+03 2.891000000000000000e+03
1.888000000000000000e+03 2.958000000000000000e+03
1.842000000000000000e+03 2.842000000000000000e+03
1.946000000000000000e+03 2.777000000000000000e+03
1.220000000000000000e+03 3.197000000000000000e+03
1.169000000000000000e+03 3.133000000000000000e+03
1.102000000000000000e+03 3.209000000000000000e+03
1.301000000000000000e+03 3.221000000000000000e+03
1.376000000000000000e+03 3.185000000000000000e+03
1.411000000000000000e+03 2.896000000000000000e+03
1.482000000000000000e+03 3.114000000000000000e+03
1.381000000000000000e+03 3.142000000000000000e+03
7.126000000000000000e+03 2.327000000000000000e+03
6.744000000000000000e+03 2.371000000000000000e+03
6.566000000000000000e+03 2.995000000000000000e+03
7.132000000000000000e+03 2.319000000000000000e+03
7.172000000000000000e+03 2.220000000000000000e+03
7.106000000000000000e+03 2.387000000000000000e+03
7.109000000000000000e+03 2.330000000000000000e+03
6.793000000000000000e+03 2.193000000000000000e+03
6.746000000000000000e+03 2.316000000000000000e+03
6.686000000000000000e+03 2.139000000000000000e+03
6.995000000000000000e+03 2.155000000000000000e+03
6.689000000000000000e+03 2.254000000000000000e+03
6.704000000000000000e+03 2.337000000000000000e+03
6.432000000000000000e+03 2.444000000000000000e+03
6.422000000000000000e+03 2.354000000000000000e+03
6.719000000000000000e+03 2.286000000000000000e+03
6.826000000000000000e+03 2.190000000000000000e+03
6.941000000000000000e+03 2.173000000000000000e+03
7.035000000000000000e+03 2.198000000000000000e+03
6.619000000000000000e+03 2.403000000000000000e+03
6.489000000000000000e+03 3.482000000000000000e+03
6.592000000000000000e+03 2.242000000000000000e+03
6.559000000000000000e+03 2.316000000000000000e+03
7.083000000000000000e+03 2.352000000000000000e+03
7.098000000000000000e+03 2.400000000000000000e+03
7.261000000000000000e+03 2.347000000000000000e+03
7.254000000000000000e+03 2.259000000000000000e+03
6.915000000000000000e+03 2.313000000000000000e+03
6.807000000000000000e+03 2.388000000000000000e+03
6.903000000000000000e+03 2.390000000000000000e+03
6.988000000000000000e+03 2.356000000000000000e+03
3.760000000000000000e+03 3.288000000000000000e+03
3.312000000000000000e+03 3.556000000000000000e+03
2.128000000000000000e+03 2.897000000000000000e+03
2.131000000000000000e+03 2.736000000000000000e+03
2.096000000000000000e+03 2.726000000000000000e+03
2.046000000000000000e+03 2.720000000000000000e+03
2.023000000000000000e+03 2.675000000000000000e+03
4.447000000000000000e+03 4.224000000000000000e+03
4.908000000000000000e+03 4.240000000000000000e+03
2.207000000000000000e+03 3.082000000000000000e+03
2.257000000000000000e+03 3.103000000000000000e+03
2.155000000000000000e+03 2.985000000000000000e+03
2.171000000000000000e+03 2.959000000000000000e+03
4.668000000000000000e+03 2.580000000000000000e+03
4.527000000000000000e+03 2.640000000000000000e+03
3.393000000000000000e+03 2.917000000000000000e+03
5.021000000000000000e+03 2.804000000000000000e+03
4.091000000000000000e+03 2.738000000000000000e+03
3.659000000000000000e+03 2.780000000000000000e+03
6.665000000000000000e+03 2.591000000000000000e+03
7.117000000000000000e+03 2.520000000000000000e+03
3.320000000000000000e+03 2.810000000000000000e+03
3.048000000000000000e+03 2.843000000000000000e+03
2.324000000000000000e+03 2.905000000000000000e+03
5.748000000000000000e+03 2.618000000000000000e+03
2.214000000000000000e+03 3.236000000000000000e+03
2.170000000000000000e+03 2.867000000000000000e+03
2.311000000000000000e+03 3.021000000000000000e+03
2.391000000000000000e+03 3.101000000000000000e+03
4.356000000000000000e+03 2.554000000000000000e+03
5.296000000000000000e+03 2.616000000000000000e+03
2.255000000000000000e+03 3.321000000000000000e+03
2.213000000000000000e+03 3.307000000000000000e+03
2.747000000000000000e+03 3.291000000000000000e+03
2.237000000000000000e+03 3.344000000000000000e+03
2.119000000000000000e+03 3.331000000000000000e+03
2.170000000000000000e+03 3.369000000000000000e+03
1.804000000000000000e+03 4.886000000000000000e+03
3.767000000000000000e+03 4.830000000000000000e+03
1.970000000000000000e+03 3.181000000000000000e+03
1.933000000000000000e+03 3.104000000000000000e+03
2.057000000000000000e+03 3.064000000000000000e+03
2.014000000000000000e+03 3.124000000000000000e+03
1.662000000000000000e+03 5.184000000000000000e+03
2.715000000000000000e+03 3.807000000000000000e+03
2.023000000000000000e+03 4.536000000000000000e+03
2.772000000000000000e+03 3.953000000000000000e+03
2.187000000000000000e+03 3.754000000000000000e+03
3.827000000000000000e+03 3.946000000000000000e+03
2.726000000000000000e+03 4.184000000000000000e+03
2.260000000000000000e+03 3.145000000000000000e+03
1.790000000000000000e+03 3.078000000000000000e+03
1.666000000000000000e+03 3.109000000000000000e+03
1.515000000000000000e+03 3.122000000000000000e+03
1.645000000000000000e+03 3.235000000000000000e+03
2.270000000000000000e+03 3.636000000000000000e+03
2.337000000000000000e+03 3.625000000000000000e+03
2.229000000000000000e+03 3.469000000000000000e+03
2.249000000000000000e+03 3.547000000000000000e+03
2.279000000000000000e+03 3.709000000000000000e+03
2.257000000000000000e+03 3.763000000000000000e+03
2.273000000000000000e+03 3.785000000000000000e+03
3.691000000000000000e+03 4.117000000000000000e+03
7.144000000000000000e+03 4.695000000000000000e+03
7.180000000000000000e+03 4.902000000000000000e+03
7.277000000000000000e+03 4.919000000000000000e+03
7.268000000000000000e+03 4.939000000000000000e+03
7.341000000000000000e+03 5.051000000000000000e+03
7.413000000000000000e+03 4.960000000000000000e+03
7.396000000000000000e+03 4.964000000000000000e+03
7.224000000000000000e+03 4.623000000000000000e+03
7.310000000000000000e+03 4.716000000000000000e+03
7.149000000000000000e+03 4.633000000000000000e+03
7.089000000000000000e+03 4.641000000000000000e+03
7.449000000000000000e+03 4.824000000000000000e+03
7.263000000000000000e+03 4.827000000000000000e+03
7.390000000000000000e+03 4.481000000000000000e+03
7.397000000000000000e+03 4.775000000000000000e+03
7.154000000000000000e+03 4.945000000000000000e+03
7.052000000000000000e+03 4.723000000000000000e+03
7.328000000000000000e+03 5.197000000000000000e+03
7.225000000000000000e+03 4.960000000000000000e+03
7.200000000000000000e+03 5.110000000000000000e+03
7.239000000000000000e+03 5.370000000000000000e+03
7.204000000000000000e+03 5.301000000000000000e+03
7.334000000000000000e+03 5.134000000000000000e+03
7.450000000000000000e+03 4.646000000000000000e+03
7.265000000000000000e+03 4.649000000000000000e+03
7.415000000000000000e+03 4.556000000000000000e+03
7.384000000000000000e+03 4.369000000000000000e+03
7.188000000000000000e+03 4.643000000000000000e+03
7.346000000000000000e+03 4.585000000000000000e+03
7.069000000000000000e+03 4.631000000000000000e+03
6.970000000000000000e+03 4.083000000000000000e+03
6.924000000000000000e+03 3.063000000000000000e+03
6.821000000000000000e+03 2.163000000000000000e+03
6.738000000000000000e+03 2.194000000000000000e+03
6.799000000000000000e+03 5.409000000000000000e+03
6.785000000000000000e+03 5.255000000000000000e+03
6.815000000000000000e+03 4.633000000000000000e+03
6.803000000000000000e+03 5.456000000000000000e+03
6.865000000000000000e+03 2.010000000000000000e+03
6.814000000000000000e+03 1.953000000000000000e+03
6.927000000000000000e+03 1.927000000000000000e+03
7.014000000000000000e+03 1.918000000000000000e+03
6.422000000000000000e+03 2.452000000000000000e+03
6.967000000000000000e+03 2.140000000000000000e+03
7.126000000000000000e+03 1.955000000000000000e+03
7.157000000000000000e+03 1.996000000000000000e+03
6.915000000000000000e+03 5.752000000000000000e+03
6.673000000000000000e+03 5.878000000000000000e+03
6.918000000000000000e+03 5.009000000000000000e+03
6.957000000000000000e+03 5.366000000000000000e+03
6.935000000000000000e+03 5.828000000000000000e+03
7.010000000000000000e+03 5.681000000000000000e+03
7.122000000000000000e+03 5.014000000000000000e+03
7.046000000000000000e+03 5.649000000000000000e+03
6.766000000000000000e+03 6.594000000000000000e+03
6.826000000000000000e+03 6.206000000000000000e+03
6.890000000000000000e+03 5.481000000000000000e+03
6.816000000000000000e+03 6.418000000000000000e+03
6.971000000000000000e+03 6.636000000000000000e+03
6.869000000000000000e+03 6.534000000000000000e+03
6.964000000000000000e+03 6.722000000000000000e+03
7.006000000000000000e+03 6.760000000000000000e+03
6.906000000000000000e+03 2.164000000000000000e+03
6.767000000000000000e+03 2.320000000000000000e+03
6.736000000000000000e+03 1.856000000000000000e+03
6.618000000000000000e+03 2.177000000000000000e+03
6.677000000000000000e+03 2.013000000000000000e+03
6.695000000000000000e+03 3.698000000000000000e+03
6.691000000000000000e+03 2.936000000000000000e+03
6.692000000000000000e+03 1.920000000000000000e+03
6.627000000000000000e+03 2.053000000000000000e+03
6.696000000000000000e+03 1.811000000000000000e+03
6.693000000000000000e+03 1.912000000000000000e+03
6.962000000000000000e+03 1.922000000000000000e+03
6.873000000000000000e+03 1.810000000000000000e+03
6.691000000000000000e+03 2.060000000000000000e+03
6.576000000000000000e+03 2.396000000000000000e+03
6.907000000000000000e+03 4.874000000000000000e+03
6.866000000000000000e+03 4.857000000000000000e+03
6.961000000000000000e+03 5.095000000000000000e+03
6.921000000000000000e+03 5.010000000000000000e+03
6.804000000000000000e+03 4.729000000000000000e+03
6.877000000000000000e+03 4.768000000000000000e+03
6.833000000000000000e+03 4.820000000000000000e+03
6.781000000000000000e+03 4.883000000000000000e+03
6.953000000000000000e+03 5.205000000000000000e+03
6.936000000000000000e+03 5.289000000000000000e+03
6.871000000000000000e+03 5.247000000000000000e+03
6.831000000000000000e+03 5.268000000000000000e+03
6.752000000000000000e+03 5.213000000000000000e+03
6.783000000000000000e+03 5.174000000000000000e+03
6.823000000000000000e+03 5.091000000000000000e+03
6.815000000000000000e+03 4.873000000000000000e+03
7.131000000000000000e+03 5.192000000000000000e+03
7.016000000000000000e+03 5.198000000000000000e+03
7.117000000000000000e+03 5.099000000000000000e+03
7.077000000000000000e+03 5.106000000000000000e+03
7.023000000000000000e+03 4.884000000000000000e+03
6.991000000000000000e+03 4.872000000000000000e+03
7.056000000000000000e+03 4.899000000000000000e+03
7.054000000000000000e+03 5.021000000000000000e+03
7.033000000000000000e+03 1.827000000000000000e+03
7.085000000000000000e+03 1.596000000000000000e+03
7.078000000000000000e+03 2.088000000000000000e+03
6.832000000000000000e+03 3.787000000000000000e+03
7.092000000000000000e+03 2.002000000000000000e+03
7.054000000000000000e+03 1.939000000000000000e+03
7.017000000000000000e+03 2.734000000000000000e+03
6.955000000000000000e+03 4.106000000000000000e+03
7.084000000000000000e+03 2.956000000000000000e+03
7.160000000000000000e+03 1.587000000000000000e+03
7.275000000000000000e+03 1.695000000000000000e+03
7.227000000000000000e+03 2.468000000000000000e+03
7.189000000000000000e+03 1.596000000000000000e+03
7.177000000000000000e+03 1.672000000000000000e+03
7.159000000000000000e+03 2.054000000000000000e+03
7.203000000000000000e+03 1.740000000000000000e+03
7.332000000000000000e+03 2.015000000000000000e+03
7.350000000000000000e+03 1.829000000000000000e+03
7.208000000000000000e+03 2.466000000000000000e+03
7.371000000000000000e+03 1.752000000000000000e+03
7.322000000000000000e+03 1.583000000000000000e+03
7.359000000000000000e+03 1.651000000000000000e+03
7.073000000000000000e+03 3.201000000000000000e+03
6.960000000000000000e+03 3.460000000000000000e+03
6.150000000000000000e+03 1.525000000000000000e+03
5.945000000000000000e+03 1.475000000000000000e+03
5.851000000000000000e+03 1.501000000000000000e+03
6.251000000000000000e+03 1.341000000000000000e+03
6.296000000000000000e+03 1.347000000000000000e+03
6.125000000000000000e+03 1.301000000000000000e+03
6.051000000000000000e+03 1.321000000000000000e+03
6.581000000000000000e+03 1.459000000000000000e+03
6.584000000000000000e+03 1.510000000000000000e+03
6.567000000000000000e+03 1.856000000000000000e+03
6.664000000000000000e+03 1.707000000000000000e+03
5.884000000000000000e+03 3.063000000000000000e+03
5.715000000000000000e+03 2.907000000000000000e+03
6.488000000000000000e+03 1.437000000000000000e+03
6.448000000000000000e+03 1.398000000000000000e+03
6.366000000000000000e+03 1.831000000000000000e+03
6.326000000000000000e+03 1.840000000000000000e+03
6.178000000000000000e+03 1.727000000000000000e+03
6.187000000000000000e+03 1.768000000000000000e+03
6.080000000000000000e+03 1.741000000000000000e+03
5.390000000000000000e+03 4.160000000000000000e+03
5.977000000000000000e+03 1.621000000000000000e+03
5.977000000000000000e+03 1.639000000000000000e+03
5.957000000000000000e+03 1.761000000000000000e+03
5.911000000000000000e+03 1.753000000000000000e+03
6.151000000000000000e+03 1.664000000000000000e+03
6.048000000000000000e+03 1.714000000000000000e+03
6.253000000000000000e+03 1.656000000000000000e+03
6.279000000000000000e+03 1.668000000000000000e+03
6.516000000000000000e+03 1.815000000000000000e+03
6.470000000000000000e+03 1.792000000000000000e+03
5.980000000000000000e+03 1.840000000000000000e+03
5.346000000000000000e+03 3.444000000000000000e+03
5.288000000000000000e+03 2.877000000000000000e+03
6.099000000000000000e+03 1.780000000000000000e+03
6.238000000000000000e+03 1.567000000000000000e+03
6.086000000000000000e+03 1.584000000000000000e+03
6.007000000000000000e+03 1.588000000000000000e+03
5.738000000000000000e+03 3.994000000000000000e+03
6.454000000000000000e+03 1.583000000000000000e+03
6.397000000000000000e+03 1.566000000000000000e+03
6.358000000000000000e+03 1.618000000000000000e+03
6.158000000000000000e+03 2.695000000000000000e+03
6.575000000000000000e+03 1.577000000000000000e+03
6.583000000000000000e+03 1.611000000000000000e+03
6.649000000000000000e+03 1.661000000000000000e+03
6.234000000000000000e+03 1.434000000000000000e+03
6.223000000000000000e+03 1.464000000000000000e+03
6.287000000000000000e+03 1.431000000000000000e+03
5.765000000000000000e+03 4.609000000000000000e+03
6.342000000000000000e+03 1.442000000000000000e+03
6.402000000000000000e+03 1.450000000000000000e+03
6.460000000000000000e+03 1.597000000000000000e+03
6.483000000000000000e+03 1.579000000000000000e+03
5.751000000000000000e+03 3.769000000000000000e+03
5.766000000000000000e+03 3.288000000000000000e+03
5.752000000000000000e+03 4.129000000000000000e+03
6.003000000000000000e+03 1.464000000000000000e+03
6.109000000000000000e+03 1.439000000000000000e+03
6.109000000000000000e+03 1.470000000000000000e+03
5.933000000000000000e+03 3.296000000000000000e+03
5.858000000000000000e+03 3.363000000000000000e+03
5.649000000000000000e+03 2.902000000000000000e+03
5.400000000000000000e+03 3.329000000000000000e+03
5.804000000000000000e+03 2.679000000000000000e+03
6.072000000000000000e+03 2.335000000000000000e+03
6.086000000000000000e+03 2.413000000000000000e+03
6.137000000000000000e+03 2.396000000000000000e+03
6.236000000000000000e+03 2.336000000000000000e+03
6.391000000000000000e+03 2.361000000000000000e+03
6.367000000000000000e+03 2.406000000000000000e+03
6.441000000000000000e+03 2.312000000000000000e+03
6.192000000000000000e+03 2.419000000000000000e+03
4.551000000000000000e+03 3.670000000000000000e+03
6.254000000000000000e+03 2.431000000000000000e+03
6.226000000000000000e+03 2.341000000000000000e+03
6.248000000000000000e+03 2.449000000000000000e+03
5.911000000000000000e+03 2.267000000000000000e+03
5.862000000000000000e+03 2.781000000000000000e+03
5.903000000000000000e+03 2.030000000000000000e+03
5.837000000000000000e+03 3.185000000000000000e+03
5.843000000000000000e+03 2.475000000000000000e+03
5.994000000000000000e+03 2.611000000000000000e+03
6.021000000000000000e+03 2.256000000000000000e+03
5.084000000000000000e+03 4.346000000000000000e+03
6.185000000000000000e+03 1.869000000000000000e+03
6.358000000000000000e+03 1.889000000000000000e+03
5.946000000000000000e+03 3.713000000000000000e+03
6.068000000000000000e+03 1.867000000000000000e+03
6.564000000000000000e+03 1.966000000000000000e+03
6.541000000000000000e+03 1.986000000000000000e+03
6.533000000000000000e+03 1.833000000000000000e+03
6.448000000000000000e+03 1.884000000000000000e+03
6.406000000000000000e+03 2.041000000000000000e+03
6.333000000000000000e+03 2.021000000000000000e+03
6.488000000000000000e+03 2.068000000000000000e+03
6.455000000000000000e+03 2.010000000000000000e+03
5.996000000000000000e+03 2.032000000000000000e+03
5.868000000000000000e+03 2.590000000000000000e+03
6.237000000000000000e+03 2.044000000000000000e+03
6.205000000000000000e+03 2.032000000000000000e+03
6.045000000000000000e+03 2.236000000000000000e+03
5.824000000000000000e+03 3.719000000000000000e+03
6.076000000000000000e+03 2.125000000000000000e+03
6.062000000000000000e+03 2.158000000000000000e+03
5.907000000000000000e+03 2.245000000000000000e+03
5.911000000000000000e+03 2.307000000000000000e+03
5.968000000000000000e+03 2.102000000000000000e+03
5.898000000000000000e+03 2.073000000000000000e+03
6.252000000000000000e+03 2.181000000000000000e+03
6.268000000000000000e+03 2.318000000000000000e+03
6.152000000000000000e+03 2.235000000000000000e+03
6.122000000000000000e+03 2.393000000000000000e+03
6.498000000000000000e+03 2.228000000000000000e+03
6.518000000000000000e+03 2.154000000000000000e+03
6.366000000000000000e+03 2.170000000000000000e+03
6.365000000000000000e+03 2.234000000000000000e+03
6.373000000000000000e+03 2.162000000000000000e+03
6.265000000000000000e+03 2.026000000000000000e+03
5.969000000000000000e+03 2.948000000000000000e+03
6.237000000000000000e+03 1.940000000000000000e+03
6.123000000000000000e+03 1.989000000000000000e+03
6.216000000000000000e+03 2.095000000000000000e+03
5.911000000000000000e+03 2.898000000000000000e+03
5.810000000000000000e+03 3.422000000000000000e+03
7.293000000000000000e+03 2.928000000000000000e+03
7.373000000000000000e+03 2.871000000000000000e+03
7.390000000000000000e+03 3.092000000000000000e+03
6.958000000000000000e+03 3.161000000000000000e+03
7.408000000000000000e+03 2.866000000000000000e+03
7.394000000000000000e+03 3.082000000000000000e+03
7.127000000000000000e+03 2.951000000000000000e+03
6.803000000000000000e+03 1.604000000000000000e+03
6.821000000000000000e+03 1.564000000000000000e+03
6.888000000000000000e+03 1.576000000000000000e+03
6.969000000000000000e+03 1.628000000000000000e+03
6.910000000000000000e+03 1.659000000000000000e+03
6.948000000000000000e+03 1.668000000000000000e+03
6.985000000000000000e+03 1.764000000000000000e+03
7.002000000000000000e+03 1.825000000000000000e+03
7.364000000000000000e+03 2.696000000000000000e+03
7.415000000000000000e+03 2.519000000000000000e+03
7.286000000000000000e+03 2.775000000000000000e+03
7.386000000000000000e+03 2.711000000000000000e+03
7.234000000000000000e+03 2.644000000000000000e+03
7.406000000000000000e+03 2.559000000000000000e+03
7.435000000000000000e+03 2.626000000000000000e+03
7.303000000000000000e+03 2.549000000000000000e+03
7.407000000000000000e+03 2.322000000000000000e+03
7.285000000000000000e+03 2.635000000000000000e+03
7.378000000000000000e+03 2.498000000000000000e+03
7.418000000000000000e+03 2.715000000000000000e+03
7.322000000000000000e+03 2.602000000000000000e+03
7.405000000000000000e+03 2.428000000000000000e+03
7.360000000000000000e+03 2.552000000000000000e+03
7.404000000000000000e+03 2.347000000000000000e+03
7.386000000000000000e+03 3.402000000000000000e+03
7.352000000000000000e+03 3.465000000000000000e+03
7.403000000000000000e+03 3.385000000000000000e+03
7.370000000000000000e+03 3.294000000000000000e+03
7.337000000000000000e+03 3.550000000000000000e+03
7.384000000000000000e+03 3.503000000000000000e+03
7.379000000000000000e+03 3.461000000000000000e+03
7.418000000000000000e+03 3.656000000000000000e+03
7.400000000000000000e+03 3.463000000000000000e+03
7.353000000000000000e+03 3.588000000000000000e+03
7.411000000000000000e+03 3.393000000000000000e+03
7.375000000000000000e+03 3.703000000000000000e+03
7.406000000000000000e+03 3.633000000000000000e+03
7.315000000000000000e+03 3.819000000000000000e+03
7.443000000000000000e+03 3.650000000000000000e+03
7.364000000000000000e+03 4.015000000000000000e+03
7.359000000000000000e+03 3.994000000000000000e+03
7.383000000000000000e+03 3.960000000000000000e+03
7.391000000000000000e+03 3.805000000000000000e+03
7.442000000000000000e+03 3.843000000000000000e+03
7.389000000000000000e+03 4.209000000000000000e+03
7.397000000000000000e+03 4.195000000000000000e+03
7.394000000000000000e+03 3.952000000000000000e+03
7.397000000000000000e+03 4.286000000000000000e+03
7.393000000000000000e+03 3.857000000000000000e+03
7.410000000000000000e+03 4.377000000000000000e+03
7.371000000000000000e+03 4.076000000000000000e+03
7.226000000000000000e+03 3.486000000000000000e+03
7.434000000000000000e+03 3.582000000000000000e+03
7.357000000000000000e+03 3.403000000000000000e+03
7.428000000000000000e+03 3.365000000000000000e+03
2.400000000000000000e+03 4.512000000000000000e+03
2.691000000000000000e+03 4.551000000000000000e+03
2.705000000000000000e+03 4.494000000000000000e+03
2.931000000000000000e+03 4.514000000000000000e+03
3.041000000000000000e+03 4.515000000000000000e+03
2.878000000000000000e+03 4.571000000000000000e+03
2.741000000000000000e+03 4.595000000000000000e+03
2.275000000000000000e+03 4.124000000000000000e+03
2.309000000000000000e+03 4.110000000000000000e+03
2.287000000000000000e+03 3.964000000000000000e+03
2.332000000000000000e+03 3.938000000000000000e+03
2.202000000000000000e+03 4.002000000000000000e+03
2.135000000000000000e+03 4.152000000000000000e+03
2.106000000000000000e+03 4.177000000000000000e+03
2.178000000000000000e+03 4.184000000000000000e+03
4.729000000000000000e+03 2.502000000000000000e+03
5.524000000000000000e+03 2.665000000000000000e+03
3.844000000000000000e+03 3.401000000000000000e+03
3.456000000000000000e+03 4.706000000000000000e+03
1.896000000000000000e+03 2.639000000000000000e+03
3.185000000000000000e+03 4.133000000000000000e+03
5.820000000000000000e+03 4.103000000000000000e+03
5.720000000000000000e+03 4.100000000000000000e+03
1.731000000000000000e+03 1.552000000000000000e+03
2.047000000000000000e+03 2.053000000000000000e+03
2.165000000000000000e+03 2.435000000000000000e+03
2.235000000000000000e+03 2.876000000000000000e+03
3.117000000000000000e+03 2.344000000000000000e+03
4.065000000000000000e+03 2.352000000000000000e+03
4.046000000000000000e+03 1.737000000000000000e+03
4.137000000000000000e+03 2.521000000000000000e+03
2.911000000000000000e+03 4.637000000000000000e+03
2.788000000000000000e+03 4.647000000000000000e+03
2.918000000000000000e+03 4.671000000000000000e+03
2.820000000000000000e+03 4.656000000000000000e+03
2.565000000000000000e+03 4.581000000000000000e+03
2.590000000000000000e+03 4.650000000000000000e+03
2.642000000000000000e+03 4.705000000000000000e+03
2.756000000000000000e+03 4.615000000000000000e+03
2.384000000000000000e+03 4.317000000000000000e+03
2.306000000000000000e+03 4.280000000000000000e+03
2.731000000000000000e+03 4.629000000000000000e+03
2.342000000000000000e+03 4.399000000000000000e+03
2.169000000000000000e+03 4.377000000000000000e+03
2.114000000000000000e+03 4.426000000000000000e+03
2.235000000000000000e+03 4.333000000000000000e+03
2.207000000000000000e+03 4.343000000000000000e+03
2.529000000000000000e+03 4.555000000000000000e+03
2.835000000000000000e+03 4.713000000000000000e+03
2.381000000000000000e+03 4.483000000000000000e+03
2.266000000000000000e+03 4.576000000000000000e+03
4.471000000000000000e+03 3.788000000000000000e+03
2.646000000000000000e+03 4.747000000000000000e+03
2.642000000000000000e+03 4.729000000000000000e+03
3.055000000000000000e+03 4.587000000000000000e+03
2.201000000000000000e+03 4.648000000000000000e+03
2.314000000000000000e+03 4.640000000000000000e+03
2.259000000000000000e+03 4.673000000000000000e+03
2.463000000000000000e+03 4.649000000000000000e+03
2.405000000000000000e+03 4.662000000000000000e+03
2.511000000000000000e+03 4.547000000000000000e+03
2.577000000000000000e+03 4.723000000000000000e+03
2.513000000000000000e+03 4.736000000000000000e+03
4.490000000000000000e+02 6.120000000000000000e+03
2.560000000000000000e+02 1.430000000000000000e+03
5.176000000000000000e+03 6.930000000000000000e+03
4.090000000000000000e+02 3.270000000000000000e+03
1.786000000000000000e+03 5.090000000000000000e+03
1.810000000000000000e+03 8.000000000000000000e+01
2.391000000000000000e+03 2.570000000000000000e+03
7.442000000000000000e+03 0.000000000000000000e+00
-1.200000000000000000e+01 0.000000000000000000e+00
-4.000000000000000000e+00 0.000000000000000000e+00
