6.210000000000000000e+03 7.220000000000000000e+03
6.549000000000000000e+03 7.382000000000000000e+03
6.434000000000000000e+03 7.392000000000000000e+03
5.968000000000000000e+03 7.229000000000000000e+03
6.190000000000000000e+03 7.341000000000000000e+03
5.808000000000000000e+03 7.295000000000000000e+03
5.859000000000000000e+03 7.328000000000000000e+03
5.759000000000000000e+03 7.119000000000000000e+03
5.776000000000000000e+03 7.080000000000000000e+03
5.707000000000000000e+03 7.019000000000000000e+03
5.817000000000000000e+03 6.897000000000000000e+03
5.849000000000000000e+03 6.935000000000000000e+03
5.794000000000000000e+03 6.869000000000000000e+03
5.725000000000000000e+03 6.871000000000000000e+03
5.708000000000000000e+03 6.909000000000000000e+03
5.832000000000000000e+03 6.725000000000000000e+03
5.762000000000000000e+03 6.642000000000000000e+03
5.700000000000000000e+03 6.656000000000000000e+03
5.685000000000000000e+03 6.686000000000000000e+03
5.549000000000000000e+03 6.691000000000000000e+03
5.662000000000000000e+03 6.737000000000000000e+03
5.514000000000000000e+03 6.772000000000000000e+03
5.609000000000000000e+03 6.796000000000000000e+03
5.729000000000000000e+03 6.507000000000000000e+03
5.640000000000000000e+03 6.510000000000000000e+03
5.547000000000000000e+03 6.573000000000000000e+03
5.554000000000000000e+03 6.466000000000000000e+03
5.775000000000000000e+03 6.365000000000000000e+03
5.676000000000000000e+03 6.439000000000000000e+03
5.802000000000000000e+03 6.573000000000000000e+03
5.769000000000000000e+03 6.449000000000000000e+03
5.901000000000000000e+03 5.752000000000000000e+03
5.793000000000000000e+03 5.742000000000000000e+03
5.689000000000000000e+03 5.732000000000000000e+03
5.669000000000000000e+03 5.707000000000000000e+03
5.713000000000000000e+03 5.797000000000000000e+03
5.784000000000000000e+03 5.891000000000000000e+03
5.725000000000000000e+03 5.853000000000000000e+03
5.911000000000000000e+03 6.199000000000000000e+03
5.792000000000000000e+03 6.193000000000000000e+03
5.707000000000000000e+03 6.192000000000000000e+03
5.647000000000000000e+03 6.116000000000000000e+03
5.715000000000000000e+03 6.066000000000000000e+03
5.707000000000000000e+03 5.975000000000000000e+03
5.770000000000000000e+03 6.008000000000000000e+03
5.860000000000000000e+03 6.018000000000000000e+03
5.990000000000000000e+03 5.694000000000000000e+03
6.143000000000000000e+03 5.508000000000000000e+03
6.056000000000000000e+03 5.589000000000000000e+03
6.052000000000000000e+03 5.599000000000000000e+03
6.189000000000000000e+03 5.595000000000000000e+03
6.396000000000000000e+03 5.585000000000000000e+03
6.277000000000000000e+03 5.512000000000000000e+03
6.347000000000000000e+03 5.548000000000000000e+03
5.917000000000000000e+03 5.577000000000000000e+03
5.953000000000000000e+03 5.533000000000000000e+03
5.944000000000000000e+03 5.598000000000000000e+03
5.774000000000000000e+03 5.447000000000000000e+03
5.643000000000000000e+03 5.549000000000000000e+03
5.578000000000000000e+03 5.613000000000000000e+03
5.731000000000000000e+03 5.512000000000000000e+03
5.657000000000000000e+03 5.501000000000000000e+03
6.763000000000000000e+03 7.448000000000000000e+03
6.653000000000000000e+03 7.431000000000000000e+03
6.605000000000000000e+03 7.438000000000000000e+03
6.233000000000000000e+03 7.371000000000000000e+03
5.912000000000000000e+03 7.180000000000000000e+03
6.705000000000000000e+03 7.473000000000000000e+03
6.122000000000000000e+03 7.468000000000000000e+03
5.252000000000000000e+03 6.673000000000000000e+03
5.452000000000000000e+03 6.062000000000000000e+03
5.421000000000000000e+03 6.337000000000000000e+03
5.381000000000000000e+03 6.424000000000000000e+03
5.174000000000000000e+03 6.745000000000000000e+03
5.214000000000000000e+03 6.502000000000000000e+03
5.053000000000000000e+03 6.828000000000000000e+03
5.081000000000000000e+03 6.932000000000000000e+03
7.408000000000000000e+03 7.120000000000000000e+03
7.286000000000000000e+03 7.032000000000000000e+03
5.299000000000000000e+03 7.189000000000000000e+03
5.572000000000000000e+03 7.300000000000000000e+03
5.007000000000000000e+03 7.188000000000000000e+03
5.095000000000000000e+03 7.119000000000000000e+03
5.207000000000000000e+03 7.111000000000000000e+03
5.169000000000000000e+03 7.093000000000000000e+03
5.153000000000000000e+03 7.300000000000000000e+03
5.084000000000000000e+03 7.343000000000000000e+03
4.925000000000000000e+03 7.334000000000000000e+03
5.075000000000000000e+03 7.362000000000000000e+03
7.062000000000000000e+03 7.422000000000000000e+03
7.350000000000000000e+03 7.435000000000000000e+03
6.072000000000000000e+03 7.349000000000000000e+03
5.806000000000000000e+03 7.321000000000000000e+03
5.312000000000000000e+03 6.836000000000000000e+03
5.430000000000000000e+03 6.715000000000000000e+03
5.186000000000000000e+03 6.926000000000000000e+03
5.273000000000000000e+03 6.801000000000000000e+03
5.943000000000000000e+03 6.855000000000000000e+03
5.783000000000000000e+03 7.076000000000000000e+03
5.323000000000000000e+03 7.159000000000000000e+03
5.393000000000000000e+03 7.181000000000000000e+03
5.239000000000000000e+03 6.988000000000000000e+03
5.305000000000000000e+03 7.048000000000000000e+03
5.407000000000000000e+03 6.895000000000000000e+03
5.392000000000000000e+03 6.919000000000000000e+03
5.613000000000000000e+03 7.039000000000000000e+03
5.454000000000000000e+03 7.006000000000000000e+03
5.491000000000000000e+03 7.094000000000000000e+03
5.514000000000000000e+03 7.196000000000000000e+03
6.138000000000000000e+03 7.420000000000000000e+03
5.981000000000000000e+03 7.421000000000000000e+03
5.835000000000000000e+03 7.354000000000000000e+03
5.852000000000000000e+03 7.430000000000000000e+03
5.571000000000000000e+03 7.164000000000000000e+03
5.504000000000000000e+03 7.081000000000000000e+03
5.293000000000000000e+03 7.231000000000000000e+03
5.328000000000000000e+03 7.369000000000000000e+03
5.624000000000000000e+03 7.368000000000000000e+03
5.445000000000000000e+03 7.395000000000000000e+03
5.480000000000000000e+03 7.394000000000000000e+03
5.566000000000000000e+03 7.431000000000000000e+03
5.074000000000000000e+03 7.442000000000000000e+03
5.161000000000000000e+03 7.428000000000000000e+03
5.704000000000000000e+03 7.453000000000000000e+03
5.590000000000000000e+03 7.328000000000000000e+03
4.773000000000000000e+03 6.906000000000000000e+03
4.650000000000000000e+03 6.923000000000000000e+03
4.754000000000000000e+03 6.938000000000000000e+03
5.593000000000000000e+03 6.245000000000000000e+03
5.537000000000000000e+03 6.268000000000000000e+03
5.588000000000000000e+03 6.380000000000000000e+03
5.629000000000000000e+03 6.496000000000000000e+03
4.744000000000000000e+03 7.136000000000000000e+03
4.777000000000000000e+03 7.116000000000000000e+03
4.680000000000000000e+03 6.987000000000000000e+03
4.739000000000000000e+03 7.015000000000000000e+03
4.780000000000000000e+03 7.228000000000000000e+03
4.701000000000000000e+03 7.170000000000000000e+03
4.816000000000000000e+03 7.244000000000000000e+03
4.806000000000000000e+03 7.354000000000000000e+03
5.552000000000000000e+03 5.836000000000000000e+03
5.625000000000000000e+03 5.990000000000000000e+03
5.524000000000000000e+03 5.699000000000000000e+03
5.460000000000000000e+03 5.697000000000000000e+03
5.341000000000000000e+03 5.765000000000000000e+03
5.356000000000000000e+03 5.728000000000000000e+03
5.452000000000000000e+03 5.657000000000000000e+03
5.378000000000000000e+03 5.676000000000000000e+03
5.539000000000000000e+03 6.193000000000000000e+03
5.427000000000000000e+03 6.146000000000000000e+03
4.069000000000000000e+03 6.520000000000000000e+03
5.021000000000000000e+03 5.829000000000000000e+03
5.569000000000000000e+03 6.069000000000000000e+03
5.506000000000000000e+03 6.129000000000000000e+03
5.543000000000000000e+03 6.045000000000000000e+03
5.509000000000000000e+03 6.118000000000000000e+03
2.270000000000000000e+03 7.472000000000000000e+03
3.118000000000000000e+03 7.401000000000000000e+03
2.430000000000000000e+03 7.458000000000000000e+03
2.610000000000000000e+03 7.467000000000000000e+03
2.941000000000000000e+03 7.471000000000000000e+03
2.836000000000000000e+03 7.463000000000000000e+03
2.641000000000000000e+03 7.471000000000000000e+03
1.768000000000000000e+03 7.467000000000000000e+03
1.784000000000000000e+03 7.466000000000000000e+03
2.152000000000000000e+03 7.471000000000000000e+03
1.814000000000000000e+03 7.468000000000000000e+03
2.112000000000000000e+03 7.468000000000000000e+03
1.894000000000000000e+03 7.458000000000000000e+03
1.793000000000000000e+03 7.457000000000000000e+03
1.944000000000000000e+03 7.463000000000000000e+03
1.025000000000000000e+03 7.467000000000000000e+03
1.065000000000000000e+03 7.469000000000000000e+03
6.050000000000000000e+02 7.473000000000000000e+03
7.480000000000000000e+02 7.468000000000000000e+03
8.250000000000000000e+02 7.465000000000000000e+03
8.800000000000000000e+02 7.470000000000000000e+03
6.050000000000000000e+02 7.465000000000000000e+03
3.521000000000000000e+03 7.021000000000000000e+03
4.872000000000000000e+03 6.780000000000000000e+03
4.971000000000000000e+03 6.829000000000000000e+03
4.861000000000000000e+03 6.777000000000000000e+03
4.767000000000000000e+03 6.876000000000000000e+03
4.964000000000000000e+03 6.948000000000000000e+03
4.919000000000000000e+03 7.005000000000000000e+03
4.896000000000000000e+03 7.066000000000000000e+03
4.895000000000000000e+03 7.174000000000000000e+03
4.783000000000000000e+03 6.495000000000000000e+03
5.011000000000000000e+03 6.473000000000000000e+03
4.627000000000000000e+03 6.447000000000000000e+03
4.731000000000000000e+03 6.661000000000000000e+03
4.747000000000000000e+03 6.718000000000000000e+03
4.756000000000000000e+03 6.577000000000000000e+03
4.744000000000000000e+03 6.565000000000000000e+03
5.258000000000000000e+03 5.405000000000000000e+03
4.455000000000000000e+03 7.050000000000000000e+03
2.705000000000000000e+03 5.720000000000000000e+03
2.157000000000000000e+03 5.456000000000000000e+03
4.134000000000000000e+03 7.458000000000000000e+03
4.066000000000000000e+03 7.435000000000000000e+03
4.488000000000000000e+03 7.455000000000000000e+03
4.254000000000000000e+03 7.471000000000000000e+03
5.010000000000000000e+03 6.579000000000000000e+03
4.984000000000000000e+03 6.708000000000000000e+03
4.898000000000000000e+03 6.607000000000000000e+03
4.915000000000000000e+03 6.652000000000000000e+03
5.167000000000000000e+03 6.503000000000000000e+03
5.240000000000000000e+03 6.444000000000000000e+03
5.152000000000000000e+03 6.547000000000000000e+03
5.087000000000000000e+03 6.576000000000000000e+03
4.921000000000000000e+03 6.378000000000000000e+03
4.898000000000000000e+03 6.359000000000000000e+03
4.860000000000000000e+03 6.560000000000000000e+03
4.932000000000000000e+03 6.462000000000000000e+03
5.024000000000000000e+03 6.368000000000000000e+03
5.111000000000000000e+03 6.351000000000000000e+03
5.281000000000000000e+03 6.505000000000000000e+03
5.188000000000000000e+03 6.405000000000000000e+03
3.259000000000000000e+03 6.349000000000000000e+03
3.056000000000000000e+03 6.198000000000000000e+03
3.957000000000000000e+03 6.135000000000000000e+03
2.986000000000000000e+03 5.998000000000000000e+03
4.607000000000000000e+03 5.983000000000000000e+03
3.437000000000000000e+03 5.529000000000000000e+03
3.307000000000000000e+03 7.023000000000000000e+03
3.723000000000000000e+03 6.673000000000000000e+03
4.708000000000000000e+03 6.367000000000000000e+03
4.724000000000000000e+03 6.246000000000000000e+03
4.423000000000000000e+03 7.281000000000000000e+03
2.800000000000000000e+03 6.012000000000000000e+03
3.577000000000000000e+03 5.915000000000000000e+03
4.823000000000000000e+03 6.287000000000000000e+03
4.770000000000000000e+03 6.132000000000000000e+03
4.850000000000000000e+03 6.228000000000000000e+03
4.978000000000000000e+03 5.797000000000000000e+03
4.736000000000000000e+03 5.654000000000000000e+03
4.075000000000000000e+03 7.395000000000000000e+03
4.776000000000000000e+03 6.385000000000000000e+03
4.695000000000000000e+03 7.348000000000000000e+03
4.700000000000000000e+03 7.395000000000000000e+03
4.444000000000000000e+03 7.402000000000000000e+03
1.464000000000000000e+03 5.441000000000000000e+03
1.304000000000000000e+03 5.361000000000000000e+03
1.363000000000000000e+03 5.411000000000000000e+03
1.226000000000000000e+03 5.518000000000000000e+03
2.182000000000000000e+03 5.463000000000000000e+03
1.086000000000000000e+03 5.434000000000000000e+03
1.142000000000000000e+03 5.385000000000000000e+03
1.213000000000000000e+03 5.318000000000000000e+03
1.188000000000000000e+03 5.298000000000000000e+03
5.898000000000000000e+03 4.463000000000000000e+03
6.154000000000000000e+03 4.691000000000000000e+03
6.449000000000000000e+03 4.773000000000000000e+03
5.722000000000000000e+03 4.595000000000000000e+03
5.688000000000000000e+03 4.652000000000000000e+03
5.838000000000000000e+03 4.764000000000000000e+03
5.710000000000000000e+03 4.749000000000000000e+03
6.113000000000000000e+03 4.484000000000000000e+03
6.177000000000000000e+03 4.415000000000000000e+03
6.108000000000000000e+03 4.393000000000000000e+03
6.010000000000000000e+03 4.389000000000000000e+03
6.233000000000000000e+03 4.665000000000000000e+03
6.134000000000000000e+03 4.634000000000000000e+03
6.290000000000000000e+03 4.732000000000000000e+03
6.228000000000000000e+03 4.687000000000000000e+03
6.215000000000000000e+03 4.819000000000000000e+03
6.274000000000000000e+03 4.832000000000000000e+03
6.196000000000000000e+03 4.854000000000000000e+03
6.053000000000000000e+03 4.981000000000000000e+03
6.201000000000000000e+03 4.957000000000000000e+03
6.113000000000000000e+03 4.913000000000000000e+03
6.347000000000000000e+03 4.940000000000000000e+03
6.290000000000000000e+03 4.944000000000000000e+03
5.892000000000000000e+03 4.880000000000000000e+03
5.860000000000000000e+03 4.875000000000000000e+03
5.753000000000000000e+03 4.877000000000000000e+03
5.907000000000000000e+03 4.851000000000000000e+03
5.584000000000000000e+03 4.822000000000000000e+03
5.688000000000000000e+03 4.777000000000000000e+03
5.661000000000000000e+03 4.945000000000000000e+03
5.651000000000000000e+03 4.892000000000000000e+03
6.168000000000000000e+03 5.122000000000000000e+03
6.106000000000000000e+03 5.285000000000000000e+03
6.163000000000000000e+03 5.303000000000000000e+03
6.242000000000000000e+03 5.249000000000000000e+03
6.340000000000000000e+03 5.127000000000000000e+03
6.339000000000000000e+03 5.046000000000000000e+03
6.441000000000000000e+03 4.954000000000000000e+03
6.496000000000000000e+03 5.129000000000000000e+03
6.472000000000000000e+03 5.039000000000000000e+03
6.494000000000000000e+03 5.194000000000000000e+03
6.439000000000000000e+03 5.136000000000000000e+03
6.110000000000000000e+03 5.225000000000000000e+03
6.234000000000000000e+03 5.179000000000000000e+03
6.301000000000000000e+03 5.231000000000000000e+03
6.402000000000000000e+03 5.237000000000000000e+03
5.958000000000000000e+03 4.978000000000000000e+03
6.005000000000000000e+03 4.969000000000000000e+03
5.721000000000000000e+03 5.001000000000000000e+03
5.743000000000000000e+03 5.018000000000000000e+03
5.662000000000000000e+03 5.173000000000000000e+03
5.565000000000000000e+03 5.174000000000000000e+03
5.682000000000000000e+03 5.101000000000000000e+03
5.565000000000000000e+03 5.139000000000000000e+03
5.724000000000000000e+03 5.183000000000000000e+03
5.913000000000000000e+03 5.089000000000000000e+03
5.750000000000000000e+03 5.221000000000000000e+03
5.843000000000000000e+03 5.174000000000000000e+03
6.080000000000000000e+03 5.034000000000000000e+03
6.186000000000000000e+03 5.043000000000000000e+03
5.980000000000000000e+03 5.072000000000000000e+03
6.046000000000000000e+03 5.125000000000000000e+03
5.864000000000000000e+03 5.174000000000000000e+03
5.334000000000000000e+03 5.549000000000000000e+03
6.054000000000000000e+03 5.547000000000000000e+03
5.122000000000000000e+03 5.299000000000000000e+03
5.061000000000000000e+03 5.503000000000000000e+03
5.119000000000000000e+03 5.636000000000000000e+03
5.055000000000000000e+03 5.709000000000000000e+03
4.971000000000000000e+03 5.518000000000000000e+03
4.891000000000000000e+03 5.384000000000000000e+03
4.941000000000000000e+03 5.683000000000000000e+03
5.006000000000000000e+03 5.669000000000000000e+03
4.797000000000000000e+03 5.866000000000000000e+03
4.791000000000000000e+03 5.872000000000000000e+03
4.889000000000000000e+03 5.767000000000000000e+03
4.818000000000000000e+03 5.741000000000000000e+03
5.332000000000000000e+03 5.905000000000000000e+03
4.981000000000000000e+03 5.814000000000000000e+03
5.451000000000000000e+03 5.887000000000000000e+03
5.222000000000000000e+03 5.767000000000000000e+03
5.058000000000000000e+03 6.013000000000000000e+03
4.878000000000000000e+03 5.951000000000000000e+03
4.794000000000000000e+03 6.050000000000000000e+03
4.757000000000000000e+03 6.095000000000000000e+03
6.025000000000000000e+03 4.684000000000000000e+03
5.944000000000000000e+03 4.595000000000000000e+03
5.849000000000000000e+03 5.255000000000000000e+03
6.040000000000000000e+03 4.813000000000000000e+03
5.864000000000000000e+03 4.661000000000000000e+03
5.890000000000000000e+03 4.769000000000000000e+03
5.779000000000000000e+03 4.908000000000000000e+03
5.896000000000000000e+03 4.504000000000000000e+03
5.372000000000000000e+03 5.537000000000000000e+03
5.447000000000000000e+03 5.171000000000000000e+03
5.315000000000000000e+03 5.404000000000000000e+03
5.461000000000000000e+03 5.391000000000000000e+03
5.386000000000000000e+03 5.724000000000000000e+03
5.383000000000000000e+03 5.466000000000000000e+03
5.370000000000000000e+03 5.681000000000000000e+03
5.301000000000000000e+03 5.963000000000000000e+03
5.051000000000000000e+03 5.990000000000000000e+03
5.148000000000000000e+03 5.911000000000000000e+03
5.055000000000000000e+03 6.043000000000000000e+03
5.067000000000000000e+03 5.872000000000000000e+03
5.190000000000000000e+03 5.814000000000000000e+03
5.186000000000000000e+03 5.889000000000000000e+03
5.181000000000000000e+03 6.008000000000000000e+03
5.245000000000000000e+03 5.859000000000000000e+03
5.232000000000000000e+03 6.269000000000000000e+03
5.305000000000000000e+03 6.291000000000000000e+03
5.367000000000000000e+03 6.264000000000000000e+03
5.435000000000000000e+03 6.332000000000000000e+03
5.120000000000000000e+03 6.298000000000000000e+03
5.109000000000000000e+03 6.266000000000000000e+03
5.018000000000000000e+03 6.220000000000000000e+03
5.009000000000000000e+03 6.219000000000000000e+03
4.990000000000000000e+03 6.145000000000000000e+03
5.135000000000000000e+03 6.354000000000000000e+03
5.175000000000000000e+03 6.054000000000000000e+03
5.068000000000000000e+03 6.115000000000000000e+03
5.246000000000000000e+03 6.114000000000000000e+03
5.223000000000000000e+03 6.109000000000000000e+03
5.278000000000000000e+03 6.191000000000000000e+03
5.328000000000000000e+03 6.392000000000000000e+03
5.168000000000000000e+03 5.400000000000000000e+03
2.207000000000000000e+03 5.474000000000000000e+03
3.963000000000000000e+03 5.402000000000000000e+03
6.625000000000000000e+03 5.258000000000000000e+03
6.539000000000000000e+03 5.269000000000000000e+03
5.700000000000000000e+03 5.372000000000000000e+03
5.607000000000000000e+03 5.384000000000000000e+03
6.272000000000000000e+03 5.368000000000000000e+03
5.885000000000000000e+03 5.258000000000000000e+03
6.713000000000000000e+03 5.280000000000000000e+03
6.818000000000000000e+03 5.247000000000000000e+03
7.016000000000000000e+03 5.253000000000000000e+03
6.899000000000000000e+03 5.247000000000000000e+03
7.060000000000000000e+03 5.296000000000000000e+03
7.012000000000000000e+03 5.264000000000000000e+03
7.191000000000000000e+03 5.391000000000000000e+03
7.108000000000000000e+03 5.368000000000000000e+03
7.229000000000000000e+03 5.304000000000000000e+03
7.318000000000000000e+03 5.343000000000000000e+03
7.019000000000000000e+03 5.379000000000000000e+03
6.862000000000000000e+03 5.350000000000000000e+03
6.526000000000000000e+03 5.402000000000000000e+03
6.742000000000000000e+03 5.365000000000000000e+03
1.889000000000000000e+03 5.414000000000000000e+03
1.836000000000000000e+03 5.407000000000000000e+03
1.677000000000000000e+03 5.412000000000000000e+03
1.835000000000000000e+03 5.475000000000000000e+03
5.189000000000000000e+03 5.362000000000000000e+03
5.203000000000000000e+03 5.389000000000000000e+03
1.965000000000000000e+03 5.480000000000000000e+03
2.102000000000000000e+03 5.459000000000000000e+03
6.670000000000000000e+03 5.374000000000000000e+03
6.611000000000000000e+03 5.431000000000000000e+03
6.012000000000000000e+03 5.345000000000000000e+03
6.056000000000000000e+03 5.466000000000000000e+03
5.601000000000000000e+03 5.441000000000000000e+03
6.533000000000000000e+03 5.520000000000000000e+03
6.045000000000000000e+03 5.401000000000000000e+03
7.111000000000000000e+03 5.475000000000000000e+03
7.174000000000000000e+03 5.516000000000000000e+03
6.963000000000000000e+03 5.478000000000000000e+03
6.946000000000000000e+03 5.468000000000000000e+03
5.972000000000000000e+03 5.466000000000000000e+03
6.500000000000000000e+03 5.450000000000000000e+03
6.826000000000000000e+03 5.448000000000000000e+03
6.780000000000000000e+03 5.499000000000000000e+03
7.120000000000000000e+03 5.588000000000000000e+03
7.153000000000000000e+03 5.553000000000000000e+03
6.956000000000000000e+03 5.566000000000000000e+03
6.910000000000000000e+03 5.592000000000000000e+03
6.678000000000000000e+03 5.566000000000000000e+03
6.302000000000000000e+03 5.488000000000000000e+03
6.318000000000000000e+03 5.482000000000000000e+03
6.782000000000000000e+03 5.574000000000000000e+03
3.132000000000000000e+03 5.266000000000000000e+03
1.382000000000000000e+03 5.210000000000000000e+03
1.305000000000000000e+03 5.149000000000000000e+03
1.227000000000000000e+03 5.204000000000000000e+03
2.274000000000000000e+03 5.361000000000000000e+03
1.384000000000000000e+03 5.310000000000000000e+03
2.576000000000000000e+03 5.272000000000000000e+03
1.424000000000000000e+03 5.261000000000000000e+03
6.038000000000000000e+03 5.143000000000000000e+03
6.859000000000000000e+03 4.688000000000000000e+03
6.769000000000000000e+03 4.694000000000000000e+03
7.159000000000000000e+03 5.137000000000000000e+03
6.534000000000000000e+03 5.203000000000000000e+03
6.837000000000000000e+03 5.217000000000000000e+03
6.449000000000000000e+03 5.162000000000000000e+03
7.164000000000000000e+03 4.746000000000000000e+03
7.175000000000000000e+03 4.839000000000000000e+03
7.260000000000000000e+03 4.794000000000000000e+03
7.224000000000000000e+03 4.854000000000000000e+03
6.922000000000000000e+03 4.711000000000000000e+03
7.040000000000000000e+03 4.724000000000000000e+03
7.015000000000000000e+03 4.703000000000000000e+03
7.120000000000000000e+03 4.786000000000000000e+03
7.207000000000000000e+03 5.226000000000000000e+03
7.278000000000000000e+03 5.181000000000000000e+03
6.725000000000000000e+03 5.044000000000000000e+03
7.367000000000000000e+03 5.217000000000000000e+03
7.430000000000000000e+03 5.180000000000000000e+03
7.295000000000000000e+03 5.158000000000000000e+03
7.432000000000000000e+03 5.098000000000000000e+03
7.391000000000000000e+03 5.071000000000000000e+03
7.415000000000000000e+03 4.972000000000000000e+03
7.392000000000000000e+03 4.912000000000000000e+03
7.323000000000000000e+03 4.962000000000000000e+03
7.311000000000000000e+03 4.968000000000000000e+03
7.161000000000000000e+03 4.907000000000000000e+03
7.082000000000000000e+03 4.961000000000000000e+03
7.246000000000000000e+03 5.013000000000000000e+03
7.190000000000000000e+03 4.991000000000000000e+03
6.620000000000000000e+03 5.050000000000000000e+03
6.674000000000000000e+03 5.014000000000000000e+03
6.655000000000000000e+03 4.958000000000000000e+03
6.760000000000000000e+03 4.945000000000000000e+03
6.856000000000000000e+03 4.961000000000000000e+03
6.810000000000000000e+03 4.917000000000000000e+03
6.918000000000000000e+03 4.905000000000000000e+03
6.972000000000000000e+03 4.942000000000000000e+03
6.749000000000000000e+03 4.782000000000000000e+03
6.725000000000000000e+03 4.973000000000000000e+03
6.282000000000000000e+03 4.877000000000000000e+03
6.640000000000000000e+03 4.813000000000000000e+03
6.966000000000000000e+03 4.839000000000000000e+03
6.979000000000000000e+03 4.821000000000000000e+03
6.800000000000000000e+03 4.802000000000000000e+03
6.855000000000000000e+03 4.769000000000000000e+03
7.051000000000000000e+03 5.078000000000000000e+03
7.100000000000000000e+03 5.079000000000000000e+03
6.940000000000000000e+03 5.078000000000000000e+03
6.942000000000000000e+03 5.106000000000000000e+03
6.839000000000000000e+03 5.134000000000000000e+03
6.791000000000000000e+03 5.102000000000000000e+03
6.298000000000000000e+03 5.243000000000000000e+03
5.991000000000000000e+03 5.348000000000000000e+03
6.699000000000000000e+03 5.119000000000000000e+03
6.743000000000000000e+03 5.128000000000000000e+03
6.413000000000000000e+03 5.215000000000000000e+03
6.526000000000000000e+03 5.173000000000000000e+03
6.610000000000000000e+03 4.872000000000000000e+03
6.227000000000000000e+03 4.906000000000000000e+03
6.325000000000000000e+03 4.952000000000000000e+03
6.053000000000000000e+03 5.016000000000000000e+03
5.668000000000000000e+03 2.471000000000000000e+03
2.467000000000000000e+03 9.410000000000000000e+02
2.661000000000000000e+03 1.148000000000000000e+03
5.163000000000000000e+03 2.646000000000000000e+03
5.319000000000000000e+03 2.646000000000000000e+03
5.127000000000000000e+03 2.604000000000000000e+03
5.032000000000000000e+03 2.626000000000000000e+03
5.012000000000000000e+03 2.499000000000000000e+03
5.115000000000000000e+03 2.481000000000000000e+03
5.137000000000000000e+03 2.582000000000000000e+03
5.182000000000000000e+03 2.555000000000000000e+03
5.281000000000000000e+03 2.551000000000000000e+03
5.219000000000000000e+03 2.474000000000000000e+03
5.245000000000000000e+03 2.446000000000000000e+03
5.188000000000000000e+03 2.377000000000000000e+03
2.387000000000000000e+03 1.249000000000000000e+03
2.675000000000000000e+03 1.365000000000000000e+03
2.726000000000000000e+03 1.435000000000000000e+03
2.347000000000000000e+03 1.162000000000000000e+03
2.337000000000000000e+03 8.900000000000000000e+02
2.374000000000000000e+03 1.017000000000000000e+03
2.384000000000000000e+03 1.111000000000000000e+03
2.365000000000000000e+03 9.680000000000000000e+02
2.394000000000000000e+03 8.020000000000000000e+02
2.468000000000000000e+03 8.610000000000000000e+02
2.460000000000000000e+03 7.680000000000000000e+02
2.409000000000000000e+03 7.230000000000000000e+02
2.372000000000000000e+03 7.140000000000000000e+02
2.339000000000000000e+03 6.850000000000000000e+02
2.310000000000000000e+03 7.970000000000000000e+02
2.245000000000000000e+03 7.810000000000000000e+02
6.071000000000000000e+03 2.753000000000000000e+03
5.853000000000000000e+03 2.712000000000000000e+03
5.908000000000000000e+03 2.696000000000000000e+03
6.134000000000000000e+03 2.826000000000000000e+03
6.139000000000000000e+03 2.834000000000000000e+03
6.194000000000000000e+03 2.765000000000000000e+03
6.172000000000000000e+03 2.786000000000000000e+03
5.836000000000000000e+03 2.810000000000000000e+03
5.865000000000000000e+03 2.794000000000000000e+03
5.778000000000000000e+03 2.852000000000000000e+03
5.859000000000000000e+03 2.882000000000000000e+03
5.721000000000000000e+03 2.753000000000000000e+03
5.742000000000000000e+03 2.671000000000000000e+03
5.483000000000000000e+03 2.619000000000000000e+03
5.506000000000000000e+03 2.703000000000000000e+03
5.697000000000000000e+03 2.995000000000000000e+03
5.614000000000000000e+03 3.000000000000000000e+03
5.806000000000000000e+03 3.049000000000000000e+03
5.911000000000000000e+03 3.003000000000000000e+03
5.686000000000000000e+03 2.820000000000000000e+03
5.534000000000000000e+03 2.715000000000000000e+03
5.579000000000000000e+03 2.893000000000000000e+03
5.552000000000000000e+03 2.905000000000000000e+03
5.949000000000000000e+03 3.024000000000000000e+03
6.001000000000000000e+03 3.027000000000000000e+03
6.073000000000000000e+03 3.003000000000000000e+03
6.107000000000000000e+03 2.912000000000000000e+03
6.003000000000000000e+03 2.767000000000000000e+03
6.030000000000000000e+03 2.717000000000000000e+03
5.986000000000000000e+03 2.861000000000000000e+03
5.940000000000000000e+03 2.908000000000000000e+03
3.877000000000000000e+03 1.797000000000000000e+03
3.600000000000000000e+03 2.168000000000000000e+03
2.567000000000000000e+03 2.083000000000000000e+03
2.450000000000000000e+03 1.860000000000000000e+03
2.411000000000000000e+03 1.848000000000000000e+03
2.393000000000000000e+03 1.906000000000000000e+03
2.413000000000000000e+03 2.056000000000000000e+03
4.004000000000000000e+03 1.989000000000000000e+03
4.249000000000000000e+03 2.095000000000000000e+03
2.339000000000000000e+03 1.560000000000000000e+03
2.385000000000000000e+03 1.477000000000000000e+03
2.370000000000000000e+03 1.565000000000000000e+03
2.374000000000000000e+03 1.646000000000000000e+03
4.363000000000000000e+03 2.357000000000000000e+03
3.939000000000000000e+03 2.158000000000000000e+03
3.345000000000000000e+03 1.876000000000000000e+03
4.830000000000000000e+03 1.936000000000000000e+03
4.289000000000000000e+03 1.998000000000000000e+03
3.798000000000000000e+03 1.884000000000000000e+03
6.439000000000000000e+03 2.478000000000000000e+03
6.501000000000000000e+03 2.688000000000000000e+03
3.186000000000000000e+03 1.974000000000000000e+03
3.052000000000000000e+03 1.812000000000000000e+03
2.487000000000000000e+03 1.710000000000000000e+03
5.901000000000000000e+03 2.776000000000000000e+03
2.263000000000000000e+03 1.482000000000000000e+03
2.365000000000000000e+03 1.502000000000000000e+03
2.472000000000000000e+03 1.538000000000000000e+03
2.549000000000000000e+03 1.434000000000000000e+03
4.140000000000000000e+03 2.293000000000000000e+03
4.790000000000000000e+03 2.260000000000000000e+03
2.270000000000000000e+03 6.280000000000000000e+02
2.255000000000000000e+03 6.060000000000000000e+02
2.688000000000000000e+03 7.830000000000000000e+02
2.310000000000000000e+03 5.400000000000000000e+02
2.052000000000000000e+03 6.420000000000000000e+02
2.073000000000000000e+03 6.290000000000000000e+02
1.957000000000000000e+03 6.450000000000000000e+02
3.303000000000000000e+03 1.566000000000000000e+03
2.272000000000000000e+03 4.640000000000000000e+02
2.198000000000000000e+03 4.530000000000000000e+02
2.123000000000000000e+03 4.130000000000000000e+02
1.987000000000000000e+03 4.590000000000000000e+02
1.760000000000000000e+03 4.630000000000000000e+02
2.717000000000000000e+03 1.254000000000000000e+03
1.918000000000000000e+03 6.580000000000000000e+02
2.488000000000000000e+03 9.170000000000000000e+02
2.091000000000000000e+03 1.330000000000000000e+03
3.359000000000000000e+03 1.781000000000000000e+03
2.814000000000000000e+03 1.558000000000000000e+03
2.454000000000000000e+03 1.381000000000000000e+03
2.264000000000000000e+03 9.920000000000000000e+02
2.224000000000000000e+03 9.930000000000000000e+02
2.223000000000000000e+03 1.134000000000000000e+03
2.207000000000000000e+03 1.172000000000000000e+03
2.086000000000000000e+03 9.420000000000000000e+02
2.131000000000000000e+03 9.270000000000000000e+02
2.118000000000000000e+03 7.800000000000000000e+02
2.099000000000000000e+03 7.550000000000000000e+02
2.079000000000000000e+03 1.041000000000000000e+03
2.071000000000000000e+03 1.169000000000000000e+03
2.045000000000000000e+03 1.220000000000000000e+03
3.202000000000000000e+03 1.849000000000000000e+03
6.406000000000000000e+03 2.925000000000000000e+03
6.433000000000000000e+03 3.026000000000000000e+03
6.393000000000000000e+03 3.066000000000000000e+03
6.863000000000000000e+03 3.277000000000000000e+03
6.850000000000000000e+03 3.348000000000000000e+03
6.639000000000000000e+03 3.336000000000000000e+03
6.620000000000000000e+03 3.316000000000000000e+03
6.515000000000000000e+03 3.053000000000000000e+03
6.699000000000000000e+03 3.123000000000000000e+03
6.553000000000000000e+03 2.963000000000000000e+03
6.442000000000000000e+03 2.914000000000000000e+03
6.975000000000000000e+03 3.164000000000000000e+03
6.940000000000000000e+03 3.082000000000000000e+03
6.695000000000000000e+03 3.033000000000000000e+03
6.836000000000000000e+03 3.156000000000000000e+03
6.591000000000000000e+03 2.878000000000000000e+03
6.502000000000000000e+03 2.795000000000000000e+03
6.758000000000000000e+03 2.954000000000000000e+03
6.724000000000000000e+03 2.840000000000000000e+03
6.970000000000000000e+03 3.008000000000000000e+03
6.878000000000000000e+03 2.961000000000000000e+03
6.743000000000000000e+03 3.015000000000000000e+03
6.808000000000000000e+03 2.998000000000000000e+03
6.943000000000000000e+03 3.276000000000000000e+03
6.979000000000000000e+03 3.177000000000000000e+03
6.873000000000000000e+03 3.208000000000000000e+03
6.783000000000000000e+03 3.219000000000000000e+03
6.621000000000000000e+03 3.158000000000000000e+03
6.727000000000000000e+03 3.243000000000000000e+03
6.519000000000000000e+03 3.042000000000000000e+03
6.391000000000000000e+03 2.798000000000000000e+03
5.926000000000000000e+03 2.734000000000000000e+03
5.371000000000000000e+03 2.741000000000000000e+03
5.194000000000000000e+03 2.718000000000000000e+03
6.314000000000000000e+03 2.897000000000000000e+03
6.245000000000000000e+03 2.885000000000000000e+03
6.068000000000000000e+03 2.750000000000000000e+03
6.317000000000000000e+03 2.818000000000000000e+03
5.366000000000000000e+03 2.727000000000000000e+03
5.129000000000000000e+03 2.769000000000000000e+03
5.161000000000000000e+03 2.848000000000000000e+03
5.178000000000000000e+03 2.826000000000000000e+03
5.076000000000000000e+03 2.742000000000000000e+03
5.263000000000000000e+03 2.819000000000000000e+03
5.320000000000000000e+03 2.866000000000000000e+03
5.469000000000000000e+03 2.883000000000000000e+03
6.737000000000000000e+03 2.767000000000000000e+03
6.560000000000000000e+03 2.708000000000000000e+03
6.489000000000000000e+03 2.787000000000000000e+03
6.615000000000000000e+03 2.839000000000000000e+03
6.832000000000000000e+03 2.760000000000000000e+03
6.879000000000000000e+03 2.784000000000000000e+03
7.034000000000000000e+03 2.674000000000000000e+03
7.013000000000000000e+03 2.734000000000000000e+03
6.782000000000000000e+03 2.702000000000000000e+03
6.758000000000000000e+03 2.766000000000000000e+03
6.697000000000000000e+03 2.687000000000000000e+03
6.817000000000000000e+03 2.657000000000000000e+03
7.010000000000000000e+03 2.929000000000000000e+03
6.925000000000000000e+03 2.835000000000000000e+03
7.014000000000000000e+03 2.861000000000000000e+03
7.069000000000000000e+03 2.933000000000000000e+03
5.680000000000000000e+03 3.157000000000000000e+03
5.494000000000000000e+03 3.170000000000000000e+03
5.423000000000000000e+03 3.210000000000000000e+03
5.620000000000000000e+03 3.226000000000000000e+03
5.640000000000000000e+03 3.160000000000000000e+03
5.788000000000000000e+03 3.150000000000000000e+03
5.715000000000000000e+03 3.108000000000000000e+03
5.691000000000000000e+03 3.262000000000000000e+03
5.688000000000000000e+03 3.366000000000000000e+03
5.759000000000000000e+03 3.344000000000000000e+03
5.783000000000000000e+03 3.355000000000000000e+03
5.896000000000000000e+03 3.140000000000000000e+03
5.811000000000000000e+03 3.196000000000000000e+03
5.711000000000000000e+03 3.248000000000000000e+03
5.530000000000000000e+03 3.211000000000000000e+03
6.204000000000000000e+03 3.333000000000000000e+03
6.184000000000000000e+03 3.368000000000000000e+03
6.489000000000000000e+03 3.343000000000000000e+03
6.361000000000000000e+03 3.284000000000000000e+03
5.938000000000000000e+03 3.329000000000000000e+03
6.003000000000000000e+03 3.338000000000000000e+03
6.021000000000000000e+03 3.287000000000000000e+03
5.992000000000000000e+03 3.218000000000000000e+03
6.383000000000000000e+03 3.405000000000000000e+03
6.289000000000000000e+03 3.403000000000000000e+03
6.164000000000000000e+03 3.415000000000000000e+03
6.132000000000000000e+03 3.447000000000000000e+03
6.050000000000000000e+03 3.382000000000000000e+03
6.113000000000000000e+03 3.292000000000000000e+03
6.149000000000000000e+03 3.247000000000000000e+03
6.013000000000000000e+03 3.226000000000000000e+03
6.399000000000000000e+03 3.215000000000000000e+03
6.485000000000000000e+03 3.185000000000000000e+03
6.331000000000000000e+03 3.168000000000000000e+03
6.351000000000000000e+03 3.206000000000000000e+03
6.221000000000000000e+03 3.048000000000000000e+03
6.231000000000000000e+03 3.142000000000000000e+03
6.186000000000000000e+03 3.115000000000000000e+03
6.280000000000000000e+03 3.126000000000000000e+03
5.332000000000000000e+03 3.099000000000000000e+03
5.350000000000000000e+03 3.107000000000000000e+03
5.470000000000000000e+03 3.074000000000000000e+03
5.506000000000000000e+03 2.949000000000000000e+03
5.544000000000000000e+03 2.988000000000000000e+03
5.467000000000000000e+03 3.052000000000000000e+03
5.679000000000000000e+03 3.048000000000000000e+03
5.926000000000000000e+03 3.081000000000000000e+03
4.980000000000000000e+03 2.648000000000000000e+03
5.262000000000000000e+03 3.022000000000000000e+03
5.126000000000000000e+03 2.700000000000000000e+03
4.877000000000000000e+03 2.686000000000000000e+03
5.192000000000000000e+03 3.018000000000000000e+03
5.181000000000000000e+03 2.970000000000000000e+03
5.354000000000000000e+03 2.963000000000000000e+03
5.240000000000000000e+03 2.929000000000000000e+03
5.136000000000000000e+03 2.864000000000000000e+03
5.068000000000000000e+03 2.873000000000000000e+03
5.086000000000000000e+03 2.836000000000000000e+03
4.923000000000000000e+03 2.917000000000000000e+03
4.886000000000000000e+03 2.780000000000000000e+03
4.895000000000000000e+03 2.876000000000000000e+03
4.784000000000000000e+03 2.864000000000000000e+03
4.759000000000000000e+03 2.779000000000000000e+03
5.055000000000000000e+03 3.189000000000000000e+03
4.689000000000000000e+03 3.365000000000000000e+03
4.603000000000000000e+03 3.361000000000000000e+03
4.953000000000000000e+03 3.507000000000000000e+03
4.981000000000000000e+03 3.465000000000000000e+03
4.821000000000000000e+03 3.436000000000000000e+03
4.772000000000000000e+03 3.427000000000000000e+03
5.250000000000000000e+03 3.459000000000000000e+03
5.272000000000000000e+03 3.513000000000000000e+03
5.385000000000000000e+03 3.497000000000000000e+03
5.445000000000000000e+03 3.494000000000000000e+03
5.179000000000000000e+03 4.223000000000000000e+03
4.836000000000000000e+03 4.148000000000000000e+03
5.187000000000000000e+03 3.471000000000000000e+03
5.085000000000000000e+03 3.500000000000000000e+03
5.120000000000000000e+03 3.574000000000000000e+03
5.081000000000000000e+03 3.581000000000000000e+03
4.813000000000000000e+03 3.584000000000000000e+03
4.845000000000000000e+03 3.597000000000000000e+03
4.786000000000000000e+03 3.555000000000000000e+03
4.877000000000000000e+03 3.972000000000000000e+03
4.719000000000000000e+03 3.493000000000000000e+03
4.696000000000000000e+03 3.520000000000000000e+03
4.818000000000000000e+03 3.318000000000000000e+03
4.851000000000000000e+03 3.281000000000000000e+03
4.931000000000000000e+03 3.386000000000000000e+03
4.822000000000000000e+03 3.390000000000000000e+03
5.025000000000000000e+03 3.402000000000000000e+03
5.043000000000000000e+03 3.361000000000000000e+03
5.364000000000000000e+03 3.378000000000000000e+03
5.325000000000000000e+03 3.350000000000000000e+03
4.878000000000000000e+03 3.132000000000000000e+03
4.684000000000000000e+03 3.891000000000000000e+03
4.617000000000000000e+03 3.873000000000000000e+03
4.877000000000000000e+03 2.996000000000000000e+03
4.969000000000000000e+03 3.097000000000000000e+03
4.805000000000000000e+03 3.025000000000000000e+03
4.706000000000000000e+03 2.999000000000000000e+03
4.933000000000000000e+03 3.722000000000000000e+03
5.126000000000000000e+03 3.141000000000000000e+03
5.075000000000000000e+03 3.148000000000000000e+03
5.100000000000000000e+03 3.112000000000000000e+03
5.204000000000000000e+03 3.578000000000000000e+03
5.229000000000000000e+03 3.157000000000000000e+03
5.224000000000000000e+03 3.238000000000000000e+03
5.351000000000000000e+03 3.256000000000000000e+03
4.865000000000000000e+03 3.220000000000000000e+03
4.853000000000000000e+03 3.184000000000000000e+03
4.919000000000000000e+03 3.189000000000000000e+03
4.785000000000000000e+03 4.113000000000000000e+03
4.972000000000000000e+03 3.274000000000000000e+03
5.039000000000000000e+03 3.220000000000000000e+03
5.137000000000000000e+03 3.295000000000000000e+03
5.186000000000000000e+03 3.261000000000000000e+03
4.837000000000000000e+03 3.610000000000000000e+03
4.801000000000000000e+03 3.554000000000000000e+03
4.846000000000000000e+03 3.823000000000000000e+03
4.829000000000000000e+03 3.037000000000000000e+03
4.807000000000000000e+03 3.117000000000000000e+03
4.875000000000000000e+03 3.118000000000000000e+03
4.652000000000000000e+03 3.653000000000000000e+03
4.712000000000000000e+03 3.653000000000000000e+03
4.905000000000000000e+03 3.861000000000000000e+03
4.737000000000000000e+03 3.881000000000000000e+03
4.776000000000000000e+03 3.882000000000000000e+03
4.799000000000000000e+03 3.870000000000000000e+03
4.787000000000000000e+03 3.899000000000000000e+03
4.791000000000000000e+03 3.821000000000000000e+03
4.906000000000000000e+03 3.781000000000000000e+03
5.080000000000000000e+03 3.799000000000000000e+03
5.066000000000000000e+03 3.859000000000000000e+03
5.177000000000000000e+03 3.741000000000000000e+03
5.002000000000000000e+03 3.826000000000000000e+03
4.741000000000000000e+03 4.544000000000000000e+03
4.932000000000000000e+03 3.820000000000000000e+03
4.909000000000000000e+03 3.762000000000000000e+03
4.997000000000000000e+03 3.895000000000000000e+03
4.821000000000000000e+03 3.663000000000000000e+03
4.825000000000000000e+03 3.640000000000000000e+03
4.776000000000000000e+03 3.759000000000000000e+03
4.681000000000000000e+03 3.756000000000000000e+03
4.977000000000000000e+03 3.964000000000000000e+03
5.124000000000000000e+03 3.926000000000000000e+03
5.011000000000000000e+03 3.788000000000000000e+03
4.236000000000000000e+03 4.964000000000000000e+03
5.129000000000000000e+03 3.668000000000000000e+03
5.158000000000000000e+03 3.674000000000000000e+03
4.855000000000000000e+03 3.708000000000000000e+03
5.061000000000000000e+03 3.648000000000000000e+03
5.420000000000000000e+03 3.604000000000000000e+03
5.423000000000000000e+03 3.619000000000000000e+03
5.291000000000000000e+03 3.593000000000000000e+03
5.295000000000000000e+03 3.665000000000000000e+03
5.313000000000000000e+03 3.809000000000000000e+03
5.262000000000000000e+03 3.854000000000000000e+03
5.360000000000000000e+03 3.738000000000000000e+03
5.322000000000000000e+03 3.758000000000000000e+03
5.052000000000000000e+03 3.940000000000000000e+03
5.226000000000000000e+03 3.976000000000000000e+03
5.172000000000000000e+03 3.864000000000000000e+03
5.164000000000000000e+03 3.888000000000000000e+03
5.329000000000000000e+03 4.008000000000000000e+03
5.177000000000000000e+03 4.007000000000000000e+03
5.290000000000000000e+03 3.969000000000000000e+03
5.210000000000000000e+03 3.957000000000000000e+03
4.857000000000000000e+03 4.000000000000000000e+03
4.877000000000000000e+03 3.961000000000000000e+03
4.945000000000000000e+03 3.928000000000000000e+03
4.984000000000000000e+03 3.914000000000000000e+03
5.625000000000000000e+03 3.791000000000000000e+03
5.666000000000000000e+03 3.847000000000000000e+03
5.569000000000000000e+03 3.875000000000000000e+03
5.553000000000000000e+03 3.938000000000000000e+03
5.565000000000000000e+03 3.640000000000000000e+03
5.623000000000000000e+03 3.595000000000000000e+03
5.579000000000000000e+03 3.710000000000000000e+03
5.635000000000000000e+03 3.722000000000000000e+03
5.510000000000000000e+03 3.692000000000000000e+03
5.491000000000000000e+03 3.746000000000000000e+03
5.373000000000000000e+03 3.890000000000000000e+03
5.450000000000000000e+03 3.796000000000000000e+03
5.401000000000000000e+03 3.870000000000000000e+03
5.583000000000000000e+03 3.870000000000000000e+03
5.484000000000000000e+03 3.961000000000000000e+03
5.554000000000000000e+03 4.002000000000000000e+03
7.219000000000000000e+03 2.978000000000000000e+03
7.335000000000000000e+03 2.952000000000000000e+03
7.339000000000000000e+03 3.089000000000000000e+03
6.790000000000000000e+03 3.252000000000000000e+03
7.387000000000000000e+03 2.919000000000000000e+03
7.371000000000000000e+03 3.083000000000000000e+03
7.089000000000000000e+03 3.041000000000000000e+03
5.440000000000000000e+03 3.304000000000000000e+03
5.467000000000000000e+03 3.385000000000000000e+03
5.486000000000000000e+03 3.358000000000000000e+03
5.605000000000000000e+03 3.395000000000000000e+03
5.587000000000000000e+03 3.481000000000000000e+03
5.578000000000000000e+03 3.388000000000000000e+03
5.626000000000000000e+03 3.315000000000000000e+03
5.704000000000000000e+03 3.361000000000000000e+03
7.254000000000000000e+03 2.804000000000000000e+03
7.279000000000000000e+03 2.691000000000000000e+03
7.132000000000000000e+03 2.924000000000000000e+03
7.270000000000000000e+03 2.851000000000000000e+03
7.144000000000000000e+03 2.787000000000000000e+03
7.318000000000000000e+03 2.715000000000000000e+03
7.316000000000000000e+03 2.738000000000000000e+03
7.192000000000000000e+03 2.765000000000000000e+03
7.454000000000000000e+03 2.600000000000000000e+03
7.232000000000000000e+03 2.798000000000000000e+03
7.276000000000000000e+03 2.750000000000000000e+03
7.344000000000000000e+03 2.826000000000000000e+03
7.278000000000000000e+03 2.826000000000000000e+03
7.396000000000000000e+03 2.654000000000000000e+03
7.274000000000000000e+03 2.699000000000000000e+03
7.418000000000000000e+03 2.569000000000000000e+03
7.290000000000000000e+03 3.286000000000000000e+03
7.211000000000000000e+03 3.274000000000000000e+03
7.296000000000000000e+03 3.280000000000000000e+03
7.241000000000000000e+03 3.207000000000000000e+03
7.217000000000000000e+03 3.353000000000000000e+03
7.221000000000000000e+03 3.320000000000000000e+03
7.254000000000000000e+03 3.307000000000000000e+03
7.303000000000000000e+03 3.446000000000000000e+03
7.314000000000000000e+03 3.304000000000000000e+03
7.222000000000000000e+03 3.352000000000000000e+03
7.336000000000000000e+03 3.302000000000000000e+03
7.240000000000000000e+03 3.371000000000000000e+03
7.304000000000000000e+03 3.441000000000000000e+03
7.246000000000000000e+03 3.540000000000000000e+03
7.387000000000000000e+03 3.484000000000000000e+03
7.415000000000000000e+03 3.763000000000000000e+03
7.410000000000000000e+03 3.748000000000000000e+03
7.446000000000000000e+03 3.725000000000000000e+03
7.420000000000000000e+03 3.546000000000000000e+03
7.458000000000000000e+03 3.708000000000000000e+03
7.434000000000000000e+03 4.183000000000000000e+03
7.427000000000000000e+03 4.182000000000000000e+03
7.438000000000000000e+03 3.780000000000000000e+03
7.387000000000000000e+03 4.330000000000000000e+03
7.340000000000000000e+03 3.680000000000000000e+03
7.460000000000000000e+03 4.408000000000000000e+03
7.422000000000000000e+03 4.099000000000000000e+03
7.236000000000000000e+03 3.380000000000000000e+03
7.425000000000000000e+03 3.359000000000000000e+03
7.427000000000000000e+03 3.253000000000000000e+03
7.418000000000000000e+03 3.287000000000000000e+03
2.265000000000000000e+03 5.289000000000000000e+03
2.410000000000000000e+03 5.360000000000000000e+03
2.492000000000000000e+03 5.268000000000000000e+03
2.498000000000000000e+03 5.292000000000000000e+03
2.595000000000000000e+03 5.274000000000000000e+03
2.407000000000000000e+03 5.165000000000000000e+03
2.384000000000000000e+03 5.199000000000000000e+03
1.946000000000000000e+03 5.175000000000000000e+03
1.994000000000000000e+03 5.157000000000000000e+03
2.134000000000000000e+03 5.262000000000000000e+03
2.147000000000000000e+03 5.191000000000000000e+03
2.069000000000000000e+03 5.288000000000000000e+03
1.974000000000000000e+03 5.345000000000000000e+03
1.889000000000000000e+03 5.325000000000000000e+03
1.947000000000000000e+03 5.258000000000000000e+03
3.650000000000000000e+03 3.843000000000000000e+03
4.421000000000000000e+03 3.991000000000000000e+03
3.347000000000000000e+03 4.302000000000000000e+03
2.804000000000000000e+03 5.072000000000000000e+03
2.162000000000000000e+03 5.074000000000000000e+03
2.518000000000000000e+03 4.917000000000000000e+03
4.682000000000000000e+03 4.294000000000000000e+03
4.832000000000000000e+03 4.188000000000000000e+03
1.534000000000000000e+03 3.889000000000000000e+03
1.534000000000000000e+03 4.179000000000000000e+03
1.536000000000000000e+03 4.890000000000000000e+03
1.725000000000000000e+03 5.121000000000000000e+03
2.718000000000000000e+03 3.978000000000000000e+03
3.204000000000000000e+03 4.080000000000000000e+03
3.340000000000000000e+03 3.841000000000000000e+03
3.247000000000000000e+03 4.516000000000000000e+03
2.663000000000000000e+03 5.164000000000000000e+03
2.639000000000000000e+03 5.193000000000000000e+03
2.826000000000000000e+03 5.241000000000000000e+03
2.767000000000000000e+03 5.287000000000000000e+03
2.548000000000000000e+03 5.300000000000000000e+03
2.582000000000000000e+03 5.349000000000000000e+03
2.621000000000000000e+03 5.305000000000000000e+03
2.741000000000000000e+03 5.357000000000000000e+03
2.449000000000000000e+03 5.328000000000000000e+03
2.401000000000000000e+03 5.399000000000000000e+03
2.460000000000000000e+03 5.132000000000000000e+03
2.394000000000000000e+03 5.234000000000000000e+03
2.236000000000000000e+03 5.277000000000000000e+03
2.173000000000000000e+03 5.384000000000000000e+03
2.311000000000000000e+03 5.434000000000000000e+03
2.307000000000000000e+03 5.424000000000000000e+03
2.366000000000000000e+03 5.166000000000000000e+03
2.922000000000000000e+03 5.247000000000000000e+03
2.303000000000000000e+03 5.201000000000000000e+03
2.055000000000000000e+03 5.206000000000000000e+03
4.517000000000000000e+03 4.807000000000000000e+03
1.869000000000000000e+03 5.219000000000000000e+03
1.994000000000000000e+03 5.249000000000000000e+03
3.231000000000000000e+03 5.078000000000000000e+03
1.500000000000000000e+03 5.174000000000000000e+03
1.519000000000000000e+03 5.219000000000000000e+03
1.528000000000000000e+03 5.259000000000000000e+03
1.678000000000000000e+03 5.288000000000000000e+03
1.659000000000000000e+03 5.217000000000000000e+03
1.684000000000000000e+03 5.177000000000000000e+03
1.796000000000000000e+03 5.236000000000000000e+03
1.762000000000000000e+03 5.288000000000000000e+03
6.064000000000000000e+03 3.440000000000000000e+03
5.887000000000000000e+03 5.630000000000000000e+03
5.314000000000000000e+03 2.070000000000000000e+03
2.560000000000000000e+02 5.300000000000000000e+02
7.580000000000000000e+02 5.530000000000000000e+03
5.900000000000000000e+02 2.600000000000000000e+03
2.542000000000000000e+03 1.600000000000000000e+02
7.442000000000000000e+03 0.000000000000000000e+00
-1.200000000000000000e+01 0.000000000000000000e+00
-4.000000000000000000e+00 0.000000000000000000e+00
