6.157000000000000000e+03 7.162000000000000000e+03
5.900000000000000000e+03 7.188000000000000000e+03
5.949000000000000000e+03 7.221000000000000000e+03
6.190000000000000000e+03 7.132000000000000000e+03
6.041000000000000000e+03 7.167000000000000000e+03
6.231000000000000000e+03 7.284000000000000000e+03
6.184000000000000000e+03 7.308000000000000000e+03
6.538000000000000000e+03 7.330000000000000000e+03
6.765000000000000000e+03 7.375000000000000000e+03
6.843000000000000000e+03 7.253000000000000000e+03
6.232000000000000000e+03 5.593000000000000000e+03
6.905000000000000000e+03 7.357000000000000000e+03
6.990000000000000000e+03 7.316000000000000000e+03
6.905000000000000000e+03 7.188000000000000000e+03
6.965000000000000000e+03 7.202000000000000000e+03
6.513000000000000000e+03 7.307000000000000000e+03
6.508000000000000000e+03 7.381000000000000000e+03
6.393000000000000000e+03 7.356000000000000000e+03
6.380000000000000000e+03 6.918000000000000000e+03
6.321000000000000000e+03 7.198000000000000000e+03
6.371000000000000000e+03 7.275000000000000000e+03
6.242000000000000000e+03 7.155000000000000000e+03
6.163000000000000000e+03 7.177000000000000000e+03
6.228000000000000000e+03 6.153000000000000000e+03
6.613000000000000000e+03 7.179000000000000000e+03
6.487000000000000000e+03 7.199000000000000000e+03
5.999000000000000000e+03 6.414000000000000000e+03
6.470000000000000000e+03 6.386000000000000000e+03
6.717000000000000000e+03 7.186000000000000000e+03
6.642000000000000000e+03 7.241000000000000000e+03
6.772000000000000000e+03 7.282000000000000000e+03
7.004000000000000000e+03 5.294000000000000000e+03
7.026000000000000000e+03 5.352000000000000000e+03
7.005000000000000000e+03 5.433000000000000000e+03
7.017000000000000000e+03 5.470000000000000000e+03
7.011000000000000000e+03 5.631000000000000000e+03
7.082000000000000000e+03 5.765000000000000000e+03
7.113000000000000000e+03 5.679000000000000000e+03
6.981000000000000000e+03 5.648000000000000000e+03
6.982000000000000000e+03 5.682000000000000000e+03
6.856000000000000000e+03 5.352000000000000000e+03
6.660000000000000000e+03 4.942000000000000000e+03
7.088000000000000000e+03 5.864000000000000000e+03
6.899000000000000000e+03 5.512000000000000000e+03
7.076000000000000000e+03 5.951000000000000000e+03
7.115000000000000000e+03 5.898000000000000000e+03
7.200000000000000000e+03 5.600000000000000000e+03
7.337000000000000000e+03 5.277000000000000000e+03
7.215000000000000000e+03 5.274000000000000000e+03
7.229000000000000000e+03 5.177000000000000000e+03
7.311000000000000000e+03 5.738000000000000000e+03
7.407000000000000000e+03 5.746000000000000000e+03
7.405000000000000000e+03 5.604000000000000000e+03
7.365000000000000000e+03 5.593000000000000000e+03
7.225000000000000000e+03 5.718000000000000000e+03
7.272000000000000000e+03 5.648000000000000000e+03
7.213000000000000000e+03 5.615000000000000000e+03
7.185000000000000000e+03 5.527000000000000000e+03
7.163000000000000000e+03 5.331000000000000000e+03
7.085000000000000000e+03 5.285000000000000000e+03
7.194000000000000000e+03 5.487000000000000000e+03
7.139000000000000000e+03 5.396000000000000000e+03
6.770000000000000000e+03 7.453000000000000000e+03
6.676000000000000000e+03 7.450000000000000000e+03
6.617000000000000000e+03 7.457000000000000000e+03
6.204000000000000000e+03 6.568000000000000000e+03
5.988000000000000000e+03 5.638000000000000000e+03
6.711000000000000000e+03 7.471000000000000000e+03
6.120000000000000000e+03 7.474000000000000000e+03
5.124000000000000000e+03 7.180000000000000000e+03
6.170000000000000000e+03 5.850000000000000000e+03
6.045000000000000000e+03 5.615000000000000000e+03
5.682000000000000000e+03 6.566000000000000000e+03
4.918000000000000000e+03 7.159000000000000000e+03
5.429000000000000000e+03 6.744000000000000000e+03
4.698000000000000000e+03 7.205000000000000000e+03
4.668000000000000000e+03 7.236000000000000000e+03
7.406000000000000000e+03 7.112000000000000000e+03
7.287000000000000000e+03 7.046000000000000000e+03
5.233000000000000000e+03 7.284000000000000000e+03
5.451000000000000000e+03 6.811000000000000000e+03
4.729000000000000000e+03 7.403000000000000000e+03
4.892000000000000000e+03 7.348000000000000000e+03
5.113000000000000000e+03 7.277000000000000000e+03
5.025000000000000000e+03 7.283000000000000000e+03
4.394000000000000000e+03 7.171000000000000000e+03
4.314000000000000000e+03 7.267000000000000000e+03
4.340000000000000000e+03 7.440000000000000000e+03
4.361000000000000000e+03 7.350000000000000000e+03
6.721000000000000000e+03 7.352000000000000000e+03
7.350000000000000000e+03 7.435000000000000000e+03
5.600000000000000000e+03 7.240000000000000000e+03
5.366000000000000000e+03 7.228000000000000000e+03
4.555000000000000000e+03 6.671000000000000000e+03
4.534000000000000000e+03 6.339000000000000000e+03
4.484000000000000000e+03 7.376000000000000000e+03
4.441000000000000000e+03 7.330000000000000000e+03
4.867000000000000000e+03 2.704000000000000000e+03
4.902000000000000000e+03 5.626000000000000000e+03
4.549000000000000000e+03 7.230000000000000000e+03
4.624000000000000000e+03 7.208000000000000000e+03
4.930000000000000000e+03 7.373000000000000000e+03
4.901000000000000000e+03 7.225000000000000000e+03
5.443000000000000000e+03 6.492000000000000000e+03
5.205000000000000000e+03 7.346000000000000000e+03
5.642000000000000000e+03 6.489000000000000000e+03
5.316000000000000000e+03 7.146000000000000000e+03
5.391000000000000000e+03 7.206000000000000000e+03
5.401000000000000000e+03 7.028000000000000000e+03
6.216000000000000000e+03 7.423000000000000000e+03
5.990000000000000000e+03 7.425000000000000000e+03
5.792000000000000000e+03 6.865000000000000000e+03
5.858000000000000000e+03 7.431000000000000000e+03
5.269000000000000000e+03 6.151000000000000000e+03
5.280000000000000000e+03 7.093000000000000000e+03
5.302000000000000000e+03 7.374000000000000000e+03
5.239000000000000000e+03 7.107000000000000000e+03
5.595000000000000000e+03 7.207000000000000000e+03
5.405000000000000000e+03 7.245000000000000000e+03
5.445000000000000000e+03 7.264000000000000000e+03
5.541000000000000000e+03 7.416000000000000000e+03
5.060000000000000000e+03 7.345000000000000000e+03
5.135000000000000000e+03 7.339000000000000000e+03
5.702000000000000000e+03 7.446000000000000000e+03
5.518000000000000000e+03 7.215000000000000000e+03
4.060000000000000000e+03 6.584000000000000000e+03
3.745000000000000000e+03 6.989000000000000000e+03
3.773000000000000000e+03 7.084000000000000000e+03
6.090000000000000000e+03 4.936000000000000000e+03
6.074000000000000000e+03 4.860000000000000000e+03
5.903000000000000000e+03 5.102000000000000000e+03
5.745000000000000000e+03 5.253000000000000000e+03
3.951000000000000000e+03 7.322000000000000000e+03
3.956000000000000000e+03 7.358000000000000000e+03
3.730000000000000000e+03 7.287000000000000000e+03
3.839000000000000000e+03 7.335000000000000000e+03
4.022000000000000000e+03 7.411000000000000000e+03
3.959000000000000000e+03 7.316000000000000000e+03
4.020000000000000000e+03 7.447000000000000000e+03
4.137000000000000000e+03 7.446000000000000000e+03
6.250000000000000000e+03 5.167000000000000000e+03
6.365000000000000000e+03 5.324000000000000000e+03
6.114000000000000000e+03 5.116000000000000000e+03
6.082000000000000000e+03 5.146000000000000000e+03
6.266000000000000000e+03 5.063000000000000000e+03
6.069000000000000000e+03 5.070000000000000000e+03
5.999000000000000000e+03 5.128000000000000000e+03
5.975000000000000000e+03 5.080000000000000000e+03
6.179000000000000000e+03 4.947000000000000000e+03
6.185000000000000000e+03 4.826000000000000000e+03
4.918000000000000000e+03 4.859000000000000000e+03
5.969000000000000000e+03 3.675000000000000000e+03
6.355000000000000000e+03 5.075000000000000000e+03
6.297000000000000000e+03 5.016000000000000000e+03
6.331000000000000000e+03 5.056000000000000000e+03
6.289000000000000000e+03 4.951000000000000000e+03
2.231000000000000000e+03 7.461000000000000000e+03
3.327000000000000000e+03 6.357000000000000000e+03
2.437000000000000000e+03 7.463000000000000000e+03
2.614000000000000000e+03 7.448000000000000000e+03
2.962000000000000000e+03 7.425000000000000000e+03
2.814000000000000000e+03 7.452000000000000000e+03
2.644000000000000000e+03 7.469000000000000000e+03
1.767000000000000000e+03 7.465000000000000000e+03
1.767000000000000000e+03 7.460000000000000000e+03
2.126000000000000000e+03 7.467000000000000000e+03
1.797000000000000000e+03 7.457000000000000000e+03
2.103000000000000000e+03 7.471000000000000000e+03
1.895000000000000000e+03 7.463000000000000000e+03
1.786000000000000000e+03 7.459000000000000000e+03
1.872000000000000000e+03 7.467000000000000000e+03
1.025000000000000000e+03 7.468000000000000000e+03
1.037000000000000000e+03 7.473000000000000000e+03
6.050000000000000000e+02 7.476000000000000000e+03
7.460000000000000000e+02 7.474000000000000000e+03
8.220000000000000000e+02 7.465000000000000000e+03
8.500000000000000000e+02 7.467000000000000000e+03
6.050000000000000000e+02 7.468000000000000000e+03
2.821000000000000000e+03 6.669000000000000000e+03
3.841000000000000000e+03 6.883000000000000000e+03
3.990000000000000000e+03 7.160000000000000000e+03
3.804000000000000000e+03 6.889000000000000000e+03
3.808000000000000000e+03 6.988000000000000000e+03
4.054000000000000000e+03 7.200000000000000000e+03
4.040000000000000000e+03 7.265000000000000000e+03
4.106000000000000000e+03 7.311000000000000000e+03
4.170000000000000000e+03 7.350000000000000000e+03
6.136000000000000000e+03 3.673000000000000000e+03
5.914000000000000000e+03 2.738000000000000000e+03
5.781000000000000000e+03 3.564000000000000000e+03
6.323000000000000000e+03 4.063000000000000000e+03
6.381000000000000000e+03 4.057000000000000000e+03
6.384000000000000000e+03 3.848000000000000000e+03
6.310000000000000000e+03 3.993000000000000000e+03
5.122000000000000000e+03 2.634000000000000000e+03
5.266000000000000000e+03 4.409000000000000000e+03
3.877000000000000000e+03 3.239000000000000000e+03
3.590000000000000000e+03 2.803000000000000000e+03
4.690000000000000000e+03 5.117000000000000000e+03
4.840000000000000000e+03 4.983000000000000000e+03
4.472000000000000000e+03 6.522000000000000000e+03
4.674000000000000000e+03 5.110000000000000000e+03
5.258000000000000000e+03 2.381000000000000000e+03
5.215000000000000000e+03 2.664000000000000000e+03
5.373000000000000000e+03 2.502000000000000000e+03
5.307000000000000000e+03 2.406000000000000000e+03
5.161000000000000000e+03 2.632000000000000000e+03
5.066000000000000000e+03 2.501000000000000000e+03
5.164000000000000000e+03 2.474000000000000000e+03
5.180000000000000000e+03 2.394000000000000000e+03
5.471000000000000000e+03 2.407000000000000000e+03
5.539000000000000000e+03 2.446000000000000000e+03
5.437000000000000000e+03 2.796000000000000000e+03
5.567000000000000000e+03 2.432000000000000000e+03
5.467000000000000000e+03 2.583000000000000000e+03
5.444000000000000000e+03 2.596000000000000000e+03
5.199000000000000000e+03 2.436000000000000000e+03
5.362000000000000000e+03 2.585000000000000000e+03
4.814000000000000000e+03 3.816000000000000000e+03
4.582000000000000000e+03 3.580000000000000000e+03
5.319000000000000000e+03 3.474000000000000000e+03
4.486000000000000000e+03 3.394000000000000000e+03
5.445000000000000000e+03 3.145000000000000000e+03
4.982000000000000000e+03 2.885000000000000000e+03
4.655000000000000000e+03 4.327000000000000000e+03
4.901000000000000000e+03 4.250000000000000000e+03
6.318000000000000000e+03 3.752000000000000000e+03
6.423000000000000000e+03 3.656000000000000000e+03
5.230000000000000000e+03 4.828000000000000000e+03
4.170000000000000000e+03 3.517000000000000000e+03
4.949000000000000000e+03 3.301000000000000000e+03
6.449000000000000000e+03 3.573000000000000000e+03
6.355000000000000000e+03 3.451000000000000000e+03
6.359000000000000000e+03 3.557000000000000000e+03
5.871000000000000000e+03 3.116000000000000000e+03
5.782000000000000000e+03 2.690000000000000000e+03
5.507000000000000000e+03 4.796000000000000000e+03
5.850000000000000000e+03 4.007000000000000000e+03
4.294000000000000000e+03 6.983000000000000000e+03
4.218000000000000000e+03 7.188000000000000000e+03
4.615000000000000000e+03 5.746000000000000000e+03
3.223000000000000000e+03 2.799000000000000000e+03
2.900000000000000000e+03 2.939000000000000000e+03
3.063000000000000000e+03 2.797000000000000000e+03
2.707000000000000000e+03 3.217000000000000000e+03
3.355000000000000000e+03 3.143000000000000000e+03
2.683000000000000000e+03 2.813000000000000000e+03
2.781000000000000000e+03 2.781000000000000000e+03
2.641000000000000000e+03 2.834000000000000000e+03
2.643000000000000000e+03 2.856000000000000000e+03
6.257000000000000000e+03 2.399000000000000000e+03
6.347000000000000000e+03 2.364000000000000000e+03
6.359000000000000000e+03 2.312000000000000000e+03
6.245000000000000000e+03 2.434000000000000000e+03
6.306000000000000000e+03 2.385000000000000000e+03
6.378000000000000000e+03 2.532000000000000000e+03
6.336000000000000000e+03 2.546000000000000000e+03
6.084000000000000000e+03 2.208000000000000000e+03
6.221000000000000000e+03 2.109000000000000000e+03
6.303000000000000000e+03 2.327000000000000000e+03
6.125000000000000000e+03 2.234000000000000000e+03
6.391000000000000000e+03 2.398000000000000000e+03
6.337000000000000000e+03 2.294000000000000000e+03
6.478000000000000000e+03 2.312000000000000000e+03
6.392000000000000000e+03 2.231000000000000000e+03
6.100000000000000000e+03 2.595000000000000000e+03
6.173000000000000000e+03 2.587000000000000000e+03
6.051000000000000000e+03 2.473000000000000000e+03
6.055000000000000000e+03 2.857000000000000000e+03
5.875000000000000000e+03 2.506000000000000000e+03
5.936000000000000000e+03 2.504000000000000000e+03
5.805000000000000000e+03 2.390000000000000000e+03
5.811000000000000000e+03 2.448000000000000000e+03
6.414000000000000000e+03 2.633000000000000000e+03
6.486000000000000000e+03 2.601000000000000000e+03
6.366000000000000000e+03 2.607000000000000000e+03
6.418000000000000000e+03 2.855000000000000000e+03
6.187000000000000000e+03 2.634000000000000000e+03
6.280000000000000000e+03 2.586000000000000000e+03
5.866000000000000000e+03 2.600000000000000000e+03
6.049000000000000000e+03 2.650000000000000000e+03
6.444000000000000000e+03 3.984000000000000000e+03
6.425000000000000000e+03 4.486000000000000000e+03
6.442000000000000000e+03 4.400000000000000000e+03
6.388000000000000000e+03 4.262000000000000000e+03
6.437000000000000000e+03 4.270000000000000000e+03
6.427000000000000000e+03 4.197000000000000000e+03
6.475000000000000000e+03 4.177000000000000000e+03
6.621000000000000000e+03 3.492000000000000000e+03
6.554000000000000000e+03 3.364000000000000000e+03
6.515000000000000000e+03 3.344000000000000000e+03
6.467000000000000000e+03 3.323000000000000000e+03
5.662000000000000000e+03 2.815000000000000000e+03
6.248000000000000000e+03 2.981000000000000000e+03
6.366000000000000000e+03 3.119000000000000000e+03
6.387000000000000000e+03 3.247000000000000000e+03
6.457000000000000000e+03 2.876000000000000000e+03
6.481000000000000000e+03 2.835000000000000000e+03
5.950000000000000000e+03 2.722000000000000000e+03
6.311000000000000000e+03 2.744000000000000000e+03
6.056000000000000000e+03 2.724000000000000000e+03
5.588000000000000000e+03 2.677000000000000000e+03
6.199000000000000000e+03 2.808000000000000000e+03
5.538000000000000000e+03 2.919000000000000000e+03
6.479000000000000000e+03 3.418000000000000000e+03
6.566000000000000000e+03 3.217000000000000000e+03
6.493000000000000000e+03 3.671000000000000000e+03
6.407000000000000000e+03 3.185000000000000000e+03
6.558000000000000000e+03 2.987000000000000000e+03
6.490000000000000000e+03 2.988000000000000000e+03
6.620000000000000000e+03 3.148000000000000000e+03
6.591000000000000000e+03 3.025000000000000000e+03
5.707000000000000000e+03 2.452000000000000000e+03
5.776000000000000000e+03 2.527000000000000000e+03
5.755000000000000000e+03 2.359000000000000000e+03
5.585000000000000000e+03 2.688000000000000000e+03
5.506000000000000000e+03 2.701000000000000000e+03
5.590000000000000000e+03 2.596000000000000000e+03
5.517000000000000000e+03 2.628000000000000000e+03
5.369000000000000000e+03 2.799000000000000000e+03
5.295000000000000000e+03 2.725000000000000000e+03
5.291000000000000000e+03 2.553000000000000000e+03
5.366000000000000000e+03 2.515000000000000000e+03
5.175000000000000000e+03 2.952000000000000000e+03
5.081000000000000000e+03 2.972000000000000000e+03
5.252000000000000000e+03 2.668000000000000000e+03
5.193000000000000000e+03 2.738000000000000000e+03
5.025000000000000000e+03 2.370000000000000000e+03
5.079000000000000000e+03 2.454000000000000000e+03
4.973000000000000000e+03 2.380000000000000000e+03
5.098000000000000000e+03 2.287000000000000000e+03
5.022000000000000000e+03 2.587000000000000000e+03
5.031000000000000000e+03 2.695000000000000000e+03
5.003000000000000000e+03 2.887000000000000000e+03
4.979000000000000000e+03 3.082000000000000000e+03
5.924000000000000000e+03 2.224000000000000000e+03
5.943000000000000000e+03 2.268000000000000000e+03
5.646000000000000000e+03 2.444000000000000000e+03
5.889000000000000000e+03 2.274000000000000000e+03
6.040000000000000000e+03 2.461000000000000000e+03
6.085000000000000000e+03 2.474000000000000000e+03
5.811000000000000000e+03 2.500000000000000000e+03
6.018000000000000000e+03 2.305000000000000000e+03
5.509000000000000000e+03 2.789000000000000000e+03
5.571000000000000000e+03 2.370000000000000000e+03
6.148000000000000000e+03 4.140000000000000000e+03
5.486000000000000000e+03 2.686000000000000000e+03
4.835000000000000000e+03 2.208000000000000000e+03
4.759000000000000000e+03 2.156000000000000000e+03
4.906000000000000000e+03 2.218000000000000000e+03
4.876000000000000000e+03 2.338000000000000000e+03
4.842000000000000000e+03 2.723000000000000000e+03
4.994000000000000000e+03 2.715000000000000000e+03
4.938000000000000000e+03 3.016000000000000000e+03
4.866000000000000000e+03 2.620000000000000000e+03
4.894000000000000000e+03 2.496000000000000000e+03
4.832000000000000000e+03 2.498000000000000000e+03
4.808000000000000000e+03 2.720000000000000000e+03
4.927000000000000000e+03 2.442000000000000000e+03
4.671000000000000000e+03 2.480000000000000000e+03
4.682000000000000000e+03 2.387000000000000000e+03
4.739000000000000000e+03 2.343000000000000000e+03
4.886000000000000000e+03 2.491000000000000000e+03
4.630000000000000000e+03 2.664000000000000000e+03
4.699000000000000000e+03 2.758000000000000000e+03
4.677000000000000000e+03 2.841000000000000000e+03
4.670000000000000000e+03 2.847000000000000000e+03
4.569000000000000000e+03 3.027000000000000000e+03
4.712000000000000000e+03 3.040000000000000000e+03
4.407000000000000000e+03 2.820000000000000000e+03
4.462000000000000000e+03 2.898000000000000000e+03
4.515000000000000000e+03 2.732000000000000000e+03
4.447000000000000000e+03 2.783000000000000000e+03
4.593000000000000000e+03 2.576000000000000000e+03
4.583000000000000000e+03 2.457000000000000000e+03
5.206000000000000000e+03 3.013000000000000000e+03
3.464000000000000000e+03 2.761000000000000000e+03
4.202000000000000000e+03 2.780000000000000000e+03
6.396000000000000000e+03 4.715000000000000000e+03
6.234000000000000000e+03 4.586000000000000000e+03
5.637000000000000000e+03 2.583000000000000000e+03
5.381000000000000000e+03 2.598000000000000000e+03
6.085000000000000000e+03 3.598000000000000000e+03
5.869000000000000000e+03 2.801000000000000000e+03
6.502000000000000000e+03 4.755000000000000000e+03
6.612000000000000000e+03 4.811000000000000000e+03
6.833000000000000000e+03 4.880000000000000000e+03
6.720000000000000000e+03 4.800000000000000000e+03
6.931000000000000000e+03 4.795000000000000000e+03
6.875000000000000000e+03 4.862000000000000000e+03
7.031000000000000000e+03 4.979000000000000000e+03
6.958000000000000000e+03 4.971000000000000000e+03
7.156000000000000000e+03 5.014000000000000000e+03
7.137000000000000000e+03 4.949000000000000000e+03
6.799000000000000000e+03 4.944000000000000000e+03
6.646000000000000000e+03 4.919000000000000000e+03
6.149000000000000000e+03 3.853000000000000000e+03
6.539000000000000000e+03 4.885000000000000000e+03
3.682000000000000000e+03 2.802000000000000000e+03
3.673000000000000000e+03 2.841000000000000000e+03
3.035000000000000000e+03 2.942000000000000000e+03
3.615000000000000000e+03 2.857000000000000000e+03
5.611000000000000000e+03 2.824000000000000000e+03
5.876000000000000000e+03 2.959000000000000000e+03
3.527000000000000000e+03 2.856000000000000000e+03
3.737000000000000000e+03 2.765000000000000000e+03
6.426000000000000000e+03 4.814000000000000000e+03
6.392000000000000000e+03 4.857000000000000000e+03
5.945000000000000000e+03 2.954000000000000000e+03
6.192000000000000000e+03 4.875000000000000000e+03
5.885000000000000000e+03 4.904000000000000000e+03
6.408000000000000000e+03 5.053000000000000000e+03
6.076000000000000000e+03 4.923000000000000000e+03
6.934000000000000000e+03 5.038000000000000000e+03
7.003000000000000000e+03 5.087000000000000000e+03
6.730000000000000000e+03 5.029000000000000000e+03
6.692000000000000000e+03 5.021000000000000000e+03
5.997000000000000000e+03 2.531000000000000000e+03
6.332000000000000000e+03 4.546000000000000000e+03
6.582000000000000000e+03 4.996000000000000000e+03
6.519000000000000000e+03 5.018000000000000000e+03
7.140000000000000000e+03 5.183000000000000000e+03
7.146000000000000000e+03 5.135000000000000000e+03
7.031000000000000000e+03 5.137000000000000000e+03
6.979000000000000000e+03 5.169000000000000000e+03
6.631000000000000000e+03 5.108000000000000000e+03
6.162000000000000000e+03 4.979000000000000000e+03
6.137000000000000000e+03 4.928000000000000000e+03
6.848000000000000000e+03 5.084000000000000000e+03
3.764000000000000000e+03 3.919000000000000000e+03
2.329000000000000000e+03 3.218000000000000000e+03
2.187000000000000000e+03 3.219000000000000000e+03
2.224000000000000000e+03 3.272000000000000000e+03
3.061000000000000000e+03 3.404000000000000000e+03
2.176000000000000000e+03 3.176000000000000000e+03
3.356000000000000000e+03 3.652000000000000000e+03
2.347000000000000000e+03 3.162000000000000000e+03
6.383000000000000000e+03 4.199000000000000000e+03
7.106000000000000000e+03 4.420000000000000000e+03
7.041000000000000000e+03 4.466000000000000000e+03
7.212000000000000000e+03 4.811000000000000000e+03
6.586000000000000000e+03 4.759000000000000000e+03
6.996000000000000000e+03 4.323000000000000000e+03
6.525000000000000000e+03 4.544000000000000000e+03
7.292000000000000000e+03 4.604000000000000000e+03
7.263000000000000000e+03 4.707000000000000000e+03
7.331000000000000000e+03 4.681000000000000000e+03
7.312000000000000000e+03 4.759000000000000000e+03
7.229000000000000000e+03 4.399000000000000000e+03
7.279000000000000000e+03 4.526000000000000000e+03
7.260000000000000000e+03 4.475000000000000000e+03
7.279000000000000000e+03 4.610000000000000000e+03
7.130000000000000000e+03 4.804000000000000000e+03
7.257000000000000000e+03 4.931000000000000000e+03
7.017000000000000000e+03 4.268000000000000000e+03
7.295000000000000000e+03 4.982000000000000000e+03
7.362000000000000000e+03 5.049000000000000000e+03
7.271000000000000000e+03 5.030000000000000000e+03
7.427000000000000000e+03 4.995000000000000000e+03
7.378000000000000000e+03 4.964000000000000000e+03
7.398000000000000000e+03 4.885000000000000000e+03
7.451000000000000000e+03 4.846000000000000000e+03
7.443000000000000000e+03 4.757000000000000000e+03
7.396000000000000000e+03 4.755000000000000000e+03
7.383000000000000000e+03 4.500000000000000000e+03
7.317000000000000000e+03 4.408000000000000000e+03
7.430000000000000000e+03 4.667000000000000000e+03
7.433000000000000000e+03 4.553000000000000000e+03
6.635000000000000000e+03 4.469000000000000000e+03
6.716000000000000000e+03 4.519000000000000000e+03
6.811000000000000000e+03 4.509000000000000000e+03
6.908000000000000000e+03 4.566000000000000000e+03
7.040000000000000000e+03 4.575000000000000000e+03
6.996000000000000000e+03 4.574000000000000000e+03
7.104000000000000000e+03 4.568000000000000000e+03
7.118000000000000000e+03 4.632000000000000000e+03
6.896000000000000000e+03 4.627000000000000000e+03
6.738000000000000000e+03 4.564000000000000000e+03
6.737000000000000000e+03 4.462000000000000000e+03
6.759000000000000000e+03 4.651000000000000000e+03
7.066000000000000000e+03 4.768000000000000000e+03
7.062000000000000000e+03 4.730000000000000000e+03
6.912000000000000000e+03 4.716000000000000000e+03
6.979000000000000000e+03 4.665000000000000000e+03
6.972000000000000000e+03 4.818000000000000000e+03
7.043000000000000000e+03 4.842000000000000000e+03
6.829000000000000000e+03 4.750000000000000000e+03
6.795000000000000000e+03 4.765000000000000000e+03
6.637000000000000000e+03 4.720000000000000000e+03
6.596000000000000000e+03 4.685000000000000000e+03
6.456000000000000000e+03 4.643000000000000000e+03
6.386000000000000000e+03 4.686000000000000000e+03
6.637000000000000000e+03 4.609000000000000000e+03
6.698000000000000000e+03 4.638000000000000000e+03
6.370000000000000000e+03 4.006000000000000000e+03
6.425000000000000000e+03 4.284000000000000000e+03
6.663000000000000000e+03 4.639000000000000000e+03
6.625000000000000000e+03 4.393000000000000000e+03
6.589000000000000000e+03 4.423000000000000000e+03
6.560000000000000000e+03 4.286000000000000000e+03
6.508000000000000000e+03 3.829000000000000000e+03
2.110000000000000000e+03 4.877000000000000000e+03
2.426000000000000000e+03 4.837000000000000000e+03
7.050000000000000000e+03 3.698000000000000000e+03
7.079000000000000000e+03 3.739000000000000000e+03
6.958000000000000000e+03 3.670000000000000000e+03
6.946000000000000000e+03 3.667000000000000000e+03
4.824000000000000000e+03 3.159000000000000000e+03
6.203000000000000000e+03 3.563000000000000000e+03
6.850000000000000000e+03 3.717000000000000000e+03
6.848000000000000000e+03 3.765000000000000000e+03
6.784000000000000000e+03 3.831000000000000000e+03
6.688000000000000000e+03 3.784000000000000000e+03
6.227000000000000000e+03 3.818000000000000000e+03
5.631000000000000000e+03 4.280000000000000000e+03
2.352000000000000000e+03 4.782000000000000000e+03
2.510000000000000000e+03 4.794000000000000000e+03
2.726000000000000000e+03 4.574000000000000000e+03
2.322000000000000000e+03 4.648000000000000000e+03
2.190000000000000000e+03 4.423000000000000000e+03
2.238000000000000000e+03 4.559000000000000000e+03
2.305000000000000000e+03 4.617000000000000000e+03
2.245000000000000000e+03 4.371000000000000000e+03
2.002000000000000000e+03 4.802000000000000000e+03
2.039000000000000000e+03 4.836000000000000000e+03
1.943000000000000000e+03 4.765000000000000000e+03
1.988000000000000000e+03 4.703000000000000000e+03
2.018000000000000000e+03 4.677000000000000000e+03
2.120000000000000000e+03 4.249000000000000000e+03
2.144000000000000000e+03 4.637000000000000000e+03
2.118000000000000000e+03 4.728000000000000000e+03
6.887000000000000000e+03 4.263000000000000000e+03
6.662000000000000000e+03 4.348000000000000000e+03
5.721000000000000000e+03 4.512000000000000000e+03
6.887000000000000000e+03 4.285000000000000000e+03
7.141000000000000000e+03 4.111000000000000000e+03
6.903000000000000000e+03 4.303000000000000000e+03
6.998000000000000000e+03 4.284000000000000000e+03
6.915000000000000000e+03 4.128000000000000000e+03
6.441000000000000000e+03 4.126000000000000000e+03
6.898000000000000000e+03 4.184000000000000000e+03
7.079000000000000000e+03 4.125000000000000000e+03
6.747000000000000000e+03 4.267000000000000000e+03
6.669000000000000000e+03 4.332000000000000000e+03
4.121000000000000000e+03 4.387000000000000000e+03
4.240000000000000000e+03 4.314000000000000000e+03
6.563000000000000000e+03 4.239000000000000000e+03
6.834000000000000000e+03 4.096000000000000000e+03
7.044000000000000000e+03 4.039000000000000000e+03
7.122000000000000000e+03 4.047000000000000000e+03
6.676000000000000000e+03 4.078000000000000000e+03
4.417000000000000000e+03 4.119000000000000000e+03
6.694000000000000000e+03 4.132000000000000000e+03
5.474000000000000000e+03 4.177000000000000000e+03
7.119000000000000000e+03 4.312000000000000000e+03
7.111000000000000000e+03 4.334000000000000000e+03
7.134000000000000000e+03 4.250000000000000000e+03
7.210000000000000000e+03 4.112000000000000000e+03
6.842000000000000000e+03 4.257000000000000000e+03
6.704000000000000000e+03 4.578000000000000000e+03
6.859000000000000000e+03 4.403000000000000000e+03
7.002000000000000000e+03 4.350000000000000000e+03
2.920000000000000000e+03 4.424000000000000000e+03
2.680000000000000000e+03 4.882000000000000000e+03
2.645000000000000000e+03 4.949000000000000000e+03
2.453000000000000000e+03 4.994000000000000000e+03
2.462000000000000000e+03 4.974000000000000000e+03
2.501000000000000000e+03 4.952000000000000000e+03
2.533000000000000000e+03 4.889000000000000000e+03
2.972000000000000000e+03 5.213000000000000000e+03
3.191000000000000000e+03 5.095000000000000000e+03
2.630000000000000000e+03 5.090000000000000000e+03
2.549000000000000000e+03 5.101000000000000000e+03
2.620000000000000000e+03 5.063000000000000000e+03
2.664000000000000000e+03 5.061000000000000000e+03
3.975000000000000000e+03 5.029000000000000000e+03
3.619000000000000000e+03 5.122000000000000000e+03
3.153000000000000000e+03 5.173000000000000000e+03
4.487000000000000000e+03 5.167000000000000000e+03
3.892000000000000000e+03 5.202000000000000000e+03
3.358000000000000000e+03 5.138000000000000000e+03
6.336000000000000000e+03 5.141000000000000000e+03
6.758000000000000000e+03 5.156000000000000000e+03
2.786000000000000000e+03 5.014000000000000000e+03
2.821000000000000000e+03 5.071000000000000000e+03
2.036000000000000000e+03 5.062000000000000000e+03
5.431000000000000000e+03 5.033000000000000000e+03
2.136000000000000000e+03 5.117000000000000000e+03
2.153000000000000000e+03 5.025000000000000000e+03
2.281000000000000000e+03 5.117000000000000000e+03
2.460000000000000000e+03 5.035000000000000000e+03
3.716000000000000000e+03 5.060000000000000000e+03
4.134000000000000000e+03 5.042000000000000000e+03
1.768000000000000000e+03 4.692000000000000000e+03
1.796000000000000000e+03 4.738000000000000000e+03
2.025000000000000000e+03 4.768000000000000000e+03
1.802000000000000000e+03 4.813000000000000000e+03
1.856000000000000000e+03 4.495000000000000000e+03
1.767000000000000000e+03 4.446000000000000000e+03
1.883000000000000000e+03 5.087000000000000000e+03
2.795000000000000000e+03 4.130000000000000000e+03
1.690000000000000000e+03 5.048000000000000000e+03
1.736000000000000000e+03 4.979000000000000000e+03
1.731000000000000000e+03 4.896000000000000000e+03
1.840000000000000000e+03 4.837000000000000000e+03
1.768000000000000000e+03 5.175000000000000000e+03
2.551000000000000000e+03 4.669000000000000000e+03
1.949000000000000000e+03 4.886000000000000000e+03
2.175000000000000000e+03 4.927000000000000000e+03
1.990000000000000000e+03 4.746000000000000000e+03
3.105000000000000000e+03 4.200000000000000000e+03
2.196000000000000000e+03 4.717000000000000000e+03
2.305000000000000000e+03 4.956000000000000000e+03
2.278000000000000000e+03 4.769000000000000000e+03
2.294000000000000000e+03 4.795000000000000000e+03
2.362000000000000000e+03 4.792000000000000000e+03
2.310000000000000000e+03 4.993000000000000000e+03
1.940000000000000000e+03 4.475000000000000000e+03
1.897000000000000000e+03 4.413000000000000000e+03
1.952000000000000000e+03 4.382000000000000000e+03
1.943000000000000000e+03 4.547000000000000000e+03
1.984000000000000000e+03 4.402000000000000000e+03
2.077000000000000000e+03 4.402000000000000000e+03
2.092000000000000000e+03 4.482000000000000000e+03
3.387000000000000000e+03 4.645000000000000000e+03
4.676000000000000000e+03 4.815000000000000000e+03
4.435000000000000000e+03 4.944000000000000000e+03
4.496000000000000000e+03 4.997000000000000000e+03
4.158000000000000000e+03 4.809000000000000000e+03
4.190000000000000000e+03 4.854000000000000000e+03
4.358000000000000000e+03 4.929000000000000000e+03
4.227000000000000000e+03 4.963000000000000000e+03
3.852000000000000000e+03 4.919000000000000000e+03
3.504000000000000000e+03 4.974000000000000000e+03
4.054000000000000000e+03 4.935000000000000000e+03
4.053000000000000000e+03 4.959000000000000000e+03
3.373000000000000000e+03 4.845000000000000000e+03
3.402000000000000000e+03 4.772000000000000000e+03
3.760000000000000000e+03 4.670000000000000000e+03
3.378000000000000000e+03 4.945000000000000000e+03
3.591000000000000000e+03 4.978000000000000000e+03
4.027000000000000000e+03 4.952000000000000000e+03
3.204000000000000000e+03 4.981000000000000000e+03
3.512000000000000000e+03 4.863000000000000000e+03
3.332000000000000000e+03 4.755000000000000000e+03
3.101000000000000000e+03 4.819000000000000000e+03
3.144000000000000000e+03 4.956000000000000000e+03
3.403000000000000000e+03 4.843000000000000000e+03
3.556000000000000000e+03 4.854000000000000000e+03
3.557000000000000000e+03 4.798000000000000000e+03
3.740000000000000000e+03 4.716000000000000000e+03
3.965000000000000000e+03 4.758000000000000000e+03
4.072000000000000000e+03 4.962000000000000000e+03
3.733000000000000000e+03 4.819000000000000000e+03
4.386000000000000000e+03 5.007000000000000000e+03
4.483000000000000000e+03 5.036000000000000000e+03
5.242000000000000000e+03 4.349000000000000000e+03
6.302000000000000000e+03 4.152000000000000000e+03
6.143000000000000000e+03 4.250000000000000000e+03
2.943000000000000000e+03 4.839000000000000000e+03
3.026000000000000000e+03 4.914000000000000000e+03
3.449000000000000000e+03 4.580000000000000000e+03
2.889000000000000000e+03 4.783000000000000000e+03
6.802000000000000000e+03 3.866000000000000000e+03
6.806000000000000000e+03 3.996000000000000000e+03
6.895000000000000000e+03 3.906000000000000000e+03
6.926000000000000000e+03 3.844000000000000000e+03
5.317000000000000000e+03 4.214000000000000000e+03
6.674000000000000000e+03 3.948000000000000000e+03
7.052000000000000000e+03 3.782000000000000000e+03
7.114000000000000000e+03 3.781000000000000000e+03
2.237000000000000000e+03 4.302000000000000000e+03
2.069000000000000000e+03 4.272000000000000000e+03
2.872000000000000000e+03 4.783000000000000000e+03
2.689000000000000000e+03 4.674000000000000000e+03
2.456000000000000000e+03 4.254000000000000000e+03
2.530000000000000000e+03 4.254000000000000000e+03
3.008000000000000000e+03 3.943000000000000000e+03
2.617000000000000000e+03 4.071000000000000000e+03
1.990000000000000000e+03 4.150000000000000000e+03
2.207000000000000000e+03 4.329000000000000000e+03
2.700000000000000000e+03 4.134000000000000000e+03
2.132000000000000000e+03 4.168000000000000000e+03
2.113000000000000000e+03 4.215000000000000000e+03
2.237000000000000000e+03 4.104000000000000000e+03
2.135000000000000000e+03 4.186000000000000000e+03
2.128000000000000000e+03 4.173000000000000000e+03
6.386000000000000000e+03 3.715000000000000000e+03
6.150000000000000000e+03 4.034000000000000000e+03
6.111000000000000000e+03 3.991000000000000000e+03
5.955000000000000000e+03 4.222000000000000000e+03
6.609000000000000000e+03 3.888000000000000000e+03
4.831000000000000000e+03 4.766000000000000000e+03
5.509000000000000000e+03 4.554000000000000000e+03
6.731000000000000000e+03 3.876000000000000000e+03
6.165000000000000000e+03 4.218000000000000000e+03
6.983000000000000000e+03 3.934000000000000000e+03
6.620000000000000000e+03 4.139000000000000000e+03
7.170000000000000000e+03 3.842000000000000000e+03
7.147000000000000000e+03 3.876000000000000000e+03
6.342000000000000000e+03 4.166000000000000000e+03
6.667000000000000000e+03 4.103000000000000000e+03
3.852000000000000000e+03 5.087000000000000000e+03
3.862000000000000000e+03 5.078000000000000000e+03
3.733000000000000000e+03 4.923000000000000000e+03
3.890000000000000000e+03 4.967000000000000000e+03
4.059000000000000000e+03 5.110000000000000000e+03
3.981000000000000000e+03 5.099000000000000000e+03
4.114000000000000000e+03 5.056000000000000000e+03
4.122000000000000000e+03 5.091000000000000000e+03
3.642000000000000000e+03 4.931000000000000000e+03
3.570000000000000000e+03 5.034000000000000000e+03
3.612000000000000000e+03 5.111000000000000000e+03
3.483000000000000000e+03 5.092000000000000000e+03
3.586000000000000000e+03 5.154000000000000000e+03
3.654000000000000000e+03 5.128000000000000000e+03
3.786000000000000000e+03 5.113000000000000000e+03
4.658000000000000000e+03 4.988000000000000000e+03
3.995000000000000000e+03 4.855000000000000000e+03
3.844000000000000000e+03 4.839000000000000000e+03
3.962000000000000000e+03 4.778000000000000000e+03
4.008000000000000000e+03 4.801000000000000000e+03
4.371000000000000000e+03 4.836000000000000000e+03
4.479000000000000000e+03 4.812000000000000000e+03
4.305000000000000000e+03 4.800000000000000000e+03
4.145000000000000000e+03 4.821000000000000000e+03
6.222000000000000000e+03 3.748000000000000000e+03
6.742000000000000000e+03 3.447000000000000000e+03
6.358000000000000000e+03 3.653000000000000000e+03
5.454000000000000000e+03 4.316000000000000000e+03
6.478000000000000000e+03 3.689000000000000000e+03
6.347000000000000000e+03 3.692000000000000000e+03
5.779000000000000000e+03 4.206000000000000000e+03
4.683000000000000000e+03 4.766000000000000000e+03
6.123000000000000000e+03 4.184000000000000000e+03
6.896000000000000000e+03 3.367000000000000000e+03
6.815000000000000000e+03 3.438000000000000000e+03
6.275000000000000000e+03 3.896000000000000000e+03
6.938000000000000000e+03 3.342000000000000000e+03
7.079000000000000000e+03 3.338000000000000000e+03
6.971000000000000000e+03 3.495000000000000000e+03
7.135000000000000000e+03 3.390000000000000000e+03
7.009000000000000000e+03 3.537000000000000000e+03
7.032000000000000000e+03 3.429000000000000000e+03
6.447000000000000000e+03 3.688000000000000000e+03
6.990000000000000000e+03 3.378000000000000000e+03
6.824000000000000000e+03 3.464000000000000000e+03
6.896000000000000000e+03 3.403000000000000000e+03
5.452000000000000000e+03 3.083000000000000000e+03
5.245000000000000000e+03 3.109000000000000000e+03
6.534000000000000000e+03 2.347000000000000000e+03
6.616000000000000000e+03 2.320000000000000000e+03
6.391000000000000000e+03 2.229000000000000000e+03
6.702000000000000000e+03 2.632000000000000000e+03
6.790000000000000000e+03 2.621000000000000000e+03
6.486000000000000000e+03 2.538000000000000000e+03
6.453000000000000000e+03 2.461000000000000000e+03
7.072000000000000000e+03 2.645000000000000000e+03
7.092000000000000000e+03 2.689000000000000000e+03
7.168000000000000000e+03 2.663000000000000000e+03
7.230000000000000000e+03 2.720000000000000000e+03
6.131000000000000000e+03 2.951000000000000000e+03
5.096000000000000000e+03 2.947000000000000000e+03
6.990000000000000000e+03 2.698000000000000000e+03
6.886000000000000000e+03 2.678000000000000000e+03
7.092000000000000000e+03 2.483000000000000000e+03
7.051000000000000000e+03 2.490000000000000000e+03
6.888000000000000000e+03 2.356000000000000000e+03
6.967000000000000000e+03 2.417000000000000000e+03
6.879000000000000000e+03 2.441000000000000000e+03
5.751000000000000000e+03 2.874000000000000000e+03
6.780000000000000000e+03 2.385000000000000000e+03
6.691000000000000000e+03 2.371000000000000000e+03
6.588000000000000000e+03 2.413000000000000000e+03
6.607000000000000000e+03 2.458000000000000000e+03
6.863000000000000000e+03 2.307000000000000000e+03
6.645000000000000000e+03 2.392000000000000000e+03
6.863000000000000000e+03 2.290000000000000000e+03
7.009000000000000000e+03 2.312000000000000000e+03
7.193000000000000000e+03 2.443000000000000000e+03
7.164000000000000000e+03 2.385000000000000000e+03
6.027000000000000000e+03 2.477000000000000000e+03
5.481000000000000000e+03 2.937000000000000000e+03
4.860000000000000000e+03 2.684000000000000000e+03
6.396000000000000000e+03 2.213000000000000000e+03
6.858000000000000000e+03 2.228000000000000000e+03
6.586000000000000000e+03 2.242000000000000000e+03
6.331000000000000000e+03 2.301000000000000000e+03
5.573000000000000000e+03 2.352000000000000000e+03
7.021000000000000000e+03 2.200000000000000000e+03
7.004000000000000000e+03 2.210000000000000000e+03
6.947000000000000000e+03 2.235000000000000000e+03
6.639000000000000000e+03 2.389000000000000000e+03
7.153000000000000000e+03 2.233000000000000000e+03
7.195000000000000000e+03 2.226000000000000000e+03
7.255000000000000000e+03 2.328000000000000000e+03
6.883000000000000000e+03 2.573000000000000000e+03
6.869000000000000000e+03 2.529000000000000000e+03
6.956000000000000000e+03 2.561000000000000000e+03
6.181000000000000000e+03 3.192000000000000000e+03
7.073000000000000000e+03 2.578000000000000000e+03
7.105000000000000000e+03 2.518000000000000000e+03
7.208000000000000000e+03 2.550000000000000000e+03
7.212000000000000000e+03 2.567000000000000000e+03
6.517000000000000000e+03 3.475000000000000000e+03
6.483000000000000000e+03 3.193000000000000000e+03
6.395000000000000000e+03 3.332000000000000000e+03
6.625000000000000000e+03 2.542000000000000000e+03
6.739000000000000000e+03 2.486000000000000000e+03
6.736000000000000000e+03 2.520000000000000000e+03
6.556000000000000000e+03 2.900000000000000000e+03
6.466000000000000000e+03 2.983000000000000000e+03
6.055000000000000000e+03 3.069000000000000000e+03
5.513000000000000000e+03 2.775000000000000000e+03
6.145000000000000000e+03 2.730000000000000000e+03
6.674000000000000000e+03 2.730000000000000000e+03
6.524000000000000000e+03 2.711000000000000000e+03
6.726000000000000000e+03 2.716000000000000000e+03
6.811000000000000000e+03 2.835000000000000000e+03
7.013000000000000000e+03 2.928000000000000000e+03
6.966000000000000000e+03 2.996000000000000000e+03
7.076000000000000000e+03 2.990000000000000000e+03
6.866000000000000000e+03 2.876000000000000000e+03
4.735000000000000000e+03 2.941000000000000000e+03
6.733000000000000000e+03 2.878000000000000000e+03
6.862000000000000000e+03 2.820000000000000000e+03
6.846000000000000000e+03 2.973000000000000000e+03
6.456000000000000000e+03 2.818000000000000000e+03
6.147000000000000000e+03 2.782000000000000000e+03
6.595000000000000000e+03 2.852000000000000000e+03
5.059000000000000000e+03 2.851000000000000000e+03
6.035000000000000000e+03 3.890000000000000000e+03
6.334000000000000000e+03 3.731000000000000000e+03
6.277000000000000000e+03 3.758000000000000000e+03
5.127000000000000000e+03 4.053000000000000000e+03
6.999000000000000000e+03 2.794000000000000000e+03
7.034000000000000000e+03 2.798000000000000000e+03
5.747000000000000000e+03 2.810000000000000000e+03
6.925000000000000000e+03 2.745000000000000000e+03
7.246000000000000000e+03 2.850000000000000000e+03
7.214000000000000000e+03 2.863000000000000000e+03
7.240000000000000000e+03 2.779000000000000000e+03
7.166000000000000000e+03 2.812000000000000000e+03
7.149000000000000000e+03 3.004000000000000000e+03
7.149000000000000000e+03 2.957000000000000000e+03
7.249000000000000000e+03 2.993000000000000000e+03
7.217000000000000000e+03 2.983000000000000000e+03
6.769000000000000000e+03 2.977000000000000000e+03
6.334000000000000000e+03 3.113000000000000000e+03
6.966000000000000000e+03 2.967000000000000000e+03
6.922000000000000000e+03 2.964000000000000000e+03
6.779000000000000000e+03 3.305000000000000000e+03
5.998000000000000000e+03 4.303000000000000000e+03
6.775000000000000000e+03 3.210000000000000000e+03
6.749000000000000000e+03 3.189000000000000000e+03
6.249000000000000000e+03 2.982000000000000000e+03
6.075000000000000000e+03 3.005000000000000000e+03
6.587000000000000000e+03 2.881000000000000000e+03
6.401000000000000000e+03 2.987000000000000000e+03
6.935000000000000000e+03 3.121000000000000000e+03
6.629000000000000000e+03 3.061000000000000000e+03
6.793000000000000000e+03 3.086000000000000000e+03
6.386000000000000000e+03 3.109000000000000000e+03
7.227000000000000000e+03 3.133000000000000000e+03
7.141000000000000000e+03 3.084000000000000000e+03
7.045000000000000000e+03 3.101000000000000000e+03
6.785000000000000000e+03 3.131000000000000000e+03
7.200000000000000000e+03 3.209000000000000000e+03
7.169000000000000000e+03 3.229000000000000000e+03
6.454000000000000000e+03 3.849000000000000000e+03
7.064000000000000000e+03 3.235000000000000000e+03
6.932000000000000000e+03 3.232000000000000000e+03
6.964000000000000000e+03 3.239000000000000000e+03
6.391000000000000000e+03 3.042000000000000000e+03
6.100000000000000000e+03 2.974000000000000000e+03
7.309000000000000000e+03 2.875000000000000000e+03
7.369000000000000000e+03 2.849000000000000000e+03
7.415000000000000000e+03 3.057000000000000000e+03
6.919000000000000000e+03 2.981000000000000000e+03
7.420000000000000000e+03 2.858000000000000000e+03
7.420000000000000000e+03 3.058000000000000000e+03
7.191000000000000000e+03 2.841000000000000000e+03
6.768000000000000000e+03 3.607000000000000000e+03
6.814000000000000000e+03 3.625000000000000000e+03
6.895000000000000000e+03 3.555000000000000000e+03
6.999000000000000000e+03 3.551000000000000000e+03
6.970000000000000000e+03 3.694000000000000000e+03
7.081000000000000000e+03 3.557000000000000000e+03
7.112000000000000000e+03 3.548000000000000000e+03
7.157000000000000000e+03 3.624000000000000000e+03
7.382000000000000000e+03 2.640000000000000000e+03
7.401000000000000000e+03 2.540000000000000000e+03
7.245000000000000000e+03 2.669000000000000000e+03
7.387000000000000000e+03 2.705000000000000000e+03
7.304000000000000000e+03 2.571000000000000000e+03
7.432000000000000000e+03 2.518000000000000000e+03
7.450000000000000000e+03 2.591000000000000000e+03
7.266000000000000000e+03 2.548000000000000000e+03
7.432000000000000000e+03 2.358000000000000000e+03
7.302000000000000000e+03 2.546000000000000000e+03
7.324000000000000000e+03 2.490000000000000000e+03
7.411000000000000000e+03 2.660000000000000000e+03
7.342000000000000000e+03 2.553000000000000000e+03
7.384000000000000000e+03 2.414000000000000000e+03
7.319000000000000000e+03 2.491000000000000000e+03
7.376000000000000000e+03 2.338000000000000000e+03
7.374000000000000000e+03 3.342000000000000000e+03
7.326000000000000000e+03 3.392000000000000000e+03
7.354000000000000000e+03 3.361000000000000000e+03
7.331000000000000000e+03 3.267000000000000000e+03
7.339000000000000000e+03 3.488000000000000000e+03
7.348000000000000000e+03 3.448000000000000000e+03
7.363000000000000000e+03 3.405000000000000000e+03
7.376000000000000000e+03 3.600000000000000000e+03
7.342000000000000000e+03 3.404000000000000000e+03
7.317000000000000000e+03 3.505000000000000000e+03
7.388000000000000000e+03 3.369000000000000000e+03
7.337000000000000000e+03 3.565000000000000000e+03
7.375000000000000000e+03 3.546000000000000000e+03
7.319000000000000000e+03 3.731000000000000000e+03
7.404000000000000000e+03 3.585000000000000000e+03
7.388000000000000000e+03 3.876000000000000000e+03
7.383000000000000000e+03 3.822000000000000000e+03
7.411000000000000000e+03 3.840000000000000000e+03
7.398000000000000000e+03 3.693000000000000000e+03
7.449000000000000000e+03 3.742000000000000000e+03
7.396000000000000000e+03 4.129000000000000000e+03
7.435000000000000000e+03 4.120000000000000000e+03
7.411000000000000000e+03 3.824000000000000000e+03
7.407000000000000000e+03 4.210000000000000000e+03
7.321000000000000000e+03 3.782000000000000000e+03
7.406000000000000000e+03 4.307000000000000000e+03
7.373000000000000000e+03 3.888000000000000000e+03
7.245000000000000000e+03 3.376000000000000000e+03
7.468000000000000000e+03 3.461000000000000000e+03
7.396000000000000000e+03 3.321000000000000000e+03
7.433000000000000000e+03 3.311000000000000000e+03
1.813000000000000000e+03 3.062000000000000000e+03
1.904000000000000000e+03 3.042000000000000000e+03
1.934000000000000000e+03 2.954000000000000000e+03
1.963000000000000000e+03 2.847000000000000000e+03
2.061000000000000000e+03 2.835000000000000000e+03
1.965000000000000000e+03 2.928000000000000000e+03
1.957000000000000000e+03 3.028000000000000000e+03
1.754000000000000000e+03 2.896000000000000000e+03
1.811000000000000000e+03 2.860000000000000000e+03
1.699000000000000000e+03 2.883000000000000000e+03
1.776000000000000000e+03 2.891000000000000000e+03
1.596000000000000000e+03 2.928000000000000000e+03
1.576000000000000000e+03 3.074000000000000000e+03
1.581000000000000000e+03 3.112000000000000000e+03
1.675000000000000000e+03 3.077000000000000000e+03
3.502000000000000000e+03 2.177000000000000000e+03
4.065000000000000000e+03 2.293000000000000000e+03
3.234000000000000000e+03 2.098000000000000000e+03
2.517000000000000000e+03 2.735000000000000000e+03
2.024000000000000000e+03 2.732000000000000000e+03
2.496000000000000000e+03 2.567000000000000000e+03
4.192000000000000000e+03 3.499000000000000000e+03
4.210000000000000000e+03 3.532000000000000000e+03
1.478000000000000000e+03 1.586000000000000000e+03
1.541000000000000000e+03 2.013000000000000000e+03
1.498000000000000000e+03 2.531000000000000000e+03
1.654000000000000000e+03 2.830000000000000000e+03
2.696000000000000000e+03 1.763000000000000000e+03
3.120000000000000000e+03 2.052000000000000000e+03
3.213000000000000000e+03 2.126000000000000000e+03
3.232000000000000000e+03 2.717000000000000000e+03
2.016000000000000000e+03 3.326000000000000000e+03
1.980000000000000000e+03 3.369000000000000000e+03
2.045000000000000000e+03 3.320000000000000000e+03
2.000000000000000000e+03 3.238000000000000000e+03
1.846000000000000000e+03 3.209000000000000000e+03
1.835000000000000000e+03 3.316000000000000000e+03
1.850000000000000000e+03 3.399000000000000000e+03
1.928000000000000000e+03 3.302000000000000000e+03
2.086000000000000000e+03 3.032000000000000000e+03
1.957000000000000000e+03 3.089000000000000000e+03
1.982000000000000000e+03 3.379000000000000000e+03
2.067000000000000000e+03 3.099000000000000000e+03
1.727000000000000000e+03 3.144000000000000000e+03
1.744000000000000000e+03 3.149000000000000000e+03
1.867000000000000000e+03 3.053000000000000000e+03
1.859000000000000000e+03 3.119000000000000000e+03
2.093000000000000000e+03 3.043000000000000000e+03
2.962000000000000000e+03 2.933000000000000000e+03
2.134000000000000000e+03 3.042000000000000000e+03
2.104000000000000000e+03 3.164000000000000000e+03
4.353000000000000000e+03 2.749000000000000000e+03
2.425000000000000000e+03 2.794000000000000000e+03
2.336000000000000000e+03 2.924000000000000000e+03
3.240000000000000000e+03 2.766000000000000000e+03
2.101000000000000000e+03 3.168000000000000000e+03
2.214000000000000000e+03 3.104000000000000000e+03
2.155000000000000000e+03 3.170000000000000000e+03
2.266000000000000000e+03 2.931000000000000000e+03
2.180000000000000000e+03 2.946000000000000000e+03
2.222000000000000000e+03 2.887000000000000000e+03
2.357000000000000000e+03 2.804000000000000000e+03
2.313000000000000000e+03 2.868000000000000000e+03
6.104000000000000000e+03 9.600000000000000000e+02
4.550000000000000000e+03 3.700000000000000000e+02
2.560000000000000000e+02 3.480000000000000000e+03
3.010000000000000000e+02 5.240000000000000000e+03
2.409000000000000000e+03 2.910000000000000000e+03
5.200000000000000000e+02 2.400000000000000000e+02
2.029000000000000000e+03 5.200000000000000000e+03
7.442000000000000000e+03 0.000000000000000000e+00
-1.200000000000000000e+01 0.000000000000000000e+00
-4.000000000000000000e+00 0.000000000000000000e+00
