5.392000000000000000e+03 6.896000000000000000e+03
5.339000000000000000e+03 6.793000000000000000e+03
5.293000000000000000e+03 6.856000000000000000e+03
5.380000000000000000e+03 7.004000000000000000e+03
5.302000000000000000e+03 7.026000000000000000e+03
5.453000000000000000e+03 7.098000000000000000e+03
5.434000000000000000e+03 7.155000000000000000e+03
5.610000000000000000e+03 7.095000000000000000e+03
5.599000000000000000e+03 7.042000000000000000e+03
5.482000000000000000e+03 6.997000000000000000e+03
5.578000000000000000e+03 6.525000000000000000e+03
5.598000000000000000e+03 6.925000000000000000e+03
5.525000000000000000e+03 6.876000000000000000e+03
5.425000000000000000e+03 6.897000000000000000e+03
5.433000000000000000e+03 6.880000000000000000e+03
5.621000000000000000e+03 6.706000000000000000e+03
5.538000000000000000e+03 6.744000000000000000e+03
5.478000000000000000e+03 6.704000000000000000e+03
5.452000000000000000e+03 6.565000000000000000e+03
5.345000000000000000e+03 6.660000000000000000e+03
5.463000000000000000e+03 6.681000000000000000e+03
5.274000000000000000e+03 6.619000000000000000e+03
5.320000000000000000e+03 6.548000000000000000e+03
5.456000000000000000e+03 6.255000000000000000e+03
5.478000000000000000e+03 6.502000000000000000e+03
5.361000000000000000e+03 6.468000000000000000e+03
5.264000000000000000e+03 6.310000000000000000e+03
5.547000000000000000e+03 6.182000000000000000e+03
5.554000000000000000e+03 6.428000000000000000e+03
5.636000000000000000e+03 6.592000000000000000e+03
5.603000000000000000e+03 6.484000000000000000e+03
7.080000000000000000e+03 6.412000000000000000e+03
7.281000000000000000e+03 6.514000000000000000e+03
7.353000000000000000e+03 6.540000000000000000e+03
7.399000000000000000e+03 6.457000000000000000e+03
7.354000000000000000e+03 6.406000000000000000e+03
7.277000000000000000e+03 6.339000000000000000e+03
7.288000000000000000e+03 6.327000000000000000e+03
5.698000000000000000e+03 6.251000000000000000e+03
5.561000000000000000e+03 6.210000000000000000e+03
5.520000000000000000e+03 6.133000000000000000e+03
5.517000000000000000e+03 5.925000000000000000e+03
5.559000000000000000e+03 5.947000000000000000e+03
5.613000000000000000e+03 5.876000000000000000e+03
5.617000000000000000e+03 5.984000000000000000e+03
5.660000000000000000e+03 6.096000000000000000e+03
6.783000000000000000e+03 6.152000000000000000e+03
7.199000000000000000e+03 6.212000000000000000e+03
7.196000000000000000e+03 6.059000000000000000e+03
7.222000000000000000e+03 5.960000000000000000e+03
7.393000000000000000e+03 6.062000000000000000e+03
7.451000000000000000e+03 6.091000000000000000e+03
7.410000000000000000e+03 6.197000000000000000e+03
7.410000000000000000e+03 6.200000000000000000e+03
7.390000000000000000e+03 5.960000000000000000e+03
7.454000000000000000e+03 5.912000000000000000e+03
7.270000000000000000e+03 5.919000000000000000e+03
7.282000000000000000e+03 5.844000000000000000e+03
7.284000000000000000e+03 5.708000000000000000e+03
7.181000000000000000e+03 5.714000000000000000e+03
7.269000000000000000e+03 5.828000000000000000e+03
7.280000000000000000e+03 5.761000000000000000e+03
6.766000000000000000e+03 7.455000000000000000e+03
6.658000000000000000e+03 7.456000000000000000e+03
6.596000000000000000e+03 7.451000000000000000e+03
6.189000000000000000e+03 7.106000000000000000e+03
5.844000000000000000e+03 6.737000000000000000e+03
6.703000000000000000e+03 7.474000000000000000e+03
6.112000000000000000e+03 7.470000000000000000e+03
5.199000000000000000e+03 7.272000000000000000e+03
5.415000000000000000e+03 6.557000000000000000e+03
5.400000000000000000e+03 6.445000000000000000e+03
5.370000000000000000e+03 6.914000000000000000e+03
5.102000000000000000e+03 7.279000000000000000e+03
5.161000000000000000e+03 7.064000000000000000e+03
4.991000000000000000e+03 7.387000000000000000e+03
4.941000000000000000e+03 7.324000000000000000e+03
7.401000000000000000e+03 7.115000000000000000e+03
7.286000000000000000e+03 7.030000000000000000e+03
5.143000000000000000e+03 7.167000000000000000e+03
5.412000000000000000e+03 7.009000000000000000e+03
4.834000000000000000e+03 7.330000000000000000e+03
4.912000000000000000e+03 7.218000000000000000e+03
5.034000000000000000e+03 7.156000000000000000e+03
4.987000000000000000e+03 7.174000000000000000e+03
4.821000000000000000e+03 7.062000000000000000e+03
4.730000000000000000e+03 7.126000000000000000e+03
4.732000000000000000e+03 7.372000000000000000e+03
4.786000000000000000e+03 7.220000000000000000e+03
6.870000000000000000e+03 7.349000000000000000e+03
7.351000000000000000e+03 7.434000000000000000e+03
5.746000000000000000e+03 7.174000000000000000e+03
5.515000000000000000e+03 7.109000000000000000e+03
5.085000000000000000e+03 6.984000000000000000e+03
5.194000000000000000e+03 6.983000000000000000e+03
4.924000000000000000e+03 6.954000000000000000e+03
5.051000000000000000e+03 6.933000000000000000e+03
5.688000000000000000e+03 6.212000000000000000e+03
5.333000000000000000e+03 6.653000000000000000e+03
4.983000000000000000e+03 6.828000000000000000e+03
5.103000000000000000e+03 6.835000000000000000e+03
4.808000000000000000e+03 6.872000000000000000e+03
4.887000000000000000e+03 6.835000000000000000e+03
5.137000000000000000e+03 6.517000000000000000e+03
4.879000000000000000e+03 6.736000000000000000e+03
5.199000000000000000e+03 6.456000000000000000e+03
4.960000000000000000e+03 6.670000000000000000e+03
5.037000000000000000e+03 6.647000000000000000e+03
5.130000000000000000e+03 6.683000000000000000e+03
6.196000000000000000e+03 7.418000000000000000e+03
5.981000000000000000e+03 7.422000000000000000e+03
5.771000000000000000e+03 7.110000000000000000e+03
5.848000000000000000e+03 7.428000000000000000e+03
5.305000000000000000e+03 6.829000000000000000e+03
5.223000000000000000e+03 6.824000000000000000e+03
5.172000000000000000e+03 7.158000000000000000e+03
5.292000000000000000e+03 7.185000000000000000e+03
5.615000000000000000e+03 7.333000000000000000e+03
5.423000000000000000e+03 7.433000000000000000e+03
5.461000000000000000e+03 7.421000000000000000e+03
5.556000000000000000e+03 7.451000000000000000e+03
5.074000000000000000e+03 7.471000000000000000e+03
5.152000000000000000e+03 7.458000000000000000e+03
5.694000000000000000e+03 7.443000000000000000e+03
5.339000000000000000e+03 6.829000000000000000e+03
4.534000000000000000e+03 7.167000000000000000e+03
4.436000000000000000e+03 7.110000000000000000e+03
4.500000000000000000e+03 7.141000000000000000e+03
5.279000000000000000e+03 6.205000000000000000e+03
5.222000000000000000e+03 6.179000000000000000e+03
5.306000000000000000e+03 6.264000000000000000e+03
5.292000000000000000e+03 6.394000000000000000e+03
4.524000000000000000e+03 7.305000000000000000e+03
4.577000000000000000e+03 7.299000000000000000e+03
4.535000000000000000e+03 7.307000000000000000e+03
4.588000000000000000e+03 7.192000000000000000e+03
4.511000000000000000e+03 7.358000000000000000e+03
4.488000000000000000e+03 7.348000000000000000e+03
4.576000000000000000e+03 7.435000000000000000e+03
4.483000000000000000e+03 7.463000000000000000e+03
5.465000000000000000e+03 6.058000000000000000e+03
5.543000000000000000e+03 6.182000000000000000e+03
5.357000000000000000e+03 6.007000000000000000e+03
5.357000000000000000e+03 5.963000000000000000e+03
5.184000000000000000e+03 6.054000000000000000e+03
5.241000000000000000e+03 6.136000000000000000e+03
5.289000000000000000e+03 6.012000000000000000e+03
5.262000000000000000e+03 6.063000000000000000e+03
5.266000000000000000e+03 6.258000000000000000e+03
5.168000000000000000e+03 6.291000000000000000e+03
3.817000000000000000e+03 6.455000000000000000e+03
4.692000000000000000e+03 5.811000000000000000e+03
5.450000000000000000e+03 6.336000000000000000e+03
5.331000000000000000e+03 6.364000000000000000e+03
5.438000000000000000e+03 6.311000000000000000e+03
5.316000000000000000e+03 6.321000000000000000e+03
2.269000000000000000e+03 7.468000000000000000e+03
3.080000000000000000e+03 7.434000000000000000e+03
2.434000000000000000e+03 7.459000000000000000e+03
2.610000000000000000e+03 7.466000000000000000e+03
2.950000000000000000e+03 7.464000000000000000e+03
2.824000000000000000e+03 7.467000000000000000e+03
2.639000000000000000e+03 7.464000000000000000e+03
1.769000000000000000e+03 7.466000000000000000e+03
1.770000000000000000e+03 7.458000000000000000e+03
2.112000000000000000e+03 7.451000000000000000e+03
1.799000000000000000e+03 7.456000000000000000e+03
2.108000000000000000e+03 7.470000000000000000e+03
1.899000000000000000e+03 7.475000000000000000e+03
1.796000000000000000e+03 7.459000000000000000e+03
1.937000000000000000e+03 7.465000000000000000e+03
1.025000000000000000e+03 7.464000000000000000e+03
1.038000000000000000e+03 7.473000000000000000e+03
6.020000000000000000e+02 7.477000000000000000e+03
7.480000000000000000e+02 7.476000000000000000e+03
8.240000000000000000e+02 7.473000000000000000e+03
8.760000000000000000e+02 7.467000000000000000e+03
6.040000000000000000e+02 7.467000000000000000e+03
3.257000000000000000e+03 7.069000000000000000e+03
4.502000000000000000e+03 6.893000000000000000e+03
4.633000000000000000e+03 6.877000000000000000e+03
4.462000000000000000e+03 6.911000000000000000e+03
4.409000000000000000e+03 6.999000000000000000e+03
4.701000000000000000e+03 6.944000000000000000e+03
4.659000000000000000e+03 6.971000000000000000e+03
4.571000000000000000e+03 7.028000000000000000e+03
4.637000000000000000e+03 7.106000000000000000e+03
4.533000000000000000e+03 6.447000000000000000e+03
4.634000000000000000e+03 6.340000000000000000e+03
4.375000000000000000e+03 6.365000000000000000e+03
4.488000000000000000e+03 6.612000000000000000e+03
4.490000000000000000e+03 6.677000000000000000e+03
4.523000000000000000e+03 6.491000000000000000e+03
4.524000000000000000e+03 6.499000000000000000e+03
4.852000000000000000e+03 5.439000000000000000e+03
4.321000000000000000e+03 7.026000000000000000e+03
2.374000000000000000e+03 5.652000000000000000e+03
1.811000000000000000e+03 5.374000000000000000e+03
4.060000000000000000e+03 7.429000000000000000e+03
4.001000000000000000e+03 7.389000000000000000e+03
4.251000000000000000e+03 7.457000000000000000e+03
4.088000000000000000e+03 7.457000000000000000e+03
4.721000000000000000e+03 6.616000000000000000e+03
4.702000000000000000e+03 6.738000000000000000e+03
4.609000000000000000e+03 6.664000000000000000e+03
4.634000000000000000e+03 6.701000000000000000e+03
4.848000000000000000e+03 6.483000000000000000e+03
4.876000000000000000e+03 6.426000000000000000e+03
4.846000000000000000e+03 6.552000000000000000e+03
4.804000000000000000e+03 6.602000000000000000e+03
4.697000000000000000e+03 6.522000000000000000e+03
4.699000000000000000e+03 6.420000000000000000e+03
4.620000000000000000e+03 6.567000000000000000e+03
4.680000000000000000e+03 6.512000000000000000e+03
4.773000000000000000e+03 6.360000000000000000e+03
4.816000000000000000e+03 6.310000000000000000e+03
4.848000000000000000e+03 6.208000000000000000e+03
4.798000000000000000e+03 6.254000000000000000e+03
3.025000000000000000e+03 6.274000000000000000e+03
2.820000000000000000e+03 6.123000000000000000e+03
3.702000000000000000e+03 6.063000000000000000e+03
2.751000000000000000e+03 5.929000000000000000e+03
4.385000000000000000e+03 5.936000000000000000e+03
3.199000000000000000e+03 5.454000000000000000e+03
3.049000000000000000e+03 6.952000000000000000e+03
3.470000000000000000e+03 6.616000000000000000e+03
4.472000000000000000e+03 6.298000000000000000e+03
4.488000000000000000e+03 6.190000000000000000e+03
4.210000000000000000e+03 7.247000000000000000e+03
2.524000000000000000e+03 5.942000000000000000e+03
3.314000000000000000e+03 5.857000000000000000e+03
4.595000000000000000e+03 6.240000000000000000e+03
4.528000000000000000e+03 6.051000000000000000e+03
4.627000000000000000e+03 6.199000000000000000e+03
4.755000000000000000e+03 5.722000000000000000e+03
4.512000000000000000e+03 5.632000000000000000e+03
3.952000000000000000e+03 7.324000000000000000e+03
4.585000000000000000e+03 6.347000000000000000e+03
4.343000000000000000e+03 7.359000000000000000e+03
4.371000000000000000e+03 7.429000000000000000e+03
4.255000000000000000e+03 7.355000000000000000e+03
1.216000000000000000e+03 5.381000000000000000e+03
1.008000000000000000e+03 5.298000000000000000e+03
1.055000000000000000e+03 5.327000000000000000e+03
9.920000000000000000e+02 5.453000000000000000e+03
1.903000000000000000e+03 5.394000000000000000e+03
7.920000000000000000e+02 5.361000000000000000e+03
8.240000000000000000e+02 5.322000000000000000e+03
8.830000000000000000e+02 5.253000000000000000e+03
8.970000000000000000e+02 5.236000000000000000e+03
6.048000000000000000e+03 4.575000000000000000e+03
5.960000000000000000e+03 5.076000000000000000e+03
5.941000000000000000e+03 5.323000000000000000e+03
5.852000000000000000e+03 4.657000000000000000e+03
5.787000000000000000e+03 4.650000000000000000e+03
5.818000000000000000e+03 4.916000000000000000e+03
5.842000000000000000e+03 4.813000000000000000e+03
5.989000000000000000e+03 4.935000000000000000e+03
6.104000000000000000e+03 4.921000000000000000e+03
6.061000000000000000e+03 4.830000000000000000e+03
5.961000000000000000e+03 4.852000000000000000e+03
6.043000000000000000e+03 5.016000000000000000e+03
6.033000000000000000e+03 4.966000000000000000e+03
6.091000000000000000e+03 5.340000000000000000e+03
6.079000000000000000e+03 5.259000000000000000e+03
5.670000000000000000e+03 5.240000000000000000e+03
5.734000000000000000e+03 5.195000000000000000e+03
5.695000000000000000e+03 5.338000000000000000e+03
5.619000000000000000e+03 5.355000000000000000e+03
5.766000000000000000e+03 5.404000000000000000e+03
5.700000000000000000e+03 5.397000000000000000e+03
5.885000000000000000e+03 5.419000000000000000e+03
5.830000000000000000e+03 5.403000000000000000e+03
5.372000000000000000e+03 5.034000000000000000e+03
5.390000000000000000e+03 5.017000000000000000e+03
5.236000000000000000e+03 4.976000000000000000e+03
5.476000000000000000e+03 4.978000000000000000e+03
5.170000000000000000e+03 5.092000000000000000e+03
5.226000000000000000e+03 5.027000000000000000e+03
5.367000000000000000e+03 5.166000000000000000e+03
5.287000000000000000e+03 5.106000000000000000e+03
5.632000000000000000e+03 5.031000000000000000e+03
5.506000000000000000e+03 4.984000000000000000e+03
5.523000000000000000e+03 4.896000000000000000e+03
5.596000000000000000e+03 4.836000000000000000e+03
5.701000000000000000e+03 4.791000000000000000e+03
5.714000000000000000e+03 4.810000000000000000e+03
5.765000000000000000e+03 4.891000000000000000e+03
5.727000000000000000e+03 5.039000000000000000e+03
5.707000000000000000e+03 5.031000000000000000e+03
5.583000000000000000e+03 5.105000000000000000e+03
5.609000000000000000e+03 5.084000000000000000e+03
5.569000000000000000e+03 5.417000000000000000e+03
5.547000000000000000e+03 5.330000000000000000e+03
5.516000000000000000e+03 5.276000000000000000e+03
5.541000000000000000e+03 5.186000000000000000e+03
5.418000000000000000e+03 4.691000000000000000e+03
5.414000000000000000e+03 4.784000000000000000e+03
5.199000000000000000e+03 4.738000000000000000e+03
5.255000000000000000e+03 4.733000000000000000e+03
5.264000000000000000e+03 4.957000000000000000e+03
5.230000000000000000e+03 5.240000000000000000e+03
5.265000000000000000e+03 4.850000000000000000e+03
5.186000000000000000e+03 5.008000000000000000e+03
5.405000000000000000e+03 4.911000000000000000e+03
5.569000000000000000e+03 4.698000000000000000e+03
5.421000000000000000e+03 5.077000000000000000e+03
5.441000000000000000e+03 4.912000000000000000e+03
5.652000000000000000e+03 4.619000000000000000e+03
5.686000000000000000e+03 4.699000000000000000e+03
5.554000000000000000e+03 4.643000000000000000e+03
5.564000000000000000e+03 4.633000000000000000e+03
5.634000000000000000e+03 5.431000000000000000e+03
5.046000000000000000e+03 5.642000000000000000e+03
5.543000000000000000e+03 5.598000000000000000e+03
4.783000000000000000e+03 5.313000000000000000e+03
4.799000000000000000e+03 5.466000000000000000e+03
4.757000000000000000e+03 5.551000000000000000e+03
4.706000000000000000e+03 5.608000000000000000e+03
4.653000000000000000e+03 5.462000000000000000e+03
4.608000000000000000e+03 5.329000000000000000e+03
4.599000000000000000e+03 5.617000000000000000e+03
4.635000000000000000e+03 5.560000000000000000e+03
4.580000000000000000e+03 5.866000000000000000e+03
4.596000000000000000e+03 5.895000000000000000e+03
4.630000000000000000e+03 5.744000000000000000e+03
4.543000000000000000e+03 5.763000000000000000e+03
5.082000000000000000e+03 5.810000000000000000e+03
4.719000000000000000e+03 5.787000000000000000e+03
5.208000000000000000e+03 5.712000000000000000e+03
4.930000000000000000e+03 5.703000000000000000e+03
4.819000000000000000e+03 5.944000000000000000e+03
4.674000000000000000e+03 5.956000000000000000e+03
4.573000000000000000e+03 6.046000000000000000e+03
4.557000000000000000e+03 6.088000000000000000e+03
5.931000000000000000e+03 5.212000000000000000e+03
5.907000000000000000e+03 5.143000000000000000e+03
5.630000000000000000e+03 5.505000000000000000e+03
5.858000000000000000e+03 5.271000000000000000e+03
5.803000000000000000e+03 5.052000000000000000e+03
5.756000000000000000e+03 5.063000000000000000e+03
5.679000000000000000e+03 5.309000000000000000e+03
5.909000000000000000e+03 5.079000000000000000e+03
5.324000000000000000e+03 5.440000000000000000e+03
5.532000000000000000e+03 5.010000000000000000e+03
5.147000000000000000e+03 5.618000000000000000e+03
5.351000000000000000e+03 5.322000000000000000e+03
5.108000000000000000e+03 5.494000000000000000e+03
5.150000000000000000e+03 5.416000000000000000e+03
5.136000000000000000e+03 5.499000000000000000e+03
5.018000000000000000e+03 5.623000000000000000e+03
4.844000000000000000e+03 5.892000000000000000e+03
4.968000000000000000e+03 5.831000000000000000e+03
4.820000000000000000e+03 5.884000000000000000e+03
4.894000000000000000e+03 5.812000000000000000e+03
5.022000000000000000e+03 5.777000000000000000e+03
4.951000000000000000e+03 5.736000000000000000e+03
4.915000000000000000e+03 5.784000000000000000e+03
5.009000000000000000e+03 5.701000000000000000e+03
5.073000000000000000e+03 5.912000000000000000e+03
5.103000000000000000e+03 5.836000000000000000e+03
5.118000000000000000e+03 5.759000000000000000e+03
5.196000000000000000e+03 5.764000000000000000e+03
4.979000000000000000e+03 5.979000000000000000e+03
4.942000000000000000e+03 5.980000000000000000e+03
4.841000000000000000e+03 6.007000000000000000e+03
4.844000000000000000e+03 6.038000000000000000e+03
4.762000000000000000e+03 6.123000000000000000e+03
4.892000000000000000e+03 6.013000000000000000e+03
4.932000000000000000e+03 6.146000000000000000e+03
4.806000000000000000e+03 6.154000000000000000e+03
4.977000000000000000e+03 6.074000000000000000e+03
4.976000000000000000e+03 6.115000000000000000e+03
5.053000000000000000e+03 6.024000000000000000e+03
5.121000000000000000e+03 5.940000000000000000e+03
4.859000000000000000e+03 5.453000000000000000e+03
1.784000000000000000e+03 5.405000000000000000e+03
3.988000000000000000e+03 5.395000000000000000e+03
6.189000000000000000e+03 5.388000000000000000e+03
6.094000000000000000e+03 5.426000000000000000e+03
5.427000000000000000e+03 5.464000000000000000e+03
5.429000000000000000e+03 5.435000000000000000e+03
5.915000000000000000e+03 5.481000000000000000e+03
5.689000000000000000e+03 5.367000000000000000e+03
6.282000000000000000e+03 5.424000000000000000e+03
6.412000000000000000e+03 5.415000000000000000e+03
6.643000000000000000e+03 5.425000000000000000e+03
6.508000000000000000e+03 5.421000000000000000e+03
6.731000000000000000e+03 5.445000000000000000e+03
6.655000000000000000e+03 5.406000000000000000e+03
6.831000000000000000e+03 5.508000000000000000e+03
6.798000000000000000e+03 5.475000000000000000e+03
7.060000000000000000e+03 5.494000000000000000e+03
7.053000000000000000e+03 5.505000000000000000e+03
6.595000000000000000e+03 5.508000000000000000e+03
6.398000000000000000e+03 5.508000000000000000e+03
6.009000000000000000e+03 5.505000000000000000e+03
6.289000000000000000e+03 5.523000000000000000e+03
1.528000000000000000e+03 5.295000000000000000e+03
1.491000000000000000e+03 5.357000000000000000e+03
1.375000000000000000e+03 5.299000000000000000e+03
1.522000000000000000e+03 5.374000000000000000e+03
5.037000000000000000e+03 5.420000000000000000e+03
5.018000000000000000e+03 5.394000000000000000e+03
1.589000000000000000e+03 5.354000000000000000e+03
1.822000000000000000e+03 5.321000000000000000e+03
6.288000000000000000e+03 5.541000000000000000e+03
6.136000000000000000e+03 5.609000000000000000e+03
5.954000000000000000e+03 5.564000000000000000e+03
5.689000000000000000e+03 5.452000000000000000e+03
5.254000000000000000e+03 5.471000000000000000e+03
6.233000000000000000e+03 5.556000000000000000e+03
5.656000000000000000e+03 5.488000000000000000e+03
6.703000000000000000e+03 5.565000000000000000e+03
6.823000000000000000e+03 5.587000000000000000e+03
6.521000000000000000e+03 5.639000000000000000e+03
6.520000000000000000e+03 5.621000000000000000e+03
5.816000000000000000e+03 5.608000000000000000e+03
6.121000000000000000e+03 5.638000000000000000e+03
6.396000000000000000e+03 5.623000000000000000e+03
6.324000000000000000e+03 5.642000000000000000e+03
7.072000000000000000e+03 5.640000000000000000e+03
7.070000000000000000e+03 5.596000000000000000e+03
6.922000000000000000e+03 5.606000000000000000e+03
6.890000000000000000e+03 5.654000000000000000e+03
6.666000000000000000e+03 5.628000000000000000e+03
5.888000000000000000e+03 5.574000000000000000e+03
5.863000000000000000e+03 5.607000000000000000e+03
6.774000000000000000e+03 5.624000000000000000e+03
2.749000000000000000e+03 5.172000000000000000e+03
9.990000000000000000e+02 5.133000000000000000e+03
8.950000000000000000e+02 5.110000000000000000e+03
8.800000000000000000e+02 5.166000000000000000e+03
1.972000000000000000e+03 5.272000000000000000e+03
1.070000000000000000e+03 5.224000000000000000e+03
2.248000000000000000e+03 5.159000000000000000e+03
1.077000000000000000e+03 5.152000000000000000e+03
6.041000000000000000e+03 5.195000000000000000e+03
7.375000000000000000e+03 4.457000000000000000e+03
6.819000000000000000e+03 4.455000000000000000e+03
7.115000000000000000e+03 5.416000000000000000e+03
6.436000000000000000e+03 5.448000000000000000e+03
6.596000000000000000e+03 5.444000000000000000e+03
6.331000000000000000e+03 5.397000000000000000e+03
7.413000000000000000e+03 4.746000000000000000e+03
7.389000000000000000e+03 4.846000000000000000e+03
7.459000000000000000e+03 4.827000000000000000e+03
7.425000000000000000e+03 4.897000000000000000e+03
7.322000000000000000e+03 4.597000000000000000e+03
7.461000000000000000e+03 4.597000000000000000e+03
7.373000000000000000e+03 4.621000000000000000e+03
7.409000000000000000e+03 4.740000000000000000e+03
7.095000000000000000e+03 5.480000000000000000e+03
7.238000000000000000e+03 5.455000000000000000e+03
6.713000000000000000e+03 5.194000000000000000e+03
7.303000000000000000e+03 5.426000000000000000e+03
7.379000000000000000e+03 5.527000000000000000e+03
7.261000000000000000e+03 5.520000000000000000e+03
7.424000000000000000e+03 5.453000000000000000e+03
7.402000000000000000e+03 5.436000000000000000e+03
7.411000000000000000e+03 5.345000000000000000e+03
7.449000000000000000e+03 5.293000000000000000e+03
7.426000000000000000e+03 5.216000000000000000e+03
7.346000000000000000e+03 5.242000000000000000e+03
7.460000000000000000e+03 5.003000000000000000e+03
7.397000000000000000e+03 5.043000000000000000e+03
7.425000000000000000e+03 5.173000000000000000e+03
7.430000000000000000e+03 5.066000000000000000e+03
6.487000000000000000e+03 5.255000000000000000e+03
6.681000000000000000e+03 5.324000000000000000e+03
6.805000000000000000e+03 5.363000000000000000e+03
6.901000000000000000e+03 5.331000000000000000e+03
7.098000000000000000e+03 5.336000000000000000e+03
7.024000000000000000e+03 5.321000000000000000e+03
7.192000000000000000e+03 5.326000000000000000e+03
7.192000000000000000e+03 5.260000000000000000e+03
6.921000000000000000e+03 5.223000000000000000e+03
6.674000000000000000e+03 5.243000000000000000e+03
6.249000000000000000e+03 5.237000000000000000e+03
6.792000000000000000e+03 5.206000000000000000e+03
7.179000000000000000e+03 5.204000000000000000e+03
7.209000000000000000e+03 5.199000000000000000e+03
7.028000000000000000e+03 5.252000000000000000e+03
7.041000000000000000e+03 5.186000000000000000e+03
6.645000000000000000e+03 5.256000000000000000e+03
6.723000000000000000e+03 5.267000000000000000e+03
6.518000000000000000e+03 5.270000000000000000e+03
6.524000000000000000e+03 5.309000000000000000e+03
6.424000000000000000e+03 5.313000000000000000e+03
6.374000000000000000e+03 5.293000000000000000e+03
5.897000000000000000e+03 5.358000000000000000e+03
5.682000000000000000e+03 5.429000000000000000e+03
6.418000000000000000e+03 5.255000000000000000e+03
6.535000000000000000e+03 5.219000000000000000e+03
6.025000000000000000e+03 5.349000000000000000e+03
6.094000000000000000e+03 5.303000000000000000e+03
6.696000000000000000e+03 5.219000000000000000e+03
6.174000000000000000e+03 5.201000000000000000e+03
6.280000000000000000e+03 5.188000000000000000e+03
5.919000000000000000e+03 5.206000000000000000e+03
6.748000000000000000e+03 2.089000000000000000e+03
2.236000000000000000e+03 1.298000000000000000e+03
2.564000000000000000e+03 1.410000000000000000e+03
7.213000000000000000e+03 2.320000000000000000e+03
7.249000000000000000e+03 2.247000000000000000e+03
7.157000000000000000e+03 2.267000000000000000e+03
7.140000000000000000e+03 2.305000000000000000e+03
6.476000000000000000e+03 2.277000000000000000e+03
6.756000000000000000e+03 2.254000000000000000e+03
7.077000000000000000e+03 2.274000000000000000e+03
7.056000000000000000e+03 2.241000000000000000e+03
7.022000000000000000e+03 2.312000000000000000e+03
6.914000000000000000e+03 2.279000000000000000e+03
6.774000000000000000e+03 2.334000000000000000e+03
6.473000000000000000e+03 2.339000000000000000e+03
2.281000000000000000e+03 1.659000000000000000e+03
2.575000000000000000e+03 1.686000000000000000e+03
2.762000000000000000e+03 1.802000000000000000e+03
2.220000000000000000e+03 1.701000000000000000e+03
2.091000000000000000e+03 1.612000000000000000e+03
2.082000000000000000e+03 1.733000000000000000e+03
2.172000000000000000e+03 1.784000000000000000e+03
2.120000000000000000e+03 1.632000000000000000e+03
2.123000000000000000e+03 1.231000000000000000e+03
2.177000000000000000e+03 1.234000000000000000e+03
2.069000000000000000e+03 1.191000000000000000e+03
2.051000000000000000e+03 1.237000000000000000e+03
2.027000000000000000e+03 1.328000000000000000e+03
2.075000000000000000e+03 1.192000000000000000e+03
2.122000000000000000e+03 1.363000000000000000e+03
2.108000000000000000e+03 1.363000000000000000e+03
7.272000000000000000e+03 1.611000000000000000e+03
7.290000000000000000e+03 1.817000000000000000e+03
6.996000000000000000e+03 1.889000000000000000e+03
7.351000000000000000e+03 1.757000000000000000e+03
7.390000000000000000e+03 1.900000000000000000e+03
7.284000000000000000e+03 1.564000000000000000e+03
7.308000000000000000e+03 1.631000000000000000e+03
7.398000000000000000e+03 2.068000000000000000e+03
6.994000000000000000e+03 2.190000000000000000e+03
7.337000000000000000e+03 2.078000000000000000e+03
7.343000000000000000e+03 2.149000000000000000e+03
7.407000000000000000e+03 1.951000000000000000e+03
7.357000000000000000e+03 1.864000000000000000e+03
6.277000000000000000e+03 2.130000000000000000e+03
6.330000000000000000e+03 2.126000000000000000e+03
6.882000000000000000e+03 2.426000000000000000e+03
6.968000000000000000e+03 2.404000000000000000e+03
7.142000000000000000e+03 2.463000000000000000e+03
7.233000000000000000e+03 2.447000000000000000e+03
6.796000000000000000e+03 2.290000000000000000e+03
6.500000000000000000e+03 2.273000000000000000e+03
6.806000000000000000e+03 2.309000000000000000e+03
6.707000000000000000e+03 2.352000000000000000e+03
7.392000000000000000e+03 1.491000000000000000e+03
7.323000000000000000e+03 1.429000000000000000e+03
7.349000000000000000e+03 1.581000000000000000e+03
7.397000000000000000e+03 1.796000000000000000e+03
7.336000000000000000e+03 1.381000000000000000e+03
7.287000000000000000e+03 1.114000000000000000e+03
7.364000000000000000e+03 1.267000000000000000e+03
7.398000000000000000e+03 1.387000000000000000e+03
3.707000000000000000e+03 1.477000000000000000e+03
3.299000000000000000e+03 1.441000000000000000e+03
2.180000000000000000e+03 1.081000000000000000e+03
2.245000000000000000e+03 8.270000000000000000e+02
2.202000000000000000e+03 8.810000000000000000e+02
2.158000000000000000e+03 8.810000000000000000e+02
2.168000000000000000e+03 9.640000000000000000e+02
3.813000000000000000e+03 1.976000000000000000e+03
4.420000000000000000e+03 1.990000000000000000e+03
2.263000000000000000e+03 1.097000000000000000e+03
2.318000000000000000e+03 1.073000000000000000e+03
2.252000000000000000e+03 1.190000000000000000e+03
2.250000000000000000e+03 1.118000000000000000e+03
4.304000000000000000e+03 1.950000000000000000e+03
3.905000000000000000e+03 1.949000000000000000e+03
3.260000000000000000e+03 6.820000000000000000e+02
4.881000000000000000e+03 8.940000000000000000e+02
4.190000000000000000e+03 5.000000000000000000e+02
3.677000000000000000e+03 7.400000000000000000e+02
6.713000000000000000e+03 4.130000000000000000e+02
7.248000000000000000e+03 4.850000000000000000e+02
3.189000000000000000e+03 1.315000000000000000e+03
3.027000000000000000e+03 9.600000000000000000e+02
2.301000000000000000e+03 5.890000000000000000e+02
5.810000000000000000e+03 3.490000000000000000e+02
2.247000000000000000e+03 9.440000000000000000e+02
2.291000000000000000e+03 9.100000000000000000e+02
2.311000000000000000e+03 8.020000000000000000e+02
2.363000000000000000e+03 9.060000000000000000e+02
4.232000000000000000e+03 2.840000000000000000e+02
4.760000000000000000e+03 5.470000000000000000e+02
1.966000000000000000e+03 2.404000000000000000e+03
1.994000000000000000e+03 2.368000000000000000e+03
2.384000000000000000e+03 2.470000000000000000e+03
2.064000000000000000e+03 2.356000000000000000e+03
1.941000000000000000e+03 2.129000000000000000e+03
1.823000000000000000e+03 2.324000000000000000e+03
1.860000000000000000e+03 2.323000000000000000e+03
3.358000000000000000e+03 2.381000000000000000e+03
2.241000000000000000e+03 2.047000000000000000e+03
2.201000000000000000e+03 2.004000000000000000e+03
2.169000000000000000e+03 1.938000000000000000e+03
2.045000000000000000e+03 1.922000000000000000e+03
1.730000000000000000e+03 2.306000000000000000e+03
2.825000000000000000e+03 2.318000000000000000e+03
1.924000000000000000e+03 1.990000000000000000e+03
2.540000000000000000e+03 2.225000000000000000e+03
2.231000000000000000e+03 2.094000000000000000e+03
3.497000000000000000e+03 2.100000000000000000e+03
2.814000000000000000e+03 1.906000000000000000e+03
2.364000000000000000e+03 1.712000000000000000e+03
2.230000000000000000e+03 1.423000000000000000e+03
2.165000000000000000e+03 1.451000000000000000e+03
2.178000000000000000e+03 1.505000000000000000e+03
2.041000000000000000e+03 1.518000000000000000e+03
2.218000000000000000e+03 2.209000000000000000e+03
2.266000000000000000e+03 2.245000000000000000e+03
2.117000000000000000e+03 2.100000000000000000e+03
2.127000000000000000e+03 2.097000000000000000e+03
2.245000000000000000e+03 2.282000000000000000e+03
2.213000000000000000e+03 2.382000000000000000e+03
2.242000000000000000e+03 2.336000000000000000e+03
3.498000000000000000e+03 2.436000000000000000e+03
6.200000000000000000e+03 2.631000000000000000e+03
6.240000000000000000e+03 2.704000000000000000e+03
6.220000000000000000e+03 2.710000000000000000e+03
6.615000000000000000e+03 2.707000000000000000e+03
6.549000000000000000e+03 2.770000000000000000e+03
6.401000000000000000e+03 2.751000000000000000e+03
6.399000000000000000e+03 2.714000000000000000e+03
6.278000000000000000e+03 2.425000000000000000e+03
6.371000000000000000e+03 2.477000000000000000e+03
6.235000000000000000e+03 2.431000000000000000e+03
6.152000000000000000e+03 2.399000000000000000e+03
6.518000000000000000e+03 2.404000000000000000e+03
6.556000000000000000e+03 2.471000000000000000e+03
6.470000000000000000e+03 2.393000000000000000e+03
6.448000000000000000e+03 2.449000000000000000e+03
6.159000000000000000e+03 2.495000000000000000e+03
6.144000000000000000e+03 2.457000000000000000e+03
6.327000000000000000e+03 2.596000000000000000e+03
6.210000000000000000e+03 2.498000000000000000e+03
6.601000000000000000e+03 2.522000000000000000e+03
6.538000000000000000e+03 2.640000000000000000e+03
6.311000000000000000e+03 2.591000000000000000e+03
6.463000000000000000e+03 2.572000000000000000e+03
6.605000000000000000e+03 2.374000000000000000e+03
6.643000000000000000e+03 2.470000000000000000e+03
6.604000000000000000e+03 2.374000000000000000e+03
6.607000000000000000e+03 2.239000000000000000e+03
6.405000000000000000e+03 2.332000000000000000e+03
6.472000000000000000e+03 2.297000000000000000e+03
6.294000000000000000e+03 2.291000000000000000e+03
6.225000000000000000e+03 2.222000000000000000e+03
6.601000000000000000e+03 2.660000000000000000e+03
6.673000000000000000e+03 2.573000000000000000e+03
6.578000000000000000e+03 2.511000000000000000e+03
6.299000000000000000e+03 2.971000000000000000e+03
6.253000000000000000e+03 2.907000000000000000e+03
6.295000000000000000e+03 2.894000000000000000e+03
6.304000000000000000e+03 2.991000000000000000e+03
6.868000000000000000e+03 2.473000000000000000e+03
6.840000000000000000e+03 2.510000000000000000e+03
6.945000000000000000e+03 2.514000000000000000e+03
6.991000000000000000e+03 2.533000000000000000e+03
6.262000000000000000e+03 2.552000000000000000e+03
6.893000000000000000e+03 2.621000000000000000e+03
7.091000000000000000e+03 2.549000000000000000e+03
7.181000000000000000e+03 2.571000000000000000e+03
6.345000000000000000e+03 3.069000000000000000e+03
6.188000000000000000e+03 3.095000000000000000e+03
6.234000000000000000e+03 2.789000000000000000e+03
6.324000000000000000e+03 2.859000000000000000e+03
6.459000000000000000e+03 3.150000000000000000e+03
6.549000000000000000e+03 2.953000000000000000e+03
6.694000000000000000e+03 2.787000000000000000e+03
6.580000000000000000e+03 3.041000000000000000e+03
6.337000000000000000e+03 3.342000000000000000e+03
6.420000000000000000e+03 3.267000000000000000e+03
6.514000000000000000e+03 2.969000000000000000e+03
6.409000000000000000e+03 3.270000000000000000e+03
6.615000000000000000e+03 3.267000000000000000e+03
6.561000000000000000e+03 3.253000000000000000e+03
6.706000000000000000e+03 3.289000000000000000e+03
6.682000000000000000e+03 3.311000000000000000e+03
7.036000000000000000e+03 3.089000000000000000e+03
6.806000000000000000e+03 3.068000000000000000e+03
6.800000000000000000e+03 3.127000000000000000e+03
6.865000000000000000e+03 2.920000000000000000e+03
6.891000000000000000e+03 2.912000000000000000e+03
6.775000000000000000e+03 2.948000000000000000e+03
6.787000000000000000e+03 2.896000000000000000e+03
6.992000000000000000e+03 2.967000000000000000e+03
6.969000000000000000e+03 2.984000000000000000e+03
7.109000000000000000e+03 2.974000000000000000e+03
7.079000000000000000e+03 3.022000000000000000e+03
7.242000000000000000e+03 3.021000000000000000e+03
7.209000000000000000e+03 3.065000000000000000e+03
6.995000000000000000e+03 3.039000000000000000e+03
6.792000000000000000e+03 3.075000000000000000e+03
6.877000000000000000e+03 3.282000000000000000e+03
6.930000000000000000e+03 3.345000000000000000e+03
6.838000000000000000e+03 3.323000000000000000e+03
6.808000000000000000e+03 3.239000000000000000e+03
6.885000000000000000e+03 3.135000000000000000e+03
6.891000000000000000e+03 3.199000000000000000e+03
6.851000000000000000e+03 3.134000000000000000e+03
6.789000000000000000e+03 3.065000000000000000e+03
6.462000000000000000e+03 3.204000000000000000e+03
6.404000000000000000e+03 3.195000000000000000e+03
6.307000000000000000e+03 3.244000000000000000e+03
6.264000000000000000e+03 3.258000000000000000e+03
6.191000000000000000e+03 3.165000000000000000e+03
6.220000000000000000e+03 3.131000000000000000e+03
6.244000000000000000e+03 3.105000000000000000e+03
6.325000000000000000e+03 3.108000000000000000e+03
6.648000000000000000e+03 3.105000000000000000e+03
6.582000000000000000e+03 3.160000000000000000e+03
6.703000000000000000e+03 3.024000000000000000e+03
6.673000000000000000e+03 3.048000000000000000e+03
6.504000000000000000e+03 2.968000000000000000e+03
6.504000000000000000e+03 3.072000000000000000e+03
6.598000000000000000e+03 2.919000000000000000e+03
6.635000000000000000e+03 2.970000000000000000e+03
6.783000000000000000e+03 2.806000000000000000e+03
6.961000000000000000e+03 2.813000000000000000e+03
6.931000000000000000e+03 2.845000000000000000e+03
6.606000000000000000e+03 2.740000000000000000e+03
6.844000000000000000e+03 2.787000000000000000e+03
6.787000000000000000e+03 2.765000000000000000e+03
6.780000000000000000e+03 2.804000000000000000e+03
6.497000000000000000e+03 2.899000000000000000e+03
6.490000000000000000e+03 2.579000000000000000e+03
7.057000000000000000e+03 2.821000000000000000e+03
6.922000000000000000e+03 2.632000000000000000e+03
6.619000000000000000e+03 2.644000000000000000e+03
7.109000000000000000e+03 2.875000000000000000e+03
7.170000000000000000e+03 2.862000000000000000e+03
7.179000000000000000e+03 2.851000000000000000e+03
7.249000000000000000e+03 2.818000000000000000e+03
7.204000000000000000e+03 2.610000000000000000e+03
7.201000000000000000e+03 2.667000000000000000e+03
6.824000000000000000e+03 2.716000000000000000e+03
7.139000000000000000e+03 2.724000000000000000e+03
6.911000000000000000e+03 2.687000000000000000e+03
7.028000000000000000e+03 2.726000000000000000e+03
6.202000000000000000e+03 2.720000000000000000e+03
6.041000000000000000e+03 2.676000000000000000e+03
5.377000000000000000e+03 3.084000000000000000e+03
5.140000000000000000e+03 2.925000000000000000e+03
5.054000000000000000e+03 2.975000000000000000e+03
5.612000000000000000e+03 2.812000000000000000e+03
5.615000000000000000e+03 2.860000000000000000e+03
5.299000000000000000e+03 2.968000000000000000e+03
5.265000000000000000e+03 3.110000000000000000e+03
5.923000000000000000e+03 2.975000000000000000e+03
5.923000000000000000e+03 3.041000000000000000e+03
6.009000000000000000e+03 3.093000000000000000e+03
6.049000000000000000e+03 3.076000000000000000e+03
5.670000000000000000e+03 3.925000000000000000e+03
5.410000000000000000e+03 3.713000000000000000e+03
5.870000000000000000e+03 2.952000000000000000e+03
5.806000000000000000e+03 2.897000000000000000e+03
5.751000000000000000e+03 3.000000000000000000e+03
5.684000000000000000e+03 3.017000000000000000e+03
5.513000000000000000e+03 3.033000000000000000e+03
5.518000000000000000e+03 2.953000000000000000e+03
5.413000000000000000e+03 2.952000000000000000e+03
5.247000000000000000e+03 3.708000000000000000e+03
5.272000000000000000e+03 2.956000000000000000e+03
5.310000000000000000e+03 3.060000000000000000e+03
5.229000000000000000e+03 2.788000000000000000e+03
5.207000000000000000e+03 2.827000000000000000e+03
5.450000000000000000e+03 2.800000000000000000e+03
5.308000000000000000e+03 2.784000000000000000e+03
5.513000000000000000e+03 2.842000000000000000e+03
5.570000000000000000e+03 2.848000000000000000e+03
5.837000000000000000e+03 2.944000000000000000e+03
5.801000000000000000e+03 2.896000000000000000e+03
5.449000000000000000e+03 2.831000000000000000e+03
5.092000000000000000e+03 3.524000000000000000e+03
5.027000000000000000e+03 3.588000000000000000e+03
5.618000000000000000e+03 2.586000000000000000e+03
5.703000000000000000e+03 2.642000000000000000e+03
5.585000000000000000e+03 2.555000000000000000e+03
5.490000000000000000e+03 2.509000000000000000e+03
5.658000000000000000e+03 3.267000000000000000e+03
5.888000000000000000e+03 2.629000000000000000e+03
5.842000000000000000e+03 2.638000000000000000e+03
5.839000000000000000e+03 2.642000000000000000e+03
5.896000000000000000e+03 3.162000000000000000e+03
5.988000000000000000e+03 2.676000000000000000e+03
5.965000000000000000e+03 2.727000000000000000e+03
6.040000000000000000e+03 2.833000000000000000e+03
5.642000000000000000e+03 2.728000000000000000e+03
5.633000000000000000e+03 2.711000000000000000e+03
5.732000000000000000e+03 2.692000000000000000e+03
5.073000000000000000e+03 4.097000000000000000e+03
5.773000000000000000e+03 2.760000000000000000e+03
5.855000000000000000e+03 2.736000000000000000e+03
5.916000000000000000e+03 2.855000000000000000e+03
5.966000000000000000e+03 2.828000000000000000e+03
5.298000000000000000e+03 3.407000000000000000e+03
5.253000000000000000e+03 3.356000000000000000e+03
5.298000000000000000e+03 3.692000000000000000e+03
5.385000000000000000e+03 2.680000000000000000e+03
5.506000000000000000e+03 2.702000000000000000e+03
5.481000000000000000e+03 2.724000000000000000e+03
5.229000000000000000e+03 3.365000000000000000e+03
5.209000000000000000e+03 3.411000000000000000e+03
5.230000000000000000e+03 3.381000000000000000e+03
4.888000000000000000e+03 3.162000000000000000e+03
4.953000000000000000e+03 3.240000000000000000e+03
5.046000000000000000e+03 3.228000000000000000e+03
5.023000000000000000e+03 3.296000000000000000e+03
5.093000000000000000e+03 3.273000000000000000e+03
5.269000000000000000e+03 3.285000000000000000e+03
5.549000000000000000e+03 3.318000000000000000e+03
5.487000000000000000e+03 3.330000000000000000e+03
5.652000000000000000e+03 3.291000000000000000e+03
5.543000000000000000e+03 3.396000000000000000e+03
5.033000000000000000e+03 4.271000000000000000e+03
5.359000000000000000e+03 3.327000000000000000e+03
5.317000000000000000e+03 3.250000000000000000e+03
5.376000000000000000e+03 3.348000000000000000e+03
5.099000000000000000e+03 3.165000000000000000e+03
5.143000000000000000e+03 3.154000000000000000e+03
4.993000000000000000e+03 3.185000000000000000e+03
4.880000000000000000e+03 3.073000000000000000e+03
4.875000000000000000e+03 3.195000000000000000e+03
4.991000000000000000e+03 3.006000000000000000e+03
5.038000000000000000e+03 3.083000000000000000e+03
4.134000000000000000e+03 4.762000000000000000e+03
5.771000000000000000e+03 3.233000000000000000e+03
5.779000000000000000e+03 3.231000000000000000e+03
5.238000000000000000e+03 3.491000000000000000e+03
5.497000000000000000e+03 3.204000000000000000e+03
6.019000000000000000e+03 3.176000000000000000e+03
5.961000000000000000e+03 3.189000000000000000e+03
5.979000000000000000e+03 3.251000000000000000e+03
5.961000000000000000e+03 3.287000000000000000e+03
5.739000000000000000e+03 3.346000000000000000e+03
5.707000000000000000e+03 3.355000000000000000e+03
5.865000000000000000e+03 3.360000000000000000e+03
5.811000000000000000e+03 3.298000000000000000e+03
5.258000000000000000e+03 3.344000000000000000e+03
5.347000000000000000e+03 3.243000000000000000e+03
5.502000000000000000e+03 3.350000000000000000e+03
5.455000000000000000e+03 3.333000000000000000e+03
5.272000000000000000e+03 3.182000000000000000e+03
5.019000000000000000e+03 3.077000000000000000e+03
5.139000000000000000e+03 3.046000000000000000e+03
5.108000000000000000e+03 3.065000000000000000e+03
4.920000000000000000e+03 3.341000000000000000e+03
4.916000000000000000e+03 3.243000000000000000e+03
5.119000000000000000e+03 3.359000000000000000e+03
5.058000000000000000e+03 3.379000000000000000e+03
5.431000000000000000e+03 3.155000000000000000e+03
5.361000000000000000e+03 3.124000000000000000e+03
5.251000000000000000e+03 3.140000000000000000e+03
5.171000000000000000e+03 3.091000000000000000e+03
5.858000000000000000e+03 3.160000000000000000e+03
5.880000000000000000e+03 3.134000000000000000e+03
5.614000000000000000e+03 3.139000000000000000e+03
5.577000000000000000e+03 3.067000000000000000e+03
5.719000000000000000e+03 3.208000000000000000e+03
5.595000000000000000e+03 3.162000000000000000e+03
5.289000000000000000e+03 3.006000000000000000e+03
5.593000000000000000e+03 3.077000000000000000e+03
5.438000000000000000e+03 3.056000000000000000e+03
5.550000000000000000e+03 3.100000000000000000e+03
5.144000000000000000e+03 3.219000000000000000e+03
5.162000000000000000e+03 3.292000000000000000e+03
7.265000000000000000e+03 2.940000000000000000e+03
7.380000000000000000e+03 2.829000000000000000e+03
7.404000000000000000e+03 3.078000000000000000e+03
6.887000000000000000e+03 3.217000000000000000e+03
7.419000000000000000e+03 2.829000000000000000e+03
7.412000000000000000e+03 3.081000000000000000e+03
7.121000000000000000e+03 2.937000000000000000e+03
7.031000000000000000e+03 3.219000000000000000e+03
7.024000000000000000e+03 3.313000000000000000e+03
7.061000000000000000e+03 3.302000000000000000e+03
7.131000000000000000e+03 3.317000000000000000e+03
7.132000000000000000e+03 3.356000000000000000e+03
7.169000000000000000e+03 3.270000000000000000e+03
7.198000000000000000e+03 3.235000000000000000e+03
7.197000000000000000e+03 3.169000000000000000e+03
7.401000000000000000e+03 2.690000000000000000e+03
7.417000000000000000e+03 2.519000000000000000e+03
7.253000000000000000e+03 2.767000000000000000e+03
7.378000000000000000e+03 2.699000000000000000e+03
7.220000000000000000e+03 2.670000000000000000e+03
7.435000000000000000e+03 2.544000000000000000e+03
7.452000000000000000e+03 2.612000000000000000e+03
7.295000000000000000e+03 2.610000000000000000e+03
7.445000000000000000e+03 2.290000000000000000e+03
7.280000000000000000e+03 2.637000000000000000e+03
7.387000000000000000e+03 2.568000000000000000e+03
7.430000000000000000e+03 2.729000000000000000e+03
7.346000000000000000e+03 2.655000000000000000e+03
7.373000000000000000e+03 2.439000000000000000e+03
7.342000000000000000e+03 2.548000000000000000e+03
7.378000000000000000e+03 2.362000000000000000e+03
7.361000000000000000e+03 3.374000000000000000e+03
7.313000000000000000e+03 3.424000000000000000e+03
7.372000000000000000e+03 3.350000000000000000e+03
7.340000000000000000e+03 3.279000000000000000e+03
7.315000000000000000e+03 3.509000000000000000e+03
7.339000000000000000e+03 3.461000000000000000e+03
7.353000000000000000e+03 3.427000000000000000e+03
7.384000000000000000e+03 3.601000000000000000e+03
7.372000000000000000e+03 3.400000000000000000e+03
7.304000000000000000e+03 3.515000000000000000e+03
7.394000000000000000e+03 3.372000000000000000e+03
7.336000000000000000e+03 3.589000000000000000e+03
7.371000000000000000e+03 3.542000000000000000e+03
7.282000000000000000e+03 3.741000000000000000e+03
7.392000000000000000e+03 3.595000000000000000e+03
7.390000000000000000e+03 3.821000000000000000e+03
7.386000000000000000e+03 3.833000000000000000e+03
7.424000000000000000e+03 3.773000000000000000e+03
7.410000000000000000e+03 3.646000000000000000e+03
7.449000000000000000e+03 3.750000000000000000e+03
7.394000000000000000e+03 4.140000000000000000e+03
7.418000000000000000e+03 4.139000000000000000e+03
7.400000000000000000e+03 3.820000000000000000e+03
7.377000000000000000e+03 4.236000000000000000e+03
7.322000000000000000e+03 3.716000000000000000e+03
7.416000000000000000e+03 4.330000000000000000e+03
7.371000000000000000e+03 3.847000000000000000e+03
7.234000000000000000e+03 3.447000000000000000e+03
7.450000000000000000e+03 3.479000000000000000e+03
7.449000000000000000e+03 3.332000000000000000e+03
7.453000000000000000e+03 3.313000000000000000e+03
1.832000000000000000e+03 5.156000000000000000e+03
1.982000000000000000e+03 5.303000000000000000e+03
1.961000000000000000e+03 5.212000000000000000e+03
1.950000000000000000e+03 5.265000000000000000e+03
2.292000000000000000e+03 5.367000000000000000e+03
2.048000000000000000e+03 4.182000000000000000e+03
2.161000000000000000e+03 5.221000000000000000e+03
2.090000000000000000e+03 5.160000000000000000e+03
2.113000000000000000e+03 5.025000000000000000e+03
2.076000000000000000e+03 5.323000000000000000e+03
2.144000000000000000e+03 5.310000000000000000e+03
2.033000000000000000e+03 5.357000000000000000e+03
1.902000000000000000e+03 5.356000000000000000e+03
1.784000000000000000e+03 5.311000000000000000e+03
1.833000000000000000e+03 5.269000000000000000e+03
3.874000000000000000e+03 4.435000000000000000e+03
4.476000000000000000e+03 3.999000000000000000e+03
3.606000000000000000e+03 3.720000000000000000e+03
3.079000000000000000e+03 3.198000000000000000e+03
2.304000000000000000e+03 2.548000000000000000e+03
2.806000000000000000e+03 2.791000000000000000e+03
5.035000000000000000e+03 3.584000000000000000e+03
5.206000000000000000e+03 3.818000000000000000e+03
1.691000000000000000e+03 4.341000000000000000e+03
1.728000000000000000e+03 3.742000000000000000e+03
1.727000000000000000e+03 2.806000000000000000e+03
1.870000000000000000e+03 2.851000000000000000e+03
2.929000000000000000e+03 3.843000000000000000e+03
3.250000000000000000e+03 3.591000000000000000e+03
3.511000000000000000e+03 3.538000000000000000e+03
3.450000000000000000e+03 3.785000000000000000e+03
2.388000000000000000e+03 5.118000000000000000e+03
2.329000000000000000e+03 5.162000000000000000e+03
2.495000000000000000e+03 5.254000000000000000e+03
2.411000000000000000e+03 5.281000000000000000e+03
2.187000000000000000e+03 5.189000000000000000e+03
2.210000000000000000e+03 5.285000000000000000e+03
2.271000000000000000e+03 5.294000000000000000e+03
2.353000000000000000e+03 5.284000000000000000e+03
2.078000000000000000e+03 5.124000000000000000e+03
1.950000000000000000e+03 5.120000000000000000e+03
2.243000000000000000e+03 5.149000000000000000e+03
2.144000000000000000e+03 5.121000000000000000e+03
1.714000000000000000e+03 5.150000000000000000e+03
1.678000000000000000e+03 5.149000000000000000e+03
1.859000000000000000e+03 5.104000000000000000e+03
1.842000000000000000e+03 5.133000000000000000e+03
2.209000000000000000e+03 5.156000000000000000e+03
2.889000000000000000e+03 5.247000000000000000e+03
2.158000000000000000e+03 5.133000000000000000e+03
1.888000000000000000e+03 5.065000000000000000e+03
4.570000000000000000e+03 4.499000000000000000e+03
1.548000000000000000e+03 5.166000000000000000e+03
1.646000000000000000e+03 5.114000000000000000e+03
2.978000000000000000e+03 5.069000000000000000e+03
1.193000000000000000e+03 5.103000000000000000e+03
1.240000000000000000e+03 5.156000000000000000e+03
1.130000000000000000e+03 5.122000000000000000e+03
1.310000000000000000e+03 5.188000000000000000e+03
1.377000000000000000e+03 5.115000000000000000e+03
1.352000000000000000e+03 5.116000000000000000e+03
1.450000000000000000e+03 5.181000000000000000e+03
1.410000000000000000e+03 5.201000000000000000e+03
6.023000000000000000e+03 3.980000000000000000e+03
5.672000000000000000e+03 5.690000000000000000e+03
4.862000000000000000e+03 3.410000000000000000e+03
2.560000000000000000e+02 4.300000000000000000e+02
5.210000000000000000e+02 5.450000000000000000e+03
7.960000000000000000e+02 2.570000000000000000e+03
2.362000000000000000e+03 2.900000000000000000e+02
7.442000000000000000e+03 0.000000000000000000e+00
-1.200000000000000000e+01 0.000000000000000000e+00
-4.000000000000000000e+00 0.000000000000000000e+00
