6.742000000000000000e+03 6.727000000000000000e+03
6.676000000000000000e+03 6.780000000000000000e+03
6.693000000000000000e+03 6.707000000000000000e+03
6.896000000000000000e+03 6.731000000000000000e+03
6.802000000000000000e+03 6.629000000000000000e+03
6.837000000000000000e+03 6.825000000000000000e+03
6.865000000000000000e+03 6.809000000000000000e+03
6.634000000000000000e+03 7.130000000000000000e+03
6.704000000000000000e+03 7.059000000000000000e+03
6.764000000000000000e+03 7.019000000000000000e+03
6.463000000000000000e+03 6.649000000000000000e+03
6.894000000000000000e+03 7.096000000000000000e+03
6.960000000000000000e+03 7.041000000000000000e+03
6.866000000000000000e+03 6.970000000000000000e+03
6.876000000000000000e+03 6.971000000000000000e+03
6.850000000000000000e+03 7.305000000000000000e+03
6.871000000000000000e+03 7.373000000000000000e+03
6.717000000000000000e+03 7.368000000000000000e+03
6.622000000000000000e+03 7.051000000000000000e+03
6.494000000000000000e+03 7.360000000000000000e+03
6.573000000000000000e+03 7.342000000000000000e+03
6.393000000000000000e+03 7.359000000000000000e+03
6.323000000000000000e+03 7.320000000000000000e+03
6.405000000000000000e+03 6.321000000000000000e+03
6.667000000000000000e+03 7.219000000000000000e+03
6.476000000000000000e+03 7.273000000000000000e+03
6.135000000000000000e+03 6.685000000000000000e+03
6.621000000000000000e+03 6.279000000000000000e+03
6.776000000000000000e+03 7.192000000000000000e+03
6.873000000000000000e+03 7.206000000000000000e+03
6.930000000000000000e+03 7.184000000000000000e+03
6.988000000000000000e+03 5.628000000000000000e+03
6.990000000000000000e+03 5.670000000000000000e+03
6.964000000000000000e+03 5.763000000000000000e+03
6.943000000000000000e+03 5.805000000000000000e+03
6.937000000000000000e+03 5.968000000000000000e+03
6.943000000000000000e+03 6.114000000000000000e+03
6.926000000000000000e+03 6.043000000000000000e+03
7.076000000000000000e+03 5.868000000000000000e+03
7.025000000000000000e+03 5.887000000000000000e+03
7.074000000000000000e+03 5.692000000000000000e+03
6.939000000000000000e+03 5.593000000000000000e+03
7.208000000000000000e+03 6.002000000000000000e+03
7.073000000000000000e+03 5.865000000000000000e+03
7.163000000000000000e+03 6.113000000000000000e+03
7.081000000000000000e+03 6.099000000000000000e+03
7.207000000000000000e+03 5.903000000000000000e+03
7.380000000000000000e+03 5.506000000000000000e+03
7.286000000000000000e+03 5.614000000000000000e+03
7.204000000000000000e+03 5.448000000000000000e+03
7.332000000000000000e+03 5.990000000000000000e+03
7.432000000000000000e+03 5.992000000000000000e+03
7.443000000000000000e+03 5.860000000000000000e+03
7.405000000000000000e+03 5.841000000000000000e+03
7.265000000000000000e+03 5.924000000000000000e+03
7.305000000000000000e+03 5.863000000000000000e+03
7.213000000000000000e+03 5.860000000000000000e+03
7.179000000000000000e+03 5.785000000000000000e+03
7.157000000000000000e+03 5.622000000000000000e+03
7.082000000000000000e+03 5.565000000000000000e+03
7.187000000000000000e+03 5.777000000000000000e+03
7.141000000000000000e+03 5.681000000000000000e+03
6.768000000000000000e+03 7.455000000000000000e+03
6.667000000000000000e+03 7.447000000000000000e+03
6.608000000000000000e+03 7.456000000000000000e+03
6.532000000000000000e+03 7.063000000000000000e+03
6.625000000000000000e+03 6.665000000000000000e+03
6.712000000000000000e+03 7.471000000000000000e+03
6.155000000000000000e+03 7.475000000000000000e+03
5.269000000000000000e+03 7.282000000000000000e+03
6.052000000000000000e+03 6.106000000000000000e+03
5.990000000000000000e+03 6.026000000000000000e+03
5.677000000000000000e+03 6.805000000000000000e+03
4.823000000000000000e+03 7.247000000000000000e+03
5.363000000000000000e+03 6.892000000000000000e+03
4.592000000000000000e+03 7.247000000000000000e+03
4.637000000000000000e+03 7.364000000000000000e+03
7.412000000000000000e+03 7.117000000000000000e+03
7.281000000000000000e+03 7.056000000000000000e+03
4.529000000000000000e+03 7.446000000000000000e+03
5.285000000000000000e+03 7.154000000000000000e+03
4.471000000000000000e+03 7.269000000000000000e+03
4.543000000000000000e+03 7.276000000000000000e+03
4.621000000000000000e+03 7.399000000000000000e+03
4.593000000000000000e+03 7.342000000000000000e+03
4.206000000000000000e+03 7.326000000000000000e+03
4.086000000000000000e+03 7.359000000000000000e+03
4.220000000000000000e+03 7.444000000000000000e+03
4.251000000000000000e+03 7.264000000000000000e+03
6.983000000000000000e+03 7.407000000000000000e+03
7.350000000000000000e+03 7.435000000000000000e+03
5.583000000000000000e+03 7.251000000000000000e+03
5.050000000000000000e+03 7.248000000000000000e+03
4.998000000000000000e+03 7.257000000000000000e+03
5.134000000000000000e+03 6.290000000000000000e+03
4.772000000000000000e+03 7.383000000000000000e+03
4.843000000000000000e+03 7.230000000000000000e+03
5.749000000000000000e+03 2.913000000000000000e+03
5.732000000000000000e+03 6.066000000000000000e+03
5.014000000000000000e+03 7.311000000000000000e+03
5.120000000000000000e+03 7.249000000000000000e+03
4.916000000000000000e+03 7.406000000000000000e+03
5.008000000000000000e+03 7.352000000000000000e+03
5.556000000000000000e+03 6.569000000000000000e+03
5.217000000000000000e+03 7.369000000000000000e+03
5.794000000000000000e+03 6.732000000000000000e+03
5.362000000000000000e+03 7.345000000000000000e+03
5.520000000000000000e+03 7.343000000000000000e+03
5.636000000000000000e+03 7.326000000000000000e+03
6.189000000000000000e+03 7.423000000000000000e+03
5.998000000000000000e+03 7.422000000000000000e+03
5.873000000000000000e+03 6.924000000000000000e+03
5.874000000000000000e+03 7.432000000000000000e+03
5.712000000000000000e+03 7.316000000000000000e+03
5.624000000000000000e+03 7.323000000000000000e+03
5.441000000000000000e+03 7.402000000000000000e+03
5.342000000000000000e+03 7.055000000000000000e+03
5.642000000000000000e+03 7.160000000000000000e+03
5.428000000000000000e+03 7.321000000000000000e+03
5.479000000000000000e+03 7.299000000000000000e+03
5.564000000000000000e+03 7.411000000000000000e+03
5.088000000000000000e+03 7.346000000000000000e+03
5.162000000000000000e+03 7.382000000000000000e+03
5.705000000000000000e+03 7.464000000000000000e+03
5.777000000000000000e+03 7.279000000000000000e+03
4.101000000000000000e+03 6.814000000000000000e+03
3.492000000000000000e+03 6.993000000000000000e+03
3.517000000000000000e+03 7.122000000000000000e+03
6.823000000000000000e+03 6.526000000000000000e+03
6.785000000000000000e+03 6.538000000000000000e+03
6.587000000000000000e+03 6.516000000000000000e+03
6.353000000000000000e+03 6.420000000000000000e+03
3.593000000000000000e+03 7.393000000000000000e+03
3.615000000000000000e+03 7.396000000000000000e+03
3.411000000000000000e+03 7.294000000000000000e+03
3.472000000000000000e+03 7.369000000000000000e+03
3.681000000000000000e+03 7.419000000000000000e+03
3.574000000000000000e+03 7.028000000000000000e+03
3.682000000000000000e+03 7.455000000000000000e+03
3.813000000000000000e+03 7.450000000000000000e+03
7.021000000000000000e+03 6.300000000000000000e+03
7.001000000000000000e+03 6.311000000000000000e+03
6.959000000000000000e+03 6.242000000000000000e+03
6.972000000000000000e+03 6.265000000000000000e+03
6.843000000000000000e+03 6.158000000000000000e+03
6.819000000000000000e+03 6.299000000000000000e+03
6.901000000000000000e+03 6.282000000000000000e+03
6.835000000000000000e+03 6.342000000000000000e+03
6.879000000000000000e+03 6.529000000000000000e+03
6.891000000000000000e+03 6.602000000000000000e+03
5.374000000000000000e+03 6.274000000000000000e+03
6.510000000000000000e+03 5.738000000000000000e+03
7.005000000000000000e+03 6.470000000000000000e+03
6.951000000000000000e+03 6.553000000000000000e+03
6.992000000000000000e+03 6.424000000000000000e+03
6.968000000000000000e+03 6.541000000000000000e+03
2.209000000000000000e+03 7.447000000000000000e+03
3.592000000000000000e+03 7.033000000000000000e+03
2.497000000000000000e+03 7.455000000000000000e+03
2.610000000000000000e+03 7.461000000000000000e+03
2.979000000000000000e+03 7.459000000000000000e+03
2.850000000000000000e+03 7.462000000000000000e+03
2.650000000000000000e+03 7.444000000000000000e+03
1.994000000000000000e+03 7.405000000000000000e+03
1.933000000000000000e+03 7.419000000000000000e+03
2.247000000000000000e+03 7.401000000000000000e+03
2.149000000000000000e+03 7.394000000000000000e+03
2.198000000000000000e+03 7.385000000000000000e+03
2.055000000000000000e+03 7.424000000000000000e+03
2.118000000000000000e+03 7.416000000000000000e+03
2.000000000000000000e+03 7.417000000000000000e+03
7.600000000000000000e+02 7.447000000000000000e+03
7.700000000000000000e+02 7.444000000000000000e+03
5.700000000000000000e+02 7.458000000000000000e+03
6.710000000000000000e+02 7.458000000000000000e+03
7.120000000000000000e+02 7.372000000000000000e+03
7.300000000000000000e+02 7.370000000000000000e+03
5.400000000000000000e+02 7.446000000000000000e+03
2.807000000000000000e+03 6.738000000000000000e+03
3.646000000000000000e+03 7.004000000000000000e+03
3.677000000000000000e+03 7.232000000000000000e+03
3.657000000000000000e+03 7.019000000000000000e+03
3.594000000000000000e+03 7.060000000000000000e+03
3.765000000000000000e+03 7.248000000000000000e+03
3.751000000000000000e+03 7.313000000000000000e+03
3.877000000000000000e+03 7.350000000000000000e+03
3.909000000000000000e+03 7.424000000000000000e+03
6.606000000000000000e+03 6.088000000000000000e+03
6.691000000000000000e+03 5.343000000000000000e+03
6.243000000000000000e+03 5.887000000000000000e+03
6.638000000000000000e+03 6.431000000000000000e+03
6.698000000000000000e+03 6.504000000000000000e+03
6.709000000000000000e+03 6.302000000000000000e+03
6.595000000000000000e+03 6.320000000000000000e+03
5.060000000000000000e+03 5.286000000000000000e+03
5.900000000000000000e+03 6.869000000000000000e+03
3.754000000000000000e+03 5.533000000000000000e+03
3.359000000000000000e+03 5.224000000000000000e+03
4.160000000000000000e+03 7.210000000000000000e+03
5.328000000000000000e+03 7.208000000000000000e+03
3.974000000000000000e+03 7.366000000000000000e+03
3.915000000000000000e+03 7.242000000000000000e+03
6.823000000000000000e+03 5.620000000000000000e+03
6.717000000000000000e+03 5.763000000000000000e+03
6.735000000000000000e+03 5.812000000000000000e+03
6.787000000000000000e+03 5.814000000000000000e+03
6.720000000000000000e+03 5.386000000000000000e+03
6.678000000000000000e+03 5.240000000000000000e+03
6.819000000000000000e+03 5.422000000000000000e+03
6.861000000000000000e+03 5.487000000000000000e+03
6.783000000000000000e+03 5.537000000000000000e+03
6.828000000000000000e+03 5.557000000000000000e+03
6.561000000000000000e+03 5.785000000000000000e+03
6.811000000000000000e+03 5.666000000000000000e+03
6.790000000000000000e+03 5.335000000000000000e+03
6.762000000000000000e+03 5.167000000000000000e+03
6.610000000000000000e+03 4.924000000000000000e+03
6.703000000000000000e+03 5.047000000000000000e+03
5.135000000000000000e+03 6.148000000000000000e+03
4.944000000000000000e+03 5.975000000000000000e+03
5.721000000000000000e+03 5.854000000000000000e+03
4.800000000000000000e+03 5.731000000000000000e+03
6.449000000000000000e+03 5.637000000000000000e+03
5.405000000000000000e+03 5.307000000000000000e+03
5.023000000000000000e+03 6.634000000000000000e+03
5.177000000000000000e+03 6.474000000000000000e+03
6.634000000000000000e+03 6.116000000000000000e+03
6.712000000000000000e+03 6.030000000000000000e+03
6.006000000000000000e+03 7.108000000000000000e+03
4.458000000000000000e+03 5.908000000000000000e+03
5.168000000000000000e+03 5.719000000000000000e+03
6.798000000000000000e+03 6.000000000000000000e+03
6.667000000000000000e+03 5.806000000000000000e+03
6.714000000000000000e+03 5.944000000000000000e+03
6.522000000000000000e+03 5.424000000000000000e+03
6.578000000000000000e+03 5.200000000000000000e+03
6.206000000000000000e+03 7.212000000000000000e+03
6.119000000000000000e+03 6.235000000000000000e+03
4.319000000000000000e+03 7.236000000000000000e+03
4.095000000000000000e+03 7.294000000000000000e+03
5.200000000000000000e+03 7.204000000000000000e+03
3.359000000000000000e+03 5.273000000000000000e+03
2.669000000000000000e+03 5.242000000000000000e+03
2.839000000000000000e+03 5.223000000000000000e+03
2.848000000000000000e+03 5.333000000000000000e+03
3.148000000000000000e+03 5.294000000000000000e+03
2.730000000000000000e+03 5.317000000000000000e+03
2.709000000000000000e+03 5.236000000000000000e+03
2.573000000000000000e+03 5.269000000000000000e+03
2.533000000000000000e+03 5.263000000000000000e+03
4.679000000000000000e+03 5.024000000000000000e+03
3.778000000000000000e+03 5.196000000000000000e+03
3.537000000000000000e+03 5.353000000000000000e+03
4.794000000000000000e+03 5.071000000000000000e+03
4.793000000000000000e+03 5.115000000000000000e+03
4.702000000000000000e+03 5.268000000000000000e+03
4.872000000000000000e+03 5.244000000000000000e+03
1.822000000000000000e+03 6.026000000000000000e+03
1.145000000000000000e+03 6.423000000000000000e+03
4.368000000000000000e+03 5.139000000000000000e+03
2.319000000000000000e+03 6.000000000000000000e+03
2.887000000000000000e+03 5.380000000000000000e+03
4.304000000000000000e+03 5.234000000000000000e+03
2.675000000000000000e+03 5.628000000000000000e+03
2.630000000000000000e+03 5.719000000000000000e+03
4.992000000000000000e+03 5.244000000000000000e+03
5.025000000000000000e+03 5.173000000000000000e+03
5.064000000000000000e+03 5.235000000000000000e+03
5.132000000000000000e+03 5.281000000000000000e+03
5.253000000000000000e+03 5.189000000000000000e+03
5.183000000000000000e+03 5.231000000000000000e+03
5.328000000000000000e+03 5.205000000000000000e+03
5.331000000000000000e+03 5.255000000000000000e+03
5.112000000000000000e+03 5.087000000000000000e+03
5.101000000000000000e+03 5.067000000000000000e+03
5.081000000000000000e+03 4.937000000000000000e+03
5.171000000000000000e+03 5.015000000000000000e+03
4.924000000000000000e+03 4.901000000000000000e+03
4.977000000000000000e+03 4.914000000000000000e+03
4.916000000000000000e+03 5.050000000000000000e+03
4.866000000000000000e+03 4.933000000000000000e+03
5.666000000000000000e+03 4.827000000000000000e+03
5.601000000000000000e+03 4.645000000000000000e+03
5.640000000000000000e+03 4.565000000000000000e+03
5.684000000000000000e+03 4.560000000000000000e+03
5.770000000000000000e+03 4.619000000000000000e+03
5.752000000000000000e+03 4.671000000000000000e+03
5.786000000000000000e+03 4.740000000000000000e+03
5.625000000000000000e+03 4.945000000000000000e+03
5.547000000000000000e+03 4.919000000000000000e+03
5.552000000000000000e+03 4.832000000000000000e+03
5.607000000000000000e+03 4.829000000000000000e+03
5.399000000000000000e+03 4.654000000000000000e+03
5.382000000000000000e+03 4.753000000000000000e+03
5.433000000000000000e+03 4.722000000000000000e+03
5.528000000000000000e+03 4.731000000000000000e+03
5.349000000000000000e+03 5.010000000000000000e+03
5.340000000000000000e+03 5.037000000000000000e+03
5.176000000000000000e+03 4.910000000000000000e+03
5.218000000000000000e+03 4.918000000000000000e+03
5.294000000000000000e+03 4.745000000000000000e+03
5.366000000000000000e+03 4.608000000000000000e+03
5.252000000000000000e+03 4.822000000000000000e+03
5.244000000000000000e+03 4.820000000000000000e+03
5.781000000000000000e+03 4.848000000000000000e+03
5.713000000000000000e+03 4.984000000000000000e+03
5.903000000000000000e+03 4.717000000000000000e+03
5.653000000000000000e+03 4.868000000000000000e+03
5.484000000000000000e+03 5.106000000000000000e+03
5.454000000000000000e+03 5.036000000000000000e+03
5.646000000000000000e+03 5.050000000000000000e+03
5.562000000000000000e+03 5.099000000000000000e+03
5.154000000000000000e+03 4.726000000000000000e+03
6.323000000000000000e+03 5.135000000000000000e+03
5.895000000000000000e+03 5.137000000000000000e+03
5.536000000000000000e+03 5.038000000000000000e+03
5.967000000000000000e+03 5.067000000000000000e+03
6.393000000000000000e+03 4.917000000000000000e+03
6.444000000000000000e+03 4.943000000000000000e+03
5.903000000000000000e+03 4.965000000000000000e+03
5.740000000000000000e+03 4.959000000000000000e+03
6.516000000000000000e+03 4.949000000000000000e+03
6.527000000000000000e+03 4.861000000000000000e+03
6.346000000000000000e+03 5.218000000000000000e+03
6.092000000000000000e+03 5.288000000000000000e+03
6.455000000000000000e+03 5.033000000000000000e+03
6.407000000000000000e+03 5.076000000000000000e+03
5.928000000000000000e+03 4.884000000000000000e+03
6.290000000000000000e+03 4.930000000000000000e+03
5.922000000000000000e+03 4.734000000000000000e+03
6.197000000000000000e+03 4.805000000000000000e+03
6.098000000000000000e+03 5.049000000000000000e+03
6.243000000000000000e+03 5.112000000000000000e+03
6.203000000000000000e+03 5.273000000000000000e+03
6.151000000000000000e+03 5.368000000000000000e+03
4.634000000000000000e+03 5.099000000000000000e+03
4.596000000000000000e+03 5.202000000000000000e+03
5.009000000000000000e+03 4.780000000000000000e+03
4.725000000000000000e+03 4.965000000000000000e+03
4.406000000000000000e+03 5.251000000000000000e+03
4.367000000000000000e+03 5.293000000000000000e+03
4.731000000000000000e+03 5.080000000000000000e+03
4.536000000000000000e+03 5.275000000000000000e+03
5.937000000000000000e+03 4.838000000000000000e+03
5.823000000000000000e+03 4.622000000000000000e+03
6.099000000000000000e+03 4.935000000000000000e+03
5.834000000000000000e+03 4.788000000000000000e+03
5.639000000000000000e+03 4.667000000000000000e+03
5.412000000000000000e+03 4.607000000000000000e+03
5.594000000000000000e+03 4.719000000000000000e+03
6.137000000000000000e+03 4.800000000000000000e+03
6.080000000000000000e+03 5.171000000000000000e+03
6.098000000000000000e+03 5.116000000000000000e+03
6.063000000000000000e+03 5.249000000000000000e+03
6.106000000000000000e+03 5.051000000000000000e+03
6.063000000000000000e+03 4.902000000000000000e+03
6.126000000000000000e+03 4.935000000000000000e+03
6.067000000000000000e+03 5.052000000000000000e+03
6.163000000000000000e+03 4.841000000000000000e+03
5.804000000000000000e+03 5.027000000000000000e+03
5.859000000000000000e+03 4.923000000000000000e+03
5.934000000000000000e+03 4.848000000000000000e+03
5.884000000000000000e+03 4.759000000000000000e+03
5.716000000000000000e+03 5.149000000000000000e+03
5.778000000000000000e+03 5.207000000000000000e+03
5.767000000000000000e+03 5.264000000000000000e+03
5.764000000000000000e+03 5.288000000000000000e+03
5.906000000000000000e+03 5.328000000000000000e+03
5.786000000000000000e+03 5.206000000000000000e+03
6.003000000000000000e+03 5.092000000000000000e+03
5.931000000000000000e+03 5.245000000000000000e+03
5.938000000000000000e+03 5.050000000000000000e+03
5.943000000000000000e+03 5.078000000000000000e+03
5.879000000000000000e+03 4.866000000000000000e+03
5.787000000000000000e+03 4.717000000000000000e+03
5.172000000000000000e+03 4.813000000000000000e+03
3.335000000000000000e+03 5.196000000000000000e+03
4.676000000000000000e+03 5.159000000000000000e+03
6.714000000000000000e+03 4.940000000000000000e+03
6.657000000000000000e+03 4.885000000000000000e+03
5.535000000000000000e+03 4.724000000000000000e+03
5.371000000000000000e+03 4.793000000000000000e+03
6.156000000000000000e+03 4.765000000000000000e+03
5.529000000000000000e+03 4.615000000000000000e+03
6.812000000000000000e+03 4.963000000000000000e+03
6.923000000000000000e+03 4.974000000000000000e+03
7.129000000000000000e+03 5.001000000000000000e+03
6.984000000000000000e+03 4.940000000000000000e+03
7.165000000000000000e+03 4.990000000000000000e+03
7.135000000000000000e+03 4.948000000000000000e+03
7.315000000000000000e+03 5.090000000000000000e+03
7.230000000000000000e+03 5.088000000000000000e+03
7.419000000000000000e+03 5.089000000000000000e+03
7.402000000000000000e+03 5.031000000000000000e+03
7.131000000000000000e+03 5.073000000000000000e+03
6.986000000000000000e+03 5.073000000000000000e+03
6.235000000000000000e+03 5.132000000000000000e+03
6.875000000000000000e+03 5.060000000000000000e+03
3.675000000000000000e+03 5.228000000000000000e+03
3.719000000000000000e+03 5.253000000000000000e+03
3.039000000000000000e+03 5.248000000000000000e+03
3.758000000000000000e+03 5.273000000000000000e+03
5.289000000000000000e+03 5.229000000000000000e+03
5.522000000000000000e+03 5.249000000000000000e+03
3.419000000000000000e+03 5.205000000000000000e+03
3.664000000000000000e+03 5.180000000000000000e+03
6.860000000000000000e+03 5.234000000000000000e+03
6.918000000000000000e+03 5.250000000000000000e+03
5.564000000000000000e+03 5.317000000000000000e+03
6.220000000000000000e+03 5.028000000000000000e+03
5.649000000000000000e+03 4.940000000000000000e+03
6.876000000000000000e+03 5.130000000000000000e+03
6.066000000000000000e+03 4.909000000000000000e+03
7.335000000000000000e+03 5.311000000000000000e+03
7.273000000000000000e+03 5.325000000000000000e+03
7.216000000000000000e+03 5.363000000000000000e+03
7.192000000000000000e+03 5.313000000000000000e+03
5.007000000000000000e+03 5.442000000000000000e+03
6.648000000000000000e+03 5.299000000000000000e+03
7.102000000000000000e+03 5.313000000000000000e+03
7.050000000000000000e+03 5.317000000000000000e+03
7.409000000000000000e+03 5.228000000000000000e+03
7.374000000000000000e+03 5.193000000000000000e+03
7.252000000000000000e+03 5.189000000000000000e+03
7.216000000000000000e+03 5.213000000000000000e+03
7.039000000000000000e+03 5.203000000000000000e+03
6.492000000000000000e+03 4.904000000000000000e+03
6.354000000000000000e+03 4.759000000000000000e+03
7.115000000000000000e+03 5.175000000000000000e+03
3.691000000000000000e+03 5.148000000000000000e+03
2.548000000000000000e+03 5.482000000000000000e+03
2.476000000000000000e+03 5.448000000000000000e+03
2.402000000000000000e+03 5.335000000000000000e+03
3.149000000000000000e+03 5.310000000000000000e+03
2.418000000000000000e+03 5.370000000000000000e+03
3.288000000000000000e+03 5.263000000000000000e+03
2.594000000000000000e+03 5.476000000000000000e+03
6.444000000000000000e+03 4.881000000000000000e+03
6.706000000000000000e+03 4.607000000000000000e+03
6.654000000000000000e+03 4.654000000000000000e+03
7.047000000000000000e+03 4.763000000000000000e+03
6.447000000000000000e+03 4.888000000000000000e+03
6.772000000000000000e+03 4.780000000000000000e+03
6.303000000000000000e+03 4.780000000000000000e+03
7.093000000000000000e+03 4.614000000000000000e+03
7.208000000000000000e+03 4.630000000000000000e+03
7.231000000000000000e+03 4.638000000000000000e+03
7.358000000000000000e+03 4.627000000000000000e+03
6.860000000000000000e+03 4.584000000000000000e+03
6.914000000000000000e+03 4.642000000000000000e+03
6.936000000000000000e+03 4.581000000000000000e+03
7.068000000000000000e+03 4.617000000000000000e+03
7.045000000000000000e+03 4.812000000000000000e+03
7.200000000000000000e+03 4.788000000000000000e+03
6.656000000000000000e+03 4.845000000000000000e+03
7.254000000000000000e+03 4.825000000000000000e+03
7.344000000000000000e+03 4.909000000000000000e+03
7.280000000000000000e+03 4.862000000000000000e+03
7.426000000000000000e+03 4.904000000000000000e+03
7.427000000000000000e+03 4.928000000000000000e+03
7.428000000000000000e+03 4.798000000000000000e+03
7.444000000000000000e+03 4.706000000000000000e+03
7.364000000000000000e+03 4.724000000000000000e+03
7.343000000000000000e+03 4.728000000000000000e+03
7.013000000000000000e+03 4.677000000000000000e+03
6.857000000000000000e+03 4.687000000000000000e+03
7.223000000000000000e+03 4.717000000000000000e+03
7.096000000000000000e+03 4.708000000000000000e+03
6.689000000000000000e+03 4.537000000000000000e+03
6.812000000000000000e+03 4.511000000000000000e+03
6.894000000000000000e+03 4.470000000000000000e+03
7.004000000000000000e+03 4.506000000000000000e+03
7.098000000000000000e+03 4.506000000000000000e+03
7.081000000000000000e+03 4.482000000000000000e+03
7.186000000000000000e+03 4.484000000000000000e+03
7.198000000000000000e+03 4.558000000000000000e+03
7.201000000000000000e+03 4.390000000000000000e+03
6.918000000000000000e+03 4.539000000000000000e+03
6.769000000000000000e+03 4.415000000000000000e+03
7.039000000000000000e+03 4.383000000000000000e+03
7.389000000000000000e+03 4.507000000000000000e+03
7.370000000000000000e+03 4.534000000000000000e+03
7.353000000000000000e+03 4.396000000000000000e+03
7.279000000000000000e+03 4.442000000000000000e+03
7.093000000000000000e+03 4.883000000000000000e+03
7.152000000000000000e+03 4.884000000000000000e+03
6.951000000000000000e+03 4.856000000000000000e+03
6.936000000000000000e+03 4.850000000000000000e+03
6.819000000000000000e+03 4.819000000000000000e+03
6.749000000000000000e+03 4.812000000000000000e+03
6.347000000000000000e+03 4.708000000000000000e+03
6.221000000000000000e+03 4.728000000000000000e+03
6.710000000000000000e+03 4.749000000000000000e+03
6.789000000000000000e+03 4.874000000000000000e+03
6.310000000000000000e+03 4.711000000000000000e+03
6.434000000000000000e+03 4.737000000000000000e+03
6.904000000000000000e+03 4.394000000000000000e+03
6.625000000000000000e+03 4.397000000000000000e+03
6.620000000000000000e+03 4.434000000000000000e+03
6.407000000000000000e+03 4.473000000000000000e+03
5.552000000000000000e+03 2.076000000000000000e+03
1.786000000000000000e+03 2.420000000000000000e+03
2.012000000000000000e+03 2.335000000000000000e+03
5.533000000000000000e+03 2.083000000000000000e+03
5.568000000000000000e+03 2.188000000000000000e+03
5.530000000000000000e+03 2.091000000000000000e+03
5.525000000000000000e+03 1.991000000000000000e+03
5.561000000000000000e+03 2.468000000000000000e+03
5.518000000000000000e+03 2.472000000000000000e+03
5.526000000000000000e+03 2.293000000000000000e+03
5.466000000000000000e+03 2.300000000000000000e+03
5.448000000000000000e+03 2.382000000000000000e+03
5.484000000000000000e+03 2.479000000000000000e+03
5.443000000000000000e+03 2.485000000000000000e+03
5.368000000000000000e+03 2.514000000000000000e+03
1.967000000000000000e+03 2.347000000000000000e+03
2.047000000000000000e+03 2.342000000000000000e+03
2.360000000000000000e+03 2.282000000000000000e+03
2.107000000000000000e+03 2.366000000000000000e+03
2.052000000000000000e+03 2.402000000000000000e+03
2.004000000000000000e+03 2.512000000000000000e+03
2.141000000000000000e+03 2.547000000000000000e+03
2.083000000000000000e+03 2.394000000000000000e+03
1.865000000000000000e+03 2.523000000000000000e+03
1.771000000000000000e+03 2.467000000000000000e+03
1.747000000000000000e+03 2.545000000000000000e+03
1.877000000000000000e+03 2.611000000000000000e+03
1.836000000000000000e+03 2.575000000000000000e+03
1.921000000000000000e+03 2.321000000000000000e+03
1.947000000000000000e+03 2.420000000000000000e+03
1.945000000000000000e+03 2.542000000000000000e+03
5.476000000000000000e+03 1.062000000000000000e+03
5.436000000000000000e+03 1.355000000000000000e+03
4.996000000000000000e+03 1.540000000000000000e+03
5.395000000000000000e+03 1.074000000000000000e+03
5.452000000000000000e+03 1.551000000000000000e+03
5.425000000000000000e+03 7.900000000000000000e+02
5.452000000000000000e+03 8.910000000000000000e+02
5.536000000000000000e+03 1.862000000000000000e+03
5.004000000000000000e+03 2.207000000000000000e+03
5.434000000000000000e+03 1.908000000000000000e+03
5.438000000000000000e+03 2.074000000000000000e+03
5.435000000000000000e+03 1.625000000000000000e+03
5.434000000000000000e+03 1.460000000000000000e+03
4.263000000000000000e+03 2.032000000000000000e+03
4.317000000000000000e+03 2.104000000000000000e+03
4.874000000000000000e+03 2.423000000000000000e+03
5.191000000000000000e+03 2.357000000000000000e+03
5.314000000000000000e+03 2.412000000000000000e+03
5.370000000000000000e+03 2.406000000000000000e+03
5.132000000000000000e+03 2.420000000000000000e+03
4.892000000000000000e+03 2.697000000000000000e+03
5.054000000000000000e+03 2.331000000000000000e+03
4.649000000000000000e+03 2.423000000000000000e+03
5.455000000000000000e+03 3.810000000000000000e+02
5.415000000000000000e+03 4.750000000000000000e+02
5.411000000000000000e+03 7.120000000000000000e+02
5.470000000000000000e+03 1.312000000000000000e+03
5.372000000000000000e+03 4.360000000000000000e+02
5.091000000000000000e+03 3.400000000000000000e+02
5.278000000000000000e+03 2.630000000000000000e+02
5.410000000000000000e+03 3.140000000000000000e+02
2.907000000000000000e+03 1.628000000000000000e+03
2.506000000000000000e+03 1.046000000000000000e+03
2.391000000000000000e+03 3.090000000000000000e+02
1.389000000000000000e+03 3.470000000000000000e+02
2.170000000000000000e+03 4.550000000000000000e+02
2.110000000000000000e+03 3.360000000000000000e+02
2.249000000000000000e+03 2.990000000000000000e+02
2.305000000000000000e+03 1.889000000000000000e+03
2.646000000000000000e+03 1.891000000000000000e+03
3.600000000000000000e+02 1.022000000000000000e+03
4.010000000000000000e+02 1.039000000000000000e+03
8.700000000000000000e+02 1.035000000000000000e+03
3.940000000000000000e+02 9.370000000000000000e+02
3.694000000000000000e+03 2.118000000000000000e+03
2.556000000000000000e+03 2.014000000000000000e+03
1.828000000000000000e+03 6.630000000000000000e+02
3.596000000000000000e+03 1.325000000000000000e+03
2.411000000000000000e+03 5.650000000000000000e+02
2.071000000000000000e+03 8.940000000000000000e+02
5.001000000000000000e+03 5.190000000000000000e+02
5.226000000000000000e+03 3.480000000000000000e+02
1.688000000000000000e+03 1.305000000000000000e+03
2.430000000000000000e+03 1.088000000000000000e+03
4.250000000000000000e+02 6.390000000000000000e+02
3.868000000000000000e+03 4.580000000000000000e+02
2.326000000000000000e+03 1.411000000000000000e+03
1.880000000000000000e+03 1.154000000000000000e+03
7.150000000000000000e+02 8.680000000000000000e+02
6.860000000000000000e+02 1.060000000000000000e+03
3.067000000000000000e+03 3.690000000000000000e+02
3.270000000000000000e+03 5.940000000000000000e+02
6.476000000000000000e+03 4.020000000000000000e+03
6.487000000000000000e+03 4.001000000000000000e+03
6.236000000000000000e+03 3.949000000000000000e+03
6.429000000000000000e+03 3.937000000000000000e+03
6.337000000000000000e+03 3.733000000000000000e+03
6.281000000000000000e+03 3.789000000000000000e+03
6.889000000000000000e+03 3.910000000000000000e+03
6.245000000000000000e+03 3.640000000000000000e+03
6.048000000000000000e+03 3.916000000000000000e+03
6.138000000000000000e+03 3.966000000000000000e+03
6.217000000000000000e+03 4.016000000000000000e+03
6.161000000000000000e+03 3.899000000000000000e+03
7.050000000000000000e+03 3.938000000000000000e+03
5.921000000000000000e+03 3.575000000000000000e+03
6.571000000000000000e+03 3.521000000000000000e+03
6.340000000000000000e+03 3.659000000000000000e+03
5.949000000000000000e+03 3.621000000000000000e+03
5.182000000000000000e+03 3.451000000000000000e+03
4.225000000000000000e+03 3.002000000000000000e+03
2.597000000000000000e+03 2.596000000000000000e+03
2.235000000000000000e+03 2.342000000000000000e+03
2.284000000000000000e+03 2.399000000000000000e+03
2.329000000000000000e+03 2.379000000000000000e+03
2.328000000000000000e+03 2.558000000000000000e+03
6.807000000000000000e+03 4.009000000000000000e+03
6.822000000000000000e+03 4.098000000000000000e+03
6.744000000000000000e+03 3.871000000000000000e+03
6.886000000000000000e+03 3.971000000000000000e+03
6.751000000000000000e+03 4.054000000000000000e+03
6.677000000000000000e+03 4.061000000000000000e+03
6.626000000000000000e+03 3.986000000000000000e+03
6.368000000000000000e+03 4.046000000000000000e+03
4.906000000000000000e+03 2.532000000000000000e+03
4.680000000000000000e+03 2.555000000000000000e+03
4.759000000000000000e+03 2.595000000000000000e+03
4.671000000000000000e+03 2.743000000000000000e+03
4.686000000000000000e+03 2.766000000000000000e+03
4.792000000000000000e+03 2.729000000000000000e+03
4.686000000000000000e+03 2.654000000000000000e+03
4.660000000000000000e+03 2.442000000000000000e+03
4.577000000000000000e+03 2.497000000000000000e+03
4.710000000000000000e+03 2.465000000000000000e+03
4.778000000000000000e+03 2.434000000000000000e+03
4.463000000000000000e+03 2.457000000000000000e+03
4.497000000000000000e+03 2.620000000000000000e+03
4.792000000000000000e+03 2.388000000000000000e+03
4.509000000000000000e+03 2.486000000000000000e+03
4.029000000000000000e+03 2.421000000000000000e+03
4.086000000000000000e+03 2.401000000000000000e+03
3.947000000000000000e+03 2.480000000000000000e+03
4.129000000000000000e+03 2.389000000000000000e+03
4.190000000000000000e+03 2.570000000000000000e+03
4.046000000000000000e+03 2.600000000000000000e+03
3.896000000000000000e+03 2.512000000000000000e+03
4.103000000000000000e+03 2.525000000000000000e+03
4.363000000000000000e+03 2.471000000000000000e+03
4.393000000000000000e+03 2.579000000000000000e+03
4.427000000000000000e+03 2.546000000000000000e+03
4.469000000000000000e+03 2.369000000000000000e+03
4.212000000000000000e+03 2.442000000000000000e+03
4.241000000000000000e+03 2.527000000000000000e+03
4.171000000000000000e+03 2.438000000000000000e+03
4.226000000000000000e+03 2.327000000000000000e+03
4.592000000000000000e+03 2.595000000000000000e+03
4.852000000000000000e+03 2.492000000000000000e+03
4.732000000000000000e+03 2.497000000000000000e+03
3.704000000000000000e+03 2.656000000000000000e+03
3.790000000000000000e+03 2.569000000000000000e+03
3.695000000000000000e+03 2.593000000000000000e+03
3.641000000000000000e+03 2.587000000000000000e+03
5.285000000000000000e+03 2.509000000000000000e+03
5.139000000000000000e+03 2.573000000000000000e+03
5.212000000000000000e+03 2.603000000000000000e+03
5.244000000000000000e+03 2.600000000000000000e+03
4.410000000000000000e+03 2.647000000000000000e+03
5.040000000000000000e+03 2.765000000000000000e+03
5.352000000000000000e+03 2.631000000000000000e+03
5.396000000000000000e+03 2.616000000000000000e+03
3.080000000000000000e+03 3.479000000000000000e+03
2.962000000000000000e+03 4.214000000000000000e+03
3.727000000000000000e+03 2.473000000000000000e+03
3.602000000000000000e+03 2.583000000000000000e+03
2.958000000000000000e+03 5.511000000000000000e+03
3.155000000000000000e+03 4.997000000000000000e+03
3.790000000000000000e+03 2.922000000000000000e+03
3.011000000000000000e+03 4.169000000000000000e+03
2.586000000000000000e+03 6.197000000000000000e+03
2.830000000000000000e+03 5.167000000000000000e+03
3.938000000000000000e+03 3.885000000000000000e+03
2.573000000000000000e+03 5.489000000000000000e+03
2.728000000000000000e+03 6.144000000000000000e+03
2.664000000000000000e+03 6.162000000000000000e+03
2.501000000000000000e+03 6.322000000000000000e+03
2.522000000000000000e+03 6.274000000000000000e+03
5.256000000000000000e+03 3.043000000000000000e+03
5.114000000000000000e+03 3.052000000000000000e+03
5.138000000000000000e+03 3.069000000000000000e+03
4.970000000000000000e+03 2.748000000000000000e+03
5.156000000000000000e+03 2.721000000000000000e+03
4.844000000000000000e+03 2.907000000000000000e+03
4.928000000000000000e+03 2.802000000000000000e+03
5.157000000000000000e+03 2.800000000000000000e+03
4.974000000000000000e+03 2.845000000000000000e+03
5.146000000000000000e+03 2.880000000000000000e+03
5.068000000000000000e+03 2.916000000000000000e+03
5.435000000000000000e+03 2.899000000000000000e+03
5.331000000000000000e+03 2.922000000000000000e+03
5.035000000000000000e+03 2.889000000000000000e+03
5.196000000000000000e+03 3.005000000000000000e+03
4.681000000000000000e+03 3.365000000000000000e+03
4.685000000000000000e+03 3.381000000000000000e+03
4.715000000000000000e+03 3.556000000000000000e+03
4.779000000000000000e+03 3.375000000000000000e+03
4.704000000000000000e+03 3.196000000000000000e+03
4.732000000000000000e+03 3.280000000000000000e+03
4.771000000000000000e+03 3.204000000000000000e+03
4.733000000000000000e+03 3.137000000000000000e+03
4.876000000000000000e+03 3.508000000000000000e+03
4.902000000000000000e+03 3.438000000000000000e+03
5.014000000000000000e+03 3.407000000000000000e+03
5.021000000000000000e+03 3.435000000000000000e+03
5.008000000000000000e+03 3.290000000000000000e+03
4.951000000000000000e+03 3.268000000000000000e+03
4.922000000000000000e+03 3.198000000000000000e+03
5.090000000000000000e+03 3.223000000000000000e+03
4.803000000000000000e+03 3.655000000000000000e+03
4.771000000000000000e+03 3.586000000000000000e+03
4.861000000000000000e+03 3.643000000000000000e+03
4.881000000000000000e+03 3.598000000000000000e+03
4.841000000000000000e+03 3.333000000000000000e+03
4.912000000000000000e+03 3.321000000000000000e+03
4.964000000000000000e+03 3.502000000000000000e+03
4.908000000000000000e+03 3.539000000000000000e+03
5.382000000000000000e+03 2.985000000000000000e+03
5.440000000000000000e+03 2.846000000000000000e+03
5.368000000000000000e+03 2.978000000000000000e+03
5.639000000000000000e+03 3.396000000000000000e+03
5.267000000000000000e+03 2.744000000000000000e+03
5.290000000000000000e+03 2.811000000000000000e+03
5.085000000000000000e+03 2.862000000000000000e+03
4.859000000000000000e+03 3.051000000000000000e+03
5.535000000000000000e+03 2.321000000000000000e+03
5.552000000000000000e+03 2.822000000000000000e+03
5.877000000000000000e+03 2.028000000000000000e+03
5.603000000000000000e+03 2.125000000000000000e+03
5.526000000000000000e+03 2.792000000000000000e+03
5.507000000000000000e+03 2.771000000000000000e+03
5.472000000000000000e+03 2.740000000000000000e+03
5.528000000000000000e+03 2.645000000000000000e+03
5.661000000000000000e+03 1.984000000000000000e+03
5.814000000000000000e+03 1.957000000000000000e+03
5.840000000000000000e+03 2.349000000000000000e+03
5.899000000000000000e+03 1.938000000000000000e+03
6.010000000000000000e+03 1.995000000000000000e+03
6.084000000000000000e+03 1.956000000000000000e+03
5.913000000000000000e+03 2.611000000000000000e+03
5.990000000000000000e+03 2.589000000000000000e+03
5.389000000000000000e+03 3.703000000000000000e+03
5.151000000000000000e+03 3.798000000000000000e+03
5.054000000000000000e+03 3.701000000000000000e+03
5.437000000000000000e+03 4.023000000000000000e+03
5.459000000000000000e+03 4.054000000000000000e+03
5.320000000000000000e+03 3.969000000000000000e+03
5.256000000000000000e+03 3.934000000000000000e+03
5.613000000000000000e+03 4.130000000000000000e+03
5.595000000000000000e+03 4.153000000000000000e+03
5.673000000000000000e+03 4.092000000000000000e+03
5.769000000000000000e+03 4.125000000000000000e+03
4.946000000000000000e+03 4.403000000000000000e+03
4.766000000000000000e+03 4.338000000000000000e+03
5.585000000000000000e+03 4.055000000000000000e+03
5.491000000000000000e+03 4.114000000000000000e+03
5.500000000000000000e+03 3.909000000000000000e+03
5.466000000000000000e+03 3.892000000000000000e+03
5.317000000000000000e+03 3.797000000000000000e+03
5.370000000000000000e+03 3.790000000000000000e+03
5.320000000000000000e+03 3.728000000000000000e+03
5.134000000000000000e+03 4.196000000000000000e+03
5.241000000000000000e+03 3.735000000000000000e+03
5.236000000000000000e+03 3.629000000000000000e+03
5.218000000000000000e+03 3.869000000000000000e+03
5.182000000000000000e+03 3.896000000000000000e+03
5.463000000000000000e+03 3.769000000000000000e+03
5.314000000000000000e+03 3.806000000000000000e+03
5.481000000000000000e+03 3.836000000000000000e+03
5.551000000000000000e+03 3.804000000000000000e+03
5.734000000000000000e+03 3.910000000000000000e+03
5.706000000000000000e+03 3.893000000000000000e+03
5.247000000000000000e+03 3.578000000000000000e+03
4.941000000000000000e+03 4.013000000000000000e+03
4.758000000000000000e+03 4.053000000000000000e+03
5.539000000000000000e+03 3.906000000000000000e+03
5.754000000000000000e+03 3.962000000000000000e+03
5.635000000000000000e+03 3.839000000000000000e+03
5.416000000000000000e+03 3.682000000000000000e+03
5.530000000000000000e+03 4.255000000000000000e+03
5.884000000000000000e+03 4.050000000000000000e+03
5.840000000000000000e+03 4.009000000000000000e+03
5.839000000000000000e+03 4.030000000000000000e+03
5.882000000000000000e+03 4.087000000000000000e+03
5.975000000000000000e+03 3.983000000000000000e+03
5.964000000000000000e+03 3.973000000000000000e+03
5.969000000000000000e+03 3.885000000000000000e+03
5.890000000000000000e+03 4.240000000000000000e+03
5.871000000000000000e+03 4.237000000000000000e+03
5.940000000000000000e+03 4.212000000000000000e+03
5.797000000000000000e+03 4.432000000000000000e+03
5.982000000000000000e+03 4.203000000000000000e+03
5.998000000000000000e+03 4.152000000000000000e+03
5.947000000000000000e+03 4.104000000000000000e+03
6.014000000000000000e+03 4.089000000000000000e+03
5.913000000000000000e+03 4.312000000000000000e+03
5.835000000000000000e+03 4.292000000000000000e+03
5.899000000000000000e+03 4.300000000000000000e+03
5.794000000000000000e+03 4.319000000000000000e+03
5.869000000000000000e+03 4.323000000000000000e+03
5.834000000000000000e+03 4.312000000000000000e+03
5.909000000000000000e+03 4.338000000000000000e+03
5.886000000000000000e+03 4.372000000000000000e+03
5.105000000000000000e+03 4.296000000000000000e+03
4.850000000000000000e+03 4.328000000000000000e+03
4.906000000000000000e+03 4.386000000000000000e+03
4.956000000000000000e+03 4.323000000000000000e+03
4.964000000000000000e+03 4.401000000000000000e+03
4.973000000000000000e+03 4.321000000000000000e+03
5.073000000000000000e+03 4.285000000000000000e+03
5.240000000000000000e+03 4.317000000000000000e+03
5.197000000000000000e+03 4.372000000000000000e+03
5.319000000000000000e+03 4.232000000000000000e+03
5.292000000000000000e+03 4.272000000000000000e+03
4.672000000000000000e+03 4.505000000000000000e+03
5.077000000000000000e+03 4.361000000000000000e+03
5.095000000000000000e+03 4.256000000000000000e+03
5.110000000000000000e+03 4.384000000000000000e+03
5.462000000000000000e+03 4.455000000000000000e+03
5.490000000000000000e+03 4.417000000000000000e+03
5.377000000000000000e+03 4.495000000000000000e+03
5.338000000000000000e+03 4.455000000000000000e+03
4.741000000000000000e+03 4.142000000000000000e+03
4.823000000000000000e+03 4.026000000000000000e+03
4.945000000000000000e+03 4.113000000000000000e+03
4.514000000000000000e+03 4.819000000000000000e+03
5.550000000000000000e+03 4.332000000000000000e+03
5.513000000000000000e+03 4.264000000000000000e+03
5.604000000000000000e+03 4.390000000000000000e+03
5.557000000000000000e+03 4.351000000000000000e+03
5.723000000000000000e+03 4.227000000000000000e+03
5.682000000000000000e+03 4.239000000000000000e+03
5.702000000000000000e+03 4.345000000000000000e+03
5.656000000000000000e+03 4.339000000000000000e+03
5.377000000000000000e+03 4.315000000000000000e+03
5.395000000000000000e+03 4.392000000000000000e+03
5.480000000000000000e+03 4.239000000000000000e+03
5.462000000000000000e+03 4.266000000000000000e+03
5.157000000000000000e+03 4.465000000000000000e+03
5.091000000000000000e+03 4.323000000000000000e+03
5.287000000000000000e+03 4.407000000000000000e+03
5.279000000000000000e+03 4.410000000000000000e+03
5.061000000000000000e+03 4.100000000000000000e+03
4.780000000000000000e+03 3.991000000000000000e+03
4.977000000000000000e+03 4.053000000000000000e+03
4.944000000000000000e+03 4.067000000000000000e+03
4.939000000000000000e+03 4.347000000000000000e+03
4.878000000000000000e+03 4.354000000000000000e+03
5.078000000000000000e+03 4.426000000000000000e+03
5.037000000000000000e+03 4.347000000000000000e+03
5.100000000000000000e+03 4.164000000000000000e+03
5.037000000000000000e+03 4.154000000000000000e+03
4.952000000000000000e+03 4.155000000000000000e+03
4.865000000000000000e+03 4.171000000000000000e+03
5.376000000000000000e+03 4.137000000000000000e+03
5.414000000000000000e+03 4.109000000000000000e+03
5.206000000000000000e+03 4.187000000000000000e+03
5.074000000000000000e+03 4.177000000000000000e+03
5.389000000000000000e+03 4.060000000000000000e+03
5.230000000000000000e+03 4.052000000000000000e+03
4.979000000000000000e+03 3.882000000000000000e+03
5.203000000000000000e+03 4.006000000000000000e+03
5.100000000000000000e+03 3.994000000000000000e+03
5.261000000000000000e+03 3.981000000000000000e+03
4.891000000000000000e+03 4.451000000000000000e+03
4.896000000000000000e+03 4.682000000000000000e+03
7.295000000000000000e+03 2.834000000000000000e+03
7.399000000000000000e+03 2.792000000000000000e+03
7.398000000000000000e+03 3.067000000000000000e+03
7.016000000000000000e+03 3.194000000000000000e+03
7.414000000000000000e+03 2.736000000000000000e+03
7.416000000000000000e+03 3.065000000000000000e+03
7.188000000000000000e+03 2.832000000000000000e+03
5.238000000000000000e+03 3.089000000000000000e+03
5.272000000000000000e+03 3.152000000000000000e+03
5.310000000000000000e+03 3.096000000000000000e+03
5.453000000000000000e+03 3.102000000000000000e+03
5.382000000000000000e+03 3.143000000000000000e+03
5.500000000000000000e+03 3.091000000000000000e+03
5.471000000000000000e+03 3.095000000000000000e+03
5.510000000000000000e+03 3.017000000000000000e+03
7.397000000000000000e+03 2.605000000000000000e+03
7.415000000000000000e+03 2.425000000000000000e+03
7.308000000000000000e+03 2.719000000000000000e+03
7.401000000000000000e+03 2.614000000000000000e+03
7.290000000000000000e+03 2.577000000000000000e+03
7.428000000000000000e+03 2.474000000000000000e+03
7.436000000000000000e+03 2.572000000000000000e+03
7.236000000000000000e+03 2.551000000000000000e+03
7.427000000000000000e+03 2.174000000000000000e+03
7.304000000000000000e+03 2.570000000000000000e+03
7.320000000000000000e+03 2.428000000000000000e+03
7.415000000000000000e+03 2.670000000000000000e+03
7.380000000000000000e+03 2.528000000000000000e+03
7.413000000000000000e+03 2.290000000000000000e+03
7.391000000000000000e+03 2.466000000000000000e+03
7.391000000000000000e+03 2.201000000000000000e+03
7.400000000000000000e+03 3.420000000000000000e+03
7.384000000000000000e+03 3.477000000000000000e+03
7.419000000000000000e+03 3.373000000000000000e+03
7.389000000000000000e+03 3.259000000000000000e+03
7.387000000000000000e+03 3.557000000000000000e+03
7.411000000000000000e+03 3.506000000000000000e+03
7.396000000000000000e+03 3.471000000000000000e+03
7.423000000000000000e+03 3.734000000000000000e+03
7.388000000000000000e+03 3.516000000000000000e+03
7.360000000000000000e+03 3.588000000000000000e+03
7.418000000000000000e+03 3.399000000000000000e+03
7.354000000000000000e+03 3.740000000000000000e+03
7.408000000000000000e+03 3.720000000000000000e+03
7.347000000000000000e+03 3.838000000000000000e+03
7.434000000000000000e+03 3.725000000000000000e+03
7.312000000000000000e+03 3.984000000000000000e+03
7.302000000000000000e+03 3.979000000000000000e+03
7.338000000000000000e+03 3.937000000000000000e+03
7.344000000000000000e+03 3.812000000000000000e+03
7.419000000000000000e+03 3.842000000000000000e+03
7.366000000000000000e+03 4.180000000000000000e+03
7.407000000000000000e+03 4.179000000000000000e+03
7.350000000000000000e+03 3.931000000000000000e+03
7.394000000000000000e+03 4.269000000000000000e+03
7.369000000000000000e+03 3.833000000000000000e+03
7.407000000000000000e+03 4.349000000000000000e+03
7.366000000000000000e+03 4.055000000000000000e+03
7.239000000000000000e+03 3.489000000000000000e+03
7.410000000000000000e+03 3.601000000000000000e+03
7.386000000000000000e+03 3.426000000000000000e+03
7.352000000000000000e+03 3.385000000000000000e+03
1.831000000000000000e+03 5.284000000000000000e+03
1.947000000000000000e+03 5.309000000000000000e+03
1.960000000000000000e+03 5.257000000000000000e+03
2.036000000000000000e+03 5.228000000000000000e+03
2.153000000000000000e+03 5.239000000000000000e+03
2.036000000000000000e+03 5.228000000000000000e+03
2.025000000000000000e+03 5.270000000000000000e+03
1.716000000000000000e+03 5.253000000000000000e+03
1.770000000000000000e+03 5.284000000000000000e+03
1.576000000000000000e+03 5.256000000000000000e+03
1.668000000000000000e+03 5.281000000000000000e+03
1.451000000000000000e+03 5.275000000000000000e+03
1.416000000000000000e+03 5.287000000000000000e+03
1.441000000000000000e+03 5.369000000000000000e+03
1.557000000000000000e+03 5.355000000000000000e+03
3.315000000000000000e+03 3.624000000000000000e+03
4.034000000000000000e+03 3.841000000000000000e+03
3.167000000000000000e+03 4.423000000000000000e+03
2.630000000000000000e+03 5.137000000000000000e+03
2.094000000000000000e+03 5.163000000000000000e+03
2.633000000000000000e+03 4.983000000000000000e+03
4.888000000000000000e+03 4.315000000000000000e+03
4.973000000000000000e+03 4.211000000000000000e+03
1.508000000000000000e+03 3.955000000000000000e+03
1.520000000000000000e+03 4.243000000000000000e+03
1.512000000000000000e+03 4.959000000000000000e+03
1.671000000000000000e+03 5.180000000000000000e+03
2.701000000000000000e+03 4.097000000000000000e+03
3.132000000000000000e+03 4.137000000000000000e+03
3.217000000000000000e+03 3.845000000000000000e+03
3.230000000000000000e+03 4.565000000000000000e+03
2.097000000000000000e+03 5.394000000000000000e+03
2.035000000000000000e+03 5.432000000000000000e+03
2.139000000000000000e+03 5.508000000000000000e+03
2.066000000000000000e+03 5.451000000000000000e+03
1.862000000000000000e+03 5.375000000000000000e+03
1.859000000000000000e+03 5.443000000000000000e+03
1.921000000000000000e+03 5.456000000000000000e+03
2.001000000000000000e+03 5.456000000000000000e+03
1.886000000000000000e+03 5.540000000000000000e+03
1.805000000000000000e+03 5.523000000000000000e+03
1.978000000000000000e+03 5.336000000000000000e+03
1.963000000000000000e+03 5.564000000000000000e+03
1.657000000000000000e+03 5.384000000000000000e+03
1.657000000000000000e+03 5.400000000000000000e+03
1.744000000000000000e+03 5.466000000000000000e+03
1.731000000000000000e+03 5.464000000000000000e+03
2.103000000000000000e+03 5.334000000000000000e+03
3.144000000000000000e+03 5.070000000000000000e+03
2.047000000000000000e+03 5.516000000000000000e+03
2.012000000000000000e+03 5.456000000000000000e+03
4.717000000000000000e+03 4.708000000000000000e+03
2.433000000000000000e+03 5.446000000000000000e+03
2.290000000000000000e+03 5.276000000000000000e+03
3.414000000000000000e+03 4.901000000000000000e+03
2.138000000000000000e+03 5.341000000000000000e+03
2.292000000000000000e+03 5.318000000000000000e+03
2.170000000000000000e+03 5.396000000000000000e+03
2.313000000000000000e+03 5.487000000000000000e+03
2.266000000000000000e+03 5.499000000000000000e+03
2.286000000000000000e+03 5.588000000000000000e+03
2.410000000000000000e+03 5.539000000000000000e+03
2.364000000000000000e+03 5.491000000000000000e+03
7.990000000000000000e+02 6.310000000000000000e+03
5.482000000000000000e+03 2.100000000000000000e+02
4.080000000000000000e+02 5.740000000000000000e+03
5.592000000000000000e+03 2.030000000000000000e+03
2.727000000000000000e+03 5.330000000000000000e+03
5.680000000000000000e+02 2.670000000000000000e+03
4.920000000000000000e+02 3.800000000000000000e+02
7.442000000000000000e+03 0.000000000000000000e+00
-1.200000000000000000e+01 0.000000000000000000e+00
-4.000000000000000000e+00 0.000000000000000000e+00
