5.605000000000000000e+03 6.494000000000000000e+03
5.319000000000000000e+03 6.480000000000000000e+03
5.386000000000000000e+03 6.499000000000000000e+03
5.649000000000000000e+03 6.525000000000000000e+03
5.615000000000000000e+03 6.482000000000000000e+03
5.656000000000000000e+03 6.663000000000000000e+03
5.700000000000000000e+03 6.689000000000000000e+03
5.622000000000000000e+03 6.929000000000000000e+03
5.574000000000000000e+03 6.996000000000000000e+03
5.519000000000000000e+03 6.919000000000000000e+03
5.718000000000000000e+03 6.496000000000000000e+03
5.623000000000000000e+03 6.815000000000000000e+03
5.490000000000000000e+03 6.873000000000000000e+03
5.491000000000000000e+03 6.757000000000000000e+03
5.430000000000000000e+03 6.832000000000000000e+03
5.560000000000000000e+03 6.665000000000000000e+03
5.458000000000000000e+03 6.689000000000000000e+03
5.405000000000000000e+03 6.617000000000000000e+03
5.448000000000000000e+03 6.531000000000000000e+03
5.350000000000000000e+03 6.464000000000000000e+03
5.433000000000000000e+03 6.587000000000000000e+03
5.250000000000000000e+03 6.390000000000000000e+03
5.254000000000000000e+03 6.309000000000000000e+03
5.602000000000000000e+03 6.119000000000000000e+03
5.628000000000000000e+03 6.397000000000000000e+03
5.411000000000000000e+03 6.328000000000000000e+03
5.347000000000000000e+03 6.206000000000000000e+03
5.613000000000000000e+03 6.057000000000000000e+03
5.654000000000000000e+03 6.276000000000000000e+03
5.597000000000000000e+03 6.394000000000000000e+03
5.505000000000000000e+03 6.278000000000000000e+03
7.246000000000000000e+03 6.399000000000000000e+03
7.380000000000000000e+03 6.465000000000000000e+03
7.438000000000000000e+03 6.418000000000000000e+03
7.409000000000000000e+03 6.301000000000000000e+03
7.318000000000000000e+03 6.294000000000000000e+03
7.293000000000000000e+03 6.180000000000000000e+03
7.365000000000000000e+03 6.163000000000000000e+03
6.678000000000000000e+03 5.743000000000000000e+03
6.556000000000000000e+03 5.675000000000000000e+03
6.613000000000000000e+03 5.648000000000000000e+03
6.643000000000000000e+03 5.665000000000000000e+03
6.837000000000000000e+03 5.663000000000000000e+03
6.819000000000000000e+03 5.638000000000000000e+03
6.979000000000000000e+03 5.672000000000000000e+03
7.098000000000000000e+03 5.698000000000000000e+03
7.073000000000000000e+03 6.350000000000000000e+03
7.312000000000000000e+03 6.717000000000000000e+03
7.295000000000000000e+03 6.554000000000000000e+03
7.283000000000000000e+03 6.497000000000000000e+03
7.434000000000000000e+03 6.112000000000000000e+03
7.473000000000000000e+03 6.292000000000000000e+03
7.456000000000000000e+03 6.618000000000000000e+03
7.454000000000000000e+03 6.474000000000000000e+03
7.369000000000000000e+03 5.973000000000000000e+03
7.444000000000000000e+03 5.963000000000000000e+03
7.303000000000000000e+03 5.906000000000000000e+03
7.385000000000000000e+03 5.849000000000000000e+03
7.269000000000000000e+03 5.709000000000000000e+03
7.185000000000000000e+03 5.702000000000000000e+03
7.346000000000000000e+03 5.812000000000000000e+03
7.331000000000000000e+03 5.717000000000000000e+03
6.773000000000000000e+03 7.452000000000000000e+03
6.673000000000000000e+03 7.449000000000000000e+03
6.611000000000000000e+03 7.453000000000000000e+03
6.201000000000000000e+03 7.052000000000000000e+03
5.944000000000000000e+03 6.712000000000000000e+03
6.724000000000000000e+03 7.469000000000000000e+03
6.128000000000000000e+03 7.468000000000000000e+03
5.317000000000000000e+03 7.091000000000000000e+03
5.599000000000000000e+03 6.358000000000000000e+03
5.468000000000000000e+03 6.333000000000000000e+03
5.490000000000000000e+03 6.772000000000000000e+03
5.193000000000000000e+03 7.069000000000000000e+03
5.250000000000000000e+03 6.798000000000000000e+03
5.023000000000000000e+03 7.052000000000000000e+03
4.972000000000000000e+03 7.060000000000000000e+03
7.403000000000000000e+03 7.115000000000000000e+03
7.294000000000000000e+03 7.034000000000000000e+03
5.381000000000000000e+03 7.270000000000000000e+03
5.504000000000000000e+03 7.004000000000000000e+03
5.013000000000000000e+03 7.349000000000000000e+03
5.141000000000000000e+03 7.337000000000000000e+03
5.275000000000000000e+03 7.306000000000000000e+03
5.239000000000000000e+03 7.329000000000000000e+03
5.066000000000000000e+03 7.211000000000000000e+03
4.958000000000000000e+03 7.192000000000000000e+03
4.889000000000000000e+03 7.358000000000000000e+03
4.932000000000000000e+03 7.197000000000000000e+03
6.914000000000000000e+03 7.378000000000000000e+03
7.352000000000000000e+03 7.433000000000000000e+03
5.882000000000000000e+03 7.262000000000000000e+03
5.719000000000000000e+03 7.228000000000000000e+03
5.214000000000000000e+03 6.979000000000000000e+03
5.365000000000000000e+03 6.965000000000000000e+03
5.020000000000000000e+03 6.949000000000000000e+03
5.160000000000000000e+03 6.920000000000000000e+03
5.774000000000000000e+03 6.215000000000000000e+03
5.471000000000000000e+03 6.599000000000000000e+03
5.086000000000000000e+03 6.828000000000000000e+03
5.195000000000000000e+03 6.818000000000000000e+03
4.891000000000000000e+03 6.862000000000000000e+03
5.015000000000000000e+03 6.844000000000000000e+03
5.090000000000000000e+03 6.471000000000000000e+03
4.991000000000000000e+03 6.720000000000000000e+03
5.175000000000000000e+03 6.360000000000000000e+03
5.073000000000000000e+03 6.649000000000000000e+03
5.124000000000000000e+03 6.624000000000000000e+03
5.201000000000000000e+03 6.657000000000000000e+03
6.170000000000000000e+03 7.427000000000000000e+03
5.946000000000000000e+03 7.430000000000000000e+03
5.764000000000000000e+03 7.029000000000000000e+03
5.801000000000000000e+03 7.419000000000000000e+03
5.424000000000000000e+03 6.838000000000000000e+03
5.342000000000000000e+03 6.974000000000000000e+03
5.223000000000000000e+03 7.223000000000000000e+03
5.296000000000000000e+03 7.190000000000000000e+03
5.599000000000000000e+03 7.332000000000000000e+03
5.412000000000000000e+03 7.424000000000000000e+03
5.451000000000000000e+03 7.415000000000000000e+03
5.555000000000000000e+03 7.438000000000000000e+03
5.066000000000000000e+03 7.469000000000000000e+03
5.142000000000000000e+03 7.445000000000000000e+03
5.679000000000000000e+03 7.427000000000000000e+03
5.338000000000000000e+03 6.732000000000000000e+03
4.657000000000000000e+03 7.051000000000000000e+03
4.608000000000000000e+03 7.073000000000000000e+03
4.628000000000000000e+03 7.121000000000000000e+03
5.414000000000000000e+03 6.034000000000000000e+03
5.362000000000000000e+03 6.024000000000000000e+03
5.403000000000000000e+03 6.096000000000000000e+03
5.423000000000000000e+03 6.223000000000000000e+03
4.748000000000000000e+03 7.355000000000000000e+03
4.739000000000000000e+03 7.316000000000000000e+03
4.689000000000000000e+03 7.313000000000000000e+03
4.733000000000000000e+03 7.168000000000000000e+03
4.683000000000000000e+03 7.354000000000000000e+03
4.617000000000000000e+03 7.264000000000000000e+03
4.675000000000000000e+03 7.344000000000000000e+03
4.637000000000000000e+03 7.280000000000000000e+03
5.656000000000000000e+03 5.964000000000000000e+03
5.774000000000000000e+03 6.045000000000000000e+03
5.543000000000000000e+03 5.884000000000000000e+03
5.557000000000000000e+03 5.840000000000000000e+03
5.318000000000000000e+03 5.927000000000000000e+03
5.371000000000000000e+03 5.908000000000000000e+03
5.481000000000000000e+03 5.853000000000000000e+03
5.413000000000000000e+03 5.864000000000000000e+03
5.445000000000000000e+03 6.088000000000000000e+03
5.376000000000000000e+03 6.138000000000000000e+03
3.893000000000000000e+03 6.348000000000000000e+03
4.778000000000000000e+03 5.830000000000000000e+03
5.666000000000000000e+03 6.113000000000000000e+03
5.589000000000000000e+03 6.179000000000000000e+03
5.650000000000000000e+03 6.104000000000000000e+03
5.517000000000000000e+03 6.138000000000000000e+03
2.270000000000000000e+03 7.474000000000000000e+03
3.072000000000000000e+03 7.464000000000000000e+03
2.433000000000000000e+03 7.461000000000000000e+03
2.611000000000000000e+03 7.469000000000000000e+03
2.952000000000000000e+03 7.474000000000000000e+03
2.836000000000000000e+03 7.458000000000000000e+03
2.641000000000000000e+03 7.466000000000000000e+03
1.766000000000000000e+03 7.464000000000000000e+03
1.776000000000000000e+03 7.461000000000000000e+03
2.142000000000000000e+03 7.454000000000000000e+03
1.803000000000000000e+03 7.455000000000000000e+03
2.107000000000000000e+03 7.471000000000000000e+03
1.894000000000000000e+03 7.468000000000000000e+03
1.791000000000000000e+03 7.461000000000000000e+03
1.940000000000000000e+03 7.468000000000000000e+03
1.020000000000000000e+03 7.467000000000000000e+03
1.058000000000000000e+03 7.473000000000000000e+03
5.980000000000000000e+02 7.478000000000000000e+03
7.410000000000000000e+02 7.480000000000000000e+03
8.200000000000000000e+02 7.464000000000000000e+03
8.720000000000000000e+02 7.467000000000000000e+03
5.960000000000000000e+02 7.462000000000000000e+03
3.394000000000000000e+03 7.091000000000000000e+03
4.586000000000000000e+03 6.924000000000000000e+03
4.717000000000000000e+03 6.926000000000000000e+03
4.555000000000000000e+03 6.941000000000000000e+03
4.511000000000000000e+03 6.994000000000000000e+03
4.807000000000000000e+03 6.923000000000000000e+03
4.790000000000000000e+03 6.979000000000000000e+03
4.844000000000000000e+03 7.071000000000000000e+03
4.781000000000000000e+03 7.096000000000000000e+03
4.634000000000000000e+03 6.521000000000000000e+03
4.746000000000000000e+03 6.395000000000000000e+03
4.458000000000000000e+03 6.454000000000000000e+03
4.583000000000000000e+03 6.686000000000000000e+03
4.594000000000000000e+03 6.750000000000000000e+03
4.623000000000000000e+03 6.569000000000000000e+03
4.618000000000000000e+03 6.564000000000000000e+03
4.843000000000000000e+03 5.545000000000000000e+03
4.358000000000000000e+03 7.087000000000000000e+03
2.484000000000000000e+03 5.729000000000000000e+03
1.951000000000000000e+03 5.468000000000000000e+03
4.180000000000000000e+03 7.447000000000000000e+03
4.044000000000000000e+03 7.449000000000000000e+03
4.416000000000000000e+03 7.453000000000000000e+03
4.262000000000000000e+03 7.460000000000000000e+03
4.807000000000000000e+03 6.677000000000000000e+03
4.786000000000000000e+03 6.811000000000000000e+03
4.708000000000000000e+03 6.709000000000000000e+03
4.729000000000000000e+03 6.727000000000000000e+03
4.959000000000000000e+03 6.552000000000000000e+03
5.019000000000000000e+03 6.500000000000000000e+03
4.920000000000000000e+03 6.609000000000000000e+03
4.873000000000000000e+03 6.649000000000000000e+03
4.822000000000000000e+03 6.517000000000000000e+03
4.825000000000000000e+03 6.466000000000000000e+03
4.707000000000000000e+03 6.588000000000000000e+03
4.789000000000000000e+03 6.556000000000000000e+03
4.927000000000000000e+03 6.423000000000000000e+03
4.980000000000000000e+03 6.389000000000000000e+03
5.018000000000000000e+03 6.309000000000000000e+03
4.943000000000000000e+03 6.339000000000000000e+03
3.122000000000000000e+03 6.347000000000000000e+03
2.920000000000000000e+03 6.199000000000000000e+03
3.809000000000000000e+03 6.151000000000000000e+03
2.862000000000000000e+03 5.999000000000000000e+03
4.481000000000000000e+03 6.023000000000000000e+03
3.298000000000000000e+03 5.536000000000000000e+03
3.168000000000000000e+03 7.032000000000000000e+03
3.570000000000000000e+03 6.690000000000000000e+03
4.568000000000000000e+03 6.367000000000000000e+03
4.591000000000000000e+03 6.269000000000000000e+03
4.183000000000000000e+03 7.319000000000000000e+03
2.663000000000000000e+03 6.035000000000000000e+03
3.411000000000000000e+03 5.934000000000000000e+03
4.706000000000000000e+03 6.316000000000000000e+03
4.655000000000000000e+03 6.140000000000000000e+03
4.753000000000000000e+03 6.285000000000000000e+03
4.836000000000000000e+03 5.795000000000000000e+03
4.596000000000000000e+03 5.721000000000000000e+03
3.934000000000000000e+03 7.394000000000000000e+03
4.675000000000000000e+03 6.346000000000000000e+03
4.567000000000000000e+03 7.333000000000000000e+03
4.554000000000000000e+03 7.398000000000000000e+03
4.180000000000000000e+03 7.409000000000000000e+03
1.322000000000000000e+03 5.460000000000000000e+03
1.123000000000000000e+03 5.316000000000000000e+03
1.193000000000000000e+03 5.351000000000000000e+03
1.097000000000000000e+03 5.501000000000000000e+03
1.982000000000000000e+03 5.434000000000000000e+03
9.060000000000000000e+02 5.423000000000000000e+03
9.770000000000000000e+02 5.432000000000000000e+03
1.031000000000000000e+03 5.358000000000000000e+03
1.093000000000000000e+03 5.410000000000000000e+03
5.809000000000000000e+03 4.126000000000000000e+03
5.847000000000000000e+03 4.310000000000000000e+03
5.982000000000000000e+03 4.410000000000000000e+03
5.626000000000000000e+03 4.237000000000000000e+03
5.570000000000000000e+03 4.285000000000000000e+03
5.673000000000000000e+03 4.445000000000000000e+03
5.630000000000000000e+03 4.415000000000000000e+03
6.040000000000000000e+03 4.467000000000000000e+03
6.174000000000000000e+03 4.405000000000000000e+03
6.200000000000000000e+03 4.303000000000000000e+03
6.080000000000000000e+03 4.495000000000000000e+03
6.014000000000000000e+03 4.236000000000000000e+03
5.900000000000000000e+03 4.260000000000000000e+03
5.958000000000000000e+03 4.281000000000000000e+03
5.991000000000000000e+03 4.197000000000000000e+03
5.883000000000000000e+03 4.564000000000000000e+03
5.953000000000000000e+03 4.531000000000000000e+03
5.988000000000000000e+03 4.594000000000000000e+03
5.831000000000000000e+03 4.739000000000000000e+03
6.029000000000000000e+03 4.714000000000000000e+03
5.991000000000000000e+03 4.683000000000000000e+03
5.982000000000000000e+03 4.824000000000000000e+03
6.113000000000000000e+03 4.756000000000000000e+03
5.460000000000000000e+03 4.443000000000000000e+03
5.479000000000000000e+03 4.401000000000000000e+03
5.330000000000000000e+03 4.388000000000000000e+03
5.563000000000000000e+03 4.427000000000000000e+03
5.278000000000000000e+03 4.240000000000000000e+03
5.316000000000000000e+03 4.297000000000000000e+03
5.451000000000000000e+03 4.285000000000000000e+03
5.380000000000000000e+03 4.218000000000000000e+03
5.707000000000000000e+03 4.749000000000000000e+03
5.654000000000000000e+03 4.853000000000000000e+03
5.709000000000000000e+03 4.827000000000000000e+03
5.795000000000000000e+03 4.778000000000000000e+03
5.890000000000000000e+03 4.743000000000000000e+03
5.840000000000000000e+03 4.686000000000000000e+03
5.811000000000000000e+03 4.643000000000000000e+03
5.739000000000000000e+03 4.764000000000000000e+03
5.705000000000000000e+03 4.702000000000000000e+03
5.502000000000000000e+03 4.707000000000000000e+03
5.591000000000000000e+03 4.731000000000000000e+03
5.363000000000000000e+03 4.911000000000000000e+03
5.448000000000000000e+03 4.881000000000000000e+03
5.451000000000000000e+03 4.890000000000000000e+03
5.479000000000000000e+03 4.802000000000000000e+03
5.405000000000000000e+03 4.524000000000000000e+03
5.454000000000000000e+03 4.505000000000000000e+03
5.210000000000000000e+03 4.527000000000000000e+03
5.245000000000000000e+03 4.558000000000000000e+03
5.253000000000000000e+03 4.805000000000000000e+03
5.236000000000000000e+03 4.955000000000000000e+03
5.228000000000000000e+03 4.694000000000000000e+03
5.207000000000000000e+03 4.812000000000000000e+03
5.332000000000000000e+03 4.883000000000000000e+03
5.464000000000000000e+03 4.626000000000000000e+03
5.351000000000000000e+03 4.912000000000000000e+03
5.371000000000000000e+03 4.776000000000000000e+03
5.586000000000000000e+03 4.529000000000000000e+03
5.707000000000000000e+03 4.564000000000000000e+03
5.517000000000000000e+03 4.606000000000000000e+03
5.554000000000000000e+03 4.593000000000000000e+03
5.700000000000000000e+03 5.232000000000000000e+03
5.067000000000000000e+03 5.690000000000000000e+03
5.612000000000000000e+03 5.567000000000000000e+03
4.836000000000000000e+03 4.858000000000000000e+03
4.878000000000000000e+03 5.304000000000000000e+03
4.837000000000000000e+03 5.638000000000000000e+03
4.789000000000000000e+03 5.703000000000000000e+03
4.704000000000000000e+03 5.283000000000000000e+03
4.665000000000000000e+03 5.113000000000000000e+03
4.704000000000000000e+03 5.730000000000000000e+03
4.724000000000000000e+03 5.656000000000000000e+03
4.671000000000000000e+03 5.972000000000000000e+03
4.671000000000000000e+03 5.978000000000000000e+03
4.728000000000000000e+03 5.856000000000000000e+03
4.643000000000000000e+03 5.872000000000000000e+03
5.177000000000000000e+03 5.892000000000000000e+03
4.825000000000000000e+03 5.916000000000000000e+03
5.200000000000000000e+03 5.793000000000000000e+03
4.978000000000000000e+03 5.815000000000000000e+03
4.927000000000000000e+03 6.024000000000000000e+03
4.787000000000000000e+03 6.067000000000000000e+03
4.674000000000000000e+03 6.145000000000000000e+03
4.649000000000000000e+03 6.199000000000000000e+03
5.818000000000000000e+03 4.150000000000000000e+03
5.761000000000000000e+03 4.233000000000000000e+03
5.675000000000000000e+03 5.462000000000000000e+03
5.883000000000000000e+03 4.289000000000000000e+03
5.829000000000000000e+03 4.440000000000000000e+03
5.765000000000000000e+03 4.493000000000000000e+03
5.672000000000000000e+03 4.846000000000000000e+03
5.811000000000000000e+03 4.293000000000000000e+03
5.284000000000000000e+03 5.288000000000000000e+03
5.425000000000000000e+03 4.801000000000000000e+03
5.249000000000000000e+03 5.628000000000000000e+03
5.390000000000000000e+03 5.165000000000000000e+03
5.225000000000000000e+03 5.393000000000000000e+03
5.255000000000000000e+03 5.253000000000000000e+03
5.197000000000000000e+03 5.339000000000000000e+03
5.012000000000000000e+03 5.654000000000000000e+03
4.957000000000000000e+03 5.977000000000000000e+03
5.065000000000000000e+03 5.901000000000000000e+03
4.909000000000000000e+03 5.959000000000000000e+03
4.978000000000000000e+03 5.876000000000000000e+03
5.092000000000000000e+03 5.817000000000000000e+03
5.036000000000000000e+03 5.805000000000000000e+03
4.949000000000000000e+03 5.810000000000000000e+03
5.058000000000000000e+03 5.733000000000000000e+03
5.159000000000000000e+03 5.998000000000000000e+03
5.155000000000000000e+03 5.914000000000000000e+03
5.161000000000000000e+03 5.832000000000000000e+03
5.185000000000000000e+03 5.791000000000000000e+03
5.086000000000000000e+03 6.075000000000000000e+03
5.039000000000000000e+03 6.067000000000000000e+03
4.951000000000000000e+03 6.105000000000000000e+03
4.955000000000000000e+03 6.136000000000000000e+03
4.903000000000000000e+03 6.225000000000000000e+03
5.014000000000000000e+03 6.100000000000000000e+03
5.075000000000000000e+03 6.246000000000000000e+03
4.955000000000000000e+03 6.252000000000000000e+03
5.134000000000000000e+03 6.169000000000000000e+03
5.117000000000000000e+03 6.203000000000000000e+03
5.164000000000000000e+03 6.107000000000000000e+03
5.201000000000000000e+03 6.003000000000000000e+03
4.987000000000000000e+03 5.531000000000000000e+03
1.943000000000000000e+03 5.380000000000000000e+03
3.837000000000000000e+03 5.391000000000000000e+03
6.138000000000000000e+03 5.546000000000000000e+03
6.037000000000000000e+03 5.552000000000000000e+03
5.496000000000000000e+03 5.566000000000000000e+03
5.326000000000000000e+03 5.519000000000000000e+03
5.978000000000000000e+03 5.616000000000000000e+03
5.960000000000000000e+03 5.562000000000000000e+03
6.211000000000000000e+03 5.597000000000000000e+03
6.259000000000000000e+03 5.564000000000000000e+03
6.404000000000000000e+03 5.482000000000000000e+03
6.302000000000000000e+03 5.541000000000000000e+03
6.411000000000000000e+03 5.444000000000000000e+03
6.341000000000000000e+03 5.441000000000000000e+03
6.891000000000000000e+03 5.359000000000000000e+03
6.818000000000000000e+03 5.344000000000000000e+03
6.991000000000000000e+03 5.313000000000000000e+03
7.051000000000000000e+03 5.357000000000000000e+03
6.706000000000000000e+03 5.344000000000000000e+03
6.549000000000000000e+03 5.340000000000000000e+03
6.075000000000000000e+03 5.449000000000000000e+03
6.465000000000000000e+03 5.347000000000000000e+03
1.701000000000000000e+03 5.427000000000000000e+03
1.690000000000000000e+03 5.463000000000000000e+03
1.520000000000000000e+03 5.391000000000000000e+03
1.715000000000000000e+03 5.469000000000000000e+03
5.080000000000000000e+03 5.396000000000000000e+03
5.142000000000000000e+03 5.403000000000000000e+03
1.739000000000000000e+03 5.392000000000000000e+03
1.903000000000000000e+03 5.392000000000000000e+03
6.475000000000000000e+03 5.586000000000000000e+03
6.444000000000000000e+03 5.592000000000000000e+03
6.112000000000000000e+03 5.612000000000000000e+03
5.807000000000000000e+03 5.509000000000000000e+03
5.351000000000000000e+03 5.531000000000000000e+03
6.498000000000000000e+03 5.559000000000000000e+03
5.670000000000000000e+03 5.531000000000000000e+03
6.897000000000000000e+03 5.437000000000000000e+03
6.982000000000000000e+03 5.453000000000000000e+03
6.769000000000000000e+03 5.477000000000000000e+03
6.728000000000000000e+03 5.437000000000000000e+03
5.894000000000000000e+03 5.511000000000000000e+03
6.422000000000000000e+03 5.554000000000000000e+03
6.637000000000000000e+03 5.480000000000000000e+03
6.593000000000000000e+03 5.462000000000000000e+03
7.098000000000000000e+03 5.511000000000000000e+03
7.030000000000000000e+03 5.486000000000000000e+03
6.991000000000000000e+03 5.534000000000000000e+03
7.003000000000000000e+03 5.570000000000000000e+03
6.727000000000000000e+03 5.555000000000000000e+03
6.067000000000000000e+03 5.576000000000000000e+03
6.021000000000000000e+03 5.601000000000000000e+03
6.853000000000000000e+03 5.547000000000000000e+03
2.752000000000000000e+03 5.147000000000000000e+03
1.097000000000000000e+03 5.127000000000000000e+03
1.051000000000000000e+03 5.153000000000000000e+03
1.013000000000000000e+03 5.209000000000000000e+03
2.008000000000000000e+03 5.299000000000000000e+03
1.149000000000000000e+03 5.266000000000000000e+03
2.285000000000000000e+03 5.157000000000000000e+03
1.168000000000000000e+03 5.143000000000000000e+03
5.370000000000000000e+03 5.287000000000000000e+03
5.766000000000000000e+03 4.908000000000000000e+03
5.672000000000000000e+03 4.953000000000000000e+03
6.075000000000000000e+03 5.430000000000000000e+03
5.490000000000000000e+03 5.463000000000000000e+03
5.811000000000000000e+03 5.468000000000000000e+03
5.416000000000000000e+03 5.417000000000000000e+03
5.918000000000000000e+03 5.052000000000000000e+03
5.942000000000000000e+03 5.151000000000000000e+03
5.989000000000000000e+03 5.110000000000000000e+03
6.006000000000000000e+03 5.187000000000000000e+03
5.833000000000000000e+03 4.923000000000000000e+03
6.040000000000000000e+03 4.947000000000000000e+03
5.849000000000000000e+03 4.985000000000000000e+03
5.952000000000000000e+03 5.107000000000000000e+03
6.036000000000000000e+03 5.482000000000000000e+03
6.096000000000000000e+03 5.417000000000000000e+03
5.915000000000000000e+03 4.867000000000000000e+03
6.145000000000000000e+03 5.383000000000000000e+03
6.266000000000000000e+03 5.400000000000000000e+03
6.194000000000000000e+03 5.400000000000000000e+03
6.332000000000000000e+03 5.318000000000000000e+03
6.312000000000000000e+03 5.319000000000000000e+03
6.122000000000000000e+03 5.219000000000000000e+03
6.111000000000000000e+03 5.154000000000000000e+03
6.194000000000000000e+03 5.053000000000000000e+03
6.050000000000000000e+03 5.064000000000000000e+03
6.055000000000000000e+03 4.904000000000000000e+03
6.041000000000000000e+03 4.862000000000000000e+03
6.075000000000000000e+03 4.999000000000000000e+03
6.051000000000000000e+03 4.922000000000000000e+03
5.473000000000000000e+03 5.020000000000000000e+03
5.515000000000000000e+03 5.093000000000000000e+03
5.520000000000000000e+03 5.025000000000000000e+03
5.723000000000000000e+03 5.109000000000000000e+03
5.673000000000000000e+03 5.066000000000000000e+03
5.687000000000000000e+03 5.062000000000000000e+03
5.754000000000000000e+03 5.044000000000000000e+03
5.800000000000000000e+03 5.115000000000000000e+03
5.567000000000000000e+03 5.266000000000000000e+03
5.649000000000000000e+03 5.127000000000000000e+03
5.544000000000000000e+03 5.274000000000000000e+03
5.480000000000000000e+03 5.250000000000000000e+03
5.799000000000000000e+03 5.191000000000000000e+03
5.780000000000000000e+03 5.223000000000000000e+03
5.617000000000000000e+03 5.214000000000000000e+03
5.655000000000000000e+03 5.284000000000000000e+03
6.009000000000000000e+03 5.292000000000000000e+03
6.076000000000000000e+03 5.277000000000000000e+03
5.942000000000000000e+03 5.333000000000000000e+03
5.904000000000000000e+03 5.321000000000000000e+03
5.814000000000000000e+03 5.365000000000000000e+03
5.764000000000000000e+03 5.331000000000000000e+03
5.555000000000000000e+03 5.243000000000000000e+03
5.451000000000000000e+03 5.250000000000000000e+03
5.681000000000000000e+03 5.308000000000000000e+03
5.835000000000000000e+03 5.341000000000000000e+03
5.617000000000000000e+03 5.264000000000000000e+03
5.595000000000000000e+03 5.337000000000000000e+03
5.468000000000000000e+03 5.196000000000000000e+03
5.365000000000000000e+03 5.198000000000000000e+03
5.381000000000000000e+03 5.133000000000000000e+03
5.350000000000000000e+03 5.051000000000000000e+03
6.735000000000000000e+03 2.095000000000000000e+03
2.301000000000000000e+03 1.192000000000000000e+03
2.618000000000000000e+03 1.308000000000000000e+03
7.107000000000000000e+03 2.364000000000000000e+03
7.159000000000000000e+03 2.330000000000000000e+03
7.052000000000000000e+03 2.302000000000000000e+03
7.023000000000000000e+03 2.339000000000000000e+03
6.490000000000000000e+03 2.296000000000000000e+03
6.588000000000000000e+03 2.303000000000000000e+03
6.932000000000000000e+03 2.342000000000000000e+03
6.867000000000000000e+03 2.310000000000000000e+03
6.879000000000000000e+03 2.353000000000000000e+03
6.705000000000000000e+03 2.335000000000000000e+03
6.623000000000000000e+03 2.374000000000000000e+03
6.387000000000000000e+03 2.370000000000000000e+03
2.347000000000000000e+03 1.693000000000000000e+03
2.598000000000000000e+03 1.700000000000000000e+03
2.773000000000000000e+03 1.840000000000000000e+03
2.276000000000000000e+03 1.724000000000000000e+03
2.163000000000000000e+03 1.552000000000000000e+03
2.201000000000000000e+03 1.622000000000000000e+03
2.230000000000000000e+03 1.784000000000000000e+03
2.177000000000000000e+03 1.633000000000000000e+03
2.196000000000000000e+03 1.126000000000000000e+03
2.247000000000000000e+03 1.140000000000000000e+03
2.157000000000000000e+03 1.066000000000000000e+03
2.140000000000000000e+03 1.120000000000000000e+03
2.122000000000000000e+03 1.219000000000000000e+03
2.148000000000000000e+03 1.130000000000000000e+03
2.214000000000000000e+03 1.263000000000000000e+03
2.159000000000000000e+03 1.313000000000000000e+03
7.291000000000000000e+03 1.528000000000000000e+03
7.333000000000000000e+03 1.738000000000000000e+03
7.006000000000000000e+03 1.922000000000000000e+03
7.363000000000000000e+03 1.704000000000000000e+03
7.362000000000000000e+03 1.822000000000000000e+03
7.371000000000000000e+03 1.563000000000000000e+03
7.318000000000000000e+03 1.542000000000000000e+03
7.430000000000000000e+03 2.137000000000000000e+03
7.028000000000000000e+03 2.327000000000000000e+03
7.338000000000000000e+03 2.141000000000000000e+03
7.336000000000000000e+03 2.215000000000000000e+03
7.427000000000000000e+03 1.981000000000000000e+03
7.381000000000000000e+03 1.861000000000000000e+03
6.341000000000000000e+03 2.159000000000000000e+03
6.398000000000000000e+03 2.192000000000000000e+03
7.028000000000000000e+03 2.493000000000000000e+03
7.098000000000000000e+03 2.464000000000000000e+03
7.226000000000000000e+03 2.611000000000000000e+03
7.269000000000000000e+03 2.550000000000000000e+03
6.840000000000000000e+03 2.482000000000000000e+03
6.559000000000000000e+03 2.399000000000000000e+03
6.924000000000000000e+03 2.431000000000000000e+03
6.856000000000000000e+03 2.448000000000000000e+03
7.388000000000000000e+03 1.359000000000000000e+03
7.335000000000000000e+03 1.283000000000000000e+03
7.367000000000000000e+03 1.453000000000000000e+03
7.359000000000000000e+03 1.672000000000000000e+03
7.362000000000000000e+03 1.206000000000000000e+03
7.305000000000000000e+03 9.240000000000000000e+02
7.374000000000000000e+03 1.106000000000000000e+03
7.401000000000000000e+03 1.252000000000000000e+03
3.768000000000000000e+03 1.471000000000000000e+03
3.330000000000000000e+03 1.350000000000000000e+03
2.190000000000000000e+03 8.300000000000000000e+02
2.278000000000000000e+03 7.160000000000000000e+02
2.234000000000000000e+03 6.820000000000000000e+02
2.194000000000000000e+03 6.890000000000000000e+02
2.142000000000000000e+03 7.170000000000000000e+02
3.777000000000000000e+03 2.018000000000000000e+03
4.375000000000000000e+03 2.043000000000000000e+03
2.255000000000000000e+03 9.870000000000000000e+02
2.307000000000000000e+03 9.780000000000000000e+02
2.211000000000000000e+03 9.960000000000000000e+02
2.208000000000000000e+03 9.230000000000000000e+02
4.302000000000000000e+03 2.090000000000000000e+03
3.847000000000000000e+03 2.034000000000000000e+03
3.293000000000000000e+03 6.300000000000000000e+02
4.892000000000000000e+03 8.800000000000000000e+02
4.218000000000000000e+03 5.570000000000000000e+02
3.707000000000000000e+03 7.880000000000000000e+02
6.759000000000000000e+03 4.420000000000000000e+02
7.293000000000000000e+03 4.460000000000000000e+02
3.219000000000000000e+03 1.371000000000000000e+03
3.058000000000000000e+03 9.640000000000000000e+02
2.336000000000000000e+03 5.870000000000000000e+02
5.846000000000000000e+03 4.310000000000000000e+02
2.277000000000000000e+03 1.016000000000000000e+03
2.306000000000000000e+03 9.380000000000000000e+02
2.340000000000000000e+03 8.090000000000000000e+02
2.407000000000000000e+03 9.390000000000000000e+02
4.247000000000000000e+03 3.610000000000000000e+02
4.749000000000000000e+03 5.690000000000000000e+02
1.965000000000000000e+03 2.334000000000000000e+03
1.985000000000000000e+03 2.331000000000000000e+03
2.341000000000000000e+03 2.448000000000000000e+03
2.043000000000000000e+03 2.343000000000000000e+03
1.961000000000000000e+03 2.096000000000000000e+03
1.852000000000000000e+03 2.224000000000000000e+03
1.924000000000000000e+03 2.199000000000000000e+03
3.368000000000000000e+03 2.285000000000000000e+03
2.302000000000000000e+03 2.107000000000000000e+03
2.282000000000000000e+03 2.058000000000000000e+03
2.261000000000000000e+03 1.979000000000000000e+03
2.148000000000000000e+03 1.921000000000000000e+03
1.817000000000000000e+03 2.158000000000000000e+03
2.881000000000000000e+03 2.310000000000000000e+03
2.011000000000000000e+03 1.861000000000000000e+03
2.578000000000000000e+03 2.154000000000000000e+03
2.180000000000000000e+03 2.079000000000000000e+03
3.518000000000000000e+03 2.117000000000000000e+03
2.864000000000000000e+03 1.880000000000000000e+03
2.482000000000000000e+03 1.647000000000000000e+03
2.286000000000000000e+03 1.326000000000000000e+03
2.244000000000000000e+03 1.378000000000000000e+03
2.322000000000000000e+03 1.403000000000000000e+03
2.202000000000000000e+03 1.472000000000000000e+03
2.276000000000000000e+03 2.268000000000000000e+03
2.297000000000000000e+03 2.315000000000000000e+03
2.180000000000000000e+03 2.146000000000000000e+03
2.200000000000000000e+03 2.123000000000000000e+03
2.270000000000000000e+03 2.354000000000000000e+03
2.212000000000000000e+03 2.388000000000000000e+03
2.123000000000000000e+03 2.371000000000000000e+03
3.409000000000000000e+03 2.468000000000000000e+03
6.209000000000000000e+03 2.561000000000000000e+03
6.218000000000000000e+03 2.666000000000000000e+03
6.165000000000000000e+03 2.699000000000000000e+03
6.661000000000000000e+03 2.764000000000000000e+03
6.616000000000000000e+03 2.810000000000000000e+03
6.398000000000000000e+03 2.729000000000000000e+03
6.344000000000000000e+03 2.748000000000000000e+03
6.356000000000000000e+03 2.445000000000000000e+03
6.418000000000000000e+03 2.459000000000000000e+03
6.269000000000000000e+03 2.486000000000000000e+03
6.186000000000000000e+03 2.486000000000000000e+03
6.577000000000000000e+03 2.518000000000000000e+03
6.561000000000000000e+03 2.582000000000000000e+03
6.587000000000000000e+03 2.415000000000000000e+03
6.539000000000000000e+03 2.479000000000000000e+03
6.163000000000000000e+03 2.809000000000000000e+03
6.148000000000000000e+03 2.739000000000000000e+03
6.290000000000000000e+03 2.868000000000000000e+03
6.204000000000000000e+03 2.802000000000000000e+03
6.546000000000000000e+03 2.839000000000000000e+03
6.491000000000000000e+03 2.915000000000000000e+03
6.264000000000000000e+03 2.900000000000000000e+03
6.434000000000000000e+03 2.872000000000000000e+03
6.478000000000000000e+03 2.725000000000000000e+03
6.561000000000000000e+03 2.653000000000000000e+03
6.501000000000000000e+03 2.654000000000000000e+03
6.508000000000000000e+03 2.488000000000000000e+03
6.354000000000000000e+03 2.468000000000000000e+03
6.349000000000000000e+03 2.595000000000000000e+03
6.261000000000000000e+03 2.438000000000000000e+03
6.193000000000000000e+03 2.321000000000000000e+03
6.581000000000000000e+03 2.768000000000000000e+03
6.635000000000000000e+03 2.706000000000000000e+03
6.571000000000000000e+03 2.590000000000000000e+03
6.301000000000000000e+03 3.178000000000000000e+03
6.214000000000000000e+03 3.089000000000000000e+03
6.433000000000000000e+03 3.077000000000000000e+03
6.351000000000000000e+03 3.231000000000000000e+03
6.787000000000000000e+03 2.583000000000000000e+03
6.735000000000000000e+03 2.667000000000000000e+03
6.873000000000000000e+03 2.745000000000000000e+03
6.943000000000000000e+03 2.748000000000000000e+03
6.352000000000000000e+03 2.695000000000000000e+03
6.875000000000000000e+03 2.793000000000000000e+03
7.095000000000000000e+03 2.765000000000000000e+03
7.201000000000000000e+03 2.769000000000000000e+03
6.348000000000000000e+03 3.150000000000000000e+03
6.269000000000000000e+03 3.259000000000000000e+03
6.208000000000000000e+03 2.912000000000000000e+03
6.291000000000000000e+03 3.001000000000000000e+03
6.560000000000000000e+03 3.262000000000000000e+03
6.564000000000000000e+03 3.064000000000000000e+03
6.739000000000000000e+03 2.939000000000000000e+03
6.714000000000000000e+03 3.268000000000000000e+03
6.493000000000000000e+03 3.460000000000000000e+03
6.526000000000000000e+03 3.380000000000000000e+03
6.594000000000000000e+03 3.122000000000000000e+03
6.497000000000000000e+03 3.400000000000000000e+03
6.740000000000000000e+03 3.412000000000000000e+03
6.688000000000000000e+03 3.381000000000000000e+03
6.851000000000000000e+03 3.439000000000000000e+03
6.813000000000000000e+03 3.450000000000000000e+03
7.008000000000000000e+03 3.129000000000000000e+03
6.752000000000000000e+03 3.128000000000000000e+03
6.777000000000000000e+03 3.187000000000000000e+03
6.702000000000000000e+03 3.004000000000000000e+03
6.807000000000000000e+03 2.982000000000000000e+03
6.521000000000000000e+03 3.074000000000000000e+03
6.590000000000000000e+03 3.006000000000000000e+03
6.921000000000000000e+03 3.016000000000000000e+03
6.842000000000000000e+03 3.059000000000000000e+03
7.049000000000000000e+03 3.039000000000000000e+03
6.975000000000000000e+03 3.032000000000000000e+03
7.225000000000000000e+03 3.039000000000000000e+03
7.178000000000000000e+03 3.078000000000000000e+03
6.917000000000000000e+03 3.008000000000000000e+03
6.803000000000000000e+03 3.080000000000000000e+03
6.679000000000000000e+03 3.193000000000000000e+03
6.705000000000000000e+03 3.199000000000000000e+03
6.717000000000000000e+03 3.341000000000000000e+03
6.624000000000000000e+03 3.280000000000000000e+03
6.596000000000000000e+03 3.085000000000000000e+03
6.615000000000000000e+03 3.165000000000000000e+03
6.574000000000000000e+03 3.164000000000000000e+03
6.495000000000000000e+03 3.197000000000000000e+03
6.371000000000000000e+03 3.388000000000000000e+03
6.338000000000000000e+03 3.404000000000000000e+03
6.268000000000000000e+03 3.394000000000000000e+03
6.206000000000000000e+03 3.429000000000000000e+03
6.159000000000000000e+03 3.320000000000000000e+03
6.176000000000000000e+03 3.276000000000000000e+03
6.202000000000000000e+03 3.236000000000000000e+03
6.281000000000000000e+03 3.215000000000000000e+03
6.932000000000000000e+03 3.328000000000000000e+03
6.811000000000000000e+03 3.365000000000000000e+03
6.887000000000000000e+03 3.267000000000000000e+03
6.860000000000000000e+03 3.269000000000000000e+03
6.582000000000000000e+03 3.111000000000000000e+03
6.460000000000000000e+03 3.199000000000000000e+03
6.762000000000000000e+03 3.114000000000000000e+03
6.797000000000000000e+03 3.187000000000000000e+03
6.794000000000000000e+03 2.899000000000000000e+03
6.971000000000000000e+03 2.880000000000000000e+03
6.953000000000000000e+03 2.940000000000000000e+03
6.656000000000000000e+03 2.833000000000000000e+03
6.822000000000000000e+03 2.843000000000000000e+03
6.789000000000000000e+03 2.871000000000000000e+03
6.700000000000000000e+03 2.864000000000000000e+03
6.416000000000000000e+03 3.023000000000000000e+03
6.493000000000000000e+03 2.487000000000000000e+03
7.049000000000000000e+03 2.878000000000000000e+03
6.933000000000000000e+03 2.538000000000000000e+03
6.648000000000000000e+03 2.538000000000000000e+03
7.106000000000000000e+03 2.923000000000000000e+03
7.163000000000000000e+03 2.891000000000000000e+03
7.201000000000000000e+03 2.895000000000000000e+03
7.229000000000000000e+03 2.844000000000000000e+03
7.127000000000000000e+03 2.581000000000000000e+03
7.102000000000000000e+03 2.594000000000000000e+03
6.762000000000000000e+03 2.654000000000000000e+03
7.078000000000000000e+03 2.657000000000000000e+03
6.903000000000000000e+03 2.626000000000000000e+03
6.979000000000000000e+03 2.643000000000000000e+03
6.254000000000000000e+03 2.658000000000000000e+03
6.114000000000000000e+03 2.620000000000000000e+03
5.307000000000000000e+03 3.203000000000000000e+03
5.033000000000000000e+03 3.091000000000000000e+03
4.987000000000000000e+03 3.113000000000000000e+03
5.594000000000000000e+03 3.045000000000000000e+03
5.629000000000000000e+03 3.071000000000000000e+03
5.193000000000000000e+03 3.174000000000000000e+03
5.138000000000000000e+03 3.264000000000000000e+03
5.888000000000000000e+03 3.121000000000000000e+03
5.889000000000000000e+03 3.194000000000000000e+03
5.975000000000000000e+03 3.215000000000000000e+03
6.014000000000000000e+03 3.213000000000000000e+03
5.558000000000000000e+03 3.947000000000000000e+03
5.286000000000000000e+03 3.749000000000000000e+03
5.848000000000000000e+03 3.107000000000000000e+03
5.757000000000000000e+03 3.106000000000000000e+03
5.662000000000000000e+03 3.107000000000000000e+03
5.559000000000000000e+03 3.122000000000000000e+03
5.382000000000000000e+03 3.120000000000000000e+03
5.405000000000000000e+03 3.060000000000000000e+03
5.307000000000000000e+03 3.051000000000000000e+03
5.197000000000000000e+03 3.722000000000000000e+03
5.121000000000000000e+03 3.042000000000000000e+03
5.121000000000000000e+03 3.020000000000000000e+03
5.182000000000000000e+03 2.903000000000000000e+03
5.160000000000000000e+03 2.952000000000000000e+03
5.357000000000000000e+03 2.933000000000000000e+03
5.262000000000000000e+03 2.912000000000000000e+03
5.426000000000000000e+03 2.942000000000000000e+03
5.471000000000000000e+03 2.971000000000000000e+03
5.786000000000000000e+03 3.001000000000000000e+03
5.733000000000000000e+03 2.982000000000000000e+03
5.357000000000000000e+03 2.967000000000000000e+03
5.103000000000000000e+03 3.502000000000000000e+03
4.979000000000000000e+03 3.614000000000000000e+03
5.578000000000000000e+03 2.745000000000000000e+03
5.677000000000000000e+03 2.800000000000000000e+03
5.549000000000000000e+03 2.710000000000000000e+03
5.430000000000000000e+03 2.665000000000000000e+03
5.564000000000000000e+03 3.356000000000000000e+03
5.874000000000000000e+03 2.815000000000000000e+03
5.830000000000000000e+03 2.813000000000000000e+03
5.829000000000000000e+03 2.799000000000000000e+03
5.857000000000000000e+03 3.277000000000000000e+03
5.955000000000000000e+03 2.895000000000000000e+03
5.957000000000000000e+03 2.898000000000000000e+03
6.019000000000000000e+03 3.004000000000000000e+03
5.630000000000000000e+03 2.858000000000000000e+03
5.582000000000000000e+03 2.873000000000000000e+03
5.683000000000000000e+03 2.879000000000000000e+03
5.219000000000000000e+03 4.181000000000000000e+03
5.746000000000000000e+03 2.899000000000000000e+03
5.835000000000000000e+03 2.902000000000000000e+03
5.866000000000000000e+03 3.003000000000000000e+03
5.896000000000000000e+03 2.982000000000000000e+03
5.243000000000000000e+03 3.456000000000000000e+03
5.230000000000000000e+03 3.405000000000000000e+03
5.286000000000000000e+03 3.707000000000000000e+03
5.368000000000000000e+03 2.813000000000000000e+03
5.470000000000000000e+03 2.855000000000000000e+03
5.442000000000000000e+03 2.861000000000000000e+03
5.325000000000000000e+03 3.443000000000000000e+03
5.272000000000000000e+03 3.469000000000000000e+03
5.205000000000000000e+03 3.481000000000000000e+03
4.804000000000000000e+03 3.241000000000000000e+03
4.874000000000000000e+03 3.276000000000000000e+03
4.978000000000000000e+03 3.281000000000000000e+03
4.931000000000000000e+03 3.352000000000000000e+03
5.002000000000000000e+03 3.332000000000000000e+03
5.136000000000000000e+03 3.343000000000000000e+03
5.425000000000000000e+03 3.383000000000000000e+03
5.356000000000000000e+03 3.401000000000000000e+03
5.582000000000000000e+03 3.363000000000000000e+03
5.483000000000000000e+03 3.455000000000000000e+03
4.788000000000000000e+03 4.390000000000000000e+03
5.183000000000000000e+03 3.395000000000000000e+03
5.139000000000000000e+03 3.337000000000000000e+03
5.239000000000000000e+03 3.432000000000000000e+03
5.049000000000000000e+03 3.415000000000000000e+03
5.112000000000000000e+03 3.414000000000000000e+03
4.908000000000000000e+03 3.433000000000000000e+03
4.789000000000000000e+03 3.315000000000000000e+03
4.793000000000000000e+03 3.337000000000000000e+03
4.913000000000000000e+03 3.170000000000000000e+03
5.002000000000000000e+03 3.271000000000000000e+03
4.106000000000000000e+03 4.869000000000000000e+03
5.760000000000000000e+03 3.454000000000000000e+03
5.710000000000000000e+03 3.369000000000000000e+03
5.188000000000000000e+03 3.735000000000000000e+03
5.556000000000000000e+03 3.448000000000000000e+03
5.941000000000000000e+03 3.329000000000000000e+03
5.906000000000000000e+03 3.331000000000000000e+03
5.936000000000000000e+03 3.404000000000000000e+03
5.871000000000000000e+03 3.423000000000000000e+03
5.634000000000000000e+03 3.449000000000000000e+03
5.621000000000000000e+03 3.492000000000000000e+03
5.731000000000000000e+03 3.441000000000000000e+03
5.730000000000000000e+03 3.426000000000000000e+03
5.198000000000000000e+03 3.478000000000000000e+03
5.339000000000000000e+03 3.359000000000000000e+03
5.451000000000000000e+03 3.468000000000000000e+03
5.406000000000000000e+03 3.462000000000000000e+03
5.211000000000000000e+03 3.311000000000000000e+03
4.949000000000000000e+03 3.205000000000000000e+03
5.074000000000000000e+03 3.210000000000000000e+03
5.046000000000000000e+03 3.220000000000000000e+03
4.898000000000000000e+03 3.484000000000000000e+03
4.858000000000000000e+03 3.273000000000000000e+03
5.089000000000000000e+03 3.478000000000000000e+03
5.012000000000000000e+03 3.408000000000000000e+03
5.426000000000000000e+03 3.268000000000000000e+03
5.358000000000000000e+03 3.262000000000000000e+03
5.248000000000000000e+03 3.276000000000000000e+03
5.162000000000000000e+03 3.224000000000000000e+03
5.814000000000000000e+03 3.286000000000000000e+03
5.809000000000000000e+03 3.276000000000000000e+03
5.581000000000000000e+03 3.297000000000000000e+03
5.519000000000000000e+03 3.268000000000000000e+03
5.714000000000000000e+03 3.231000000000000000e+03
5.587000000000000000e+03 3.197000000000000000e+03
5.197000000000000000e+03 3.117000000000000000e+03
5.521000000000000000e+03 3.185000000000000000e+03
5.365000000000000000e+03 3.189000000000000000e+03
5.487000000000000000e+03 3.211000000000000000e+03
5.167000000000000000e+03 3.376000000000000000e+03
5.204000000000000000e+03 3.458000000000000000e+03
7.255000000000000000e+03 2.932000000000000000e+03
7.385000000000000000e+03 2.849000000000000000e+03
7.398000000000000000e+03 3.077000000000000000e+03
6.862000000000000000e+03 3.215000000000000000e+03
7.420000000000000000e+03 2.835000000000000000e+03
7.393000000000000000e+03 3.080000000000000000e+03
7.112000000000000000e+03 2.944000000000000000e+03
7.023000000000000000e+03 3.237000000000000000e+03
7.015000000000000000e+03 3.325000000000000000e+03
7.066000000000000000e+03 3.289000000000000000e+03
7.127000000000000000e+03 3.309000000000000000e+03
7.104000000000000000e+03 3.357000000000000000e+03
7.161000000000000000e+03 3.254000000000000000e+03
7.176000000000000000e+03 3.246000000000000000e+03
7.206000000000000000e+03 3.169000000000000000e+03
7.411000000000000000e+03 2.706000000000000000e+03
7.407000000000000000e+03 2.524000000000000000e+03
7.246000000000000000e+03 2.763000000000000000e+03
7.371000000000000000e+03 2.701000000000000000e+03
7.225000000000000000e+03 2.673000000000000000e+03
7.438000000000000000e+03 2.550000000000000000e+03
7.453000000000000000e+03 2.617000000000000000e+03
7.295000000000000000e+03 2.606000000000000000e+03
7.424000000000000000e+03 2.293000000000000000e+03
7.289000000000000000e+03 2.643000000000000000e+03
7.396000000000000000e+03 2.595000000000000000e+03
7.425000000000000000e+03 2.708000000000000000e+03
7.352000000000000000e+03 2.663000000000000000e+03
7.377000000000000000e+03 2.440000000000000000e+03
7.338000000000000000e+03 2.546000000000000000e+03
7.387000000000000000e+03 2.361000000000000000e+03
7.350000000000000000e+03 3.365000000000000000e+03
7.311000000000000000e+03 3.408000000000000000e+03
7.376000000000000000e+03 3.354000000000000000e+03
7.335000000000000000e+03 3.285000000000000000e+03
7.319000000000000000e+03 3.518000000000000000e+03
7.333000000000000000e+03 3.465000000000000000e+03
7.343000000000000000e+03 3.427000000000000000e+03
7.375000000000000000e+03 3.606000000000000000e+03
7.372000000000000000e+03 3.407000000000000000e+03
7.316000000000000000e+03 3.508000000000000000e+03
7.404000000000000000e+03 3.380000000000000000e+03
7.325000000000000000e+03 3.576000000000000000e+03
7.368000000000000000e+03 3.548000000000000000e+03
7.299000000000000000e+03 3.693000000000000000e+03
7.392000000000000000e+03 3.591000000000000000e+03
7.349000000000000000e+03 3.780000000000000000e+03
7.352000000000000000e+03 3.778000000000000000e+03
7.393000000000000000e+03 3.763000000000000000e+03
7.393000000000000000e+03 3.640000000000000000e+03
7.425000000000000000e+03 3.719000000000000000e+03
7.348000000000000000e+03 4.060000000000000000e+03
7.383000000000000000e+03 4.054000000000000000e+03
7.388000000000000000e+03 3.791000000000000000e+03
7.336000000000000000e+03 4.078000000000000000e+03
7.282000000000000000e+03 3.627000000000000000e+03
7.363000000000000000e+03 4.181000000000000000e+03
7.316000000000000000e+03 3.798000000000000000e+03
7.247000000000000000e+03 3.438000000000000000e+03
7.448000000000000000e+03 3.455000000000000000e+03
7.454000000000000000e+03 3.321000000000000000e+03
7.426000000000000000e+03 3.319000000000000000e+03
1.900000000000000000e+03 5.150000000000000000e+03
1.937000000000000000e+03 5.264000000000000000e+03
2.056000000000000000e+03 5.189000000000000000e+03
2.120000000000000000e+03 5.282000000000000000e+03
2.194000000000000000e+03 5.330000000000000000e+03
2.038000000000000000e+03 5.242000000000000000e+03
2.020000000000000000e+03 5.140000000000000000e+03
1.804000000000000000e+03 5.060000000000000000e+03
1.837000000000000000e+03 5.105000000000000000e+03
1.657000000000000000e+03 5.092000000000000000e+03
1.742000000000000000e+03 5.082000000000000000e+03
1.570000000000000000e+03 5.123000000000000000e+03
1.527000000000000000e+03 5.207000000000000000e+03
1.459000000000000000e+03 5.221000000000000000e+03
1.484000000000000000e+03 5.129000000000000000e+03
3.718000000000000000e+03 3.672000000000000000e+03
4.316000000000000000e+03 3.554000000000000000e+03
3.466000000000000000e+03 3.678000000000000000e+03
2.633000000000000000e+03 3.995000000000000000e+03
2.092000000000000000e+03 2.545000000000000000e+03
2.693000000000000000e+03 4.406000000000000000e+03
5.047000000000000000e+03 3.563000000000000000e+03
5.239000000000000000e+03 3.690000000000000000e+03
1.549000000000000000e+03 4.297000000000000000e+03
1.597000000000000000e+03 3.703000000000000000e+03
1.580000000000000000e+03 2.785000000000000000e+03
1.761000000000000000e+03 2.818000000000000000e+03
2.754000000000000000e+03 3.719000000000000000e+03
3.202000000000000000e+03 3.626000000000000000e+03
3.374000000000000000e+03 3.529000000000000000e+03
3.330000000000000000e+03 3.721000000000000000e+03
2.242000000000000000e+03 5.092000000000000000e+03
2.243000000000000000e+03 5.128000000000000000e+03
2.431000000000000000e+03 5.186000000000000000e+03
2.386000000000000000e+03 5.226000000000000000e+03
2.137000000000000000e+03 5.199000000000000000e+03
2.179000000000000000e+03 5.259000000000000000e+03
2.233000000000000000e+03 5.251000000000000000e+03
2.344000000000000000e+03 5.279000000000000000e+03
1.989000000000000000e+03 5.204000000000000000e+03
1.891000000000000000e+03 5.215000000000000000e+03
2.109000000000000000e+03 5.087000000000000000e+03
1.998000000000000000e+03 5.131000000000000000e+03
1.714000000000000000e+03 5.157000000000000000e+03
1.663000000000000000e+03 5.236000000000000000e+03
1.813000000000000000e+03 5.263000000000000000e+03
1.812000000000000000e+03 5.263000000000000000e+03
2.126000000000000000e+03 5.099000000000000000e+03
2.835000000000000000e+03 5.298000000000000000e+03
2.015000000000000000e+03 5.120000000000000000e+03
1.813000000000000000e+03 5.068000000000000000e+03
4.502000000000000000e+03 4.516000000000000000e+03
1.531000000000000000e+03 5.318000000000000000e+03
1.673000000000000000e+03 5.229000000000000000e+03
2.941000000000000000e+03 5.167000000000000000e+03
1.270000000000000000e+03 5.112000000000000000e+03
1.333000000000000000e+03 5.130000000000000000e+03
1.212000000000000000e+03 5.081000000000000000e+03
1.354000000000000000e+03 5.204000000000000000e+03
1.374000000000000000e+03 5.224000000000000000e+03
1.299000000000000000e+03 5.224000000000000000e+03
1.421000000000000000e+03 5.340000000000000000e+03
1.418000000000000000e+03 5.298000000000000000e+03
6.162000000000000000e+03 4.110000000000000000e+03
5.730000000000000000e+03 5.730000000000000000e+03
4.958000000000000000e+03 3.540000000000000000e+03
3.630000000000000000e+02 2.800000000000000000e+02
6.190000000000000000e+02 5.530000000000000000e+03
6.300000000000000000e+02 2.540000000000000000e+03
2.401000000000000000e+03 3.700000000000000000e+02
7.442000000000000000e+03 0.000000000000000000e+00
-1.200000000000000000e+01 0.000000000000000000e+00
-4.000000000000000000e+00 0.000000000000000000e+00
