6.133000000000000000e+03 7.160000000000000000e+03
6.008000000000000000e+03 7.074000000000000000e+03
6.039000000000000000e+03 7.148000000000000000e+03
6.249000000000000000e+03 7.265000000000000000e+03
6.086000000000000000e+03 7.240000000000000000e+03
6.287000000000000000e+03 7.237000000000000000e+03
6.296000000000000000e+03 7.318000000000000000e+03
6.185000000000000000e+03 7.133000000000000000e+03
6.292000000000000000e+03 7.166000000000000000e+03
6.360000000000000000e+03 7.109000000000000000e+03
5.959000000000000000e+03 5.697000000000000000e+03
6.418000000000000000e+03 7.258000000000000000e+03
6.492000000000000000e+03 7.226000000000000000e+03
6.459000000000000000e+03 7.093000000000000000e+03
6.502000000000000000e+03 7.128000000000000000e+03
6.313000000000000000e+03 7.029000000000000000e+03
6.229000000000000000e+03 7.062000000000000000e+03
6.186000000000000000e+03 6.948000000000000000e+03
6.155000000000000000e+03 6.881000000000000000e+03
6.034000000000000000e+03 6.995000000000000000e+03
6.116000000000000000e+03 6.994000000000000000e+03
5.936000000000000000e+03 6.983000000000000000e+03
5.926000000000000000e+03 6.903000000000000000e+03
5.986000000000000000e+03 6.166000000000000000e+03
6.189000000000000000e+03 6.863000000000000000e+03
6.058000000000000000e+03 6.855000000000000000e+03
5.911000000000000000e+03 6.540000000000000000e+03
6.135000000000000000e+03 5.935000000000000000e+03
6.281000000000000000e+03 6.856000000000000000e+03
6.381000000000000000e+03 6.921000000000000000e+03
6.426000000000000000e+03 6.896000000000000000e+03
6.292000000000000000e+03 6.303000000000000000e+03
6.305000000000000000e+03 6.410000000000000000e+03
6.305000000000000000e+03 6.450000000000000000e+03
6.315000000000000000e+03 6.478000000000000000e+03
6.365000000000000000e+03 6.566000000000000000e+03
6.501000000000000000e+03 6.546000000000000000e+03
6.496000000000000000e+03 6.542000000000000000e+03
6.482000000000000000e+03 6.340000000000000000e+03
6.431000000000000000e+03 6.320000000000000000e+03
6.341000000000000000e+03 6.019000000000000000e+03
6.215000000000000000e+03 5.750000000000000000e+03
6.623000000000000000e+03 6.229000000000000000e+03
6.481000000000000000e+03 6.009000000000000000e+03
6.628000000000000000e+03 6.354000000000000000e+03
6.623000000000000000e+03 6.425000000000000000e+03
6.701000000000000000e+03 6.449000000000000000e+03
6.522000000000000000e+03 6.092000000000000000e+03
6.573000000000000000e+03 6.239000000000000000e+03
6.526000000000000000e+03 6.324000000000000000e+03
6.864000000000000000e+03 6.427000000000000000e+03
6.960000000000000000e+03 6.350000000000000000e+03
6.883000000000000000e+03 6.266000000000000000e+03
6.840000000000000000e+03 6.248000000000000000e+03
6.893000000000000000e+03 6.480000000000000000e+03
6.959000000000000000e+03 6.510000000000000000e+03
6.868000000000000000e+03 6.509000000000000000e+03
6.870000000000000000e+03 6.648000000000000000e+03
6.687000000000000000e+03 6.548000000000000000e+03
6.611000000000000000e+03 6.536000000000000000e+03
6.797000000000000000e+03 6.623000000000000000e+03
6.717000000000000000e+03 6.601000000000000000e+03
6.766000000000000000e+03 7.453000000000000000e+03
6.661000000000000000e+03 7.446000000000000000e+03
6.608000000000000000e+03 7.452000000000000000e+03
6.246000000000000000e+03 6.775000000000000000e+03
5.998000000000000000e+03 6.220000000000000000e+03
6.707000000000000000e+03 7.470000000000000000e+03
6.119000000000000000e+03 7.468000000000000000e+03
5.038000000000000000e+03 7.057000000000000000e+03
5.789000000000000000e+03 6.094000000000000000e+03
5.781000000000000000e+03 6.730000000000000000e+03
5.429000000000000000e+03 6.622000000000000000e+03
4.935000000000000000e+03 7.117000000000000000e+03
5.307000000000000000e+03 7.102000000000000000e+03
4.915000000000000000e+03 7.245000000000000000e+03
4.808000000000000000e+03 7.227000000000000000e+03
7.391000000000000000e+03 7.111000000000000000e+03
7.281000000000000000e+03 7.033000000000000000e+03
5.171000000000000000e+03 7.199000000000000000e+03
5.424000000000000000e+03 6.784000000000000000e+03
4.850000000000000000e+03 7.378000000000000000e+03
4.997000000000000000e+03 7.357000000000000000e+03
5.135000000000000000e+03 7.262000000000000000e+03
5.113000000000000000e+03 7.315000000000000000e+03
4.665000000000000000e+03 7.156000000000000000e+03
4.646000000000000000e+03 7.248000000000000000e+03
4.709000000000000000e+03 7.398000000000000000e+03
4.650000000000000000e+03 7.319000000000000000e+03
6.598000000000000000e+03 7.354000000000000000e+03
7.351000000000000000e+03 7.434000000000000000e+03
5.512000000000000000e+03 7.166000000000000000e+03
5.187000000000000000e+03 7.127000000000000000e+03
4.471000000000000000e+03 6.933000000000000000e+03
4.019000000000000000e+03 6.436000000000000000e+03
4.562000000000000000e+03 7.031000000000000000e+03
4.500000000000000000e+03 6.923000000000000000e+03
2.717000000000000000e+03 3.992000000000000000e+03
4.069000000000000000e+03 5.666000000000000000e+03
4.418000000000000000e+03 7.000000000000000000e+03
4.334000000000000000e+03 7.011000000000000000e+03
4.812000000000000000e+03 7.028000000000000000e+03
4.735000000000000000e+03 6.984000000000000000e+03
5.361000000000000000e+03 6.303000000000000000e+03
4.967000000000000000e+03 6.952000000000000000e+03
5.472000000000000000e+03 6.269000000000000000e+03
4.963000000000000000e+03 6.849000000000000000e+03
5.091000000000000000e+03 6.852000000000000000e+03
5.076000000000000000e+03 6.931000000000000000e+03
6.211000000000000000e+03 7.420000000000000000e+03
5.994000000000000000e+03 7.420000000000000000e+03
5.789000000000000000e+03 7.107000000000000000e+03
5.855000000000000000e+03 7.426000000000000000e+03
5.133000000000000000e+03 6.985000000000000000e+03
5.053000000000000000e+03 6.993000000000000000e+03
5.215000000000000000e+03 7.219000000000000000e+03
5.235000000000000000e+03 7.025000000000000000e+03
5.551000000000000000e+03 7.204000000000000000e+03
5.355000000000000000e+03 7.359000000000000000e+03
5.410000000000000000e+03 7.357000000000000000e+03
5.521000000000000000e+03 7.426000000000000000e+03
4.997000000000000000e+03 7.415000000000000000e+03
5.098000000000000000e+03 7.432000000000000000e+03
5.697000000000000000e+03 7.443000000000000000e+03
5.304000000000000000e+03 6.985000000000000000e+03
3.553000000000000000e+03 6.902000000000000000e+03
3.595000000000000000e+03 6.984000000000000000e+03
3.722000000000000000e+03 7.062000000000000000e+03
6.247000000000000000e+03 6.712000000000000000e+03
6.232000000000000000e+03 6.638000000000000000e+03
6.045000000000000000e+03 6.687000000000000000e+03
5.758000000000000000e+03 6.591000000000000000e+03
4.326000000000000000e+03 7.272000000000000000e+03
4.324000000000000000e+03 7.280000000000000000e+03
3.180000000000000000e+03 7.254000000000000000e+03
4.217000000000000000e+03 7.244000000000000000e+03
4.377000000000000000e+03 7.341000000000000000e+03
3.602000000000000000e+03 7.170000000000000000e+03
4.364000000000000000e+03 7.368000000000000000e+03
4.444000000000000000e+03 7.417000000000000000e+03
6.618000000000000000e+03 6.737000000000000000e+03
6.574000000000000000e+03 6.726000000000000000e+03
6.606000000000000000e+03 6.813000000000000000e+03
6.590000000000000000e+03 6.817000000000000000e+03
6.712000000000000000e+03 6.758000000000000000e+03
6.673000000000000000e+03 6.917000000000000000e+03
6.597000000000000000e+03 6.907000000000000000e+03
6.644000000000000000e+03 6.965000000000000000e+03
6.323000000000000000e+03 6.705000000000000000e+03
6.322000000000000000e+03 6.641000000000000000e+03
5.510000000000000000e+03 6.780000000000000000e+03
6.520000000000000000e+03 6.695000000000000000e+03
6.476000000000000000e+03 6.758000000000000000e+03
6.420000000000000000e+03 6.814000000000000000e+03
6.483000000000000000e+03 6.701000000000000000e+03
6.406000000000000000e+03 6.694000000000000000e+03
2.261000000000000000e+03 7.459000000000000000e+03
2.596000000000000000e+03 6.314000000000000000e+03
2.438000000000000000e+03 7.464000000000000000e+03
2.633000000000000000e+03 7.443000000000000000e+03
2.937000000000000000e+03 7.418000000000000000e+03
2.850000000000000000e+03 7.448000000000000000e+03
2.666000000000000000e+03 7.446000000000000000e+03
1.770000000000000000e+03 7.462000000000000000e+03
1.783000000000000000e+03 7.433000000000000000e+03
2.136000000000000000e+03 7.454000000000000000e+03
1.847000000000000000e+03 7.451000000000000000e+03
2.120000000000000000e+03 7.468000000000000000e+03
1.896000000000000000e+03 7.470000000000000000e+03
1.791000000000000000e+03 7.445000000000000000e+03
1.892000000000000000e+03 7.469000000000000000e+03
1.026000000000000000e+03 7.470000000000000000e+03
1.039000000000000000e+03 7.473000000000000000e+03
6.040000000000000000e+02 7.480000000000000000e+03
7.460000000000000000e+02 7.474000000000000000e+03
8.220000000000000000e+02 7.464000000000000000e+03
8.500000000000000000e+02 7.465000000000000000e+03
6.040000000000000000e+02 7.472000000000000000e+03
1.630000000000000000e+03 7.036000000000000000e+03
3.760000000000000000e+03 6.998000000000000000e+03
4.408000000000000000e+03 7.151000000000000000e+03
3.740000000000000000e+03 6.982000000000000000e+03
3.293000000000000000e+03 7.083000000000000000e+03
4.487000000000000000e+03 7.190000000000000000e+03
4.468000000000000000e+03 7.258000000000000000e+03
4.548000000000000000e+03 7.304000000000000000e+03
4.541000000000000000e+03 7.399000000000000000e+03
6.864000000000000000e+03 6.338000000000000000e+03
5.721000000000000000e+03 6.111000000000000000e+03
6.158000000000000000e+03 6.373000000000000000e+03
7.092000000000000000e+03 6.365000000000000000e+03
6.851000000000000000e+03 5.750000000000000000e+03
7.183000000000000000e+03 6.349000000000000000e+03
7.120000000000000000e+03 6.449000000000000000e+03
5.296000000000000000e+03 4.298000000000000000e+03
5.742000000000000000e+03 4.263000000000000000e+03
4.681000000000000000e+03 5.906000000000000000e+03
4.568000000000000000e+03 5.947000000000000000e+03
4.940000000000000000e+03 6.781000000000000000e+03
5.137000000000000000e+03 6.750000000000000000e+03
4.671000000000000000e+03 6.970000000000000000e+03
4.712000000000000000e+03 6.851000000000000000e+03
5.803000000000000000e+03 6.448000000000000000e+03
5.681000000000000000e+03 6.551000000000000000e+03
5.917000000000000000e+03 6.508000000000000000e+03
5.878000000000000000e+03 6.537000000000000000e+03
5.668000000000000000e+03 6.341000000000000000e+03
5.517000000000000000e+03 6.241000000000000000e+03
5.676000000000000000e+03 6.394000000000000000e+03
5.703000000000000000e+03 6.431000000000000000e+03
5.888000000000000000e+03 6.330000000000000000e+03
5.955000000000000000e+03 6.319000000000000000e+03
5.855000000000000000e+03 6.518000000000000000e+03
6.011000000000000000e+03 6.370000000000000000e+03
5.831000000000000000e+03 6.310000000000000000e+03
5.792000000000000000e+03 6.259000000000000000e+03
5.420000000000000000e+03 6.118000000000000000e+03
5.672000000000000000e+03 6.243000000000000000e+03
5.954000000000000000e+03 5.458000000000000000e+03
5.717000000000000000e+03 5.580000000000000000e+03
6.167000000000000000e+03 5.646000000000000000e+03
5.485000000000000000e+03 5.627000000000000000e+03
6.104000000000000000e+03 6.416000000000000000e+03
6.114000000000000000e+03 6.189000000000000000e+03
5.629000000000000000e+03 4.506000000000000000e+03
5.520000000000000000e+03 5.180000000000000000e+03
7.342000000000000000e+03 6.332000000000000000e+03
7.323000000000000000e+03 6.246000000000000000e+03
5.234000000000000000e+03 4.557000000000000000e+03
5.072000000000000000e+03 5.633000000000000000e+03
5.780000000000000000e+03 5.977000000000000000e+03
7.045000000000000000e+03 6.240000000000000000e+03
7.166000000000000000e+03 6.221000000000000000e+03
7.008000000000000000e+03 6.256000000000000000e+03
6.253000000000000000e+03 6.171000000000000000e+03
6.263000000000000000e+03 6.278000000000000000e+03
6.505000000000000000e+03 4.338000000000000000e+03
6.211000000000000000e+03 5.799000000000000000e+03
4.932000000000000000e+03 6.593000000000000000e+03
4.809000000000000000e+03 6.816000000000000000e+03
4.663000000000000000e+03 5.281000000000000000e+03
4.544000000000000000e+03 6.343000000000000000e+03
4.230000000000000000e+03 6.292000000000000000e+03
4.384000000000000000e+03 6.384000000000000000e+03
3.934000000000000000e+03 6.236000000000000000e+03
3.944000000000000000e+03 5.664000000000000000e+03
4.314000000000000000e+03 6.502000000000000000e+03
4.369000000000000000e+03 6.536000000000000000e+03
4.422000000000000000e+03 6.528000000000000000e+03
4.369000000000000000e+03 6.495000000000000000e+03
6.291000000000000000e+03 2.775000000000000000e+03
6.276000000000000000e+03 2.861000000000000000e+03
6.263000000000000000e+03 2.761000000000000000e+03
6.295000000000000000e+03 3.058000000000000000e+03
6.344000000000000000e+03 3.075000000000000000e+03
6.464000000000000000e+03 3.088000000000000000e+03
6.415000000000000000e+03 3.106000000000000000e+03
5.978000000000000000e+03 1.931000000000000000e+03
6.349000000000000000e+03 1.192000000000000000e+03
6.414000000000000000e+03 2.836000000000000000e+03
6.260000000000000000e+03 2.831000000000000000e+03
6.380000000000000000e+03 1.730000000000000000e+03
6.329000000000000000e+03 2.869000000000000000e+03
6.277000000000000000e+03 2.676000000000000000e+03
6.253000000000000000e+03 2.587000000000000000e+03
6.188000000000000000e+03 3.321000000000000000e+03
6.260000000000000000e+03 3.324000000000000000e+03
6.122000000000000000e+03 3.244000000000000000e+03
6.133000000000000000e+03 3.512000000000000000e+03
5.969000000000000000e+03 3.270000000000000000e+03
6.031000000000000000e+03 3.275000000000000000e+03
5.923000000000000000e+03 3.429000000000000000e+03
5.957000000000000000e+03 3.353000000000000000e+03
6.484000000000000000e+03 3.258000000000000000e+03
6.575000000000000000e+03 3.207000000000000000e+03
6.436000000000000000e+03 3.194000000000000000e+03
6.453000000000000000e+03 3.311000000000000000e+03
6.238000000000000000e+03 3.180000000000000000e+03
6.338000000000000000e+03 3.149000000000000000e+03
6.060000000000000000e+03 3.280000000000000000e+03
6.150000000000000000e+03 3.140000000000000000e+03
6.393000000000000000e+03 3.684000000000000000e+03
6.388000000000000000e+03 3.748000000000000000e+03
6.424000000000000000e+03 3.695000000000000000e+03
6.494000000000000000e+03 3.663000000000000000e+03
6.603000000000000000e+03 3.697000000000000000e+03
6.642000000000000000e+03 3.653000000000000000e+03
6.702000000000000000e+03 3.629000000000000000e+03
6.557000000000000000e+03 3.661000000000000000e+03
6.598000000000000000e+03 3.578000000000000000e+03
6.444000000000000000e+03 3.561000000000000000e+03
6.427000000000000000e+03 3.551000000000000000e+03
4.883000000000000000e+03 3.574000000000000000e+03
5.999000000000000000e+03 3.592000000000000000e+03
6.223000000000000000e+03 3.620000000000000000e+03
6.314000000000000000e+03 3.609000000000000000e+03
6.632000000000000000e+03 3.369000000000000000e+03
6.653000000000000000e+03 3.353000000000000000e+03
5.963000000000000000e+03 3.357000000000000000e+03
6.394000000000000000e+03 3.325000000000000000e+03
5.950000000000000000e+03 3.464000000000000000e+03
5.011000000000000000e+03 3.514000000000000000e+03
6.212000000000000000e+03 3.398000000000000000e+03
5.406000000000000000e+03 3.601000000000000000e+03
6.142000000000000000e+03 3.511000000000000000e+03
6.394000000000000000e+03 3.517000000000000000e+03
6.095000000000000000e+03 3.621000000000000000e+03
6.155000000000000000e+03 3.512000000000000000e+03
6.705000000000000000e+03 3.428000000000000000e+03
6.717000000000000000e+03 3.516000000000000000e+03
6.488000000000000000e+03 3.456000000000000000e+03
6.602000000000000000e+03 3.430000000000000000e+03
5.069000000000000000e+03 3.836000000000000000e+03
6.052000000000000000e+03 5.470000000000000000e+03
5.976000000000000000e+03 4.228000000000000000e+03
5.896000000000000000e+03 6.528000000000000000e+03
5.874000000000000000e+03 6.460000000000000000e+03
5.793000000000000000e+03 6.618000000000000000e+03
5.697000000000000000e+03 6.603000000000000000e+03
5.669000000000000000e+03 6.690000000000000000e+03
5.634000000000000000e+03 6.681000000000000000e+03
5.601000000000000000e+03 6.583000000000000000e+03
5.658000000000000000e+03 6.614000000000000000e+03
5.474000000000000000e+03 6.513000000000000000e+03
5.330000000000000000e+03 6.488000000000000000e+03
5.507000000000000000e+03 6.575000000000000000e+03
5.510000000000000000e+03 6.563000000000000000e+03
5.184000000000000000e+03 5.241000000000000000e+03
5.289000000000000000e+03 6.261000000000000000e+03
4.823000000000000000e+03 4.996000000000000000e+03
5.120000000000000000e+03 5.795000000000000000e+03
5.412000000000000000e+03 5.887000000000000000e+03
5.424000000000000000e+03 6.294000000000000000e+03
5.465000000000000000e+03 6.362000000000000000e+03
5.389000000000000000e+03 6.439000000000000000e+03
6.083000000000000000e+03 2.971000000000000000e+03
6.119000000000000000e+03 3.011000000000000000e+03
4.973000000000000000e+03 3.973000000000000000e+03
6.032000000000000000e+03 3.174000000000000000e+03
6.295000000000000000e+03 2.951000000000000000e+03
6.355000000000000000e+03 2.985000000000000000e+03
5.786000000000000000e+03 3.551000000000000000e+03
6.192000000000000000e+03 2.930000000000000000e+03
5.567000000000000000e+03 5.074000000000000000e+03
5.549000000000000000e+03 4.432000000000000000e+03
5.854000000000000000e+03 5.449000000000000000e+03
5.537000000000000000e+03 5.059000000000000000e+03
4.852000000000000000e+03 5.378000000000000000e+03
4.568000000000000000e+03 4.633000000000000000e+03
4.894000000000000000e+03 5.226000000000000000e+03
5.250000000000000000e+03 6.354000000000000000e+03
5.257000000000000000e+03 6.640000000000000000e+03
5.328000000000000000e+03 6.377000000000000000e+03
5.329000000000000000e+03 6.658000000000000000e+03
5.315000000000000000e+03 6.650000000000000000e+03
5.329000000000000000e+03 6.529000000000000000e+03
5.325000000000000000e+03 6.531000000000000000e+03
5.204000000000000000e+03 6.519000000000000000e+03
5.309000000000000000e+03 6.459000000000000000e+03
4.935000000000000000e+03 6.549000000000000000e+03
4.932000000000000000e+03 6.486000000000000000e+03
4.954000000000000000e+03 6.414000000000000000e+03
4.893000000000000000e+03 5.052000000000000000e+03
4.896000000000000000e+03 6.626000000000000000e+03
4.971000000000000000e+03 6.647000000000000000e+03
5.048000000000000000e+03 6.674000000000000000e+03
5.033000000000000000e+03 6.682000000000000000e+03
5.134000000000000000e+03 6.547000000000000000e+03
4.931000000000000000e+03 5.621000000000000000e+03
5.133000000000000000e+03 6.386000000000000000e+03
5.108000000000000000e+03 6.530000000000000000e+03
5.051000000000000000e+03 6.381000000000000000e+03
5.043000000000000000e+03 6.424000000000000000e+03
4.917000000000000000e+03 6.217000000000000000e+03
4.965000000000000000e+03 6.271000000000000000e+03
5.000000000000000000e+03 4.359000000000000000e+03
4.685000000000000000e+03 6.415000000000000000e+03
4.692000000000000000e+03 4.643000000000000000e+03
5.890000000000000000e+03 4.201000000000000000e+03
5.738000000000000000e+03 4.157000000000000000e+03
4.773000000000000000e+03 3.922000000000000000e+03
4.526000000000000000e+03 3.925000000000000000e+03
5.731000000000000000e+03 4.001000000000000000e+03
5.603000000000000000e+03 3.897000000000000000e+03
5.985000000000000000e+03 4.205000000000000000e+03
6.098000000000000000e+03 4.180000000000000000e+03
6.273000000000000000e+03 4.188000000000000000e+03
6.171000000000000000e+03 4.232000000000000000e+03
6.303000000000000000e+03 4.133000000000000000e+03
6.291000000000000000e+03 4.236000000000000000e+03
6.736000000000000000e+03 3.850000000000000000e+03
6.723000000000000000e+03 3.996000000000000000e+03
6.806000000000000000e+03 3.963000000000000000e+03
6.833000000000000000e+03 3.889000000000000000e+03
6.566000000000000000e+03 3.868000000000000000e+03
6.463000000000000000e+03 3.901000000000000000e+03
6.151000000000000000e+03 4.012000000000000000e+03
6.388000000000000000e+03 3.986000000000000000e+03
4.829000000000000000e+03 6.402000000000000000e+03
4.809000000000000000e+03 6.307000000000000000e+03
4.520000000000000000e+03 6.234000000000000000e+03
4.780000000000000000e+03 6.301000000000000000e+03
5.754000000000000000e+03 4.195000000000000000e+03
5.901000000000000000e+03 4.277000000000000000e+03
4.623000000000000000e+03 6.298000000000000000e+03
4.852000000000000000e+03 6.202000000000000000e+03
6.129000000000000000e+03 4.160000000000000000e+03
5.982000000000000000e+03 4.100000000000000000e+03
5.841000000000000000e+03 3.997000000000000000e+03
6.018000000000000000e+03 4.035000000000000000e+03
5.810000000000000000e+03 4.028000000000000000e+03
6.032000000000000000e+03 3.903000000000000000e+03
5.836000000000000000e+03 3.942000000000000000e+03
6.369000000000000000e+03 3.927000000000000000e+03
6.483000000000000000e+03 3.926000000000000000e+03
6.223000000000000000e+03 3.894000000000000000e+03
6.233000000000000000e+03 3.955000000000000000e+03
5.847000000000000000e+03 3.822000000000000000e+03
6.005000000000000000e+03 4.035000000000000000e+03
6.164000000000000000e+03 3.993000000000000000e+03
6.152000000000000000e+03 4.080000000000000000e+03
6.594000000000000000e+03 3.812000000000000000e+03
6.543000000000000000e+03 3.833000000000000000e+03
6.311000000000000000e+03 3.788000000000000000e+03
6.233000000000000000e+03 3.765000000000000000e+03
6.097000000000000000e+03 3.832000000000000000e+03
5.960000000000000000e+03 3.843000000000000000e+03
5.924000000000000000e+03 3.894000000000000000e+03
6.137000000000000000e+03 3.794000000000000000e+03
4.583000000000000000e+03 5.522000000000000000e+03
4.426000000000000000e+03 6.734000000000000000e+03
4.276000000000000000e+03 6.703000000000000000e+03
4.238000000000000000e+03 6.584000000000000000e+03
4.610000000000000000e+03 6.027000000000000000e+03
4.057000000000000000e+03 6.428000000000000000e+03
4.557000000000000000e+03 5.890000000000000000e+03
4.491000000000000000e+03 6.733000000000000000e+03
6.558000000000000000e+03 4.735000000000000000e+03
6.939000000000000000e+03 4.249000000000000000e+03
6.873000000000000000e+03 4.182000000000000000e+03
6.484000000000000000e+03 4.140000000000000000e+03
5.995000000000000000e+03 4.368000000000000000e+03
6.232000000000000000e+03 4.185000000000000000e+03
5.926000000000000000e+03 4.208000000000000000e+03
7.249000000000000000e+03 4.131000000000000000e+03
7.207000000000000000e+03 4.124000000000000000e+03
7.276000000000000000e+03 4.051000000000000000e+03
7.197000000000000000e+03 4.046000000000000000e+03
7.060000000000000000e+03 4.244000000000000000e+03
7.143000000000000000e+03 4.313000000000000000e+03
7.173000000000000000e+03 4.235000000000000000e+03
7.217000000000000000e+03 4.171000000000000000e+03
6.372000000000000000e+03 4.296000000000000000e+03
6.526000000000000000e+03 4.247000000000000000e+03
6.640000000000000000e+03 4.542000000000000000e+03
6.613000000000000000e+03 4.235000000000000000e+03
6.727000000000000000e+03 4.256000000000000000e+03
6.652000000000000000e+03 4.238000000000000000e+03
6.868000000000000000e+03 4.264000000000000000e+03
6.859000000000000000e+03 4.249000000000000000e+03
6.999000000000000000e+03 4.167000000000000000e+03
7.099000000000000000e+03 4.154000000000000000e+03
7.119000000000000000e+03 4.102000000000000000e+03
7.038000000000000000e+03 4.078000000000000000e+03
6.918000000000000000e+03 4.047000000000000000e+03
6.838000000000000000e+03 4.099000000000000000e+03
7.022000000000000000e+03 3.983000000000000000e+03
6.943000000000000000e+03 3.998000000000000000e+03
6.765000000000000000e+03 3.648000000000000000e+03
6.855000000000000000e+03 3.662000000000000000e+03
7.032000000000000000e+03 3.651000000000000000e+03
7.047000000000000000e+03 3.748000000000000000e+03
7.133000000000000000e+03 3.806000000000000000e+03
7.153000000000000000e+03 3.779000000000000000e+03
7.232000000000000000e+03 3.842000000000000000e+03
7.180000000000000000e+03 3.947000000000000000e+03
6.911000000000000000e+03 3.786000000000000000e+03
6.732000000000000000e+03 3.765000000000000000e+03
6.540000000000000000e+03 3.756000000000000000e+03
6.890000000000000000e+03 3.712000000000000000e+03
7.120000000000000000e+03 3.927000000000000000e+03
7.057000000000000000e+03 3.913000000000000000e+03
7.014000000000000000e+03 3.813000000000000000e+03
6.924000000000000000e+03 3.862000000000000000e+03
6.747000000000000000e+03 4.067000000000000000e+03
6.782000000000000000e+03 4.069000000000000000e+03
6.672000000000000000e+03 4.123000000000000000e+03
6.663000000000000000e+03 4.057000000000000000e+03
6.581000000000000000e+03 4.019000000000000000e+03
6.540000000000000000e+03 3.998000000000000000e+03
6.149000000000000000e+03 4.056000000000000000e+03
6.018000000000000000e+03 4.075000000000000000e+03
6.601000000000000000e+03 4.086000000000000000e+03
6.641000000000000000e+03 4.271000000000000000e+03
6.209000000000000000e+03 4.064000000000000000e+03
6.334000000000000000e+03 4.089000000000000000e+03
6.811000000000000000e+03 3.701000000000000000e+03
6.528000000000000000e+03 3.661000000000000000e+03
6.557000000000000000e+03 3.738000000000000000e+03
6.365000000000000000e+03 3.711000000000000000e+03
6.535000000000000000e+03 2.137000000000000000e+03
2.213000000000000000e+03 1.330000000000000000e+02
2.520000000000000000e+03 3.970000000000000000e+02
7.036000000000000000e+03 2.097000000000000000e+03
6.957000000000000000e+03 2.185000000000000000e+03
7.013000000000000000e+03 2.025000000000000000e+03
7.012000000000000000e+03 2.055000000000000000e+03
5.827000000000000000e+03 2.198000000000000000e+03
6.501000000000000000e+03 2.086000000000000000e+03
6.939000000000000000e+03 2.048000000000000000e+03
6.906000000000000000e+03 2.048000000000000000e+03
6.902000000000000000e+03 2.204000000000000000e+03
6.854000000000000000e+03 2.134000000000000000e+03
6.571000000000000000e+03 2.239000000000000000e+03
6.036000000000000000e+03 2.312000000000000000e+03
2.578000000000000000e+03 3.350000000000000000e+02
2.688000000000000000e+03 5.670000000000000000e+02
2.859000000000000000e+03 6.110000000000000000e+02
2.555000000000000000e+03 2.140000000000000000e+02
2.268000000000000000e+03 2.840000000000000000e+02
2.400000000000000000e+03 2.930000000000000000e+02
2.496000000000000000e+03 2.450000000000000000e+02
2.391000000000000000e+03 2.600000000000000000e+02
2.085000000000000000e+03 1.370000000000000000e+02
2.114000000000000000e+03 1.170000000000000000e+02
2.001000000000000000e+03 1.550000000000000000e+02
2.028000000000000000e+03 1.910000000000000000e+02
2.024000000000000000e+03 2.750000000000000000e+02
2.122000000000000000e+03 2.080000000000000000e+02
2.125000000000000000e+03 3.350000000000000000e+02
2.126000000000000000e+03 2.780000000000000000e+02
6.660000000000000000e+03 2.409000000000000000e+03
6.353000000000000000e+03 2.455000000000000000e+03
5.907000000000000000e+03 2.453000000000000000e+03
6.689000000000000000e+03 2.402000000000000000e+03
6.837000000000000000e+03 2.337000000000000000e+03
6.662000000000000000e+03 2.357000000000000000e+03
6.689000000000000000e+03 2.414000000000000000e+03
6.597000000000000000e+03 2.532000000000000000e+03
6.353000000000000000e+03 2.480000000000000000e+03
6.560000000000000000e+03 2.515000000000000000e+03
6.725000000000000000e+03 2.514000000000000000e+03
6.430000000000000000e+03 2.510000000000000000e+03
6.323000000000000000e+03 2.493000000000000000e+03
5.282000000000000000e+03 2.560000000000000000e+03
5.374000000000000000e+03 2.588000000000000000e+03
6.389000000000000000e+03 2.718000000000000000e+03
6.664000000000000000e+03 2.692000000000000000e+03
6.794000000000000000e+03 2.692000000000000000e+03
6.848000000000000000e+03 2.652000000000000000e+03
6.514000000000000000e+03 2.665000000000000000e+03
5.537000000000000000e+03 2.646000000000000000e+03
6.546000000000000000e+03 2.640000000000000000e+03
6.054000000000000000e+03 2.692000000000000000e+03
6.697000000000000000e+03 2.123000000000000000e+03
6.592000000000000000e+03 2.190000000000000000e+03
6.731000000000000000e+03 2.130000000000000000e+03
6.841000000000000000e+03 2.214000000000000000e+03
6.514000000000000000e+03 2.381000000000000000e+03
6.225000000000000000e+03 2.389000000000000000e+03
6.430000000000000000e+03 2.330000000000000000e+03
6.683000000000000000e+03 2.240000000000000000e+03
3.320000000000000000e+03 1.947000000000000000e+03
3.041000000000000000e+03 2.443000000000000000e+03
2.605000000000000000e+03 2.418000000000000000e+03
2.358000000000000000e+03 2.425000000000000000e+03
2.366000000000000000e+03 2.299000000000000000e+03
2.442000000000000000e+03 2.363000000000000000e+03
2.493000000000000000e+03 2.444000000000000000e+03
3.493000000000000000e+03 2.462000000000000000e+03
3.870000000000000000e+03 2.529000000000000000e+03
2.140000000000000000e+03 2.506000000000000000e+03
2.103000000000000000e+03 2.458000000000000000e+03
2.226000000000000000e+03 2.254000000000000000e+03
2.250000000000000000e+03 2.440000000000000000e+03
3.965000000000000000e+03 2.391000000000000000e+03
3.682000000000000000e+03 2.457000000000000000e+03
2.856000000000000000e+03 2.403000000000000000e+03
4.253000000000000000e+03 2.236000000000000000e+03
3.625000000000000000e+03 2.262000000000000000e+03
3.165000000000000000e+03 2.156000000000000000e+03
6.019000000000000000e+03 2.240000000000000000e+03
6.444000000000000000e+03 2.341000000000000000e+03
2.943000000000000000e+03 2.453000000000000000e+03
2.750000000000000000e+03 2.377000000000000000e+03
1.852000000000000000e+03 2.531000000000000000e+03
5.243000000000000000e+03 2.348000000000000000e+03
1.857000000000000000e+03 1.669000000000000000e+03
2.067000000000000000e+03 1.620000000000000000e+03
2.079000000000000000e+03 2.306000000000000000e+03
2.078000000000000000e+03 2.315000000000000000e+03
3.766000000000000000e+03 2.318000000000000000e+03
4.170000000000000000e+03 2.332000000000000000e+03
1.489000000000000000e+03 4.070000000000000000e+02
1.503000000000000000e+03 4.390000000000000000e+02
1.798000000000000000e+03 6.890000000000000000e+02
1.524000000000000000e+03 4.970000000000000000e+02
1.661000000000000000e+03 4.300000000000000000e+02
1.572000000000000000e+03 4.480000000000000000e+02
1.522000000000000000e+03 6.040000000000000000e+02
3.074000000000000000e+03 1.479000000000000000e+03
1.508000000000000000e+03 3.930000000000000000e+02
1.551000000000000000e+03 2.760000000000000000e+02
1.579000000000000000e+03 2.000000000000000000e+02
1.642000000000000000e+03 2.230000000000000000e+02
1.441000000000000000e+03 6.540000000000000000e+02
2.355000000000000000e+03 1.082000000000000000e+03
1.724000000000000000e+03 6.840000000000000000e+02
2.300000000000000000e+03 9.340000000000000000e+02
1.805000000000000000e+03 9.750000000000000000e+02
3.320000000000000000e+03 2.134000000000000000e+03
3.420000000000000000e+03 1.320000000000000000e+03
3.065000000000000000e+03 2.654000000000000000e+03
2.314000000000000000e+03 1.500000000000000000e+02
2.344000000000000000e+03 1.670000000000000000e+02
2.736000000000000000e+03 1.502000000000000000e+03
2.585000000000000000e+03 6.940000000000000000e+02
1.807000000000000000e+03 2.020000000000000000e+02
1.811000000000000000e+03 1.190000000000000000e+02
1.760000000000000000e+03 2.070000000000000000e+02
1.744000000000000000e+03 2.610000000000000000e+02
1.871000000000000000e+03 1.760000000000000000e+02
1.916000000000000000e+03 2.560000000000000000e+02
1.922000000000000000e+03 3.410000000000000000e+02
3.578000000000000000e+03 1.199000000000000000e+03
5.582000000000000000e+03 2.642000000000000000e+03
5.472000000000000000e+03 2.738000000000000000e+03
5.587000000000000000e+03 2.778000000000000000e+03
5.662000000000000000e+03 2.605000000000000000e+03
5.673000000000000000e+03 2.610000000000000000e+03
5.783000000000000000e+03 2.646000000000000000e+03
5.620000000000000000e+03 2.704000000000000000e+03
5.224000000000000000e+03 2.440000000000000000e+03
5.309000000000000000e+03 2.470000000000000000e+03
5.154000000000000000e+03 2.445000000000000000e+03
5.084000000000000000e+03 2.404000000000000000e+03
5.493000000000000000e+03 2.475000000000000000e+03
5.517000000000000000e+03 2.520000000000000000e+03
5.555000000000000000e+03 2.402000000000000000e+03
5.420000000000000000e+03 2.462000000000000000e+03
5.047000000000000000e+03 2.480000000000000000e+03
5.003000000000000000e+03 2.456000000000000000e+03
5.174000000000000000e+03 2.592000000000000000e+03
5.142000000000000000e+03 2.502000000000000000e+03
5.458000000000000000e+03 2.600000000000000000e+03
5.328000000000000000e+03 2.668000000000000000e+03
5.169000000000000000e+03 2.586000000000000000e+03
5.368000000000000000e+03 2.556000000000000000e+03
5.762000000000000000e+03 2.456000000000000000e+03
5.681000000000000000e+03 2.500000000000000000e+03
5.772000000000000000e+03 2.476000000000000000e+03
5.836000000000000000e+03 2.392000000000000000e+03
5.526000000000000000e+03 2.422000000000000000e+03
5.644000000000000000e+03 2.399000000000000000e+03
5.505000000000000000e+03 2.368000000000000000e+03
5.281000000000000000e+03 2.355000000000000000e+03
5.880000000000000000e+03 2.573000000000000000e+03
6.448000000000000000e+03 2.577000000000000000e+03
6.189000000000000000e+03 2.530000000000000000e+03
4.883000000000000000e+03 2.667000000000000000e+03
4.874000000000000000e+03 2.606000000000000000e+03
5.007000000000000000e+03 2.653000000000000000e+03
4.875000000000000000e+03 2.708000000000000000e+03
6.897000000000000000e+03 2.491000000000000000e+03
6.835000000000000000e+03 2.481000000000000000e+03
6.942000000000000000e+03 2.483000000000000000e+03
6.984000000000000000e+03 2.410000000000000000e+03
5.902000000000000000e+03 2.426000000000000000e+03
6.761000000000000000e+03 2.459000000000000000e+03
7.094000000000000000e+03 2.450000000000000000e+03
7.079000000000000000e+03 2.475000000000000000e+03
4.959000000000000000e+03 2.718000000000000000e+03
4.745000000000000000e+03 2.728000000000000000e+03
5.011000000000000000e+03 2.535000000000000000e+03
5.037000000000000000e+03 2.644000000000000000e+03
5.174000000000000000e+03 2.690000000000000000e+03
5.313000000000000000e+03 2.677000000000000000e+03
5.621000000000000000e+03 2.717000000000000000e+03
5.395000000000000000e+03 2.785000000000000000e+03
4.881000000000000000e+03 2.832000000000000000e+03
4.957000000000000000e+03 2.811000000000000000e+03
5.183000000000000000e+03 2.753000000000000000e+03
4.983000000000000000e+03 2.871000000000000000e+03
5.217000000000000000e+03 2.795000000000000000e+03
5.136000000000000000e+03 2.772000000000000000e+03
5.242000000000000000e+03 2.799000000000000000e+03
5.246000000000000000e+03 2.813000000000000000e+03
6.808000000000000000e+03 2.886000000000000000e+03
6.497000000000000000e+03 2.905000000000000000e+03
6.527000000000000000e+03 2.953000000000000000e+03
6.577000000000000000e+03 2.745000000000000000e+03
6.940000000000000000e+03 2.718000000000000000e+03
6.211000000000000000e+03 2.767000000000000000e+03
6.373000000000000000e+03 2.711000000000000000e+03
6.866000000000000000e+03 2.793000000000000000e+03
6.615000000000000000e+03 2.829000000000000000e+03
6.870000000000000000e+03 2.863000000000000000e+03
6.723000000000000000e+03 2.859000000000000000e+03
7.070000000000000000e+03 2.789000000000000000e+03
7.061000000000000000e+03 2.846000000000000000e+03
6.667000000000000000e+03 2.777000000000000000e+03
6.725000000000000000e+03 2.826000000000000000e+03
5.869000000000000000e+03 3.107000000000000000e+03
5.938000000000000000e+03 3.192000000000000000e+03
5.827000000000000000e+03 3.154000000000000000e+03
5.848000000000000000e+03 3.066000000000000000e+03
5.983000000000000000e+03 3.005000000000000000e+03
5.924000000000000000e+03 3.057000000000000000e+03
5.964000000000000000e+03 3.003000000000000000e+03
5.926000000000000000e+03 2.918000000000000000e+03
5.701000000000000000e+03 3.085000000000000000e+03
5.740000000000000000e+03 3.212000000000000000e+03
5.665000000000000000e+03 3.196000000000000000e+03
5.624000000000000000e+03 3.231000000000000000e+03
5.562000000000000000e+03 3.124000000000000000e+03
5.582000000000000000e+03 3.040000000000000000e+03
5.608000000000000000e+03 2.964000000000000000e+03
5.720000000000000000e+03 2.952000000000000000e+03
5.703000000000000000e+03 2.860000000000000000e+03
5.671000000000000000e+03 2.969000000000000000e+03
5.745000000000000000e+03 2.814000000000000000e+03
5.789000000000000000e+03 2.897000000000000000e+03
5.844000000000000000e+03 2.737000000000000000e+03
5.943000000000000000e+03 2.848000000000000000e+03
5.843000000000000000e+03 2.720000000000000000e+03
5.822000000000000000e+03 2.831000000000000000e+03
6.852000000000000000e+03 2.670000000000000000e+03
7.185000000000000000e+03 2.656000000000000000e+03
6.967000000000000000e+03 2.625000000000000000e+03
6.200000000000000000e+03 2.571000000000000000e+03
6.941000000000000000e+03 2.614000000000000000e+03
6.914000000000000000e+03 2.661000000000000000e+03
6.519000000000000000e+03 2.595000000000000000e+03
5.998000000000000000e+03 2.673000000000000000e+03
6.495000000000000000e+03 2.329000000000000000e+03
7.213000000000000000e+03 2.550000000000000000e+03
7.108000000000000000e+03 2.274000000000000000e+03
6.731000000000000000e+03 2.317000000000000000e+03
7.248000000000000000e+03 2.497000000000000000e+03
7.226000000000000000e+03 2.429000000000000000e+03
7.076000000000000000e+03 2.465000000000000000e+03
7.238000000000000000e+03 2.348000000000000000e+03
7.061000000000000000e+03 2.131000000000000000e+03
7.192000000000000000e+03 2.110000000000000000e+03
6.843000000000000000e+03 2.219000000000000000e+03
7.269000000000000000e+03 2.136000000000000000e+03
7.167000000000000000e+03 2.270000000000000000e+03
7.273000000000000000e+03 2.241000000000000000e+03
6.539000000000000000e+03 2.312000000000000000e+03
6.347000000000000000e+03 2.417000000000000000e+03
5.352000000000000000e+03 3.921000000000000000e+03
5.241000000000000000e+03 3.981000000000000000e+03
5.093000000000000000e+03 3.982000000000000000e+03
5.443000000000000000e+03 3.945000000000000000e+03
5.472000000000000000e+03 3.933000000000000000e+03
5.270000000000000000e+03 4.004000000000000000e+03
5.242000000000000000e+03 3.973000000000000000e+03
5.645000000000000000e+03 3.892000000000000000e+03
5.691000000000000000e+03 3.923000000000000000e+03
5.702000000000000000e+03 3.792000000000000000e+03
5.763000000000000000e+03 3.838000000000000000e+03
4.897000000000000000e+03 4.014000000000000000e+03
4.668000000000000000e+03 4.012000000000000000e+03
5.654000000000000000e+03 3.888000000000000000e+03
5.549000000000000000e+03 3.956000000000000000e+03
5.551000000000000000e+03 3.795000000000000000e+03
5.523000000000000000e+03 3.817000000000000000e+03
5.321000000000000000e+03 3.848000000000000000e+03
5.363000000000000000e+03 3.794000000000000000e+03
5.297000000000000000e+03 3.798000000000000000e+03
5.107000000000000000e+03 3.536000000000000000e+03
5.264000000000000000e+03 3.865000000000000000e+03
5.188000000000000000e+03 3.833000000000000000e+03
5.281000000000000000e+03 3.575000000000000000e+03
5.300000000000000000e+03 3.515000000000000000e+03
5.383000000000000000e+03 3.651000000000000000e+03
5.302000000000000000e+03 3.610000000000000000e+03
5.382000000000000000e+03 3.738000000000000000e+03
5.490000000000000000e+03 3.652000000000000000e+03
5.741000000000000000e+03 3.716000000000000000e+03
5.682000000000000000e+03 3.707000000000000000e+03
5.598000000000000000e+03 3.495000000000000000e+03
4.894000000000000000e+03 3.483000000000000000e+03
4.754000000000000000e+03 3.528000000000000000e+03
5.448000000000000000e+03 3.499000000000000000e+03
5.517000000000000000e+03 3.584000000000000000e+03
5.466000000000000000e+03 3.499000000000000000e+03
5.475000000000000000e+03 3.425000000000000000e+03
5.470000000000000000e+03 3.865000000000000000e+03
5.677000000000000000e+03 3.625000000000000000e+03
5.626000000000000000e+03 3.597000000000000000e+03
5.654000000000000000e+03 3.571000000000000000e+03
5.744000000000000000e+03 3.680000000000000000e+03
5.772000000000000000e+03 3.608000000000000000e+03
5.813000000000000000e+03 3.626000000000000000e+03
5.906000000000000000e+03 3.604000000000000000e+03
5.723000000000000000e+03 3.423000000000000000e+03
5.693000000000000000e+03 3.450000000000000000e+03
5.798000000000000000e+03 3.409000000000000000e+03
5.718000000000000000e+03 3.609000000000000000e+03
5.849000000000000000e+03 3.460000000000000000e+03
5.880000000000000000e+03 3.481000000000000000e+03
5.844000000000000000e+03 3.528000000000000000e+03
5.881000000000000000e+03 3.502000000000000000e+03
5.666000000000000000e+03 3.409000000000000000e+03
5.672000000000000000e+03 3.507000000000000000e+03
5.840000000000000000e+03 3.576000000000000000e+03
5.605000000000000000e+03 3.360000000000000000e+03
5.648000000000000000e+03 3.400000000000000000e+03
5.622000000000000000e+03 3.436000000000000000e+03
5.750000000000000000e+03 3.519000000000000000e+03
5.694000000000000000e+03 3.451000000000000000e+03
5.121000000000000000e+03 4.030000000000000000e+03
4.708000000000000000e+03 3.868000000000000000e+03
4.767000000000000000e+03 3.917000000000000000e+03
4.849000000000000000e+03 3.899000000000000000e+03
4.818000000000000000e+03 3.979000000000000000e+03
4.878000000000000000e+03 3.936000000000000000e+03
5.022000000000000000e+03 3.984000000000000000e+03
5.069000000000000000e+03 3.886000000000000000e+03
5.020000000000000000e+03 3.890000000000000000e+03
5.197000000000000000e+03 3.862000000000000000e+03
5.174000000000000000e+03 3.937000000000000000e+03
4.856000000000000000e+03 4.231000000000000000e+03
4.971000000000000000e+03 3.999000000000000000e+03
4.992000000000000000e+03 3.951000000000000000e+03
5.033000000000000000e+03 4.058000000000000000e+03
4.973000000000000000e+03 4.088000000000000000e+03
4.991000000000000000e+03 4.100000000000000000e+03
4.863000000000000000e+03 4.082000000000000000e+03
4.740000000000000000e+03 3.980000000000000000e+03
4.660000000000000000e+03 3.801000000000000000e+03
4.750000000000000000e+03 3.781000000000000000e+03
4.857000000000000000e+03 3.820000000000000000e+03
4.774000000000000000e+03 4.594000000000000000e+03
5.400000000000000000e+03 4.132000000000000000e+03
5.402000000000000000e+03 4.041000000000000000e+03
5.299000000000000000e+03 4.154000000000000000e+03
5.373000000000000000e+03 4.127000000000000000e+03
5.613000000000000000e+03 4.043000000000000000e+03
5.568000000000000000e+03 4.049000000000000000e+03
5.597000000000000000e+03 4.131000000000000000e+03
5.495000000000000000e+03 4.135000000000000000e+03
5.180000000000000000e+03 4.110000000000000000e+03
5.229000000000000000e+03 4.169000000000000000e+03
5.301000000000000000e+03 4.047000000000000000e+03
5.271000000000000000e+03 4.068000000000000000e+03
4.970000000000000000e+03 4.152000000000000000e+03
5.028000000000000000e+03 4.174000000000000000e+03
5.107000000000000000e+03 4.143000000000000000e+03
5.084000000000000000e+03 4.127000000000000000e+03
4.974000000000000000e+03 3.862000000000000000e+03
4.679000000000000000e+03 3.817000000000000000e+03
4.865000000000000000e+03 3.745000000000000000e+03
4.851000000000000000e+03 3.763000000000000000e+03
4.730000000000000000e+03 4.183000000000000000e+03
4.688000000000000000e+03 4.116000000000000000e+03
4.882000000000000000e+03 4.170000000000000000e+03
4.843000000000000000e+03 4.117000000000000000e+03
5.004000000000000000e+03 3.615000000000000000e+03
4.933000000000000000e+03 3.573000000000000000e+03
4.868000000000000000e+03 3.626000000000000000e+03
4.768000000000000000e+03 3.605000000000000000e+03
5.234000000000000000e+03 3.629000000000000000e+03
5.308000000000000000e+03 3.571000000000000000e+03
5.085000000000000000e+03 3.606000000000000000e+03
4.983000000000000000e+03 3.530000000000000000e+03
5.278000000000000000e+03 3.764000000000000000e+03
5.154000000000000000e+03 3.720000000000000000e+03
4.877000000000000000e+03 3.753000000000000000e+03
5.089000000000000000e+03 3.740000000000000000e+03
5.072000000000000000e+03 3.780000000000000000e+03
5.164000000000000000e+03 3.705000000000000000e+03
4.744000000000000000e+03 3.658000000000000000e+03
4.671000000000000000e+03 3.684000000000000000e+03
7.324000000000000000e+03 2.932000000000000000e+03
7.410000000000000000e+03 2.857000000000000000e+03
7.404000000000000000e+03 3.064000000000000000e+03
7.088000000000000000e+03 3.347000000000000000e+03
7.416000000000000000e+03 2.826000000000000000e+03
7.416000000000000000e+03 3.064000000000000000e+03
7.261000000000000000e+03 2.977000000000000000e+03
6.885000000000000000e+03 3.003000000000000000e+03
6.912000000000000000e+03 3.059000000000000000e+03
6.971000000000000000e+03 3.004000000000000000e+03
7.052000000000000000e+03 3.015000000000000000e+03
6.976000000000000000e+03 3.044000000000000000e+03
7.152000000000000000e+03 2.981000000000000000e+03
7.039000000000000000e+03 2.967000000000000000e+03
7.118000000000000000e+03 2.912000000000000000e+03
7.394000000000000000e+03 2.672000000000000000e+03
7.391000000000000000e+03 2.534000000000000000e+03
7.290000000000000000e+03 2.756000000000000000e+03
7.337000000000000000e+03 2.691000000000000000e+03
7.261000000000000000e+03 2.671000000000000000e+03
7.430000000000000000e+03 2.540000000000000000e+03
7.455000000000000000e+03 2.612000000000000000e+03
7.246000000000000000e+03 2.610000000000000000e+03
7.406000000000000000e+03 2.313000000000000000e+03
7.360000000000000000e+03 2.648000000000000000e+03
7.327000000000000000e+03 2.564000000000000000e+03
7.413000000000000000e+03 2.680000000000000000e+03
7.345000000000000000e+03 2.614000000000000000e+03
7.375000000000000000e+03 2.433000000000000000e+03
7.347000000000000000e+03 2.521000000000000000e+03
7.379000000000000000e+03 2.350000000000000000e+03
7.364000000000000000e+03 3.359000000000000000e+03
7.317000000000000000e+03 3.396000000000000000e+03
7.364000000000000000e+03 3.329000000000000000e+03
7.334000000000000000e+03 3.263000000000000000e+03
7.324000000000000000e+03 3.493000000000000000e+03
7.340000000000000000e+03 3.450000000000000000e+03
7.350000000000000000e+03 3.412000000000000000e+03
7.384000000000000000e+03 3.594000000000000000e+03
7.364000000000000000e+03 3.376000000000000000e+03
7.339000000000000000e+03 3.514000000000000000e+03
7.402000000000000000e+03 3.357000000000000000e+03
7.338000000000000000e+03 3.580000000000000000e+03
7.370000000000000000e+03 3.535000000000000000e+03
7.289000000000000000e+03 3.741000000000000000e+03
7.393000000000000000e+03 3.592000000000000000e+03
7.396000000000000000e+03 3.795000000000000000e+03
7.392000000000000000e+03 3.792000000000000000e+03
7.424000000000000000e+03 3.776000000000000000e+03
7.409000000000000000e+03 3.634000000000000000e+03
7.447000000000000000e+03 3.727000000000000000e+03
7.404000000000000000e+03 4.117000000000000000e+03
7.434000000000000000e+03 4.124000000000000000e+03
7.403000000000000000e+03 3.814000000000000000e+03
7.406000000000000000e+03 4.229000000000000000e+03
7.392000000000000000e+03 3.676000000000000000e+03
7.389000000000000000e+03 4.279000000000000000e+03
7.361000000000000000e+03 3.832000000000000000e+03
7.307000000000000000e+03 3.483000000000000000e+03
7.462000000000000000e+03 3.452000000000000000e+03
7.424000000000000000e+03 3.317000000000000000e+03
7.418000000000000000e+03 3.323000000000000000e+03
1.890000000000000000e+03 6.894000000000000000e+03
1.996000000000000000e+03 7.000000000000000000e+03
1.998000000000000000e+03 7.012000000000000000e+03
2.050000000000000000e+03 7.107000000000000000e+03
2.154000000000000000e+03 7.146000000000000000e+03
2.137000000000000000e+03 6.931000000000000000e+03
2.012000000000000000e+03 6.844000000000000000e+03
1.594000000000000000e+03 7.061000000000000000e+03
1.680000000000000000e+03 7.088000000000000000e+03
1.745000000000000000e+03 7.130000000000000000e+03
1.839000000000000000e+03 7.166000000000000000e+03
1.719000000000000000e+03 7.148000000000000000e+03
1.586000000000000000e+03 6.924000000000000000e+03
1.561000000000000000e+03 7.009000000000000000e+03
1.614000000000000000e+03 7.043000000000000000e+03
3.513000000000000000e+03 5.331000000000000000e+03
4.015000000000000000e+03 5.144000000000000000e+03
3.000000000000000000e+03 5.577000000000000000e+03
2.529000000000000000e+03 6.715000000000000000e+03
1.877000000000000000e+03 6.998000000000000000e+03
2.212000000000000000e+03 6.826000000000000000e+03
4.518000000000000000e+03 4.078000000000000000e+03
4.757000000000000000e+03 4.040000000000000000e+03
1.216000000000000000e+03 5.710000000000000000e+03
1.267000000000000000e+03 5.977000000000000000e+03
1.232000000000000000e+03 6.794000000000000000e+03
1.441000000000000000e+03 6.910000000000000000e+03
2.460000000000000000e+03 5.747000000000000000e+03
2.844000000000000000e+03 5.700000000000000000e+03
2.951000000000000000e+03 5.406000000000000000e+03
2.965000000000000000e+03 6.110000000000000000e+03
2.018000000000000000e+03 4.419000000000000000e+03
1.957000000000000000e+03 4.495000000000000000e+03
1.984000000000000000e+03 4.352000000000000000e+03
1.922000000000000000e+03 4.406000000000000000e+03
1.778000000000000000e+03 4.464000000000000000e+03
1.707000000000000000e+03 4.413000000000000000e+03
1.717000000000000000e+03 4.385000000000000000e+03
1.845000000000000000e+03 4.378000000000000000e+03
2.946000000000000000e+03 5.921000000000000000e+03
2.865000000000000000e+03 7.064000000000000000e+03
2.093000000000000000e+03 4.644000000000000000e+03
2.951000000000000000e+03 4.429000000000000000e+03
2.215000000000000000e+03 7.047000000000000000e+03
2.513000000000000000e+03 7.012000000000000000e+03
2.722000000000000000e+03 7.026000000000000000e+03
2.754000000000000000e+03 7.064000000000000000e+03
2.869000000000000000e+03 4.674000000000000000e+03
4.131000000000000000e+03 5.524000000000000000e+03
3.120000000000000000e+03 5.010000000000000000e+03
3.152000000000000000e+03 5.238000000000000000e+03
4.738000000000000000e+03 4.358000000000000000e+03
4.781000000000000000e+03 6.519000000000000000e+03
4.078000000000000000e+03 6.523000000000000000e+03
4.550000000000000000e+03 5.347000000000000000e+03
4.180000000000000000e+03 6.465000000000000000e+03
4.484000000000000000e+03 6.497000000000000000e+03
4.298000000000000000e+03 6.363000000000000000e+03
4.668000000000000000e+03 6.657000000000000000e+03
4.481000000000000000e+03 6.567000000000000000e+03
4.797000000000000000e+03 6.710000000000000000e+03
4.810000000000000000e+03 6.598000000000000000e+03
4.664000000000000000e+03 6.607000000000000000e+03
6.163000000000000000e+03 4.900000000000000000e+02
1.543000000000000000e+03 2.600000000000000000e+03
3.352000000000000000e+03 2.900000000000000000e+03
1.090000000000000000e+02 7.000000000000000000e+02
3.597000000000000000e+03 4.330000000000000000e+03
2.470000000000000000e+02 4.500000000000000000e+03
1.740000000000000000e+03 4.000000000000000000e+02
7.442000000000000000e+03 0.000000000000000000e+00
-1.200000000000000000e+01 0.000000000000000000e+00
-4.000000000000000000e+00 0.000000000000000000e+00
