6.019000000000000000e+03 7.160000000000000000e+03
5.830000000000000000e+03 7.126000000000000000e+03
5.867000000000000000e+03 7.222000000000000000e+03
6.136000000000000000e+03 7.231000000000000000e+03
5.966000000000000000e+03 7.225000000000000000e+03
6.202000000000000000e+03 7.256000000000000000e+03
6.157000000000000000e+03 7.297000000000000000e+03
6.041000000000000000e+03 7.153000000000000000e+03
6.166000000000000000e+03 7.168000000000000000e+03
6.238000000000000000e+03 7.154000000000000000e+03
5.630000000000000000e+03 5.777000000000000000e+03
6.316000000000000000e+03 7.301000000000000000e+03
6.419000000000000000e+03 7.296000000000000000e+03
6.335000000000000000e+03 7.174000000000000000e+03
6.402000000000000000e+03 7.199000000000000000e+03
6.253000000000000000e+03 7.044000000000000000e+03
6.170000000000000000e+03 7.057000000000000000e+03
6.074000000000000000e+03 6.976000000000000000e+03
5.966000000000000000e+03 6.735000000000000000e+03
5.944000000000000000e+03 7.067000000000000000e+03
6.034000000000000000e+03 7.068000000000000000e+03
5.858000000000000000e+03 7.073000000000000000e+03
5.786000000000000000e+03 7.097000000000000000e+03
5.488000000000000000e+03 6.145000000000000000e+03
5.997000000000000000e+03 6.912000000000000000e+03
5.855000000000000000e+03 6.961000000000000000e+03
5.331000000000000000e+03 6.311000000000000000e+03
5.682000000000000000e+03 6.018000000000000000e+03
6.060000000000000000e+03 6.864000000000000000e+03
6.159000000000000000e+03 6.892000000000000000e+03
6.176000000000000000e+03 6.833000000000000000e+03
6.254000000000000000e+03 6.454000000000000000e+03
6.230000000000000000e+03 6.594000000000000000e+03
6.234000000000000000e+03 6.681000000000000000e+03
6.265000000000000000e+03 6.686000000000000000e+03
6.330000000000000000e+03 6.766000000000000000e+03
6.473000000000000000e+03 6.771000000000000000e+03
6.447000000000000000e+03 6.759000000000000000e+03
6.447000000000000000e+03 6.616000000000000000e+03
6.417000000000000000e+03 6.578000000000000000e+03
6.321000000000000000e+03 6.254000000000000000e+03
6.123000000000000000e+03 5.850000000000000000e+03
6.665000000000000000e+03 6.575000000000000000e+03
6.444000000000000000e+03 6.264000000000000000e+03
6.654000000000000000e+03 6.713000000000000000e+03
6.641000000000000000e+03 6.729000000000000000e+03
6.795000000000000000e+03 6.671000000000000000e+03
6.630000000000000000e+03 6.223000000000000000e+03
6.644000000000000000e+03 6.343000000000000000e+03
6.577000000000000000e+03 6.357000000000000000e+03
7.063000000000000000e+03 6.648000000000000000e+03
7.121000000000000000e+03 6.535000000000000000e+03
7.024000000000000000e+03 6.520000000000000000e+03
6.984000000000000000e+03 6.446000000000000000e+03
7.013000000000000000e+03 6.690000000000000000e+03
7.048000000000000000e+03 6.731000000000000000e+03
6.970000000000000000e+03 6.730000000000000000e+03
6.929000000000000000e+03 6.850000000000000000e+03
6.820000000000000000e+03 6.709000000000000000e+03
6.735000000000000000e+03 6.678000000000000000e+03
6.878000000000000000e+03 6.821000000000000000e+03
6.795000000000000000e+03 6.802000000000000000e+03
6.763000000000000000e+03 7.452000000000000000e+03
6.662000000000000000e+03 7.448000000000000000e+03
6.601000000000000000e+03 7.450000000000000000e+03
6.131000000000000000e+03 6.763000000000000000e+03
5.679000000000000000e+03 6.112000000000000000e+03
6.705000000000000000e+03 7.470000000000000000e+03
6.111000000000000000e+03 7.470000000000000000e+03
4.809000000000000000e+03 7.072000000000000000e+03
5.513000000000000000e+03 6.317000000000000000e+03
5.335000000000000000e+03 6.697000000000000000e+03
5.037000000000000000e+03 6.659000000000000000e+03
4.820000000000000000e+03 7.164000000000000000e+03
5.175000000000000000e+03 7.165000000000000000e+03
4.810000000000000000e+03 7.294000000000000000e+03
4.694000000000000000e+03 7.254000000000000000e+03
7.365000000000000000e+03 7.113000000000000000e+03
7.249000000000000000e+03 7.039000000000000000e+03
5.051000000000000000e+03 7.270000000000000000e+03
5.286000000000000000e+03 6.832000000000000000e+03
4.686000000000000000e+03 7.393000000000000000e+03
4.840000000000000000e+03 7.385000000000000000e+03
4.997000000000000000e+03 7.320000000000000000e+03
4.969000000000000000e+03 7.360000000000000000e+03
4.441000000000000000e+03 7.263000000000000000e+03
4.410000000000000000e+03 7.373000000000000000e+03
4.553000000000000000e+03 7.412000000000000000e+03
4.436000000000000000e+03 7.372000000000000000e+03
6.537000000000000000e+03 7.390000000000000000e+03
7.351000000000000000e+03 7.434000000000000000e+03
5.320000000000000000e+03 7.279000000000000000e+03
5.012000000000000000e+03 7.233000000000000000e+03
3.848000000000000000e+03 7.073000000000000000e+03
3.355000000000000000e+03 6.320000000000000000e+03
3.989000000000000000e+03 7.154000000000000000e+03
3.799000000000000000e+03 7.078000000000000000e+03
2.210000000000000000e+03 2.518000000000000000e+03
3.156000000000000000e+03 5.828000000000000000e+03
3.952000000000000000e+03 7.055000000000000000e+03
3.864000000000000000e+03 7.010000000000000000e+03
4.219000000000000000e+03 7.155000000000000000e+03
4.115000000000000000e+03 7.079000000000000000e+03
4.699000000000000000e+03 6.281000000000000000e+03
4.223000000000000000e+03 7.066000000000000000e+03
4.890000000000000000e+03 6.463000000000000000e+03
4.119000000000000000e+03 7.044000000000000000e+03
4.473000000000000000e+03 7.033000000000000000e+03
4.640000000000000000e+03 7.005000000000000000e+03
6.198000000000000000e+03 7.423000000000000000e+03
5.977000000000000000e+03 7.421000000000000000e+03
5.577000000000000000e+03 6.973000000000000000e+03
5.846000000000000000e+03 7.427000000000000000e+03
4.638000000000000000e+03 7.124000000000000000e+03
4.620000000000000000e+03 7.150000000000000000e+03
5.021000000000000000e+03 7.306000000000000000e+03
5.170000000000000000e+03 7.059000000000000000e+03
5.471000000000000000e+03 7.198000000000000000e+03
5.285000000000000000e+03 7.277000000000000000e+03
5.334000000000000000e+03 7.322000000000000000e+03
5.521000000000000000e+03 7.416000000000000000e+03
4.991000000000000000e+03 7.368000000000000000e+03
5.088000000000000000e+03 7.372000000000000000e+03
5.694000000000000000e+03 7.443000000000000000e+03
5.191000000000000000e+03 7.085000000000000000e+03
3.441000000000000000e+03 6.817000000000000000e+03
3.470000000000000000e+03 6.908000000000000000e+03
3.534000000000000000e+03 7.015000000000000000e+03
6.403000000000000000e+03 6.925000000000000000e+03
6.340000000000000000e+03 6.907000000000000000e+03
6.152000000000000000e+03 6.845000000000000000e+03
5.748000000000000000e+03 6.720000000000000000e+03
4.114000000000000000e+03 7.241000000000000000e+03
4.115000000000000000e+03 7.275000000000000000e+03
3.031000000000000000e+03 7.160000000000000000e+03
3.969000000000000000e+03 7.258000000000000000e+03
4.212000000000000000e+03 7.236000000000000000e+03
3.269000000000000000e+03 7.246000000000000000e+03
4.218000000000000000e+03 7.311000000000000000e+03
4.314000000000000000e+03 7.274000000000000000e+03
6.569000000000000000e+03 6.910000000000000000e+03
6.535000000000000000e+03 6.903000000000000000e+03
6.681000000000000000e+03 6.873000000000000000e+03
6.631000000000000000e+03 6.912000000000000000e+03
6.768000000000000000e+03 6.891000000000000000e+03
6.765000000000000000e+03 7.027000000000000000e+03
6.677000000000000000e+03 7.000000000000000000e+03
6.700000000000000000e+03 7.072000000000000000e+03
6.426000000000000000e+03 6.997000000000000000e+03
6.383000000000000000e+03 7.068000000000000000e+03
5.516000000000000000e+03 6.818000000000000000e+03
6.478000000000000000e+03 6.654000000000000000e+03
6.580000000000000000e+03 7.074000000000000000e+03
6.480000000000000000e+03 7.109000000000000000e+03
6.532000000000000000e+03 7.033000000000000000e+03
6.474000000000000000e+03 7.071000000000000000e+03
2.269000000000000000e+03 7.457000000000000000e+03
2.567000000000000000e+03 6.215000000000000000e+03
2.440000000000000000e+03 7.464000000000000000e+03
2.636000000000000000e+03 7.449000000000000000e+03
2.971000000000000000e+03 7.417000000000000000e+03
2.849000000000000000e+03 7.446000000000000000e+03
2.650000000000000000e+03 7.464000000000000000e+03
1.770000000000000000e+03 7.463000000000000000e+03
1.804000000000000000e+03 7.458000000000000000e+03
2.116000000000000000e+03 7.460000000000000000e+03
1.811000000000000000e+03 7.428000000000000000e+03
2.074000000000000000e+03 7.446000000000000000e+03
1.896000000000000000e+03 7.475000000000000000e+03
1.772000000000000000e+03 7.466000000000000000e+03
1.893000000000000000e+03 7.470000000000000000e+03
1.026000000000000000e+03 7.468000000000000000e+03
1.035000000000000000e+03 7.477000000000000000e+03
6.040000000000000000e+02 7.477000000000000000e+03
7.460000000000000000e+02 7.475000000000000000e+03
8.200000000000000000e+02 7.467000000000000000e+03
8.500000000000000000e+02 7.467000000000000000e+03
6.020000000000000000e+02 7.468000000000000000e+03
1.205000000000000000e+03 6.941000000000000000e+03
3.279000000000000000e+03 7.114000000000000000e+03
4.025000000000000000e+03 7.379000000000000000e+03
3.329000000000000000e+03 7.085000000000000000e+03
3.027000000000000000e+03 7.050000000000000000e+03
4.113000000000000000e+03 7.403000000000000000e+03
4.153000000000000000e+03 7.450000000000000000e+03
4.240000000000000000e+03 7.421000000000000000e+03
4.318000000000000000e+03 7.425000000000000000e+03
6.290000000000000000e+03 4.784000000000000000e+03
5.438000000000000000e+03 3.668000000000000000e+03
5.484000000000000000e+03 4.486000000000000000e+03
6.566000000000000000e+03 4.269000000000000000e+03
6.949000000000000000e+03 4.156000000000000000e+03
6.655000000000000000e+03 4.290000000000000000e+03
6.461000000000000000e+03 4.287000000000000000e+03
5.403000000000000000e+03 4.354000000000000000e+03
5.617000000000000000e+03 4.421000000000000000e+03
4.751000000000000000e+03 5.890000000000000000e+03
4.612000000000000000e+03 6.059000000000000000e+03
4.873000000000000000e+03 7.025000000000000000e+03
5.016000000000000000e+03 7.050000000000000000e+03
4.518000000000000000e+03 7.153000000000000000e+03
4.773000000000000000e+03 7.138000000000000000e+03
5.718000000000000000e+03 6.374000000000000000e+03
5.638000000000000000e+03 6.562000000000000000e+03
5.857000000000000000e+03 6.525000000000000000e+03
5.798000000000000000e+03 6.523000000000000000e+03
5.480000000000000000e+03 3.587000000000000000e+03
5.354000000000000000e+03 3.779000000000000000e+03
5.502000000000000000e+03 6.461000000000000000e+03
5.608000000000000000e+03 6.491000000000000000e+03
5.721000000000000000e+03 6.443000000000000000e+03
5.759000000000000000e+03 6.660000000000000000e+03
5.766000000000000000e+03 6.686000000000000000e+03
5.851000000000000000e+03 6.689000000000000000e+03
5.560000000000000000e+03 6.071000000000000000e+03
5.474000000000000000e+03 3.860000000000000000e+03
5.140000000000000000e+03 3.561000000000000000e+03
5.386000000000000000e+03 3.438000000000000000e+03
5.922000000000000000e+03 5.717000000000000000e+03
5.640000000000000000e+03 5.777000000000000000e+03
6.223000000000000000e+03 5.875000000000000000e+03
5.592000000000000000e+03 5.717000000000000000e+03
6.062000000000000000e+03 6.654000000000000000e+03
6.106000000000000000e+03 6.455000000000000000e+03
5.567000000000000000e+03 4.704000000000000000e+03
5.525000000000000000e+03 5.277000000000000000e+03
6.664000000000000000e+03 4.177000000000000000e+03
6.727000000000000000e+03 4.630000000000000000e+03
5.318000000000000000e+03 4.784000000000000000e+03
4.954000000000000000e+03 5.875000000000000000e+03
5.505000000000000000e+03 5.602000000000000000e+03
6.476000000000000000e+03 5.755000000000000000e+03
6.160000000000000000e+03 4.950000000000000000e+03
6.374000000000000000e+03 6.336000000000000000e+03
6.161000000000000000e+03 5.730000000000000000e+03
6.209000000000000000e+03 6.539000000000000000e+03
6.617000000000000000e+03 4.600000000000000000e+03
6.110000000000000000e+03 6.088000000000000000e+03
4.613000000000000000e+03 6.846000000000000000e+03
4.624000000000000000e+03 7.100000000000000000e+03
4.647000000000000000e+03 5.529000000000000000e+03
4.419000000000000000e+03 6.557000000000000000e+03
4.122000000000000000e+03 6.583000000000000000e+03
4.277000000000000000e+03 6.708000000000000000e+03
3.829000000000000000e+03 6.391000000000000000e+03
3.978000000000000000e+03 5.803000000000000000e+03
3.974000000000000000e+03 6.905000000000000000e+03
4.051000000000000000e+03 6.909000000000000000e+03
4.143000000000000000e+03 6.909000000000000000e+03
4.148000000000000000e+03 6.863000000000000000e+03
5.658000000000000000e+03 3.350000000000000000e+03
5.795000000000000000e+03 2.939000000000000000e+03
5.967000000000000000e+03 2.694000000000000000e+03
5.514000000000000000e+03 3.689000000000000000e+03
5.455000000000000000e+03 3.791000000000000000e+03
5.553000000000000000e+03 3.902000000000000000e+03
5.495000000000000000e+03 3.887000000000000000e+03
5.805000000000000000e+03 1.279000000000000000e+03
6.027000000000000000e+03 8.370000000000000000e+02
6.035000000000000000e+03 3.116000000000000000e+03
5.902000000000000000e+03 1.804000000000000000e+03
5.921000000000000000e+03 1.759000000000000000e+03
5.784000000000000000e+03 3.169000000000000000e+03
5.933000000000000000e+03 2.381000000000000000e+03
5.955000000000000000e+03 2.265000000000000000e+03
5.193000000000000000e+03 4.050000000000000000e+03
5.233000000000000000e+03 3.992000000000000000e+03
5.093000000000000000e+03 4.014000000000000000e+03
5.233000000000000000e+03 4.212000000000000000e+03
4.956000000000000000e+03 3.973000000000000000e+03
4.998000000000000000e+03 4.040000000000000000e+03
4.930000000000000000e+03 3.871000000000000000e+03
4.938000000000000000e+03 3.896000000000000000e+03
5.517000000000000000e+03 4.055000000000000000e+03
5.555000000000000000e+03 4.043000000000000000e+03
5.412000000000000000e+03 4.029000000000000000e+03
5.545000000000000000e+03 4.087000000000000000e+03
5.322000000000000000e+03 3.941000000000000000e+03
5.401000000000000000e+03 3.946000000000000000e+03
5.285000000000000000e+03 3.898000000000000000e+03
5.325000000000000000e+03 3.849000000000000000e+03
5.340000000000000000e+03 4.339000000000000000e+03
5.158000000000000000e+03 4.420000000000000000e+03
5.211000000000000000e+03 4.454000000000000000e+03
5.285000000000000000e+03 4.486000000000000000e+03
5.403000000000000000e+03 4.498000000000000000e+03
5.415000000000000000e+03 4.507000000000000000e+03
5.519000000000000000e+03 4.487000000000000000e+03
5.448000000000000000e+03 4.427000000000000000e+03
5.377000000000000000e+03 4.326000000000000000e+03
5.232000000000000000e+03 4.284000000000000000e+03
5.288000000000000000e+03 4.301000000000000000e+03
4.218000000000000000e+03 4.065000000000000000e+03
4.925000000000000000e+03 4.211000000000000000e+03
5.010000000000000000e+03 4.288000000000000000e+03
5.111000000000000000e+03 4.294000000000000000e+03
5.648000000000000000e+03 4.183000000000000000e+03
5.677000000000000000e+03 4.176000000000000000e+03
5.138000000000000000e+03 4.143000000000000000e+03
5.389000000000000000e+03 4.168000000000000000e+03
5.097000000000000000e+03 4.140000000000000000e+03
4.883000000000000000e+03 4.085000000000000000e+03
5.231000000000000000e+03 4.148000000000000000e+03
5.005000000000000000e+03 4.262000000000000000e+03
5.556000000000000000e+03 4.330000000000000000e+03
5.637000000000000000e+03 4.407000000000000000e+03
5.446000000000000000e+03 4.340000000000000000e+03
5.469000000000000000e+03 4.252000000000000000e+03
5.715000000000000000e+03 4.373000000000000000e+03
5.741000000000000000e+03 4.281000000000000000e+03
5.638000000000000000e+03 4.426000000000000000e+03
5.681000000000000000e+03 4.386000000000000000e+03
5.216000000000000000e+03 3.809000000000000000e+03
5.951000000000000000e+03 5.684000000000000000e+03
5.866000000000000000e+03 4.592000000000000000e+03
5.345000000000000000e+03 6.333000000000000000e+03
5.397000000000000000e+03 6.429000000000000000e+03
5.466000000000000000e+03 6.613000000000000000e+03
5.490000000000000000e+03 6.687000000000000000e+03
5.446000000000000000e+03 6.478000000000000000e+03
5.525000000000000000e+03 6.389000000000000000e+03
5.649000000000000000e+03 6.791000000000000000e+03
5.630000000000000000e+03 6.721000000000000000e+03
5.454000000000000000e+03 6.863000000000000000e+03
5.210000000000000000e+03 6.670000000000000000e+03
5.606000000000000000e+03 6.872000000000000000e+03
5.556000000000000000e+03 6.905000000000000000e+03
5.166000000000000000e+03 5.255000000000000000e+03
5.339000000000000000e+03 6.589000000000000000e+03
4.884000000000000000e+03 4.995000000000000000e+03
5.229000000000000000e+03 6.056000000000000000e+03
5.283000000000000000e+03 6.175000000000000000e+03
5.389000000000000000e+03 6.757000000000000000e+03
5.378000000000000000e+03 6.854000000000000000e+03
5.331000000000000000e+03 6.890000000000000000e+03
5.591000000000000000e+03 3.205000000000000000e+03
5.569000000000000000e+03 3.291000000000000000e+03
5.049000000000000000e+03 3.726000000000000000e+03
5.500000000000000000e+03 3.318000000000000000e+03
5.598000000000000000e+03 3.523000000000000000e+03
5.597000000000000000e+03 3.560000000000000000e+03
5.277000000000000000e+03 3.598000000000000000e+03
5.607000000000000000e+03 3.343000000000000000e+03
5.238000000000000000e+03 4.929000000000000000e+03
5.135000000000000000e+03 4.116000000000000000e+03
5.637000000000000000e+03 5.778000000000000000e+03
5.236000000000000000e+03 4.899000000000000000e+03
4.794000000000000000e+03 5.458000000000000000e+03
4.653000000000000000e+03 4.549000000000000000e+03
4.865000000000000000e+03 5.163000000000000000e+03
5.066000000000000000e+03 6.567000000000000000e+03
5.210000000000000000e+03 6.876000000000000000e+03
5.210000000000000000e+03 6.612000000000000000e+03
5.231000000000000000e+03 6.792000000000000000e+03
5.255000000000000000e+03 6.814000000000000000e+03
5.199000000000000000e+03 6.663000000000000000e+03
5.211000000000000000e+03 6.669000000000000000e+03
5.077000000000000000e+03 6.688000000000000000e+03
5.161000000000000000e+03 6.623000000000000000e+03
4.890000000000000000e+03 6.735000000000000000e+03
4.887000000000000000e+03 6.651000000000000000e+03
4.894000000000000000e+03 6.567000000000000000e+03
4.863000000000000000e+03 5.426000000000000000e+03
4.783000000000000000e+03 6.809000000000000000e+03
4.894000000000000000e+03 6.845000000000000000e+03
4.926000000000000000e+03 6.895000000000000000e+03
4.923000000000000000e+03 6.927000000000000000e+03
5.072000000000000000e+03 6.944000000000000000e+03
4.941000000000000000e+03 6.031000000000000000e+03
5.077000000000000000e+03 6.776000000000000000e+03
5.059000000000000000e+03 6.889000000000000000e+03
5.059000000000000000e+03 6.710000000000000000e+03
5.042000000000000000e+03 6.766000000000000000e+03
4.823000000000000000e+03 6.383000000000000000e+03
4.607000000000000000e+03 6.088000000000000000e+03
4.824000000000000000e+03 4.475000000000000000e+03
4.727000000000000000e+03 6.888000000000000000e+03
5.330000000000000000e+03 4.928000000000000000e+03
6.034000000000000000e+03 4.291000000000000000e+03
5.837000000000000000e+03 4.220000000000000000e+03
4.698000000000000000e+03 3.975000000000000000e+03
4.658000000000000000e+03 3.882000000000000000e+03
5.390000000000000000e+03 4.158000000000000000e+03
4.932000000000000000e+03 4.013000000000000000e+03
6.166000000000000000e+03 4.285000000000000000e+03
6.290000000000000000e+03 4.283000000000000000e+03
6.589000000000000000e+03 4.376000000000000000e+03
6.500000000000000000e+03 4.306000000000000000e+03
6.539000000000000000e+03 4.382000000000000000e+03
6.621000000000000000e+03 4.371000000000000000e+03
6.623000000000000000e+03 4.512000000000000000e+03
6.595000000000000000e+03 4.553000000000000000e+03
6.758000000000000000e+03 4.496000000000000000e+03
6.766000000000000000e+03 4.541000000000000000e+03
6.317000000000000000e+03 4.424000000000000000e+03
6.169000000000000000e+03 4.381000000000000000e+03
5.919000000000000000e+03 4.302000000000000000e+03
6.036000000000000000e+03 4.365000000000000000e+03
4.662000000000000000e+03 6.606000000000000000e+03
4.675000000000000000e+03 6.561000000000000000e+03
4.413000000000000000e+03 6.491000000000000000e+03
4.694000000000000000e+03 6.521000000000000000e+03
5.764000000000000000e+03 4.402000000000000000e+03
5.820000000000000000e+03 4.474000000000000000e+03
4.545000000000000000e+03 6.718000000000000000e+03
4.727000000000000000e+03 6.627000000000000000e+03
6.158000000000000000e+03 4.328000000000000000e+03
6.061000000000000000e+03 4.179000000000000000e+03
5.599000000000000000e+03 3.720000000000000000e+03
5.455000000000000000e+03 4.470000000000000000e+03
5.087000000000000000e+03 4.533000000000000000e+03
5.951000000000000000e+03 4.468000000000000000e+03
5.387000000000000000e+03 4.491000000000000000e+03
6.418000000000000000e+03 4.375000000000000000e+03
6.470000000000000000e+03 4.416000000000000000e+03
6.311000000000000000e+03 4.263000000000000000e+03
6.315000000000000000e+03 4.228000000000000000e+03
5.326000000000000000e+03 3.545000000000000000e+03
5.964000000000000000e+03 4.070000000000000000e+03
6.251000000000000000e+03 4.177000000000000000e+03
6.215000000000000000e+03 4.233000000000000000e+03
6.441000000000000000e+03 4.559000000000000000e+03
6.464000000000000000e+03 4.538000000000000000e+03
6.327000000000000000e+03 4.519000000000000000e+03
6.264000000000000000e+03 4.535000000000000000e+03
6.100000000000000000e+03 4.462000000000000000e+03
5.452000000000000000e+03 4.463000000000000000e+03
5.251000000000000000e+03 4.523000000000000000e+03
6.178000000000000000e+03 4.491000000000000000e+03
4.473000000000000000e+03 5.848000000000000000e+03
4.382000000000000000e+03 6.914000000000000000e+03
4.239000000000000000e+03 6.913000000000000000e+03
4.209000000000000000e+03 6.764000000000000000e+03
4.627000000000000000e+03 6.365000000000000000e+03
3.991000000000000000e+03 6.592000000000000000e+03
4.639000000000000000e+03 6.226000000000000000e+03
4.453000000000000000e+03 6.919000000000000000e+03
6.557000000000000000e+03 4.916000000000000000e+03
6.910000000000000000e+03 4.169000000000000000e+03
6.844000000000000000e+03 4.181000000000000000e+03
7.003000000000000000e+03 4.301000000000000000e+03
6.418000000000000000e+03 4.452000000000000000e+03
6.761000000000000000e+03 4.115000000000000000e+03
6.408000000000000000e+03 4.308000000000000000e+03
7.260000000000000000e+03 4.202000000000000000e+03
7.251000000000000000e+03 4.237000000000000000e+03
7.350000000000000000e+03 4.250000000000000000e+03
7.306000000000000000e+03 4.323000000000000000e+03
7.057000000000000000e+03 4.182000000000000000e+03
7.124000000000000000e+03 4.307000000000000000e+03
7.140000000000000000e+03 4.208000000000000000e+03
7.203000000000000000e+03 4.223000000000000000e+03
6.870000000000000000e+03 4.354000000000000000e+03
7.009000000000000000e+03 4.420000000000000000e+03
6.724000000000000000e+03 4.794000000000000000e+03
7.043000000000000000e+03 4.488000000000000000e+03
7.110000000000000000e+03 4.553000000000000000e+03
7.027000000000000000e+03 4.501000000000000000e+03
7.256000000000000000e+03 4.544000000000000000e+03
7.204000000000000000e+03 4.506000000000000000e+03
7.324000000000000000e+03 4.510000000000000000e+03
7.401000000000000000e+03 4.471000000000000000e+03
7.367000000000000000e+03 4.426000000000000000e+03
7.310000000000000000e+03 4.443000000000000000e+03
7.112000000000000000e+03 4.364000000000000000e+03
6.944000000000000000e+03 4.446000000000000000e+03
7.251000000000000000e+03 4.380000000000000000e+03
7.178000000000000000e+03 4.377000000000000000e+03
6.636000000000000000e+03 4.016000000000000000e+03
6.715000000000000000e+03 3.954000000000000000e+03
6.859000000000000000e+03 3.885000000000000000e+03
6.918000000000000000e+03 3.976000000000000000e+03
7.106000000000000000e+03 3.922000000000000000e+03
7.057000000000000000e+03 3.942000000000000000e+03
7.196000000000000000e+03 3.940000000000000000e+03
7.193000000000000000e+03 4.065000000000000000e+03
6.986000000000000000e+03 4.040000000000000000e+03
6.755000000000000000e+03 4.081000000000000000e+03
6.490000000000000000e+03 4.068000000000000000e+03
6.899000000000000000e+03 4.023000000000000000e+03
7.146000000000000000e+03 4.115000000000000000e+03
7.186000000000000000e+03 4.095000000000000000e+03
7.085000000000000000e+03 3.989000000000000000e+03
7.063000000000000000e+03 4.060000000000000000e+03
6.863000000000000000e+03 4.371000000000000000e+03
6.851000000000000000e+03 4.429000000000000000e+03
6.844000000000000000e+03 4.302000000000000000e+03
6.802000000000000000e+03 4.323000000000000000e+03
6.747000000000000000e+03 4.276000000000000000e+03
6.730000000000000000e+03 4.228000000000000000e+03
5.780000000000000000e+03 4.305000000000000000e+03
5.389000000000000000e+03 4.338000000000000000e+03
6.557000000000000000e+03 4.212000000000000000e+03
6.619000000000000000e+03 4.333000000000000000e+03
5.968000000000000000e+03 4.230000000000000000e+03
6.176000000000000000e+03 4.263000000000000000e+03
6.809000000000000000e+03 3.995000000000000000e+03
6.422000000000000000e+03 4.047000000000000000e+03
6.514000000000000000e+03 4.069000000000000000e+03
6.193000000000000000e+03 4.095000000000000000e+03
6.132000000000000000e+03 2.442000000000000000e+03
2.652000000000000000e+03 1.515000000000000000e+03
2.890000000000000000e+03 1.637000000000000000e+03
6.244000000000000000e+03 2.325000000000000000e+03
6.276000000000000000e+03 2.384000000000000000e+03
6.147000000000000000e+03 2.283000000000000000e+03
6.187000000000000000e+03 2.303000000000000000e+03
5.960000000000000000e+03 2.344000000000000000e+03
6.040000000000000000e+03 2.410000000000000000e+03
6.146000000000000000e+03 2.367000000000000000e+03
6.117000000000000000e+03 2.411000000000000000e+03
6.142000000000000000e+03 2.539000000000000000e+03
6.111000000000000000e+03 2.512000000000000000e+03
6.097000000000000000e+03 2.577000000000000000e+03
6.037000000000000000e+03 2.588000000000000000e+03
3.057000000000000000e+03 1.521000000000000000e+03
3.068000000000000000e+03 1.761000000000000000e+03
3.196000000000000000e+03 1.430000000000000000e+03
3.061000000000000000e+03 1.322000000000000000e+03
2.851000000000000000e+03 1.243000000000000000e+03
2.931000000000000000e+03 1.248000000000000000e+03
3.052000000000000000e+03 1.259000000000000000e+03
2.930000000000000000e+03 1.203000000000000000e+03
2.732000000000000000e+03 1.397000000000000000e+03
2.651000000000000000e+03 1.454000000000000000e+03
2.583000000000000000e+03 1.370000000000000000e+03
2.678000000000000000e+03 1.329000000000000000e+03
2.634000000000000000e+03 1.249000000000000000e+03
2.654000000000000000e+03 1.160000000000000000e+03
2.764000000000000000e+03 1.262000000000000000e+03
2.752000000000000000e+03 1.206000000000000000e+03
5.850000000000000000e+03 2.926000000000000000e+03
5.645000000000000000e+03 2.839000000000000000e+03
5.533000000000000000e+03 2.836000000000000000e+03
5.835000000000000000e+03 2.974000000000000000e+03
6.012000000000000000e+03 2.852000000000000000e+03
5.791000000000000000e+03 3.044000000000000000e+03
5.798000000000000000e+03 3.011000000000000000e+03
5.910000000000000000e+03 2.668000000000000000e+03
5.874000000000000000e+03 2.608000000000000000e+03
5.843000000000000000e+03 2.665000000000000000e+03
5.989000000000000000e+03 2.702000000000000000e+03
5.719000000000000000e+03 2.700000000000000000e+03
5.667000000000000000e+03 2.775000000000000000e+03
5.513000000000000000e+03 2.968000000000000000e+03
5.561000000000000000e+03 2.896000000000000000e+03
6.065000000000000000e+03 3.008000000000000000e+03
6.093000000000000000e+03 2.963000000000000000e+03
6.218000000000000000e+03 2.939000000000000000e+03
6.208000000000000000e+03 2.874000000000000000e+03
6.119000000000000000e+03 2.765000000000000000e+03
6.017000000000000000e+03 2.576000000000000000e+03
6.040000000000000000e+03 2.828000000000000000e+03
6.004000000000000000e+03 2.762000000000000000e+03
5.790000000000000000e+03 2.865000000000000000e+03
5.728000000000000000e+03 2.838000000000000000e+03
5.852000000000000000e+03 2.808000000000000000e+03
6.021000000000000000e+03 2.779000000000000000e+03
5.763000000000000000e+03 2.936000000000000000e+03
5.571000000000000000e+03 3.038000000000000000e+03
5.600000000000000000e+03 2.940000000000000000e+03
5.714000000000000000e+03 2.896000000000000000e+03
3.897000000000000000e+03 2.601000000000000000e+03
3.846000000000000000e+03 3.313000000000000000e+03
3.050000000000000000e+03 3.572000000000000000e+03
2.191000000000000000e+03 3.588000000000000000e+03
2.575000000000000000e+03 3.487000000000000000e+03
2.592000000000000000e+03 3.583000000000000000e+03
2.755000000000000000e+03 3.608000000000000000e+03
2.930000000000000000e+03 3.525000000000000000e+03
3.392000000000000000e+03 3.629000000000000000e+03
4.300000000000000000e+02 3.565000000000000000e+03
4.030000000000000000e+02 3.431000000000000000e+03
8.150000000000000000e+02 3.380000000000000000e+03
6.770000000000000000e+02 3.583000000000000000e+03
4.473000000000000000e+03 3.554000000000000000e+03
3.222000000000000000e+03 3.599000000000000000e+03
1.859000000000000000e+03 3.390000000000000000e+03
3.657000000000000000e+03 3.226000000000000000e+03
2.465000000000000000e+03 3.408000000000000000e+03
2.257000000000000000e+03 3.138000000000000000e+03
5.068000000000000000e+03 3.364000000000000000e+03
5.344000000000000000e+03 3.331000000000000000e+03
2.149000000000000000e+03 3.066000000000000000e+03
3.209000000000000000e+03 2.723000000000000000e+03
3.910000000000000000e+02 3.223000000000000000e+03
4.339000000000000000e+03 3.255000000000000000e+03
2.720000000000000000e+03 2.746000000000000000e+03
2.482000000000000000e+03 2.440000000000000000e+03
7.090000000000000000e+02 3.016000000000000000e+03
7.750000000000000000e+02 2.815000000000000000e+03
3.373000000000000000e+03 3.503000000000000000e+03
3.712000000000000000e+03 3.259000000000000000e+03
5.997000000000000000e+03 1.495000000000000000e+03
5.966000000000000000e+03 1.531000000000000000e+03
6.045000000000000000e+03 1.727000000000000000e+03
5.940000000000000000e+03 1.581000000000000000e+03
5.539000000000000000e+03 1.379000000000000000e+03
5.593000000000000000e+03 1.453000000000000000e+03
5.585000000000000000e+03 2.278000000000000000e+03
5.691000000000000000e+03 2.351000000000000000e+03
5.704000000000000000e+03 9.980000000000000000e+02
5.848000000000000000e+03 9.840000000000000000e+02
5.779000000000000000e+03 9.470000000000000000e+02
5.614000000000000000e+03 1.057000000000000000e+03
5.470000000000000000e+03 2.241000000000000000e+03
5.353000000000000000e+03 1.921000000000000000e+03
5.407000000000000000e+03 1.608000000000000000e+03
5.655000000000000000e+03 1.848000000000000000e+03
5.314000000000000000e+03 2.213000000000000000e+03
5.242000000000000000e+03 2.271000000000000000e+03
5.067000000000000000e+03 1.705000000000000000e+03
3.466000000000000000e+03 1.416000000000000000e+03
2.805000000000000000e+03 1.407000000000000000e+03
2.869000000000000000e+03 1.417000000000000000e+03
2.915000000000000000e+03 1.426000000000000000e+03
3.033000000000000000e+03 1.427000000000000000e+03
5.853000000000000000e+03 1.217000000000000000e+03
5.908000000000000000e+03 1.135000000000000000e+03
5.686000000000000000e+03 1.163000000000000000e+03
5.753000000000000000e+03 1.198000000000000000e+03
5.900000000000000000e+03 1.278000000000000000e+03
5.877000000000000000e+03 1.445000000000000000e+03
5.768000000000000000e+03 2.111000000000000000e+03
5.766000000000000000e+03 2.315000000000000000e+03
6.713000000000000000e+03 2.632000000000000000e+03
6.783000000000000000e+03 2.603000000000000000e+03
6.753000000000000000e+03 2.556000000000000000e+03
7.146000000000000000e+03 2.672000000000000000e+03
7.180000000000000000e+03 2.593000000000000000e+03
6.970000000000000000e+03 2.558000000000000000e+03
6.974000000000000000e+03 2.607000000000000000e+03
6.734000000000000000e+03 2.415000000000000000e+03
6.944000000000000000e+03 2.476000000000000000e+03
6.754000000000000000e+03 2.467000000000000000e+03
6.654000000000000000e+03 2.486000000000000000e+03
7.212000000000000000e+03 2.477000000000000000e+03
7.237000000000000000e+03 2.459000000000000000e+03
6.953000000000000000e+03 2.403000000000000000e+03
7.101000000000000000e+03 2.478000000000000000e+03
6.804000000000000000e+03 2.863000000000000000e+03
6.735000000000000000e+03 2.871000000000000000e+03
6.948000000000000000e+03 2.822000000000000000e+03
6.906000000000000000e+03 2.828000000000000000e+03
7.056000000000000000e+03 2.736000000000000000e+03
7.068000000000000000e+03 2.730000000000000000e+03
6.998000000000000000e+03 2.901000000000000000e+03
7.018000000000000000e+03 2.798000000000000000e+03
7.205000000000000000e+03 2.860000000000000000e+03
7.221000000000000000e+03 2.781000000000000000e+03
7.197000000000000000e+03 2.855000000000000000e+03
7.103000000000000000e+03 2.890000000000000000e+03
6.859000000000000000e+03 2.907000000000000000e+03
7.069000000000000000e+03 2.877000000000000000e+03
6.812000000000000000e+03 2.956000000000000000e+03
6.693000000000000000e+03 3.112000000000000000e+03
6.605000000000000000e+03 2.760000000000000000e+03
6.328000000000000000e+03 2.806000000000000000e+03
6.217000000000000000e+03 2.761000000000000000e+03
6.856000000000000000e+03 2.696000000000000000e+03
6.779000000000000000e+03 2.782000000000000000e+03
6.711000000000000000e+03 2.532000000000000000e+03
6.884000000000000000e+03 2.652000000000000000e+03
6.327000000000000000e+03 2.696000000000000000e+03
6.239000000000000000e+03 2.669000000000000000e+03
6.312000000000000000e+03 2.657000000000000000e+03
6.336000000000000000e+03 2.582000000000000000e+03
5.904000000000000000e+03 2.384000000000000000e+03
6.368000000000000000e+03 2.608000000000000000e+03
6.430000000000000000e+03 2.592000000000000000e+03
6.453000000000000000e+03 2.633000000000000000e+03
6.791000000000000000e+03 2.310000000000000000e+03
6.631000000000000000e+03 2.291000000000000000e+03
6.765000000000000000e+03 2.678000000000000000e+03
6.820000000000000000e+03 2.516000000000000000e+03
6.905000000000000000e+03 2.299000000000000000e+03
7.039000000000000000e+03 2.357000000000000000e+03
7.241000000000000000e+03 2.301000000000000000e+03
7.130000000000000000e+03 2.272000000000000000e+03
6.816000000000000000e+03 2.254000000000000000e+03
6.912000000000000000e+03 2.350000000000000000e+03
6.862000000000000000e+03 2.368000000000000000e+03
6.881000000000000000e+03 2.302000000000000000e+03
7.096000000000000000e+03 2.382000000000000000e+03
6.951000000000000000e+03 2.340000000000000000e+03
7.143000000000000000e+03 2.330000000000000000e+03
7.162000000000000000e+03 2.318000000000000000e+03
6.614000000000000000e+03 3.058000000000000000e+03
6.472000000000000000e+03 3.187000000000000000e+03
6.517000000000000000e+03 3.220000000000000000e+03
6.208000000000000000e+03 3.183000000000000000e+03
6.268000000000000000e+03 3.010000000000000000e+03
6.567000000000000000e+03 3.334000000000000000e+03
6.490000000000000000e+03 3.293000000000000000e+03
6.262000000000000000e+03 3.066000000000000000e+03
6.306000000000000000e+03 3.232000000000000000e+03
6.340000000000000000e+03 3.090000000000000000e+03
6.386000000000000000e+03 3.177000000000000000e+03
6.461000000000000000e+03 2.923000000000000000e+03
6.386000000000000000e+03 2.935000000000000000e+03
6.323000000000000000e+03 3.063000000000000000e+03
6.323000000000000000e+03 3.005000000000000000e+03
7.086000000000000000e+03 3.397000000000000000e+03
7.118000000000000000e+03 3.447000000000000000e+03
7.200000000000000000e+03 3.344000000000000000e+03
7.074000000000000000e+03 3.325000000000000000e+03
6.932000000000000000e+03 3.437000000000000000e+03
7.003000000000000000e+03 3.403000000000000000e+03
6.931000000000000000e+03 3.415000000000000000e+03
6.847000000000000000e+03 3.393000000000000000e+03
7.138000000000000000e+03 3.236000000000000000e+03
7.072000000000000000e+03 3.279000000000000000e+03
6.984000000000000000e+03 3.300000000000000000e+03
6.957000000000000000e+03 3.251000000000000000e+03
6.841000000000000000e+03 3.290000000000000000e+03
6.844000000000000000e+03 3.244000000000000000e+03
6.846000000000000000e+03 3.205000000000000000e+03
6.738000000000000000e+03 3.243000000000000000e+03
7.186000000000000000e+03 3.058000000000000000e+03
7.182000000000000000e+03 3.115000000000000000e+03
7.116000000000000000e+03 3.034000000000000000e+03
7.106000000000000000e+03 3.090000000000000000e+03
6.927000000000000000e+03 3.066000000000000000e+03
6.888000000000000000e+03 3.151000000000000000e+03
6.963000000000000000e+03 3.069000000000000000e+03
7.030000000000000000e+03 3.108000000000000000e+03
6.609000000000000000e+03 2.881000000000000000e+03
6.593000000000000000e+03 2.799000000000000000e+03
6.632000000000000000e+03 2.810000000000000000e+03
6.603000000000000000e+03 2.789000000000000000e+03
6.492000000000000000e+03 2.854000000000000000e+03
6.566000000000000000e+03 2.895000000000000000e+03
6.547000000000000000e+03 2.966000000000000000e+03
6.719000000000000000e+03 3.072000000000000000e+03
6.182000000000000000e+03 2.565000000000000000e+03
6.522000000000000000e+03 2.711000000000000000e+03
6.431000000000000000e+03 2.422000000000000000e+03
6.298000000000000000e+03 2.477000000000000000e+03
6.577000000000000000e+03 2.660000000000000000e+03
6.572000000000000000e+03 2.591000000000000000e+03
6.505000000000000000e+03 2.646000000000000000e+03
6.549000000000000000e+03 2.499000000000000000e+03
6.530000000000000000e+03 2.413000000000000000e+03
6.570000000000000000e+03 2.331000000000000000e+03
6.484000000000000000e+03 2.387000000000000000e+03
6.514000000000000000e+03 2.278000000000000000e+03
6.382000000000000000e+03 2.363000000000000000e+03
6.439000000000000000e+03 2.304000000000000000e+03
6.304000000000000000e+03 2.227000000000000000e+03
6.237000000000000000e+03 2.299000000000000000e+03
5.831000000000000000e+03 3.571000000000000000e+03
5.780000000000000000e+03 3.604000000000000000e+03
5.742000000000000000e+03 3.631000000000000000e+03
5.936000000000000000e+03 3.508000000000000000e+03
6.002000000000000000e+03 3.505000000000000000e+03
5.717000000000000000e+03 3.566000000000000000e+03
5.610000000000000000e+03 3.552000000000000000e+03
6.405000000000000000e+03 3.492000000000000000e+03
6.433000000000000000e+03 3.529000000000000000e+03
6.468000000000000000e+03 3.486000000000000000e+03
6.568000000000000000e+03 3.526000000000000000e+03
5.021000000000000000e+03 3.879000000000000000e+03
4.723000000000000000e+03 3.848000000000000000e+03
6.295000000000000000e+03 3.518000000000000000e+03
6.161000000000000000e+03 3.517000000000000000e+03
6.252000000000000000e+03 3.578000000000000000e+03
6.237000000000000000e+03 3.611000000000000000e+03
6.019000000000000000e+03 3.664000000000000000e+03
6.077000000000000000e+03 3.589000000000000000e+03
6.002000000000000000e+03 3.643000000000000000e+03
5.408000000000000000e+03 3.520000000000000000e+03
5.904000000000000000e+03 3.617000000000000000e+03
5.821000000000000000e+03 3.657000000000000000e+03
5.791000000000000000e+03 3.430000000000000000e+03
5.766000000000000000e+03 3.445000000000000000e+03
6.000000000000000000e+03 3.411000000000000000e+03
5.877000000000000000e+03 3.422000000000000000e+03
6.011000000000000000e+03 3.422000000000000000e+03
6.107000000000000000e+03 3.419000000000000000e+03
6.355000000000000000e+03 3.421000000000000000e+03
6.287000000000000000e+03 3.381000000000000000e+03
5.409000000000000000e+03 3.543000000000000000e+03
5.028000000000000000e+03 3.588000000000000000e+03
4.630000000000000000e+03 3.646000000000000000e+03
5.602000000000000000e+03 3.377000000000000000e+03
6.032000000000000000e+03 3.333000000000000000e+03
5.626000000000000000e+03 3.371000000000000000e+03
5.329000000000000000e+03 3.384000000000000000e+03
5.412000000000000000e+03 3.566000000000000000e+03
6.275000000000000000e+03 3.321000000000000000e+03
6.227000000000000000e+03 3.315000000000000000e+03
6.177000000000000000e+03 3.321000000000000000e+03
6.101000000000000000e+03 3.411000000000000000e+03
6.414000000000000000e+03 3.310000000000000000e+03
6.436000000000000000e+03 3.346000000000000000e+03
6.543000000000000000e+03 3.361000000000000000e+03
6.028000000000000000e+03 3.207000000000000000e+03
6.036000000000000000e+03 3.231000000000000000e+03
6.079000000000000000e+03 3.183000000000000000e+03
5.683000000000000000e+03 3.494000000000000000e+03
6.117000000000000000e+03 3.180000000000000000e+03
6.165000000000000000e+03 3.187000000000000000e+03
6.325000000000000000e+03 3.257000000000000000e+03
6.283000000000000000e+03 3.216000000000000000e+03
5.716000000000000000e+03 3.472000000000000000e+03
5.755000000000000000e+03 3.476000000000000000e+03
5.788000000000000000e+03 3.591000000000000000e+03
5.811000000000000000e+03 3.222000000000000000e+03
5.908000000000000000e+03 3.212000000000000000e+03
5.903000000000000000e+03 3.244000000000000000e+03
5.860000000000000000e+03 3.401000000000000000e+03
5.736000000000000000e+03 3.335000000000000000e+03
5.886000000000000000e+03 3.862000000000000000e+03
5.724000000000000000e+03 3.774000000000000000e+03
5.738000000000000000e+03 3.856000000000000000e+03
5.829000000000000000e+03 3.849000000000000000e+03
5.748000000000000000e+03 3.940000000000000000e+03
5.851000000000000000e+03 3.885000000000000000e+03
5.976000000000000000e+03 3.882000000000000000e+03
6.143000000000000000e+03 3.894000000000000000e+03
6.111000000000000000e+03 3.940000000000000000e+03
6.263000000000000000e+03 3.856000000000000000e+03
6.099000000000000000e+03 3.837000000000000000e+03
4.769000000000000000e+03 3.749000000000000000e+03
5.933000000000000000e+03 3.868000000000000000e+03
5.989000000000000000e+03 3.853000000000000000e+03
6.002000000000000000e+03 3.959000000000000000e+03
5.904000000000000000e+03 3.714000000000000000e+03
5.908000000000000000e+03 3.664000000000000000e+03
5.796000000000000000e+03 3.747000000000000000e+03
5.643000000000000000e+03 3.620000000000000000e+03
5.354000000000000000e+03 4.036000000000000000e+03
5.569000000000000000e+03 3.996000000000000000e+03
5.505000000000000000e+03 3.864000000000000000e+03
5.035000000000000000e+03 4.870000000000000000e+03
6.247000000000000000e+03 3.690000000000000000e+03
6.282000000000000000e+03 3.687000000000000000e+03
5.974000000000000000e+03 3.880000000000000000e+03
6.135000000000000000e+03 3.695000000000000000e+03
6.488000000000000000e+03 3.637000000000000000e+03
6.498000000000000000e+03 3.640000000000000000e+03
6.441000000000000000e+03 3.600000000000000000e+03
6.439000000000000000e+03 3.681000000000000000e+03
6.308000000000000000e+03 3.970000000000000000e+03
6.242000000000000000e+03 3.992000000000000000e+03
6.393000000000000000e+03 3.894000000000000000e+03
6.346000000000000000e+03 3.903000000000000000e+03
5.955000000000000000e+03 4.083000000000000000e+03
5.437000000000000000e+03 4.114000000000000000e+03
6.141000000000000000e+03 4.014000000000000000e+03
6.124000000000000000e+03 4.014000000000000000e+03
6.107000000000000000e+03 4.076000000000000000e+03
5.255000000000000000e+03 4.099000000000000000e+03
5.985000000000000000e+03 3.999000000000000000e+03
5.927000000000000000e+03 3.974000000000000000e+03
5.372000000000000000e+03 4.105000000000000000e+03
5.270000000000000000e+03 4.038000000000000000e+03
5.739000000000000000e+03 4.058000000000000000e+03
5.508000000000000000e+03 4.112000000000000000e+03
6.410000000000000000e+03 3.820000000000000000e+03
6.154000000000000000e+03 3.756000000000000000e+03
6.235000000000000000e+03 3.802000000000000000e+03
5.978000000000000000e+03 3.765000000000000000e+03
6.594000000000000000e+03 3.848000000000000000e+03
6.614000000000000000e+03 3.728000000000000000e+03
6.464000000000000000e+03 3.788000000000000000e+03
6.317000000000000000e+03 3.731000000000000000e+03
6.513000000000000000e+03 3.910000000000000000e+03
6.527000000000000000e+03 3.974000000000000000e+03
5.835000000000000000e+03 4.093000000000000000e+03
6.470000000000000000e+03 4.027000000000000000e+03
6.311000000000000000e+03 4.040000000000000000e+03
6.419000000000000000e+03 4.005000000000000000e+03
5.927000000000000000e+03 3.774000000000000000e+03
5.811000000000000000e+03 3.820000000000000000e+03
7.320000000000000000e+03 2.952000000000000000e+03
7.409000000000000000e+03 2.847000000000000000e+03
7.395000000000000000e+03 3.080000000000000000e+03
7.070000000000000000e+03 3.389000000000000000e+03
7.390000000000000000e+03 2.858000000000000000e+03
7.404000000000000000e+03 3.070000000000000000e+03
7.246000000000000000e+03 3.029000000000000000e+03
6.578000000000000000e+03 3.204000000000000000e+03
6.626000000000000000e+03 3.250000000000000000e+03
6.643000000000000000e+03 3.185000000000000000e+03
6.718000000000000000e+03 3.159000000000000000e+03
6.680000000000000000e+03 3.190000000000000000e+03
6.661000000000000000e+03 3.043000000000000000e+03
6.661000000000000000e+03 2.999000000000000000e+03
6.602000000000000000e+03 3.017000000000000000e+03
7.395000000000000000e+03 2.690000000000000000e+03
7.397000000000000000e+03 2.573000000000000000e+03
7.308000000000000000e+03 2.773000000000000000e+03
7.378000000000000000e+03 2.712000000000000000e+03
7.285000000000000000e+03 2.688000000000000000e+03
7.426000000000000000e+03 2.542000000000000000e+03
7.452000000000000000e+03 2.628000000000000000e+03
7.211000000000000000e+03 2.659000000000000000e+03
7.383000000000000000e+03 2.326000000000000000e+03
7.332000000000000000e+03 2.678000000000000000e+03
7.313000000000000000e+03 2.577000000000000000e+03
7.414000000000000000e+03 2.714000000000000000e+03
7.348000000000000000e+03 2.626000000000000000e+03
7.371000000000000000e+03 2.442000000000000000e+03
7.371000000000000000e+03 2.522000000000000000e+03
7.384000000000000000e+03 2.370000000000000000e+03
7.369000000000000000e+03 3.367000000000000000e+03
7.313000000000000000e+03 3.397000000000000000e+03
7.378000000000000000e+03 3.334000000000000000e+03
7.348000000000000000e+03 3.265000000000000000e+03
7.299000000000000000e+03 3.493000000000000000e+03
7.337000000000000000e+03 3.448000000000000000e+03
7.348000000000000000e+03 3.414000000000000000e+03
7.387000000000000000e+03 3.595000000000000000e+03
7.388000000000000000e+03 3.383000000000000000e+03
7.339000000000000000e+03 3.515000000000000000e+03
7.395000000000000000e+03 3.360000000000000000e+03
7.336000000000000000e+03 3.586000000000000000e+03
7.373000000000000000e+03 3.540000000000000000e+03
7.290000000000000000e+03 3.746000000000000000e+03
7.394000000000000000e+03 3.589000000000000000e+03
7.399000000000000000e+03 3.806000000000000000e+03
7.391000000000000000e+03 3.799000000000000000e+03
7.420000000000000000e+03 3.784000000000000000e+03
7.401000000000000000e+03 3.650000000000000000e+03
7.451000000000000000e+03 3.742000000000000000e+03
7.416000000000000000e+03 4.136000000000000000e+03
7.433000000000000000e+03 4.136000000000000000e+03
7.409000000000000000e+03 3.823000000000000000e+03
7.399000000000000000e+03 4.244000000000000000e+03
7.402000000000000000e+03 3.729000000000000000e+03
7.425000000000000000e+03 4.329000000000000000e+03
7.373000000000000000e+03 3.846000000000000000e+03
7.292000000000000000e+03 3.479000000000000000e+03
7.459000000000000000e+03 3.471000000000000000e+03
7.411000000000000000e+03 3.325000000000000000e+03
7.395000000000000000e+03 3.343000000000000000e+03
1.855000000000000000e+03 6.823000000000000000e+03
2.034000000000000000e+03 6.875000000000000000e+03
1.992000000000000000e+03 6.888000000000000000e+03
2.033000000000000000e+03 6.985000000000000000e+03
2.146000000000000000e+03 7.010000000000000000e+03
2.072000000000000000e+03 6.855000000000000000e+03
2.003000000000000000e+03 6.776000000000000000e+03
1.585000000000000000e+03 6.896000000000000000e+03
1.630000000000000000e+03 6.916000000000000000e+03
1.842000000000000000e+03 7.033000000000000000e+03
1.857000000000000000e+03 6.984000000000000000e+03
1.775000000000000000e+03 7.091000000000000000e+03
1.694000000000000000e+03 6.925000000000000000e+03
1.610000000000000000e+03 6.943000000000000000e+03
1.646000000000000000e+03 6.965000000000000000e+03
3.215000000000000000e+03 4.825000000000000000e+03
3.814000000000000000e+03 4.972000000000000000e+03
2.780000000000000000e+03 5.455000000000000000e+03
2.499000000000000000e+03 6.575000000000000000e+03
1.733000000000000000e+03 6.857000000000000000e+03
2.104000000000000000e+03 6.694000000000000000e+03
4.860000000000000000e+03 4.281000000000000000e+03
5.200000000000000000e+03 4.257000000000000000e+03
1.152000000000000000e+03 5.606000000000000000e+03
1.214000000000000000e+03 5.738000000000000000e+03
1.169000000000000000e+03 6.673000000000000000e+03
1.380000000000000000e+03 6.795000000000000000e+03
2.401000000000000000e+03 5.718000000000000000e+03
2.726000000000000000e+03 5.622000000000000000e+03
2.803000000000000000e+03 5.277000000000000000e+03
2.826000000000000000e+03 6.007000000000000000e+03
1.965000000000000000e+03 4.002000000000000000e+03
1.846000000000000000e+03 4.099000000000000000e+03
1.921000000000000000e+03 3.909000000000000000e+03
1.629000000000000000e+03 3.975000000000000000e+03
1.849000000000000000e+03 3.914000000000000000e+03
1.706000000000000000e+03 3.570000000000000000e+03
1.501000000000000000e+03 4.011000000000000000e+03
1.628000000000000000e+03 3.928000000000000000e+03
2.719000000000000000e+03 6.870000000000000000e+03
2.589000000000000000e+03 6.942000000000000000e+03
2.159000000000000000e+03 4.194000000000000000e+03
2.724000000000000000e+03 6.159000000000000000e+03
2.293000000000000000e+03 6.889000000000000000e+03
2.373000000000000000e+03 6.841000000000000000e+03
2.488000000000000000e+03 6.920000000000000000e+03
2.481000000000000000e+03 6.924000000000000000e+03
2.702000000000000000e+03 4.273000000000000000e+03
4.290000000000000000e+03 5.392000000000000000e+03
2.874000000000000000e+03 4.356000000000000000e+03
2.784000000000000000e+03 4.639000000000000000e+03
4.828000000000000000e+03 3.995000000000000000e+03
4.743000000000000000e+03 6.709000000000000000e+03
4.053000000000000000e+03 6.581000000000000000e+03
4.756000000000000000e+03 5.300000000000000000e+03
4.043000000000000000e+03 6.510000000000000000e+03
4.335000000000000000e+03 6.668000000000000000e+03
4.180000000000000000e+03 6.572000000000000000e+03
4.483000000000000000e+03 6.720000000000000000e+03
4.318000000000000000e+03 6.632000000000000000e+03
4.541000000000000000e+03 4.476000000000000000e+03
4.662000000000000000e+03 6.455000000000000000e+03
4.520000000000000000e+03 6.742000000000000000e+03
5.952000000000000000e+03 3.000000000000000000e+02
8.670000000000000000e+02 0.000000000000000000e+00
5.342000000000000000e+03 1.630000000000000000e+03
3.968000000000000000e+03 0.000000000000000000e+00
3.597000000000000000e+03 4.600000000000000000e+03
1.810000000000000000e+02 4.380000000000000000e+03
4.580000000000000000e+02 1.640000000000000000e+03
7.442000000000000000e+03 0.000000000000000000e+00
-1.200000000000000000e+01 0.000000000000000000e+00
-4.000000000000000000e+00 0.000000000000000000e+00
