6.559000000000000000e+03 6.953000000000000000e+03
6.401000000000000000e+03 6.948000000000000000e+03
6.483000000000000000e+03 6.933000000000000000e+03
6.741000000000000000e+03 6.952000000000000000e+03
6.612000000000000000e+03 6.900000000000000000e+03
6.645000000000000000e+03 7.061000000000000000e+03
6.689000000000000000e+03 7.044000000000000000e+03
6.257000000000000000e+03 7.242000000000000000e+03
6.414000000000000000e+03 7.291000000000000000e+03
6.572000000000000000e+03 7.326000000000000000e+03
4.424000000000000000e+03 6.826000000000000000e+03
6.714000000000000000e+03 7.281000000000000000e+03
6.762000000000000000e+03 7.343000000000000000e+03
6.664000000000000000e+03 7.250000000000000000e+03
6.715000000000000000e+03 7.256000000000000000e+03
6.406000000000000000e+03 7.350000000000000000e+03
6.325000000000000000e+03 7.384000000000000000e+03
6.236000000000000000e+03 7.335000000000000000e+03
6.191000000000000000e+03 6.915000000000000000e+03
5.990000000000000000e+03 7.310000000000000000e+03
6.115000000000000000e+03 7.319000000000000000e+03
5.889000000000000000e+03 7.313000000000000000e+03
5.837000000000000000e+03 7.255000000000000000e+03
6.245000000000000000e+03 6.887000000000000000e+03
6.306000000000000000e+03 7.191000000000000000e+03
6.070000000000000000e+03 7.221000000000000000e+03
5.967000000000000000e+03 6.463000000000000000e+03
6.511000000000000000e+03 6.832000000000000000e+03
6.455000000000000000e+03 7.155000000000000000e+03
6.554000000000000000e+03 7.178000000000000000e+03
6.580000000000000000e+03 7.121000000000000000e+03
6.494000000000000000e+03 5.821000000000000000e+03
6.588000000000000000e+03 5.786000000000000000e+03
6.595000000000000000e+03 5.857000000000000000e+03
6.556000000000000000e+03 5.950000000000000000e+03
6.564000000000000000e+03 6.092000000000000000e+03
6.685000000000000000e+03 6.142000000000000000e+03
6.684000000000000000e+03 6.069000000000000000e+03
6.559000000000000000e+03 6.268000000000000000e+03
6.517000000000000000e+03 6.254000000000000000e+03
6.090000000000000000e+03 6.093000000000000000e+03
5.547000000000000000e+03 5.958000000000000000e+03
6.744000000000000000e+03 6.201000000000000000e+03
6.233000000000000000e+03 6.059000000000000000e+03
6.804000000000000000e+03 6.287000000000000000e+03
6.783000000000000000e+03 6.309000000000000000e+03
6.833000000000000000e+03 6.061000000000000000e+03
6.625000000000000000e+03 5.782000000000000000e+03
6.630000000000000000e+03 5.806000000000000000e+03
6.545000000000000000e+03 5.789000000000000000e+03
7.030000000000000000e+03 6.026000000000000000e+03
7.117000000000000000e+03 5.958000000000000000e+03
7.018000000000000000e+03 5.878000000000000000e+03
6.974000000000000000e+03 5.898000000000000000e+03
6.955000000000000000e+03 6.014000000000000000e+03
6.975000000000000000e+03 6.093000000000000000e+03
6.900000000000000000e+03 6.083000000000000000e+03
6.841000000000000000e+03 6.112000000000000000e+03
6.790000000000000000e+03 5.901000000000000000e+03
6.708000000000000000e+03 5.869000000000000000e+03
6.825000000000000000e+03 6.050000000000000000e+03
6.788000000000000000e+03 5.962000000000000000e+03
6.771000000000000000e+03 7.456000000000000000e+03
6.681000000000000000e+03 7.453000000000000000e+03
6.620000000000000000e+03 7.453000000000000000e+03
5.519000000000000000e+03 7.250000000000000000e+03
4.563000000000000000e+03 6.975000000000000000e+03
6.705000000000000000e+03 7.471000000000000000e+03
6.108000000000000000e+03 7.473000000000000000e+03
4.742000000000000000e+03 7.237000000000000000e+03
6.121000000000000000e+03 6.626000000000000000e+03
5.990000000000000000e+03 6.196000000000000000e+03
5.496000000000000000e+03 6.957000000000000000e+03
4.433000000000000000e+03 7.279000000000000000e+03
5.223000000000000000e+03 7.132000000000000000e+03
4.400000000000000000e+03 7.427000000000000000e+03
4.458000000000000000e+03 7.410000000000000000e+03
7.398000000000000000e+03 7.116000000000000000e+03
7.267000000000000000e+03 7.050000000000000000e+03
5.050000000000000000e+03 7.347000000000000000e+03
4.915000000000000000e+03 7.244000000000000000e+03
4.632000000000000000e+03 7.413000000000000000e+03
4.682000000000000000e+03 7.379000000000000000e+03
4.915000000000000000e+03 7.342000000000000000e+03
4.868000000000000000e+03 7.374000000000000000e+03
4.140000000000000000e+03 7.273000000000000000e+03
4.143000000000000000e+03 7.350000000000000000e+03
4.270000000000000000e+03 7.438000000000000000e+03
4.214000000000000000e+03 7.344000000000000000e+03
6.501000000000000000e+03 7.376000000000000000e+03
7.350000000000000000e+03 7.434000000000000000e+03
5.038000000000000000e+03 7.252000000000000000e+03
4.769000000000000000e+03 7.232000000000000000e+03
3.082000000000000000e+03 7.264000000000000000e+03
2.576000000000000000e+03 6.966000000000000000e+03
3.196000000000000000e+03 7.325000000000000000e+03
2.921000000000000000e+03 7.318000000000000000e+03
1.786000000000000000e+03 5.824000000000000000e+03
2.714000000000000000e+03 6.760000000000000000e+03
3.153000000000000000e+03 7.362000000000000000e+03
3.091000000000000000e+03 7.329000000000000000e+03
3.461000000000000000e+03 7.451000000000000000e+03
3.392000000000000000e+03 7.373000000000000000e+03
5.111000000000000000e+03 7.005000000000000000e+03
3.334000000000000000e+03 7.393000000000000000e+03
5.289000000000000000e+03 6.985000000000000000e+03
3.238000000000000000e+03 7.250000000000000000e+03
3.442000000000000000e+03 7.297000000000000000e+03
3.567000000000000000e+03 7.328000000000000000e+03
6.164000000000000000e+03 7.428000000000000000e+03
5.959000000000000000e+03 7.428000000000000000e+03
5.784000000000000000e+03 7.368000000000000000e+03
5.853000000000000000e+03 7.425000000000000000e+03
4.256000000000000000e+03 7.275000000000000000e+03
4.149000000000000000e+03 7.280000000000000000e+03
4.960000000000000000e+03 7.380000000000000000e+03
5.258000000000000000e+03 7.361000000000000000e+03
5.584000000000000000e+03 7.336000000000000000e+03
5.322000000000000000e+03 7.358000000000000000e+03
5.345000000000000000e+03 7.372000000000000000e+03
5.487000000000000000e+03 7.453000000000000000e+03
4.982000000000000000e+03 7.477000000000000000e+03
5.046000000000000000e+03 7.430000000000000000e+03
5.695000000000000000e+03 7.463000000000000000e+03
5.248000000000000000e+03 7.320000000000000000e+03
3.211000000000000000e+03 7.058000000000000000e+03
3.158000000000000000e+03 7.140000000000000000e+03
3.267000000000000000e+03 7.200000000000000000e+03
6.537000000000000000e+03 6.696000000000000000e+03
6.473000000000000000e+03 6.654000000000000000e+03
6.248000000000000000e+03 6.687000000000000000e+03
5.782000000000000000e+03 6.743000000000000000e+03
3.889000000000000000e+03 7.248000000000000000e+03
3.875000000000000000e+03 7.288000000000000000e+03
2.835000000000000000e+03 7.266000000000000000e+03
3.744000000000000000e+03 7.228000000000000000e+03
3.965000000000000000e+03 7.284000000000000000e+03
3.054000000000000000e+03 7.355000000000000000e+03
3.925000000000000000e+03 7.333000000000000000e+03
4.030000000000000000e+03 7.357000000000000000e+03
6.744000000000000000e+03 6.495000000000000000e+03
6.719000000000000000e+03 6.495000000000000000e+03
6.672000000000000000e+03 6.516000000000000000e+03
6.696000000000000000e+03 6.577000000000000000e+03
6.622000000000000000e+03 6.375000000000000000e+03
6.549000000000000000e+03 6.436000000000000000e+03
6.606000000000000000e+03 6.530000000000000000e+03
6.535000000000000000e+03 6.492000000000000000e+03
6.581000000000000000e+03 6.755000000000000000e+03
6.539000000000000000e+03 6.715000000000000000e+03
5.834000000000000000e+03 6.646000000000000000e+03
6.296000000000000000e+03 5.082000000000000000e+03
6.692000000000000000e+03 6.689000000000000000e+03
6.642000000000000000e+03 6.775000000000000000e+03
6.710000000000000000e+03 6.638000000000000000e+03
6.700000000000000000e+03 6.789000000000000000e+03
2.258000000000000000e+03 7.466000000000000000e+03
2.497000000000000000e+03 6.369000000000000000e+03
2.429000000000000000e+03 7.467000000000000000e+03
2.612000000000000000e+03 7.430000000000000000e+03
2.925000000000000000e+03 7.391000000000000000e+03
2.809000000000000000e+03 7.428000000000000000e+03
2.648000000000000000e+03 7.422000000000000000e+03
1.767000000000000000e+03 7.469000000000000000e+03
1.758000000000000000e+03 7.462000000000000000e+03
2.147000000000000000e+03 7.471000000000000000e+03
1.793000000000000000e+03 7.467000000000000000e+03
2.046000000000000000e+03 7.454000000000000000e+03
1.893000000000000000e+03 7.455000000000000000e+03
1.766000000000000000e+03 7.462000000000000000e+03
1.862000000000000000e+03 7.462000000000000000e+03
1.023000000000000000e+03 7.472000000000000000e+03
1.035000000000000000e+03 7.470000000000000000e+03
6.060000000000000000e+02 7.474000000000000000e+03
7.480000000000000000e+02 7.473000000000000000e+03
8.220000000000000000e+02 7.467000000000000000e+03
8.470000000000000000e+02 7.466000000000000000e+03
6.020000000000000000e+02 7.469000000000000000e+03
1.236000000000000000e+03 7.027000000000000000e+03
3.039000000000000000e+03 7.294000000000000000e+03
3.665000000000000000e+03 7.413000000000000000e+03
3.041000000000000000e+03 7.262000000000000000e+03
2.793000000000000000e+03 7.198000000000000000e+03
3.764000000000000000e+03 7.427000000000000000e+03
3.804000000000000000e+03 7.450000000000000000e+03
3.935000000000000000e+03 7.458000000000000000e+03
4.042000000000000000e+03 7.451000000000000000e+03
6.619000000000000000e+03 3.480000000000000000e+03
5.342000000000000000e+03 4.036000000000000000e+03
5.881000000000000000e+03 4.025000000000000000e+03
7.016000000000000000e+03 3.144000000000000000e+03
7.089000000000000000e+03 2.881000000000000000e+03
7.070000000000000000e+03 3.091000000000000000e+03
6.994000000000000000e+03 3.332000000000000000e+03
4.059000000000000000e+03 4.898000000000000000e+03
5.145000000000000000e+03 2.834000000000000000e+03
4.120000000000000000e+03 4.381000000000000000e+03
3.900000000000000000e+03 4.133000000000000000e+03
4.730000000000000000e+03 6.924000000000000000e+03
4.778000000000000000e+03 4.823000000000000000e+03
4.462000000000000000e+03 7.239000000000000000e+03
4.570000000000000000e+03 7.149000000000000000e+03
5.502000000000000000e+03 4.200000000000000000e+03
5.436000000000000000e+03 4.388000000000000000e+03
5.629000000000000000e+03 4.218000000000000000e+03
5.648000000000000000e+03 4.214000000000000000e+03
5.224000000000000000e+03 4.255000000000000000e+03
5.153000000000000000e+03 4.323000000000000000e+03
5.289000000000000000e+03 4.221000000000000000e+03
5.372000000000000000e+03 4.220000000000000000e+03
5.483000000000000000e+03 4.364000000000000000e+03
5.540000000000000000e+03 4.346000000000000000e+03
5.516000000000000000e+03 4.529000000000000000e+03
5.625000000000000000e+03 4.333000000000000000e+03
5.407000000000000000e+03 4.372000000000000000e+03
5.350000000000000000e+03 4.370000000000000000e+03
4.998000000000000000e+03 4.383000000000000000e+03
5.224000000000000000e+03 4.349000000000000000e+03
5.478000000000000000e+03 3.417000000000000000e+03
5.207000000000000000e+03 3.438000000000000000e+03
5.686000000000000000e+03 3.541000000000000000e+03
5.086000000000000000e+03 3.732000000000000000e+03
5.204000000000000000e+03 4.250000000000000000e+03
5.641000000000000000e+03 4.065000000000000000e+03
5.163000000000000000e+03 2.560000000000000000e+03
5.143000000000000000e+03 3.510000000000000000e+03
7.035000000000000000e+03 3.391000000000000000e+03
7.142000000000000000e+03 3.315000000000000000e+03
5.075000000000000000e+03 3.091000000000000000e+03
4.475000000000000000e+03 3.632000000000000000e+03
5.487000000000000000e+03 3.738000000000000000e+03
7.166000000000000000e+03 3.338000000000000000e+03
7.058000000000000000e+03 3.546000000000000000e+03
7.060000000000000000e+03 3.522000000000000000e+03
5.604000000000000000e+03 4.204000000000000000e+03
5.328000000000000000e+03 4.109000000000000000e+03
6.143000000000000000e+03 2.223000000000000000e+03
5.865000000000000000e+03 3.936000000000000000e+03
4.854000000000000000e+03 6.914000000000000000e+03
4.679000000000000000e+03 7.231000000000000000e+03
4.468000000000000000e+03 5.366000000000000000e+03
3.845000000000000000e+03 4.088000000000000000e+03
3.409000000000000000e+03 4.292000000000000000e+03
3.623000000000000000e+03 4.218000000000000000e+03
3.252000000000000000e+03 4.328000000000000000e+03
3.504000000000000000e+03 4.303000000000000000e+03
3.393000000000000000e+03 4.132000000000000000e+03
3.441000000000000000e+03 4.173000000000000000e+03
3.298000000000000000e+03 4.180000000000000000e+03
3.252000000000000000e+03 4.148000000000000000e+03
1.848000000000000000e+03 5.882000000000000000e+03
2.033000000000000000e+03 6.024000000000000000e+03
2.341000000000000000e+03 6.007000000000000000e+03
1.758000000000000000e+03 6.038000000000000000e+03
1.923000000000000000e+03 5.988000000000000000e+03
2.183000000000000000e+03 5.984000000000000000e+03
2.161000000000000000e+03 6.020000000000000000e+03
1.492000000000000000e+03 6.230000000000000000e+03
8.380000000000000000e+02 6.338000000000000000e+03
2.397000000000000000e+03 6.079000000000000000e+03
1.278000000000000000e+03 6.306000000000000000e+03
2.475000000000000000e+03 5.716000000000000000e+03
2.305000000000000000e+03 6.049000000000000000e+03
2.254000000000000000e+03 6.052000000000000000e+03
2.109000000000000000e+03 6.081000000000000000e+03
3.032000000000000000e+03 7.048000000000000000e+03
3.232000000000000000e+03 6.878000000000000000e+03
2.146000000000000000e+03 6.603000000000000000e+03
3.160000000000000000e+03 6.145000000000000000e+03
2.016000000000000000e+03 6.103000000000000000e+03
2.075000000000000000e+03 6.320000000000000000e+03
1.737000000000000000e+03 6.044000000000000000e+03
1.724000000000000000e+03 6.062000000000000000e+03
5.399000000000000000e+03 4.644000000000000000e+03
5.264000000000000000e+03 4.559000000000000000e+03
6.221000000000000000e+03 4.846000000000000000e+03
5.607000000000000000e+03 4.994000000000000000e+03
6.126000000000000000e+03 7.011000000000000000e+03
6.417000000000000000e+03 6.246000000000000000e+03
5.202000000000000000e+03 7.200000000000000000e+03
5.420000000000000000e+03 7.187000000000000000e+03
6.072000000000000000e+03 4.511000000000000000e+03
6.175000000000000000e+03 4.342000000000000000e+03
6.104000000000000000e+03 4.283000000000000000e+03
6.022000000000000000e+03 4.292000000000000000e+03
6.006000000000000000e+03 4.340000000000000000e+03
5.958000000000000000e+03 4.420000000000000000e+03
6.057000000000000000e+03 4.513000000000000000e+03
6.172000000000000000e+03 4.639000000000000000e+03
6.139000000000000000e+03 4.655000000000000000e+03
6.229000000000000000e+03 4.549000000000000000e+03
6.232000000000000000e+03 4.596000000000000000e+03
6.259000000000000000e+03 5.552000000000000000e+03
6.440000000000000000e+03 5.178000000000000000e+03
6.493000000000000000e+03 5.030000000000000000e+03
6.378000000000000000e+03 4.718000000000000000e+03
5.366000000000000000e+03 4.556000000000000000e+03
5.373000000000000000e+03 4.588000000000000000e+03
5.148000000000000000e+03 4.552000000000000000e+03
5.110000000000000000e+03 4.539000000000000000e+03
4.878000000000000000e+03 4.583000000000000000e+03
4.717000000000000000e+03 4.582000000000000000e+03
4.997000000000000000e+03 4.547000000000000000e+03
4.928000000000000000e+03 4.630000000000000000e+03
5.980000000000000000e+03 4.588000000000000000e+03
5.840000000000000000e+03 4.470000000000000000e+03
6.290000000000000000e+03 4.733000000000000000e+03
5.970000000000000000e+03 4.643000000000000000e+03
5.731000000000000000e+03 4.549000000000000000e+03
5.743000000000000000e+03 4.617000000000000000e+03
5.901000000000000000e+03 4.489000000000000000e+03
5.839000000000000000e+03 4.560000000000000000e+03
3.241000000000000000e+03 4.931000000000000000e+03
5.031000000000000000e+03 4.343000000000000000e+03
4.733000000000000000e+03 4.611000000000000000e+03
5.160000000000000000e+03 5.906000000000000000e+03
5.122000000000000000e+03 5.152000000000000000e+03
4.936000000000000000e+03 4.402000000000000000e+03
4.943000000000000000e+03 4.405000000000000000e+03
5.372000000000000000e+03 5.274000000000000000e+03
6.058000000000000000e+03 5.792000000000000000e+03
4.953000000000000000e+03 4.235000000000000000e+03
4.998000000000000000e+03 4.292000000000000000e+03
4.801000000000000000e+03 4.368000000000000000e+03
4.782000000000000000e+03 4.546000000000000000e+03
4.863000000000000000e+03 4.212000000000000000e+03
4.839000000000000000e+03 4.243000000000000000e+03
3.843000000000000000e+03 4.404000000000000000e+03
4.682000000000000000e+03 4.315000000000000000e+03
3.476000000000000000e+03 4.622000000000000000e+03
4.372000000000000000e+03 4.426000000000000000e+03
4.347000000000000000e+03 4.227000000000000000e+03
4.660000000000000000e+03 4.202000000000000000e+03
4.643000000000000000e+03 4.216000000000000000e+03
4.600000000000000000e+03 4.349000000000000000e+03
1.924000000000000000e+03 6.125000000000000000e+03
2.075000000000000000e+03 6.196000000000000000e+03
3.237000000000000000e+03 4.637000000000000000e+03
1.998000000000000000e+03 5.962000000000000000e+03
2.310000000000000000e+03 6.222000000000000000e+03
2.359000000000000000e+03 6.233000000000000000e+03
2.697000000000000000e+03 5.583000000000000000e+03
2.152000000000000000e+03 6.278000000000000000e+03
3.832000000000000000e+03 4.800000000000000000e+03
3.156000000000000000e+03 4.830000000000000000e+03
6.012000000000000000e+03 5.002000000000000000e+03
3.751000000000000000e+03 4.852000000000000000e+03
3.438000000000000000e+03 4.914000000000000000e+03
2.820000000000000000e+03 5.335000000000000000e+03
3.262000000000000000e+03 4.924000000000000000e+03
4.135000000000000000e+03 4.462000000000000000e+03
4.384000000000000000e+03 4.379000000000000000e+03
4.367000000000000000e+03 4.481000000000000000e+03
4.413000000000000000e+03 4.596000000000000000e+03
4.322000000000000000e+03 4.374000000000000000e+03
4.079000000000000000e+03 4.340000000000000000e+03
4.140000000000000000e+03 4.284000000000000000e+03
4.128000000000000000e+03 4.612000000000000000e+03
4.126000000000000000e+03 4.383000000000000000e+03
4.317000000000000000e+03 4.224000000000000000e+03
4.271000000000000000e+03 4.276000000000000000e+03
4.290000000000000000e+03 4.452000000000000000e+03
4.305000000000000000e+03 4.633000000000000000e+03
4.325000000000000000e+03 4.270000000000000000e+03
4.420000000000000000e+03 4.316000000000000000e+03
4.482000000000000000e+03 4.342000000000000000e+03
4.563000000000000000e+03 4.413000000000000000e+03
4.539000000000000000e+03 4.514000000000000000e+03
4.452000000000000000e+03 4.736000000000000000e+03
4.546000000000000000e+03 4.531000000000000000e+03
4.589000000000000000e+03 4.514000000000000000e+03
4.466000000000000000e+03 4.530000000000000000e+03
4.518000000000000000e+03 4.588000000000000000e+03
4.264000000000000000e+03 4.551000000000000000e+03
4.263000000000000000e+03 4.599000000000000000e+03
4.469000000000000000e+03 5.193000000000000000e+03
3.853000000000000000e+03 4.383000000000000000e+03
4.995000000000000000e+03 4.452000000000000000e+03
6.776000000000000000e+03 5.502000000000000000e+03
6.655000000000000000e+03 5.487000000000000000e+03
4.409000000000000000e+03 5.363000000000000000e+03
4.598000000000000000e+03 5.261000000000000000e+03
5.477000000000000000e+03 5.381000000000000000e+03
4.313000000000000000e+03 5.323000000000000000e+03
6.888000000000000000e+03 5.489000000000000000e+03
6.984000000000000000e+03 5.458000000000000000e+03
7.140000000000000000e+03 5.348000000000000000e+03
7.027000000000000000e+03 5.368000000000000000e+03
7.058000000000000000e+03 5.406000000000000000e+03
7.136000000000000000e+03 5.340000000000000000e+03
7.389000000000000000e+03 5.415000000000000000e+03
7.341000000000000000e+03 5.424000000000000000e+03
7.372000000000000000e+03 5.308000000000000000e+03
7.437000000000000000e+03 5.339000000000000000e+03
7.295000000000000000e+03 5.458000000000000000e+03
7.174000000000000000e+03 5.455000000000000000e+03
6.208000000000000000e+03 5.008000000000000000e+03
7.026000000000000000e+03 5.459000000000000000e+03
3.956000000000000000e+03 4.217000000000000000e+03
3.974000000000000000e+03 4.197000000000000000e+03
3.666000000000000000e+03 4.260000000000000000e+03
3.962000000000000000e+03 4.144000000000000000e+03
5.325000000000000000e+03 4.520000000000000000e+03
5.782000000000000000e+03 4.418000000000000000e+03
3.777000000000000000e+03 4.322000000000000000e+03
4.038000000000000000e+03 4.312000000000000000e+03
6.748000000000000000e+03 5.450000000000000000e+03
6.738000000000000000e+03 5.608000000000000000e+03
4.170000000000000000e+03 5.491000000000000000e+03
6.360000000000000000e+03 4.878000000000000000e+03
6.135000000000000000e+03 4.369000000000000000e+03
6.839000000000000000e+03 5.570000000000000000e+03
6.422000000000000000e+03 4.687000000000000000e+03
7.193000000000000000e+03 5.687000000000000000e+03
6.957000000000000000e+03 5.726000000000000000e+03
7.051000000000000000e+03 5.725000000000000000e+03
7.042000000000000000e+03 5.686000000000000000e+03
2.990000000000000000e+03 5.563000000000000000e+03
6.398000000000000000e+03 5.477000000000000000e+03
6.952000000000000000e+03 5.667000000000000000e+03
6.894000000000000000e+03 5.665000000000000000e+03
7.387000000000000000e+03 5.593000000000000000e+03
7.334000000000000000e+03 5.618000000000000000e+03
7.239000000000000000e+03 5.577000000000000000e+03
7.205000000000000000e+03 5.591000000000000000e+03
7.018000000000000000e+03 5.592000000000000000e+03
6.573000000000000000e+03 4.923000000000000000e+03
6.454000000000000000e+03 4.673000000000000000e+03
7.099000000000000000e+03 5.559000000000000000e+03
4.167000000000000000e+03 4.386000000000000000e+03
3.012000000000000000e+03 4.114000000000000000e+03
2.920000000000000000e+03 4.129000000000000000e+03
2.825000000000000000e+03 4.244000000000000000e+03
3.742000000000000000e+03 4.136000000000000000e+03
2.879000000000000000e+03 4.279000000000000000e+03
3.928000000000000000e+03 4.086000000000000000e+03
3.069000000000000000e+03 4.142000000000000000e+03
6.419000000000000000e+03 4.830000000000000000e+03
6.625000000000000000e+03 5.168000000000000000e+03
6.593000000000000000e+03 5.239000000000000000e+03
7.022000000000000000e+03 5.143000000000000000e+03
6.396000000000000000e+03 5.177000000000000000e+03
6.661000000000000000e+03 4.995000000000000000e+03
6.246000000000000000e+03 5.089000000000000000e+03
6.942000000000000000e+03 5.047000000000000000e+03
7.037000000000000000e+03 5.027000000000000000e+03
7.061000000000000000e+03 5.040000000000000000e+03
7.155000000000000000e+03 5.009000000000000000e+03
6.713000000000000000e+03 5.078000000000000000e+03
6.802000000000000000e+03 5.127000000000000000e+03
6.760000000000000000e+03 5.058000000000000000e+03
6.938000000000000000e+03 5.079000000000000000e+03
7.038000000000000000e+03 5.052000000000000000e+03
7.192000000000000000e+03 5.093000000000000000e+03
6.703000000000000000e+03 5.516000000000000000e+03
7.264000000000000000e+03 5.045000000000000000e+03
7.366000000000000000e+03 4.980000000000000000e+03
7.288000000000000000e+03 5.007000000000000000e+03
7.421000000000000000e+03 5.051000000000000000e+03
7.395000000000000000e+03 5.082000000000000000e+03
7.389000000000000000e+03 5.178000000000000000e+03
7.319000000000000000e+03 5.164000000000000000e+03
7.251000000000000000e+03 5.176000000000000000e+03
7.246000000000000000e+03 5.259000000000000000e+03
6.945000000000000000e+03 5.290000000000000000e+03
6.825000000000000000e+03 5.342000000000000000e+03
7.138000000000000000e+03 5.248000000000000000e+03
7.010000000000000000e+03 5.286000000000000000e+03
6.587000000000000000e+03 4.910000000000000000e+03
6.652000000000000000e+03 4.960000000000000000e+03
6.703000000000000000e+03 4.977000000000000000e+03
6.828000000000000000e+03 4.958000000000000000e+03
6.920000000000000000e+03 4.971000000000000000e+03
6.886000000000000000e+03 4.918000000000000000e+03
6.985000000000000000e+03 4.910000000000000000e+03
7.087000000000000000e+03 4.944000000000000000e+03
7.020000000000000000e+03 4.825000000000000000e+03
6.847000000000000000e+03 4.874000000000000000e+03
6.804000000000000000e+03 4.803000000000000000e+03
6.910000000000000000e+03 4.818000000000000000e+03
7.232000000000000000e+03 4.857000000000000000e+03
7.217000000000000000e+03 4.878000000000000000e+03
7.114000000000000000e+03 4.817000000000000000e+03
7.108000000000000000e+03 4.826000000000000000e+03
7.021000000000000000e+03 5.186000000000000000e+03
7.077000000000000000e+03 5.181000000000000000e+03
6.863000000000000000e+03 5.192000000000000000e+03
6.868000000000000000e+03 5.233000000000000000e+03
6.762000000000000000e+03 5.278000000000000000e+03
6.698000000000000000e+03 5.270000000000000000e+03
6.622000000000000000e+03 5.321000000000000000e+03
6.562000000000000000e+03 5.299000000000000000e+03
6.695000000000000000e+03 5.333000000000000000e+03
6.773000000000000000e+03 5.385000000000000000e+03
6.624000000000000000e+03 5.372000000000000000e+03
6.621000000000000000e+03 5.353000000000000000e+03
6.826000000000000000e+03 4.834000000000000000e+03
6.700000000000000000e+03 4.788000000000000000e+03
6.687000000000000000e+03 4.830000000000000000e+03
6.614000000000000000e+03 4.848000000000000000e+03
6.059000000000000000e+03 1.807000000000000000e+03
1.502000000000000000e+03 2.173000000000000000e+03
2.094000000000000000e+03 2.101000000000000000e+03
6.201000000000000000e+03 2.054000000000000000e+03
6.233000000000000000e+03 2.007000000000000000e+03
6.106000000000000000e+03 2.082000000000000000e+03
6.160000000000000000e+03 2.104000000000000000e+03
5.921000000000000000e+03 2.066000000000000000e+03
5.945000000000000000e+03 2.006000000000000000e+03
6.090000000000000000e+03 2.021000000000000000e+03
6.048000000000000000e+03 1.996000000000000000e+03
6.074000000000000000e+03 1.909000000000000000e+03
5.996000000000000000e+03 1.929000000000000000e+03
5.974000000000000000e+03 1.894000000000000000e+03
5.914000000000000000e+03 1.893000000000000000e+03
2.543000000000000000e+03 2.170000000000000000e+03
2.805000000000000000e+03 2.144000000000000000e+03
3.087000000000000000e+03 2.124000000000000000e+03
2.525000000000000000e+03 2.223000000000000000e+03
2.313000000000000000e+03 2.151000000000000000e+03
2.388000000000000000e+03 2.254000000000000000e+03
2.525000000000000000e+03 2.282000000000000000e+03
2.405000000000000000e+03 2.166000000000000000e+03
1.610000000000000000e+03 2.219000000000000000e+03
1.483000000000000000e+03 2.217000000000000000e+03
1.562000000000000000e+03 2.155000000000000000e+03
1.748000000000000000e+03 2.186000000000000000e+03
1.764000000000000000e+03 2.154000000000000000e+03
1.927000000000000000e+03 1.969000000000000000e+03
1.990000000000000000e+03 2.136000000000000000e+03
1.977000000000000000e+03 2.167000000000000000e+03
5.929000000000000000e+03 1.451000000000000000e+03
5.709000000000000000e+03 1.481000000000000000e+03
5.625000000000000000e+03 1.442000000000000000e+03
6.031000000000000000e+03 1.467000000000000000e+03
6.143000000000000000e+03 1.608000000000000000e+03
5.893000000000000000e+03 1.435000000000000000e+03
5.936000000000000000e+03 1.431000000000000000e+03
6.016000000000000000e+03 1.596000000000000000e+03
5.880000000000000000e+03 1.658000000000000000e+03
5.947000000000000000e+03 1.614000000000000000e+03
6.113000000000000000e+03 1.628000000000000000e+03
5.824000000000000000e+03 1.537000000000000000e+03
5.743000000000000000e+03 1.532000000000000000e+03
5.594000000000000000e+03 1.383000000000000000e+03
5.625000000000000000e+03 1.356000000000000000e+03
5.956000000000000000e+03 1.611000000000000000e+03
6.001000000000000000e+03 1.756000000000000000e+03
6.140000000000000000e+03 1.742000000000000000e+03
6.193000000000000000e+03 1.752000000000000000e+03
5.923000000000000000e+03 1.864000000000000000e+03
5.801000000000000000e+03 1.862000000000000000e+03
5.891000000000000000e+03 1.746000000000000000e+03
5.874000000000000000e+03 1.747000000000000000e+03
6.125000000000000000e+03 1.384000000000000000e+03
6.139000000000000000e+03 1.350000000000000000e+03
6.178000000000000000e+03 1.435000000000000000e+03
6.226000000000000000e+03 1.588000000000000000e+03
6.019000000000000000e+03 1.412000000000000000e+03
5.865000000000000000e+03 1.267000000000000000e+03
5.969000000000000000e+03 1.311000000000000000e+03
6.055000000000000000e+03 1.361000000000000000e+03
3.520000000000000000e+03 7.930000000000000000e+02
3.495000000000000000e+03 2.670000000000000000e+02
2.430000000000000000e+03 1.810000000000000000e+02
1.838000000000000000e+03 1.610000000000000000e+02
2.055000000000000000e+03 2.810000000000000000e+02
2.134000000000000000e+03 1.650000000000000000e+02
2.266000000000000000e+03 1.380000000000000000e+02
3.395000000000000000e+03 1.155000000000000000e+03
3.860000000000000000e+03 1.141000000000000000e+03
2.880000000000000000e+02 9.500000000000000000e+02
3.400000000000000000e+02 9.580000000000000000e+02
4.910000000000000000e+02 1.010000000000000000e+03
3.160000000000000000e+02 9.910000000000000000e+02
4.331000000000000000e+03 1.349000000000000000e+03
3.419000000000000000e+03 1.187000000000000000e+03
1.655000000000000000e+03 4.760000000000000000e+02
3.175000000000000000e+03 1.138000000000000000e+03
2.342000000000000000e+03 3.920000000000000000e+02
2.178000000000000000e+03 7.510000000000000000e+02
4.999000000000000000e+03 4.370000000000000000e+02
5.333000000000000000e+03 3.570000000000000000e+02
2.167000000000000000e+03 7.970000000000000000e+02
2.142000000000000000e+03 7.470000000000000000e+02
3.310000000000000000e+02 4.840000000000000000e+02
4.466000000000000000e+03 4.300000000000000000e+02
1.757000000000000000e+03 1.094000000000000000e+03
2.022000000000000000e+03 9.810000000000000000e+02
5.000000000000000000e+02 6.900000000000000000e+02
6.120000000000000000e+02 8.020000000000000000e+02
3.910000000000000000e+03 6.730000000000000000e+02
4.300000000000000000e+03 1.142000000000000000e+03
2.480000000000000000e+03 2.495000000000000000e+03
2.455000000000000000e+03 2.433000000000000000e+03
2.721000000000000000e+03 2.389000000000000000e+03
2.473000000000000000e+03 2.362000000000000000e+03
2.294000000000000000e+03 2.351000000000000000e+03
2.337000000000000000e+03 2.417000000000000000e+03
2.732000000000000000e+03 2.261000000000000000e+03
4.298000000000000000e+03 2.177000000000000000e+03
1.621000000000000000e+03 2.294000000000000000e+03
1.775000000000000000e+03 2.263000000000000000e+03
1.990000000000000000e+03 2.232000000000000000e+03
2.115000000000000000e+03 2.223000000000000000e+03
2.109000000000000000e+03 2.286000000000000000e+03
2.883000000000000000e+03 2.221000000000000000e+03
2.174000000000000000e+03 2.344000000000000000e+03
2.803000000000000000e+03 2.277000000000000000e+03
2.706000000000000000e+03 2.150000000000000000e+03
4.040000000000000000e+03 2.105000000000000000e+03
3.219000000000000000e+03 2.541000000000000000e+03
2.684000000000000000e+03 2.694000000000000000e+03
2.345000000000000000e+03 2.526000000000000000e+03
2.358000000000000000e+03 2.551000000000000000e+03
2.377000000000000000e+03 2.619000000000000000e+03
2.335000000000000000e+03 2.733000000000000000e+03
2.698000000000000000e+03 2.457000000000000000e+03
2.771000000000000000e+03 2.515000000000000000e+03
2.599000000000000000e+03 2.415000000000000000e+03
2.557000000000000000e+03 2.474000000000000000e+03
2.780000000000000000e+03 2.455000000000000000e+03
2.818000000000000000e+03 2.386000000000000000e+03
2.784000000000000000e+03 2.323000000000000000e+03
4.259000000000000000e+03 2.246000000000000000e+03
7.047000000000000000e+03 1.696000000000000000e+03
7.107000000000000000e+03 1.689000000000000000e+03
7.156000000000000000e+03 1.835000000000000000e+03
7.280000000000000000e+03 1.821000000000000000e+03
7.368000000000000000e+03 1.887000000000000000e+03
7.299000000000000000e+03 1.966000000000000000e+03
7.241000000000000000e+03 1.841000000000000000e+03
7.096000000000000000e+03 1.634000000000000000e+03
7.235000000000000000e+03 1.645000000000000000e+03
7.101000000000000000e+03 1.559000000000000000e+03
6.999000000000000000e+03 1.556000000000000000e+03
7.396000000000000000e+03 1.740000000000000000e+03
7.322000000000000000e+03 1.659000000000000000e+03
7.214000000000000000e+03 1.775000000000000000e+03
7.318000000000000000e+03 1.696000000000000000e+03
7.097000000000000000e+03 1.337000000000000000e+03
6.946000000000000000e+03 1.339000000000000000e+03
7.274000000000000000e+03 1.245000000000000000e+03
7.221000000000000000e+03 1.281000000000000000e+03
7.322000000000000000e+03 1.340000000000000000e+03
7.405000000000000000e+03 1.218000000000000000e+03
7.317000000000000000e+03 1.143000000000000000e+03
7.322000000000000000e+03 1.260000000000000000e+03
7.364000000000000000e+03 1.478000000000000000e+03
7.314000000000000000e+03 1.540000000000000000e+03
7.352000000000000000e+03 1.464000000000000000e+03
7.259000000000000000e+03 1.404000000000000000e+03
7.063000000000000000e+03 1.406000000000000000e+03
7.222000000000000000e+03 1.423000000000000000e+03
7.013000000000000000e+03 1.419000000000000000e+03
6.744000000000000000e+03 1.336000000000000000e+03
6.602000000000000000e+03 1.502000000000000000e+03
6.316000000000000000e+03 1.569000000000000000e+03
6.276000000000000000e+03 1.592000000000000000e+03
6.681000000000000000e+03 1.367000000000000000e+03
6.603000000000000000e+03 1.383000000000000000e+03
6.583000000000000000e+03 1.404000000000000000e+03
6.653000000000000000e+03 1.323000000000000000e+03
6.361000000000000000e+03 1.731000000000000000e+03
6.256000000000000000e+03 1.720000000000000000e+03
6.335000000000000000e+03 1.791000000000000000e+03
6.271000000000000000e+03 1.885000000000000000e+03
6.055000000000000000e+03 2.010000000000000000e+03
6.298000000000000000e+03 1.845000000000000000e+03
6.387000000000000000e+03 1.903000000000000000e+03
6.479000000000000000e+03 1.915000000000000000e+03
6.832000000000000000e+03 1.235000000000000000e+03
6.594000000000000000e+03 1.201000000000000000e+03
6.862000000000000000e+03 1.390000000000000000e+03
6.874000000000000000e+03 1.342000000000000000e+03
6.986000000000000000e+03 1.242000000000000000e+03
7.083000000000000000e+03 1.258000000000000000e+03
7.196000000000000000e+03 1.398000000000000000e+03
7.142000000000000000e+03 1.289000000000000000e+03
6.732000000000000000e+03 1.160000000000000000e+03
6.802000000000000000e+03 1.188000000000000000e+03
6.919000000000000000e+03 1.376000000000000000e+03
6.846000000000000000e+03 1.113000000000000000e+03
6.947000000000000000e+03 1.218000000000000000e+03
6.858000000000000000e+03 1.210000000000000000e+03
6.960000000000000000e+03 1.176000000000000000e+03
7.021000000000000000e+03 1.202000000000000000e+03
6.530000000000000000e+03 2.016000000000000000e+03
6.356000000000000000e+03 1.994000000000000000e+03
6.333000000000000000e+03 2.064000000000000000e+03
6.374000000000000000e+03 1.551000000000000000e+03
6.406000000000000000e+03 1.678000000000000000e+03
6.505000000000000000e+03 1.553000000000000000e+03
6.425000000000000000e+03 1.574000000000000000e+03
6.458000000000000000e+03 1.651000000000000000e+03
6.456000000000000000e+03 1.542000000000000000e+03
6.506000000000000000e+03 1.625000000000000000e+03
6.542000000000000000e+03 1.569000000000000000e+03
6.598000000000000000e+03 1.910000000000000000e+03
6.502000000000000000e+03 1.779000000000000000e+03
6.488000000000000000e+03 1.664000000000000000e+03
6.378000000000000000e+03 1.884000000000000000e+03
6.830000000000000000e+03 1.507000000000000000e+03
6.832000000000000000e+03 1.506000000000000000e+03
6.929000000000000000e+03 1.628000000000000000e+03
6.880000000000000000e+03 1.622000000000000000e+03
6.648000000000000000e+03 1.499000000000000000e+03
6.753000000000000000e+03 1.514000000000000000e+03
6.702000000000000000e+03 1.594000000000000000e+03
6.651000000000000000e+03 1.585000000000000000e+03
6.900000000000000000e+03 1.775000000000000000e+03
6.888000000000000000e+03 1.766000000000000000e+03
6.821000000000000000e+03 1.810000000000000000e+03
6.800000000000000000e+03 1.833000000000000000e+03
6.696000000000000000e+03 1.787000000000000000e+03
6.697000000000000000e+03 1.682000000000000000e+03
6.703000000000000000e+03 1.699000000000000000e+03
6.631000000000000000e+03 1.965000000000000000e+03
7.091000000000000000e+03 1.897000000000000000e+03
7.012000000000000000e+03 1.829000000000000000e+03
7.072000000000000000e+03 1.902000000000000000e+03
7.027000000000000000e+03 1.916000000000000000e+03
6.880000000000000000e+03 1.894000000000000000e+03
6.849000000000000000e+03 2.013000000000000000e+03
6.905000000000000000e+03 1.944000000000000000e+03
6.958000000000000000e+03 1.887000000000000000e+03
6.814000000000000000e+03 2.131000000000000000e+03
6.848000000000000000e+03 2.111000000000000000e+03
6.865000000000000000e+03 2.052000000000000000e+03
6.342000000000000000e+03 2.173000000000000000e+03
6.708000000000000000e+03 1.971000000000000000e+03
6.748000000000000000e+03 2.081000000000000000e+03
6.671000000000000000e+03 1.915000000000000000e+03
6.734000000000000000e+03 1.923000000000000000e+03
6.686000000000000000e+03 1.969000000000000000e+03
7.023000000000000000e+03 2.172000000000000000e+03
6.993000000000000000e+03 2.052000000000000000e+03
6.947000000000000000e+03 2.070000000000000000e+03
7.075000000000000000e+03 2.258000000000000000e+03
7.154000000000000000e+03 2.296000000000000000e+03
7.157000000000000000e+03 2.261000000000000000e+03
7.253000000000000000e+03 2.261000000000000000e+03
7.272000000000000000e+03 2.023000000000000000e+03
7.322000000000000000e+03 2.086000000000000000e+03
7.189000000000000000e+03 2.229000000000000000e+03
7.307000000000000000e+03 2.150000000000000000e+03
7.097000000000000000e+03 2.051000000000000000e+03
7.181000000000000000e+03 2.115000000000000000e+03
6.950000000000000000e+03 2.174000000000000000e+03
6.866000000000000000e+03 2.137000000000000000e+03
6.631000000000000000e+03 4.194000000000000000e+03
6.632000000000000000e+03 4.329000000000000000e+03
6.610000000000000000e+03 4.343000000000000000e+03
6.977000000000000000e+03 4.255000000000000000e+03
7.014000000000000000e+03 4.270000000000000000e+03
6.788000000000000000e+03 4.334000000000000000e+03
6.730000000000000000e+03 4.378000000000000000e+03
7.291000000000000000e+03 4.262000000000000000e+03
7.331000000000000000e+03 4.303000000000000000e+03
7.251000000000000000e+03 4.321000000000000000e+03
7.333000000000000000e+03 4.335000000000000000e+03
6.241000000000000000e+03 4.207000000000000000e+03
6.331000000000000000e+03 4.224000000000000000e+03
7.192000000000000000e+03 4.251000000000000000e+03
7.124000000000000000e+03 4.268000000000000000e+03
7.138000000000000000e+03 4.329000000000000000e+03
7.129000000000000000e+03 4.373000000000000000e+03
6.962000000000000000e+03 4.411000000000000000e+03
6.980000000000000000e+03 4.365000000000000000e+03
6.870000000000000000e+03 4.367000000000000000e+03
4.965000000000000000e+03 4.158000000000000000e+03
6.759000000000000000e+03 4.352000000000000000e+03
6.761000000000000000e+03 4.391000000000000000e+03
6.611000000000000000e+03 4.097000000000000000e+03
6.551000000000000000e+03 4.090000000000000000e+03
6.849000000000000000e+03 4.099000000000000000e+03
6.682000000000000000e+03 4.091000000000000000e+03
6.931000000000000000e+03 4.199000000000000000e+03
7.017000000000000000e+03 4.149000000000000000e+03
7.267000000000000000e+03 4.126000000000000000e+03
7.206000000000000000e+03 4.124000000000000000e+03
6.455000000000000000e+03 3.982000000000000000e+03
4.947000000000000000e+03 4.100000000000000000e+03
5.158000000000000000e+03 4.122000000000000000e+03
6.366000000000000000e+03 3.864000000000000000e+03
7.087000000000000000e+03 3.802000000000000000e+03
6.749000000000000000e+03 3.855000000000000000e+03
6.530000000000000000e+03 3.860000000000000000e+03
4.502000000000000000e+03 4.183000000000000000e+03
7.103000000000000000e+03 3.613000000000000000e+03
7.133000000000000000e+03 3.671000000000000000e+03
7.117000000000000000e+03 3.688000000000000000e+03
6.101000000000000000e+03 3.987000000000000000e+03
7.197000000000000000e+03 3.623000000000000000e+03
7.183000000000000000e+03 3.701000000000000000e+03
7.245000000000000000e+03 3.772000000000000000e+03
7.211000000000000000e+03 4.065000000000000000e+03
7.203000000000000000e+03 4.088000000000000000e+03
7.230000000000000000e+03 4.000000000000000000e+03
6.172000000000000000e+03 4.080000000000000000e+03
7.298000000000000000e+03 4.021000000000000000e+03
7.269000000000000000e+03 3.936000000000000000e+03
7.257000000000000000e+03 3.880000000000000000e+03
7.267000000000000000e+03 3.851000000000000000e+03
6.468000000000000000e+03 4.107000000000000000e+03
6.538000000000000000e+03 4.107000000000000000e+03
6.364000000000000000e+03 4.078000000000000000e+03
7.040000000000000000e+03 4.090000000000000000e+03
7.118000000000000000e+03 3.964000000000000000e+03
7.100000000000000000e+03 4.033000000000000000e+03
6.540000000000000000e+03 4.128000000000000000e+03
6.561000000000000000e+03 4.107000000000000000e+03
6.307000000000000000e+03 4.360000000000000000e+03
6.060000000000000000e+03 4.338000000000000000e+03
6.354000000000000000e+03 4.466000000000000000e+03
6.562000000000000000e+03 4.523000000000000000e+03
6.568000000000000000e+03 4.565000000000000000e+03
6.606000000000000000e+03 4.596000000000000000e+03
6.712000000000000000e+03 4.572000000000000000e+03
6.902000000000000000e+03 4.642000000000000000e+03
6.863000000000000000e+03 4.704000000000000000e+03
6.957000000000000000e+03 4.535000000000000000e+03
6.715000000000000000e+03 4.516000000000000000e+03
4.051000000000000000e+03 4.374000000000000000e+03
6.641000000000000000e+03 4.651000000000000000e+03
6.736000000000000000e+03 4.592000000000000000e+03
6.720000000000000000e+03 4.681000000000000000e+03
6.526000000000000000e+03 4.373000000000000000e+03
6.404000000000000000e+03 4.279000000000000000e+03
6.483000000000000000e+03 4.484000000000000000e+03
5.770000000000000000e+03 4.244000000000000000e+03
6.025000000000000000e+03 4.064000000000000000e+03
6.224000000000000000e+03 4.117000000000000000e+03
6.379000000000000000e+03 4.064000000000000000e+03
5.538000000000000000e+03 4.081000000000000000e+03
7.102000000000000000e+03 4.507000000000000000e+03
7.065000000000000000e+03 4.470000000000000000e+03
6.325000000000000000e+03 4.241000000000000000e+03
7.020000000000000000e+03 4.453000000000000000e+03
7.288000000000000000e+03 4.433000000000000000e+03
7.239000000000000000e+03 4.425000000000000000e+03
7.272000000000000000e+03 4.562000000000000000e+03
7.222000000000000000e+03 4.541000000000000000e+03
7.005000000000000000e+03 4.645000000000000000e+03
7.043000000000000000e+03 4.710000000000000000e+03
7.084000000000000000e+03 4.566000000000000000e+03
7.087000000000000000e+03 4.615000000000000000e+03
6.631000000000000000e+03 4.718000000000000000e+03
6.059000000000000000e+03 4.488000000000000000e+03
6.824000000000000000e+03 4.708000000000000000e+03
6.805000000000000000e+03 4.720000000000000000e+03
6.441000000000000000e+03 4.419000000000000000e+03
5.999000000000000000e+03 3.993000000000000000e+03
6.424000000000000000e+03 4.306000000000000000e+03
6.424000000000000000e+03 4.281000000000000000e+03
6.425000000000000000e+03 4.472000000000000000e+03
6.375000000000000000e+03 4.334000000000000000e+03
6.574000000000000000e+03 4.632000000000000000e+03
6.297000000000000000e+03 4.577000000000000000e+03
6.587000000000000000e+03 4.216000000000000000e+03
6.292000000000000000e+03 4.130000000000000000e+03
6.453000000000000000e+03 4.195000000000000000e+03
6.112000000000000000e+03 4.098000000000000000e+03
6.877000000000000000e+03 4.203000000000000000e+03
6.835000000000000000e+03 4.175000000000000000e+03
6.709000000000000000e+03 4.211000000000000000e+03
6.408000000000000000e+03 4.131000000000000000e+03
6.920000000000000000e+03 4.416000000000000000e+03
6.822000000000000000e+03 4.537000000000000000e+03
6.323000000000000000e+03 4.190000000000000000e+03
6.746000000000000000e+03 4.513000000000000000e+03
6.634000000000000000e+03 4.354000000000000000e+03
6.654000000000000000e+03 4.388000000000000000e+03
6.155000000000000000e+03 4.158000000000000000e+03
6.004000000000000000e+03 4.158000000000000000e+03
7.315000000000000000e+03 2.860000000000000000e+03
7.392000000000000000e+03 2.831000000000000000e+03
7.394000000000000000e+03 3.070000000000000000e+03
7.054000000000000000e+03 3.107000000000000000e+03
7.415000000000000000e+03 2.808000000000000000e+03
7.399000000000000000e+03 3.069000000000000000e+03
7.223000000000000000e+03 2.863000000000000000e+03
6.411000000000000000e+03 2.116000000000000000e+03
6.470000000000000000e+03 2.144000000000000000e+03
6.547000000000000000e+03 2.157000000000000000e+03
6.662000000000000000e+03 2.188000000000000000e+03
6.570000000000000000e+03 2.068000000000000000e+03
6.656000000000000000e+03 2.040000000000000000e+03
6.641000000000000000e+03 2.039000000000000000e+03
6.594000000000000000e+03 1.994000000000000000e+03
7.379000000000000000e+03 2.657000000000000000e+03
7.395000000000000000e+03 2.530000000000000000e+03
7.263000000000000000e+03 2.707000000000000000e+03
7.349000000000000000e+03 2.681000000000000000e+03
7.253000000000000000e+03 2.597000000000000000e+03
7.424000000000000000e+03 2.533000000000000000e+03
7.448000000000000000e+03 2.613000000000000000e+03
7.284000000000000000e+03 2.640000000000000000e+03
7.382000000000000000e+03 2.296000000000000000e+03
7.324000000000000000e+03 2.604000000000000000e+03
7.409000000000000000e+03 2.550000000000000000e+03
7.402000000000000000e+03 2.686000000000000000e+03
7.346000000000000000e+03 2.654000000000000000e+03
7.376000000000000000e+03 2.492000000000000000e+03
7.319000000000000000e+03 2.519000000000000000e+03
7.376000000000000000e+03 2.357000000000000000e+03
7.368000000000000000e+03 3.330000000000000000e+03
7.316000000000000000e+03 3.368000000000000000e+03
7.373000000000000000e+03 3.328000000000000000e+03
7.342000000000000000e+03 3.232000000000000000e+03
7.294000000000000000e+03 3.492000000000000000e+03
7.335000000000000000e+03 3.428000000000000000e+03
7.350000000000000000e+03 3.400000000000000000e+03
7.387000000000000000e+03 3.588000000000000000e+03
7.386000000000000000e+03 3.378000000000000000e+03
7.335000000000000000e+03 3.465000000000000000e+03
7.394000000000000000e+03 3.356000000000000000e+03
7.341000000000000000e+03 3.547000000000000000e+03
7.374000000000000000e+03 3.548000000000000000e+03
7.280000000000000000e+03 3.723000000000000000e+03
7.397000000000000000e+03 3.582000000000000000e+03
7.413000000000000000e+03 3.766000000000000000e+03
7.406000000000000000e+03 3.777000000000000000e+03
7.428000000000000000e+03 3.774000000000000000e+03
7.410000000000000000e+03 3.638000000000000000e+03
7.453000000000000000e+03 3.733000000000000000e+03
7.412000000000000000e+03 4.122000000000000000e+03
7.454000000000000000e+03 4.138000000000000000e+03
7.410000000000000000e+03 3.793000000000000000e+03
7.427000000000000000e+03 4.235000000000000000e+03
7.400000000000000000e+03 3.676000000000000000e+03
7.438000000000000000e+03 4.335000000000000000e+03
7.386000000000000000e+03 3.871000000000000000e+03
7.285000000000000000e+03 3.386000000000000000e+03
7.446000000000000000e+03 3.446000000000000000e+03
7.446000000000000000e+03 3.314000000000000000e+03
7.389000000000000000e+03 3.299000000000000000e+03
3.275000000000000000e+03 4.634000000000000000e+03
3.473000000000000000e+03 4.580000000000000000e+03
3.546000000000000000e+03 4.636000000000000000e+03
3.688000000000000000e+03 4.612000000000000000e+03
3.805000000000000000e+03 4.579000000000000000e+03
3.605000000000000000e+03 4.652000000000000000e+03
3.506000000000000000e+03 4.595000000000000000e+03
3.134000000000000000e+03 4.591000000000000000e+03
3.227000000000000000e+03 4.582000000000000000e+03
3.001000000000000000e+03 4.401000000000000000e+03
3.058000000000000000e+03 4.426000000000000000e+03
2.883000000000000000e+03 4.353000000000000000e+03
2.765000000000000000e+03 4.436000000000000000e+03
2.716000000000000000e+03 4.471000000000000000e+03
2.806000000000000000e+03 4.488000000000000000e+03
4.806000000000000000e+03 5.268000000000000000e+03
5.744000000000000000e+03 5.447000000000000000e+03
4.577000000000000000e+03 5.799000000000000000e+03
3.992000000000000000e+03 5.273000000000000000e+03
3.876000000000000000e+03 7.137000000000000000e+03
4.122000000000000000e+03 6.030000000000000000e+03
5.315000000000000000e+03 4.227000000000000000e+03
5.256000000000000000e+03 4.160000000000000000e+03
3.257000000000000000e+03 5.382000000000000000e+03
3.251000000000000000e+03 5.946000000000000000e+03
3.347000000000000000e+03 6.898000000000000000e+03
3.383000000000000000e+03 6.831000000000000000e+03
4.439000000000000000e+03 5.746000000000000000e+03
4.784000000000000000e+03 5.790000000000000000e+03
4.807000000000000000e+03 5.495000000000000000e+03
4.652000000000000000e+03 6.131000000000000000e+03
3.585000000000000000e+03 4.498000000000000000e+03
3.506000000000000000e+03 4.465000000000000000e+03
3.661000000000000000e+03 4.401000000000000000e+03
3.597000000000000000e+03 4.436000000000000000e+03
3.368000000000000000e+03 4.500000000000000000e+03
3.370000000000000000e+03 4.518000000000000000e+03
3.366000000000000000e+03 4.443000000000000000e+03
3.508000000000000000e+03 4.416000000000000000e+03
3.168000000000000000e+03 4.538000000000000000e+03
3.100000000000000000e+03 4.565000000000000000e+03
3.335000000000000000e+03 4.561000000000000000e+03
3.198000000000000000e+03 4.479000000000000000e+03
2.865000000000000000e+03 4.625000000000000000e+03
2.851000000000000000e+03 4.566000000000000000e+03
2.986000000000000000e+03 4.593000000000000000e+03
2.990000000000000000e+03 4.597000000000000000e+03
3.384000000000000000e+03 4.517000000000000000e+03
3.754000000000000000e+03 4.468000000000000000e+03
3.287000000000000000e+03 4.418000000000000000e+03
3.126000000000000000e+03 4.543000000000000000e+03
4.986000000000000000e+03 4.578000000000000000e+03
3.384000000000000000e+03 4.330000000000000000e+03
3.364000000000000000e+03 4.443000000000000000e+03
3.785000000000000000e+03 4.301000000000000000e+03
2.872000000000000000e+03 4.358000000000000000e+03
3.000000000000000000e+03 4.292000000000000000e+03
2.908000000000000000e+03 4.289000000000000000e+03
3.204000000000000000e+03 4.273000000000000000e+03
3.047000000000000000e+03 4.367000000000000000e+03
3.164000000000000000e+03 4.367000000000000000e+03
3.314000000000000000e+03 4.330000000000000000e+03
3.287000000000000000e+03 4.314000000000000000e+03
5.940000000000000000e+02 6.120000000000000000e+03
7.110000000000000000e+02 4.270000000000000000e+03
5.288000000000000000e+03 5.100000000000000000e+02
5.010000000000000000e+02 2.330000000000000000e+03
3.123000000000000000e+03 2.210000000000000000e+03
2.404000000000000000e+03 4.660000000000000000e+03
3.920000000000000000e+02 2.200000000000000000e+02
7.442000000000000000e+03 0.000000000000000000e+00
-1.200000000000000000e+01 0.000000000000000000e+00
-4.000000000000000000e+00 0.000000000000000000e+00
