1.597000000000000000e+03 1.045000000000000000e+03
1.316000000000000000e+03 9.520000000000000000e+02
1.092000000000000000e+03 9.450000000000000000e+02
1.668000000000000000e+03 5.500000000000000000e+02
1.239000000000000000e+03 7.430000000000000000e+02
2.720000000000000000e+02 4.860000000000000000e+02
2.650000000000000000e+02 4.210000000000000000e+02
2.910000000000000000e+02 5.050000000000000000e+02
3.380000000000000000e+02 5.810000000000000000e+02
2.920000000000000000e+02 8.660000000000000000e+02
6.680000000000000000e+02 8.940000000000000000e+02
4.780000000000000000e+02 5.930000000000000000e+02
3.260000000000000000e+02 8.330000000000000000e+02
3.680000000000000000e+02 8.290000000000000000e+02
5.890000000000000000e+02 8.920000000000000000e+02
1.076000000000000000e+03 9.980000000000000000e+02
1.115000000000000000e+03 1.042000000000000000e+03
1.112000000000000000e+03 1.056000000000000000e+03
1.195000000000000000e+03 1.015000000000000000e+03
1.346000000000000000e+03 7.400000000000000000e+02
1.570000000000000000e+03 5.330000000000000000e+02
1.488000000000000000e+03 3.640000000000000000e+02
1.501000000000000000e+03 4.620000000000000000e+02
1.099000000000000000e+03 1.117000000000000000e+03
9.960000000000000000e+02 1.193000000000000000e+03
9.350000000000000000e+02 1.211000000000000000e+03
1.257000000000000000e+03 1.171000000000000000e+03
7.340000000000000000e+02 1.162000000000000000e+03
8.250000000000000000e+02 1.179000000000000000e+03
8.630000000000000000e+02 9.690000000000000000e+02
8.730000000000000000e+02 1.085000000000000000e+03
1.389000000000000000e+03 9.210000000000000000e+02
5.850000000000000000e+02 9.190000000000000000e+02
1.258000000000000000e+03 8.380000000000000000e+02
2.210000000000000000e+02 8.050000000000000000e+02
1.860000000000000000e+02 7.400000000000000000e+02
1.560000000000000000e+02 8.230000000000000000e+02
4.540000000000000000e+02 7.390000000000000000e+02
5.600000000000000000e+01 4.050000000000000000e+02
1.500000000000000000e+02 9.330000000000000000e+02
1.370000000000000000e+02 6.110000000000000000e+02
1.410000000000000000e+02 8.400000000000000000e+02
4.900000000000000000e+01 5.100000000000000000e+02
1.470000000000000000e+02 7.300000000000000000e+02
3.030000000000000000e+02 6.600000000000000000e+02
1.360000000000000000e+02 6.230000000000000000e+02
1.074000000000000000e+03 7.460000000000000000e+02
1.467000000000000000e+03 8.060000000000000000e+02
1.469000000000000000e+03 1.134000000000000000e+03
1.352000000000000000e+03 1.057000000000000000e+03
1.352000000000000000e+03 1.060000000000000000e+03
1.581000000000000000e+03 1.059000000000000000e+03
1.441000000000000000e+03 1.075000000000000000e+03
1.395000000000000000e+03 9.900000000000000000e+02
2.320000000000000000e+02 9.090000000000000000e+02
1.010000000000000000e+02 9.940000000000000000e+02
3.130000000000000000e+02 8.640000000000000000e+02
9.300000000000000000e+01 9.360000000000000000e+02
1.320000000000000000e+02 1.039000000000000000e+03
2.130000000000000000e+02 1.028000000000000000e+03
3.680000000000000000e+02 1.084000000000000000e+03
6.890000000000000000e+02 1.151000000000000000e+03
1.153000000000000000e+03 1.458000000000000000e+03
8.460000000000000000e+02 1.449000000000000000e+03
1.251000000000000000e+03 1.490000000000000000e+03
5.930000000000000000e+02 9.820000000000000000e+02
9.700000000000000000e+02 1.020000000000000000e+03
1.363000000000000000e+03 8.590000000000000000e+02
8.190000000000000000e+02 1.254000000000000000e+03
7.050000000000000000e+02 1.243000000000000000e+03
4.560000000000000000e+02 1.210000000000000000e+03
8.040000000000000000e+02 1.095000000000000000e+03
6.070000000000000000e+02 1.105000000000000000e+03
4.190000000000000000e+02 1.124000000000000000e+03
4.480000000000000000e+02 1.150000000000000000e+03
4.120000000000000000e+02 1.234000000000000000e+03
3.780000000000000000e+02 1.217000000000000000e+03
4.060000000000000000e+02 1.742000000000000000e+03
6.930000000000000000e+02 1.654000000000000000e+03
4.410000000000000000e+02 1.717000000000000000e+03
4.420000000000000000e+02 1.720000000000000000e+03
6.370000000000000000e+02 1.675000000000000000e+03
7.460000000000000000e+02 1.614000000000000000e+03
1.101000000000000000e+03 1.874000000000000000e+03
2.770000000000000000e+02 1.847000000000000000e+03
6.750000000000000000e+02 1.450000000000000000e+03
8.410000000000000000e+02 1.399000000000000000e+03
7.380000000000000000e+02 1.387000000000000000e+03
6.880000000000000000e+02 1.396000000000000000e+03
9.020000000000000000e+02 1.634000000000000000e+03
8.520000000000000000e+02 1.502000000000000000e+03
8.150000000000000000e+02 1.510000000000000000e+03
7.720000000000000000e+02 1.470000000000000000e+03
4.950000000000000000e+02 1.375000000000000000e+03
1.144000000000000000e+03 1.368000000000000000e+03
1.125000000000000000e+03 1.136000000000000000e+03
8.950000000000000000e+02 1.183000000000000000e+03
7.820000000000000000e+02 1.428000000000000000e+03
8.930000000000000000e+02 1.347000000000000000e+03
2.080000000000000000e+02 1.383000000000000000e+03
1.060000000000000000e+02 1.402000000000000000e+03
4.700000000000000000e+02 1.102000000000000000e+03
3.630000000000000000e+02 1.221000000000000000e+03
3.480000000000000000e+02 1.177000000000000000e+03
3.790000000000000000e+02 1.164000000000000000e+03
1.250000000000000000e+02 1.284000000000000000e+03
5.590000000000000000e+02 1.180000000000000000e+03
1.412000000000000000e+03 1.183000000000000000e+03
2.270000000000000000e+02 1.147000000000000000e+03
3.890000000000000000e+02 1.663000000000000000e+03
6.650000000000000000e+02 1.530000000000000000e+03
6.050000000000000000e+02 1.495000000000000000e+03
6.030000000000000000e+02 1.500000000000000000e+03
8.900000000000000000e+01 1.642000000000000000e+03
5.010000000000000000e+02 1.452000000000000000e+03
2.520000000000000000e+02 1.538000000000000000e+03
2.010000000000000000e+02 1.574000000000000000e+03
5.300000000000000000e+02 1.355000000000000000e+03
7.380000000000000000e+02 1.404000000000000000e+03
4.580000000000000000e+02 1.489000000000000000e+03
4.210000000000000000e+02 1.409000000000000000e+03
2.970000000000000000e+02 1.583000000000000000e+03
3.100000000000000000e+02 1.674000000000000000e+03
7.090000000000000000e+02 1.507000000000000000e+03
5.260000000000000000e+02 1.485000000000000000e+03
1.631000000000000000e+03 7.660000000000000000e+02
1.953000000000000000e+03 7.280000000000000000e+02
1.618000000000000000e+03 9.830000000000000000e+02
1.390000000000000000e+03 5.210000000000000000e+02
1.486000000000000000e+03 5.730000000000000000e+02
1.632000000000000000e+03 9.360000000000000000e+02
1.542000000000000000e+03 8.310000000000000000e+02
1.496000000000000000e+03 5.690000000000000000e+02
1.549000000000000000e+03 7.380000000000000000e+02
1.588000000000000000e+03 6.460000000000000000e+02
1.493000000000000000e+03 6.920000000000000000e+02
1.715000000000000000e+03 7.290000000000000000e+02
1.574000000000000000e+03 6.010000000000000000e+02
1.538000000000000000e+03 5.480000000000000000e+02
1.672000000000000000e+03 7.670000000000000000e+02
1.835000000000000000e+03 8.480000000000000000e+02
1.779000000000000000e+03 7.800000000000000000e+02
1.829000000000000000e+03 7.240000000000000000e+02
1.814000000000000000e+03 8.990000000000000000e+02
1.677000000000000000e+03 8.060000000000000000e+02
1.769000000000000000e+03 8.450000000000000000e+02
1.777000000000000000e+03 7.490000000000000000e+02
1.616000000000000000e+03 7.360000000000000000e+02
1.595000000000000000e+03 8.410000000000000000e+02
1.591000000000000000e+03 7.690000000000000000e+02
1.480000000000000000e+03 7.740000000000000000e+02
1.531000000000000000e+03 8.910000000000000000e+02
1.759000000000000000e+03 9.290000000000000000e+02
1.741000000000000000e+03 7.460000000000000000e+02
1.756000000000000000e+03 7.560000000000000000e+02
1.711000000000000000e+03 8.280000000000000000e+02
1.815000000000000000e+03 6.850000000000000000e+02
1.710000000000000000e+03 4.800000000000000000e+02
1.730000000000000000e+03 4.720000000000000000e+02
1.895000000000000000e+03 5.450000000000000000e+02
1.779000000000000000e+03 6.520000000000000000e+02
1.880000000000000000e+03 7.360000000000000000e+02
1.811000000000000000e+03 4.920000000000000000e+02
1.135000000000000000e+03 2.130000000000000000e+02
8.950000000000000000e+02 1.820000000000000000e+02
9.510000000000000000e+02 1.440000000000000000e+02
8.270000000000000000e+02 1.610000000000000000e+02
1.553000000000000000e+03 1.530000000000000000e+02
1.678000000000000000e+03 3.750000000000000000e+02
1.626000000000000000e+03 3.080000000000000000e+02
1.527000000000000000e+03 2.970000000000000000e+02
1.990000000000000000e+02 2.040000000000000000e+02
1.690000000000000000e+02 2.810000000000000000e+02
3.720000000000000000e+02 3.280000000000000000e+02
8.450000000000000000e+02 3.600000000000000000e+02
1.930000000000000000e+02 3.550000000000000000e+02
3.000000000000000000e+01 1.550000000000000000e+02
3.990000000000000000e+02 3.690000000000000000e+02
9.880000000000000000e+02 4.730000000000000000e+02
1.041000000000000000e+03 4.420000000000000000e+02
9.900000000000000000e+02 5.490000000000000000e+02
1.129000000000000000e+03 5.840000000000000000e+02
1.356000000000000000e+03 1.052000000000000000e+03
2.820000000000000000e+02 1.460000000000000000e+02
2.890000000000000000e+02 1.700000000000000000e+02
4.000000000000000000e+02 1.940000000000000000e+02
3.180000000000000000e+02 1.050000000000000000e+02
1.878000000000000000e+03 6.580000000000000000e+02
2.058000000000000000e+03 2.460000000000000000e+02
2.023000000000000000e+03 6.580000000000000000e+02
2.144000000000000000e+03 2.500000000000000000e+02
2.125000000000000000e+03 2.870000000000000000e+02
2.078000000000000000e+03 4.060000000000000000e+02
1.956000000000000000e+03 3.780000000000000000e+02
1.892000000000000000e+03 2.530000000000000000e+02
1.901000000000000000e+03 1.180000000000000000e+02
1.858000000000000000e+03 1.180000000000000000e+02
1.811000000000000000e+03 9.800000000000000000e+01
1.799000000000000000e+03 1.950000000000000000e+02
1.828000000000000000e+03 3.930000000000000000e+02
1.958000000000000000e+03 3.740000000000000000e+02
2.026000000000000000e+03 3.190000000000000000e+02
2.166000000000000000e+03 6.630000000000000000e+02
2.144000000000000000e+03 4.340000000000000000e+02
2.190000000000000000e+03 5.430000000000000000e+02
2.024000000000000000e+03 8.020000000000000000e+02
2.305000000000000000e+03 4.620000000000000000e+02
2.244000000000000000e+03 5.080000000000000000e+02
2.182000000000000000e+03 4.470000000000000000e+02
2.251000000000000000e+03 4.280000000000000000e+02
2.396000000000000000e+03 7.940000000000000000e+02
2.273000000000000000e+03 8.010000000000000000e+02
2.052000000000000000e+03 8.300000000000000000e+02
2.155000000000000000e+03 7.520000000000000000e+02
2.112000000000000000e+03 7.660000000000000000e+02
2.089000000000000000e+03 6.890000000000000000e+02
2.263000000000000000e+03 7.300000000000000000e+02
2.221000000000000000e+03 6.930000000000000000e+02
2.079000000000000000e+03 8.100000000000000000e+01
1.976000000000000000e+03 3.120000000000000000e+02
2.098000000000000000e+03 1.820000000000000000e+02
2.091000000000000000e+03 2.140000000000000000e+02
1.798000000000000000e+03 4.330000000000000000e+02
1.796000000000000000e+03 3.260000000000000000e+02
1.785000000000000000e+03 3.610000000000000000e+02
1.824000000000000000e+03 4.120000000000000000e+02
2.196000000000000000e+03 5.510000000000000000e+02
2.310000000000000000e+03 3.200000000000000000e+02
2.155000000000000000e+03 3.400000000000000000e+02
2.272000000000000000e+03 8.480000000000000000e+02
2.471000000000000000e+03 1.630000000000000000e+02
2.459000000000000000e+03 9.500000000000000000e+01
2.396000000000000000e+03 3.050000000000000000e+02
2.581000000000000000e+03 6.400000000000000000e+01
1.929000000000000000e+03 9.960000000000000000e+02
1.535000000000000000e+03 1.238000000000000000e+03
1.657000000000000000e+03 1.215000000000000000e+03
1.926000000000000000e+03 1.044000000000000000e+03
2.281000000000000000e+03 6.230000000000000000e+02
2.345000000000000000e+03 6.880000000000000000e+02
2.433000000000000000e+03 7.220000000000000000e+02
2.160000000000000000e+03 6.410000000000000000e+02
2.577000000000000000e+03 3.380000000000000000e+02
2.321000000000000000e+03 5.520000000000000000e+02
2.468000000000000000e+03 2.700000000000000000e+02
2.433000000000000000e+03 3.480000000000000000e+02
2.437000000000000000e+03 4.030000000000000000e+02
2.469000000000000000e+03 4.170000000000000000e+02
2.595000000000000000e+03 4.020000000000000000e+02
2.419000000000000000e+03 5.470000000000000000e+02
2.066000000000000000e+03 1.537000000000000000e+03
2.170000000000000000e+03 1.424000000000000000e+03
2.097000000000000000e+03 1.670000000000000000e+03
2.134000000000000000e+03 8.820000000000000000e+02
2.027000000000000000e+03 8.170000000000000000e+02
2.233000000000000000e+03 1.269000000000000000e+03
2.246000000000000000e+03 9.720000000000000000e+02
1.921000000000000000e+03 1.348000000000000000e+03
1.930000000000000000e+03 1.487000000000000000e+03
2.071000000000000000e+03 1.651000000000000000e+03
2.153000000000000000e+03 1.311000000000000000e+03
1.989000000000000000e+03 1.283000000000000000e+03
1.913000000000000000e+03 1.424000000000000000e+03
1.930000000000000000e+03 1.204000000000000000e+03
1.945000000000000000e+03 1.242000000000000000e+03
1.612000000000000000e+03 1.634000000000000000e+03
2.197000000000000000e+03 1.470000000000000000e+03
1.958000000000000000e+03 1.641000000000000000e+03
2.244000000000000000e+03 1.516000000000000000e+03
2.255000000000000000e+03 1.264000000000000000e+03
2.002000000000000000e+03 1.321000000000000000e+03
1.417000000000000000e+03 1.826000000000000000e+03
2.247000000000000000e+03 1.508000000000000000e+03
1.940000000000000000e+03 1.637000000000000000e+03
2.103000000000000000e+03 1.622000000000000000e+03
2.189000000000000000e+03 1.485000000000000000e+03
2.064000000000000000e+03 1.707000000000000000e+03
1.899000000000000000e+03 1.843000000000000000e+03
1.893000000000000000e+03 1.786000000000000000e+03
1.721000000000000000e+03 1.692000000000000000e+03
2.301000000000000000e+03 1.680000000000000000e+03
2.163000000000000000e+03 1.809000000000000000e+03
2.272000000000000000e+03 9.420000000000000000e+02
2.210000000000000000e+03 1.614000000000000000e+03
2.361000000000000000e+03 1.380000000000000000e+03
2.503000000000000000e+03 1.438000000000000000e+03
3.263000000000000000e+03 1.457000000000000000e+03
2.235000000000000000e+03 1.616000000000000000e+03
2.739000000000000000e+03 1.892000000000000000e+03
2.940000000000000000e+03 1.782000000000000000e+03
2.543000000000000000e+03 1.341000000000000000e+03
2.826000000000000000e+03 1.515000000000000000e+03
3.404000000000000000e+03 1.572000000000000000e+03
3.742000000000000000e+03 1.730000000000000000e+03
2.988000000000000000e+03 1.562000000000000000e+03
2.440000000000000000e+03 1.062000000000000000e+03
3.331000000000000000e+03 2.011000000000000000e+03
3.042000000000000000e+03 2.123000000000000000e+03
3.443000000000000000e+03 2.188000000000000000e+03
3.411000000000000000e+03 2.189000000000000000e+03
3.133000000000000000e+03 2.042000000000000000e+03
3.218000000000000000e+03 1.841000000000000000e+03
3.597000000000000000e+03 1.915000000000000000e+03
3.577000000000000000e+03 2.093000000000000000e+03
3.837000000000000000e+03 2.165000000000000000e+03
3.730000000000000000e+03 2.072000000000000000e+03
3.569000000000000000e+03 2.046000000000000000e+03
3.526000000000000000e+03 2.234000000000000000e+03
3.385000000000000000e+03 1.950000000000000000e+03
3.606000000000000000e+03 2.097000000000000000e+03
3.602000000000000000e+03 1.951000000000000000e+03
3.791000000000000000e+03 1.854000000000000000e+03
1.449000000000000000e+03 2.811000000000000000e+03
1.485000000000000000e+03 2.639000000000000000e+03
1.478000000000000000e+03 2.555000000000000000e+03
1.394000000000000000e+03 2.942000000000000000e+03
1.416000000000000000e+03 2.961000000000000000e+03
1.393000000000000000e+03 2.787000000000000000e+03
1.408000000000000000e+03 2.769000000000000000e+03
1.605000000000000000e+03 2.774000000000000000e+03
1.558000000000000000e+03 2.776000000000000000e+03
1.863000000000000000e+03 2.605000000000000000e+03
1.729000000000000000e+03 2.847000000000000000e+03
1.556000000000000000e+03 2.936000000000000000e+03
1.505000000000000000e+03 3.063000000000000000e+03
1.545000000000000000e+03 2.871000000000000000e+03
1.523000000000000000e+03 2.838000000000000000e+03
1.498000000000000000e+03 3.330000000000000000e+03
1.515000000000000000e+03 3.128000000000000000e+03
1.516000000000000000e+03 3.219000000000000000e+03
1.456000000000000000e+03 3.402000000000000000e+03
1.512000000000000000e+03 3.209000000000000000e+03
1.509000000000000000e+03 3.012000000000000000e+03
1.381000000000000000e+03 3.228000000000000000e+03
1.470000000000000000e+03 2.975000000000000000e+03
1.747000000000000000e+03 2.677000000000000000e+03
1.732000000000000000e+03 2.560000000000000000e+03
1.739000000000000000e+03 2.444000000000000000e+03
1.694000000000000000e+03 2.555000000000000000e+03
1.807000000000000000e+03 2.430000000000000000e+03
1.779000000000000000e+03 2.449000000000000000e+03
1.725000000000000000e+03 2.378000000000000000e+03
1.762000000000000000e+03 2.397000000000000000e+03
1.754000000000000000e+03 3.260000000000000000e+03
1.718000000000000000e+03 3.265000000000000000e+03
1.734000000000000000e+03 3.069000000000000000e+03
1.793000000000000000e+03 3.028000000000000000e+03
1.594000000000000000e+03 3.537000000000000000e+03
1.672000000000000000e+03 3.160000000000000000e+03
1.639000000000000000e+03 3.396000000000000000e+03
1.639000000000000000e+03 3.409000000000000000e+03
1.975000000000000000e+03 2.669000000000000000e+03
1.913000000000000000e+03 2.907000000000000000e+03
1.887000000000000000e+03 2.742000000000000000e+03
1.909000000000000000e+03 2.406000000000000000e+03
1.892000000000000000e+03 3.425000000000000000e+03
1.840000000000000000e+03 3.403000000000000000e+03
1.587000000000000000e+03 3.503000000000000000e+03
1.799000000000000000e+03 3.476000000000000000e+03
1.654000000000000000e+03 2.506000000000000000e+03
1.629000000000000000e+03 2.376000000000000000e+03
1.658000000000000000e+03 2.336000000000000000e+03
1.716000000000000000e+03 2.519000000000000000e+03
1.520000000000000000e+03 2.523000000000000000e+03
1.629000000000000000e+03 2.611000000000000000e+03
1.618000000000000000e+03 2.330000000000000000e+03
1.613000000000000000e+03 2.575000000000000000e+03
1.855000000000000000e+03 3.098000000000000000e+03
1.682000000000000000e+03 3.253000000000000000e+03
1.845000000000000000e+03 3.113000000000000000e+03
2.058000000000000000e+03 3.048000000000000000e+03
1.833000000000000000e+03 3.343000000000000000e+03
1.941000000000000000e+03 3.262000000000000000e+03
1.815000000000000000e+03 2.430000000000000000e+03
1.768000000000000000e+03 2.811000000000000000e+03
2.225000000000000000e+03 2.000000000000000000e+03
2.174000000000000000e+03 2.045000000000000000e+03
2.120000000000000000e+03 1.993000000000000000e+03
2.400000000000000000e+03 2.330000000000000000e+03
2.277000000000000000e+03 2.431000000000000000e+03
2.365000000000000000e+03 2.400000000000000000e+03
2.307000000000000000e+03 2.470000000000000000e+03
2.522000000000000000e+03 2.658000000000000000e+03
2.511000000000000000e+03 2.763000000000000000e+03
2.561000000000000000e+03 2.691000000000000000e+03
2.528000000000000000e+03 2.675000000000000000e+03
2.571000000000000000e+03 2.646000000000000000e+03
2.611000000000000000e+03 2.553000000000000000e+03
2.560000000000000000e+03 2.531000000000000000e+03
2.509000000000000000e+03 2.624000000000000000e+03
2.457000000000000000e+03 2.324000000000000000e+03
2.593000000000000000e+03 2.390000000000000000e+03
2.469000000000000000e+03 2.323000000000000000e+03
2.459000000000000000e+03 2.283000000000000000e+03
2.050000000000000000e+03 2.196000000000000000e+03
2.107000000000000000e+03 2.240000000000000000e+03
1.975000000000000000e+03 2.200000000000000000e+03
1.966000000000000000e+03 2.204000000000000000e+03
2.253000000000000000e+03 2.212000000000000000e+03
2.159000000000000000e+03 2.141000000000000000e+03
1.915000000000000000e+03 2.237000000000000000e+03
1.991000000000000000e+03 2.270000000000000000e+03
2.113000000000000000e+03 2.446000000000000000e+03
2.278000000000000000e+03 2.371000000000000000e+03
2.313000000000000000e+03 2.398000000000000000e+03
2.158000000000000000e+03 2.382000000000000000e+03
2.012000000000000000e+03 2.346000000000000000e+03
1.978000000000000000e+03 2.184000000000000000e+03
1.860000000000000000e+03 2.147000000000000000e+03
1.810000000000000000e+03 2.388000000000000000e+03
1.847000000000000000e+03 2.351000000000000000e+03
2.089000000000000000e+03 2.815000000000000000e+03
2.089000000000000000e+03 2.530000000000000000e+03
2.108000000000000000e+03 3.056000000000000000e+03
1.987000000000000000e+03 3.162000000000000000e+03
2.164000000000000000e+03 2.846000000000000000e+03
2.228000000000000000e+03 2.753000000000000000e+03
2.060000000000000000e+03 3.205000000000000000e+03
2.191000000000000000e+03 3.002000000000000000e+03
2.309000000000000000e+03 3.006000000000000000e+03
2.189000000000000000e+03 2.948000000000000000e+03
2.171000000000000000e+03 2.626000000000000000e+03
1.962000000000000000e+03 2.704000000000000000e+03
2.171000000000000000e+03 2.681000000000000000e+03
2.093000000000000000e+03 2.504000000000000000e+03
2.257000000000000000e+03 2.753000000000000000e+03
2.015000000000000000e+03 2.557000000000000000e+03
2.155000000000000000e+03 2.553000000000000000e+03
2.172000000000000000e+03 2.860000000000000000e+03
1.753000000000000000e+03 2.302000000000000000e+03
1.704000000000000000e+03 2.317000000000000000e+03
1.926000000000000000e+03 2.141000000000000000e+03
1.711000000000000000e+03 2.288000000000000000e+03
1.955000000000000000e+03 2.099000000000000000e+03
1.902000000000000000e+03 2.145000000000000000e+03
1.947000000000000000e+03 2.038000000000000000e+03
1.822000000000000000e+03 1.995000000000000000e+03
2.478000000000000000e+03 7.680000000000000000e+02
2.294000000000000000e+03 6.680000000000000000e+02
2.585000000000000000e+03 5.230000000000000000e+02
2.042000000000000000e+03 5.490000000000000000e+02
2.173000000000000000e+03 5.140000000000000000e+02
2.264000000000000000e+03 5.590000000000000000e+02
2.031000000000000000e+03 5.120000000000000000e+02
3.071000000000000000e+03 6.420000000000000000e+02
2.928000000000000000e+03 6.450000000000000000e+02
2.939000000000000000e+03 6.160000000000000000e+02
3.065000000000000000e+03 5.510000000000000000e+02
2.834000000000000000e+03 5.990000000000000000e+02
2.587000000000000000e+03 9.660000000000000000e+02
3.096000000000000000e+03 4.190000000000000000e+02
3.054000000000000000e+03 4.130000000000000000e+02
2.878000000000000000e+03 9.200000000000000000e+01
2.928000000000000000e+03 6.500000000000000000e+01
2.727000000000000000e+03 4.000000000000000000e+02
2.995000000000000000e+03 1.270000000000000000e+02
2.989000000000000000e+03 2.710000000000000000e+02
2.930000000000000000e+03 3.590000000000000000e+02
2.870000000000000000e+03 3.280000000000000000e+02
2.853000000000000000e+03 3.010000000000000000e+02
2.819000000000000000e+03 3.490000000000000000e+02
2.748000000000000000e+03 4.600000000000000000e+02
2.710000000000000000e+03 3.090000000000000000e+02
2.851000000000000000e+03 2.840000000000000000e+02
2.801000000000000000e+03 4.140000000000000000e+02
2.741000000000000000e+03 6.020000000000000000e+02
2.637000000000000000e+03 6.330000000000000000e+02
2.589000000000000000e+03 7.710000000000000000e+02
1.575000000000000000e+03 1.530000000000000000e+03
1.886000000000000000e+03 1.374000000000000000e+03
1.547000000000000000e+03 1.343000000000000000e+03
1.680000000000000000e+03 1.314000000000000000e+03
1.982000000000000000e+03 9.790000000000000000e+02
1.913000000000000000e+03 1.014000000000000000e+03
1.844000000000000000e+03 1.257000000000000000e+03
2.116000000000000000e+03 8.990000000000000000e+02
2.065000000000000000e+03 1.040000000000000000e+03
1.966000000000000000e+03 1.266000000000000000e+03
2.037000000000000000e+03 1.243000000000000000e+03
2.082000000000000000e+03 1.191000000000000000e+03
1.870000000000000000e+03 1.418000000000000000e+03
1.741000000000000000e+03 1.525000000000000000e+03
1.700000000000000000e+03 1.411000000000000000e+03
1.699000000000000000e+03 1.464000000000000000e+03
1.410000000000000000e+03 1.430000000000000000e+03
1.338000000000000000e+03 1.411000000000000000e+03
1.254000000000000000e+03 1.550000000000000000e+03
1.065000000000000000e+03 1.555000000000000000e+03
1.176000000000000000e+03 1.439000000000000000e+03
1.501000000000000000e+03 1.227000000000000000e+03
1.132000000000000000e+03 1.314000000000000000e+03
1.378000000000000000e+03 1.338000000000000000e+03
2.533000000000000000e+03 7.320000000000000000e+02
2.546000000000000000e+03 6.870000000000000000e+02
2.435000000000000000e+03 8.600000000000000000e+02
2.586000000000000000e+03 7.960000000000000000e+02
1.438000000000000000e+03 1.147000000000000000e+03
1.659000000000000000e+03 1.162000000000000000e+03
1.515000000000000000e+03 1.132000000000000000e+03
2.240000000000000000e+03 1.021000000000000000e+03
2.978000000000000000e+03 1.345000000000000000e+03
2.995000000000000000e+03 1.942000000000000000e+03
2.919000000000000000e+03 1.366000000000000000e+03
3.178000000000000000e+03 2.384000000000000000e+03
3.135000000000000000e+03 2.415000000000000000e+03
3.242000000000000000e+03 2.342000000000000000e+03
2.970000000000000000e+03 2.332000000000000000e+03
2.986000000000000000e+03 2.550000000000000000e+03
3.011000000000000000e+03 2.449000000000000000e+03
2.936000000000000000e+03 2.594000000000000000e+03
2.785000000000000000e+03 2.646000000000000000e+03
3.004000000000000000e+03 2.010000000000000000e+03
3.015000000000000000e+03 2.055000000000000000e+03
2.901000000000000000e+03 1.880000000000000000e+03
2.937000000000000000e+03 2.030000000000000000e+03
3.374000000000000000e+03 2.283000000000000000e+03
3.393000000000000000e+03 2.415000000000000000e+03
3.228000000000000000e+03 1.908000000000000000e+03
3.206000000000000000e+03 1.844000000000000000e+03
3.272000000000000000e+03 1.977000000000000000e+03
3.607000000000000000e+03 2.387000000000000000e+03
3.457000000000000000e+03 2.140000000000000000e+03
3.674000000000000000e+03 2.284000000000000000e+03
3.165000000000000000e+03 1.543000000000000000e+03
3.227000000000000000e+03 1.603000000000000000e+03
3.055000000000000000e+03 1.430000000000000000e+03
3.114000000000000000e+03 1.494000000000000000e+03
3.062000000000000000e+03 1.036000000000000000e+03
2.956000000000000000e+03 9.880000000000000000e+02
2.976000000000000000e+03 1.007000000000000000e+03
2.946000000000000000e+03 9.430000000000000000e+02
2.774000000000000000e+03 1.164000000000000000e+03
2.690000000000000000e+03 9.100000000000000000e+02
2.655000000000000000e+03 9.570000000000000000e+02
2.726000000000000000e+03 1.087000000000000000e+03
2.686000000000000000e+03 1.073000000000000000e+03
2.706000000000000000e+03 9.400000000000000000e+02
2.674000000000000000e+03 9.400000000000000000e+02
2.801000000000000000e+03 9.940000000000000000e+02
2.765000000000000000e+03 8.600000000000000000e+02
2.786000000000000000e+03 1.068000000000000000e+03
2.781000000000000000e+03 1.072000000000000000e+03
2.871000000000000000e+03 1.183000000000000000e+03
2.818000000000000000e+03 1.087000000000000000e+03
2.864000000000000000e+03 1.071000000000000000e+03
2.872000000000000000e+03 1.111000000000000000e+03
2.648000000000000000e+03 1.333000000000000000e+03
2.737000000000000000e+03 1.295000000000000000e+03
2.670000000000000000e+03 1.222000000000000000e+03
2.753000000000000000e+03 1.201000000000000000e+03
2.763000000000000000e+03 1.078000000000000000e+03
2.702000000000000000e+03 1.222000000000000000e+03
2.604000000000000000e+03 1.112000000000000000e+03
2.645000000000000000e+03 1.108000000000000000e+03
2.541000000000000000e+03 1.353000000000000000e+03
2.530000000000000000e+03 1.300000000000000000e+03
2.501000000000000000e+03 1.476000000000000000e+03
2.491000000000000000e+03 1.397000000000000000e+03
2.499000000000000000e+03 1.366000000000000000e+03
2.456000000000000000e+03 1.604000000000000000e+03
2.495000000000000000e+03 1.376000000000000000e+03
2.550000000000000000e+03 1.187000000000000000e+03
3.331000000000000000e+03 1.288000000000000000e+03
3.267000000000000000e+03 1.807000000000000000e+03
3.314000000000000000e+03 1.904000000000000000e+03
3.407000000000000000e+03 1.681000000000000000e+03
3.471000000000000000e+03 1.994000000000000000e+03
2.777000000000000000e+03 1.900000000000000000e+03
3.427000000000000000e+03 1.786000000000000000e+03
3.346000000000000000e+03 1.383000000000000000e+03
3.333000000000000000e+03 1.363000000000000000e+03
3.441000000000000000e+03 1.434000000000000000e+03
3.497000000000000000e+03 1.407000000000000000e+03
3.283000000000000000e+03 1.612000000000000000e+03
3.225000000000000000e+03 1.696000000000000000e+03
3.274000000000000000e+03 1.544000000000000000e+03
3.290000000000000000e+03 1.565000000000000000e+03
3.616000000000000000e+03 1.777000000000000000e+03
3.758000000000000000e+03 2.235000000000000000e+03
3.638000000000000000e+03 2.067000000000000000e+03
3.614000000000000000e+03 1.792000000000000000e+03
3.334000000000000000e+03 1.399000000000000000e+03
3.265000000000000000e+03 1.338000000000000000e+03
3.565000000000000000e+03 1.967000000000000000e+03
3.577000000000000000e+03 1.645000000000000000e+03
3.343000000000000000e+03 1.296000000000000000e+03
3.529000000000000000e+03 1.256000000000000000e+03
3.559000000000000000e+03 1.370000000000000000e+03
3.406000000000000000e+03 1.278000000000000000e+03
3.584000000000000000e+03 1.364000000000000000e+03
3.488000000000000000e+03 1.427000000000000000e+03
3.683000000000000000e+03 2.030000000000000000e+03
3.500000000000000000e+03 1.435000000000000000e+03
3.759000000000000000e+03 1.545000000000000000e+03
3.682000000000000000e+03 1.945000000000000000e+03
3.797000000000000000e+03 1.535000000000000000e+03
3.820000000000000000e+03 1.880000000000000000e+03
3.894000000000000000e+03 1.520000000000000000e+03
3.797000000000000000e+03 1.408000000000000000e+03
3.761000000000000000e+03 1.531000000000000000e+03
3.763000000000000000e+03 1.446000000000000000e+03
3.691000000000000000e+03 1.254000000000000000e+03
3.728000000000000000e+03 1.247000000000000000e+03
3.372000000000000000e+03 1.241000000000000000e+03
3.390000000000000000e+03 1.195000000000000000e+03
3.935000000000000000e+03 1.310000000000000000e+03
3.960000000000000000e+03 1.073000000000000000e+03
3.850000000000000000e+03 1.182000000000000000e+03
3.964000000000000000e+03 1.194000000000000000e+03
3.286000000000000000e+03 9.160000000000000000e+02
3.402000000000000000e+03 9.550000000000000000e+02
3.338000000000000000e+03 8.610000000000000000e+02
3.301000000000000000e+03 7.280000000000000000e+02
3.323000000000000000e+03 1.077000000000000000e+03
3.209000000000000000e+03 1.068000000000000000e+03
3.546000000000000000e+03 1.095000000000000000e+03
3.636000000000000000e+03 1.129000000000000000e+03
3.371000000000000000e+03 1.080000000000000000e+03
3.348000000000000000e+03 1.034000000000000000e+03
3.488000000000000000e+03 1.105000000000000000e+03
3.678000000000000000e+03 1.132000000000000000e+03
3.748000000000000000e+03 1.003000000000000000e+03
3.798000000000000000e+03 1.035000000000000000e+03
3.541000000000000000e+03 1.069000000000000000e+03
3.270000000000000000e+03 1.107000000000000000e+03
1.928000000000000000e+03 1.453000000000000000e+03
2.004000000000000000e+03 1.381000000000000000e+03
1.470000000000000000e+03 1.679000000000000000e+03
6.670000000000000000e+02 2.133000000000000000e+03
8.000000000000000000e+01 2.221000000000000000e+03
1.830000000000000000e+02 2.242000000000000000e+03
1.253000000000000000e+03 1.930000000000000000e+03
6.180000000000000000e+02 2.061000000000000000e+03
1.320000000000000000e+02 1.965000000000000000e+03
3.260000000000000000e+02 1.922000000000000000e+03
1.480000000000000000e+02 2.093000000000000000e+03
1.550000000000000000e+02 1.850000000000000000e+03
5.900000000000000000e+01 1.972000000000000000e+03
5.650000000000000000e+02 1.948000000000000000e+03
3.160000000000000000e+02 2.060000000000000000e+03
1.124000000000000000e+03 1.885000000000000000e+03
1.027000000000000000e+03 1.828000000000000000e+03
1.050000000000000000e+03 1.717000000000000000e+03
1.081000000000000000e+03 1.761000000000000000e+03
9.170000000000000000e+02 1.761000000000000000e+03
9.170000000000000000e+02 1.843000000000000000e+03
9.130000000000000000e+02 1.711000000000000000e+03
9.090000000000000000e+02 1.744000000000000000e+03
1.239000000000000000e+03 1.804000000000000000e+03
1.169000000000000000e+03 1.979000000000000000e+03
1.095000000000000000e+03 1.680000000000000000e+03
1.050000000000000000e+03 1.736000000000000000e+03
9.540000000000000000e+02 1.820000000000000000e+03
5.980000000000000000e+02 2.103000000000000000e+03
1.259000000000000000e+03 1.852000000000000000e+03
1.347000000000000000e+03 1.844000000000000000e+03
2.302000000000000000e+03 2.694000000000000000e+03
2.644000000000000000e+03 2.008000000000000000e+03
2.610000000000000000e+03 2.256000000000000000e+03
2.624000000000000000e+03 1.832000000000000000e+03
2.647000000000000000e+03 1.849000000000000000e+03
2.680000000000000000e+03 2.242000000000000000e+03
2.639000000000000000e+03 2.197000000000000000e+03
2.688000000000000000e+03 1.781000000000000000e+03
2.732000000000000000e+03 1.831000000000000000e+03
2.495000000000000000e+03 2.364000000000000000e+03
2.486000000000000000e+03 1.894000000000000000e+03
2.621000000000000000e+03 1.797000000000000000e+03
2.562000000000000000e+03 1.758000000000000000e+03
2.612000000000000000e+03 1.944000000000000000e+03
2.575000000000000000e+03 2.347000000000000000e+03
2.655000000000000000e+03 2.355000000000000000e+03
2.663000000000000000e+03 2.331000000000000000e+03
2.515000000000000000e+03 1.948000000000000000e+03
2.643000000000000000e+03 1.944000000000000000e+03
2.592000000000000000e+03 2.005000000000000000e+03
2.621000000000000000e+03 1.911000000000000000e+03
2.583000000000000000e+03 2.499000000000000000e+03
2.731000000000000000e+03 2.399000000000000000e+03
2.829000000000000000e+03 2.482000000000000000e+03
2.801000000000000000e+03 2.358000000000000000e+03
2.731000000000000000e+03 2.033000000000000000e+03
2.757000000000000000e+03 1.899000000000000000e+03
2.830000000000000000e+03 2.016000000000000000e+03
2.812000000000000000e+03 2.013000000000000000e+03
2.785000000000000000e+03 2.463000000000000000e+03
2.287000000000000000e+03 2.489000000000000000e+03
1.234000000000000000e+03 2.202000000000000000e+03
1.473000000000000000e+03 2.016000000000000000e+03
1.579000000000000000e+03 2.009000000000000000e+03
1.294000000000000000e+03 2.202000000000000000e+03
1.506000000000000000e+03 2.122000000000000000e+03
1.412000000000000000e+03 2.127000000000000000e+03
1.793000000000000000e+03 2.048000000000000000e+03
7.790000000000000000e+02 1.851000000000000000e+03
1.203000000000000000e+03 1.939000000000000000e+03
5.740000000000000000e+02 1.853000000000000000e+03
9.530000000000000000e+02 1.922000000000000000e+03
7.790000000000000000e+02 2.236000000000000000e+03
5.170000000000000000e+02 2.552000000000000000e+03
4.790000000000000000e+02 2.794000000000000000e+03
6.920000000000000000e+02 2.223000000000000000e+03
4.190000000000000000e+02 2.940000000000000000e+03
3.100000000000000000e+02 2.800000000000000000e+03
5.370000000000000000e+02 2.536000000000000000e+03
1.050000000000000000e+02 2.880000000000000000e+03
1.190000000000000000e+02 3.124000000000000000e+03
4.000000000000000000e+02 3.019000000000000000e+03
1.900000000000000000e+02 3.144000000000000000e+03
2.170000000000000000e+02 2.991000000000000000e+03
2.390000000000000000e+02 2.515000000000000000e+03
3.900000000000000000e+01 2.563000000000000000e+03
2.530000000000000000e+02 2.516000000000000000e+03
2.810000000000000000e+02 2.451000000000000000e+03
1.143000000000000000e+03 2.069000000000000000e+03
1.086000000000000000e+03 2.253000000000000000e+03
2.470000000000000000e+02 2.389000000000000000e+03
8.930000000000000000e+02 2.230000000000000000e+03
1.890000000000000000e+02 3.060000000000000000e+03
2.500000000000000000e+02 3.262000000000000000e+03
2.500000000000000000e+02 3.074000000000000000e+03
3.680000000000000000e+02 3.130000000000000000e+03
1.720000000000000000e+02 3.325000000000000000e+03
5.540000000000000000e+02 3.170000000000000000e+03
1.620000000000000000e+02 3.331000000000000000e+03
1.480000000000000000e+02 3.325000000000000000e+03
1.127000000000000000e+03 2.951000000000000000e+03
6.660000000000000000e+02 2.979000000000000000e+03
1.417000000000000000e+03 2.573000000000000000e+03
1.019000000000000000e+03 2.436000000000000000e+03
2.150000000000000000e+02 2.942000000000000000e+03
1.219000000000000000e+03 2.382000000000000000e+03
1.537000000000000000e+03 2.487000000000000000e+03
1.211000000000000000e+03 2.163000000000000000e+03
1.393000000000000000e+03 2.223000000000000000e+03
9.050000000000000000e+02 2.397000000000000000e+03
8.010000000000000000e+02 2.534000000000000000e+03
3.030000000000000000e+02 2.798000000000000000e+03
1.416000000000000000e+03 2.436000000000000000e+03
1.577000000000000000e+03 2.181000000000000000e+03
1.252000000000000000e+03 2.335000000000000000e+03
1.716000000000000000e+03 2.167000000000000000e+03
7.290000000000000000e+02 2.803000000000000000e+03
4.380000000000000000e+02 2.592000000000000000e+03
5.820000000000000000e+02 2.775000000000000000e+03
5.080000000000000000e+02 2.597000000000000000e+03
1.980000000000000000e+02 2.763000000000000000e+03
8.380000000000000000e+02 2.652000000000000000e+03
1.156000000000000000e+03 2.537000000000000000e+03
1.670000000000000000e+02 2.703000000000000000e+03
2.937000000000000000e+03 2.535000000000000000e+03
1.464000000000000000e+03 2.472000000000000000e+03
1.624000000000000000e+03 2.679000000000000000e+03
2.785000000000000000e+03 2.432000000000000000e+03
2.376000000000000000e+03 2.452000000000000000e+03
2.584000000000000000e+03 2.404000000000000000e+03
2.082000000000000000e+03 2.539000000000000000e+03
2.083000000000000000e+03 2.983000000000000000e+03
2.711000000000000000e+03 2.728000000000000000e+03
2.300000000000000000e+03 2.545000000000000000e+03
2.059000000000000000e+03 2.691000000000000000e+03
2.119000000000000000e+03 2.768000000000000000e+03
2.376000000000000000e+03 2.995000000000000000e+03
2.363000000000000000e+03 2.638000000000000000e+03
2.552000000000000000e+03 2.593000000000000000e+03
3.299000000000000000e+03 2.637000000000000000e+03
3.265000000000000000e+03 2.667000000000000000e+03
3.304000000000000000e+03 2.457000000000000000e+03
2.854000000000000000e+03 2.632000000000000000e+03
2.707000000000000000e+03 2.981000000000000000e+03
2.970000000000000000e+03 2.938000000000000000e+03
3.160000000000000000e+03 3.125000000000000000e+03
3.042000000000000000e+03 2.924000000000000000e+03
3.111000000000000000e+03 2.611000000000000000e+03
3.365000000000000000e+03 2.569000000000000000e+03
2.998000000000000000e+03 2.575000000000000000e+03
2.422000000000000000e+03 2.460000000000000000e+03
3.186000000000000000e+03 2.564000000000000000e+03
3.129000000000000000e+03 2.618000000000000000e+03
3.418000000000000000e+03 2.605000000000000000e+03
3.289000000000000000e+03 2.580000000000000000e+03
2.687000000000000000e+03 3.057000000000000000e+03
2.768000000000000000e+03 2.963000000000000000e+03
2.740000000000000000e+03 3.156000000000000000e+03
2.424000000000000000e+03 3.285000000000000000e+03
3.787000000000000000e+03 2.659000000000000000e+03
2.964000000000000000e+03 2.769000000000000000e+03
3.458000000000000000e+03 2.760000000000000000e+03
2.211000000000000000e+03 3.240000000000000000e+03
2.467000000000000000e+03 3.219000000000000000e+03
2.392000000000000000e+03 3.269000000000000000e+03
2.317000000000000000e+03 3.377000000000000000e+03
2.152000000000000000e+03 3.389000000000000000e+03
2.385000000000000000e+03 3.281000000000000000e+03
2.359000000000000000e+03 3.296000000000000000e+03
2.287000000000000000e+03 3.297000000000000000e+03
2.085000000000000000e+03 3.427000000000000000e+03
2.082000000000000000e+03 3.422000000000000000e+03
2.011000000000000000e+03 3.388000000000000000e+03
1.990000000000000000e+03 3.497000000000000000e+03
2.198000000000000000e+03 3.524000000000000000e+03
2.176000000000000000e+03 3.401000000000000000e+03
2.131000000000000000e+03 3.522000000000000000e+03
2.020000000000000000e+03 3.491000000000000000e+03
3.123000000000000000e+03 2.423000000000000000e+03
3.343000000000000000e+03 2.494000000000000000e+03
2.923000000000000000e+03 2.419000000000000000e+03
3.106000000000000000e+03 2.435000000000000000e+03
3.369000000000000000e+03 2.421000000000000000e+03
3.329000000000000000e+03 2.494000000000000000e+03
2.131000000000000000e+03 3.227000000000000000e+03
2.352000000000000000e+03 3.304000000000000000e+03
1.290000000000000000e+03 3.483000000000000000e+03
1.191000000000000000e+03 3.737000000000000000e+03
1.313000000000000000e+03 3.227000000000000000e+03
1.369000000000000000e+03 3.788000000000000000e+03
1.263000000000000000e+03 3.807000000000000000e+03
1.227000000000000000e+03 3.825000000000000000e+03
1.293000000000000000e+03 3.913000000000000000e+03
1.194000000000000000e+03 3.875000000000000000e+03
1.261000000000000000e+03 3.576000000000000000e+03
1.035000000000000000e+03 3.835000000000000000e+03
1.009000000000000000e+03 3.905000000000000000e+03
1.073000000000000000e+03 3.871000000000000000e+03
1.148000000000000000e+03 3.213000000000000000e+03
1.006000000000000000e+03 3.808000000000000000e+03
1.021000000000000000e+03 3.858000000000000000e+03
1.443000000000000000e+03 3.893000000000000000e+03
1.541000000000000000e+03 3.470000000000000000e+03
1.429000000000000000e+03 3.776000000000000000e+03
1.526000000000000000e+03 3.540000000000000000e+03
1.490000000000000000e+03 3.799000000000000000e+03
1.495000000000000000e+03 3.680000000000000000e+03
1.454000000000000000e+03 3.368000000000000000e+03
2.021000000000000000e+03 3.116000000000000000e+03
1.737000000000000000e+03 3.820000000000000000e+03
1.818000000000000000e+03 3.740000000000000000e+03
2.188000000000000000e+03 3.731000000000000000e+03
1.617000000000000000e+03 3.824000000000000000e+03
1.663000000000000000e+03 3.737000000000000000e+03
1.667000000000000000e+03 3.777000000000000000e+03
2.125000000000000000e+03 3.432000000000000000e+03
1.797000000000000000e+03 3.774000000000000000e+03
5.360000000000000000e+02 3.826000000000000000e+03
1.525000000000000000e+03 3.236000000000000000e+03
4.840000000000000000e+02 3.926000000000000000e+03
4.190000000000000000e+02 3.895000000000000000e+03
5.410000000000000000e+02 3.547000000000000000e+03
3.990000000000000000e+02 3.814000000000000000e+03
2.880000000000000000e+02 3.875000000000000000e+03
3.210000000000000000e+02 3.833000000000000000e+03
8.260000000000000000e+02 3.650000000000000000e+03
7.060000000000000000e+02 3.777000000000000000e+03
6.370000000000000000e+02 3.899000000000000000e+03
6.470000000000000000e+02 3.906000000000000000e+03
8.100000000000000000e+02 3.836000000000000000e+03
8.420000000000000000e+02 3.603000000000000000e+03
8.840000000000000000e+02 3.784000000000000000e+03
8.500000000000000000e+02 3.877000000000000000e+03
2.950000000000000000e+02 3.216000000000000000e+03
2.970000000000000000e+02 3.427000000000000000e+03
2.660000000000000000e+02 2.893000000000000000e+03
1.820000000000000000e+02 3.641000000000000000e+03
2.530000000000000000e+02 3.506000000000000000e+03
4.470000000000000000e+02 3.081000000000000000e+03
6.300000000000000000e+01 3.504000000000000000e+03
3.880000000000000000e+02 3.107000000000000000e+03
1.520000000000000000e+02 3.772000000000000000e+03
2.640000000000000000e+02 3.748000000000000000e+03
3.960000000000000000e+02 3.450000000000000000e+03
8.470000000000000000e+02 2.962000000000000000e+03
4.290000000000000000e+02 3.232000000000000000e+03
2.700000000000000000e+02 3.760000000000000000e+03
2.280000000000000000e+02 3.835000000000000000e+03
3.080000000000000000e+02 3.563000000000000000e+03
1.996000000000000000e+03 2.805000000000000000e+03
3.276000000000000000e+03 3.120000000000000000e+03
2.597000000000000000e+03 3.498000000000000000e+03
2.006000000000000000e+03 3.520000000000000000e+03
1.983000000000000000e+03 3.595000000000000000e+03
1.899000000000000000e+03 3.322000000000000000e+03
2.146000000000000000e+03 3.259000000000000000e+03
2.308000000000000000e+03 3.052000000000000000e+03
2.023000000000000000e+03 3.855000000000000000e+03
1.805000000000000000e+03 3.728000000000000000e+03
1.991000000000000000e+03 3.835000000000000000e+03
1.859000000000000000e+03 3.879000000000000000e+03
1.859000000000000000e+03 3.783000000000000000e+03
1.710000000000000000e+03 3.739000000000000000e+03
1.829000000000000000e+03 3.872000000000000000e+03
2.473000000000000000e+03 3.554000000000000000e+03
3.059000000000000000e+03 3.529000000000000000e+03
2.401000000000000000e+03 3.632000000000000000e+03
2.529000000000000000e+03 3.533000000000000000e+03
3.070000000000000000e+03 3.796000000000000000e+03
3.007000000000000000e+03 3.602000000000000000e+03
3.076000000000000000e+03 3.683000000000000000e+03
2.995000000000000000e+03 3.693000000000000000e+03
3.034000000000000000e+03 3.544000000000000000e+03
3.059000000000000000e+03 3.440000000000000000e+03
2.812000000000000000e+03 3.544000000000000000e+03
2.953000000000000000e+03 3.547000000000000000e+03
2.611000000000000000e+03 3.539000000000000000e+03
2.756000000000000000e+03 3.411000000000000000e+03
2.932000000000000000e+03 3.439000000000000000e+03
2.682000000000000000e+03 3.390000000000000000e+03
2.206000000000000000e+03 3.029000000000000000e+03
3.032000000000000000e+03 3.223000000000000000e+03
3.060000000000000000e+03 3.296000000000000000e+03
3.048000000000000000e+03 3.278000000000000000e+03
2.914000000000000000e+03 3.321000000000000000e+03
2.439000000000000000e+03 3.263000000000000000e+03
2.844000000000000000e+03 3.291000000000000000e+03
2.850000000000000000e+03 3.172000000000000000e+03
2.797000000000000000e+03 3.125000000000000000e+03
2.926000000000000000e+03 3.165000000000000000e+03
2.687000000000000000e+03 3.182000000000000000e+03
2.992000000000000000e+03 3.173000000000000000e+03
2.717000000000000000e+03 3.288000000000000000e+03
2.943000000000000000e+03 3.060000000000000000e+03
2.935000000000000000e+03 3.087000000000000000e+03
3.596000000000000000e+03 2.690000000000000000e+03
3.776000000000000000e+03 2.577000000000000000e+03
3.773000000000000000e+03 2.555000000000000000e+03
3.759000000000000000e+03 2.535000000000000000e+03
3.438000000000000000e+03 2.678000000000000000e+03
3.939000000000000000e+03 2.442000000000000000e+03
3.247000000000000000e+03 2.844000000000000000e+03
3.624000000000000000e+03 2.548000000000000000e+03
2.635000000000000000e+03 3.033000000000000000e+03
2.798000000000000000e+03 3.141000000000000000e+03
3.676000000000000000e+03 2.594000000000000000e+03
3.195000000000000000e+03 2.786000000000000000e+03
2.932000000000000000e+03 2.985000000000000000e+03
2.619000000000000000e+03 3.072000000000000000e+03
3.221000000000000000e+03 2.820000000000000000e+03
3.264000000000000000e+03 2.825000000000000000e+03
3.011000000000000000e+03 3.636000000000000000e+03
2.957000000000000000e+03 3.878000000000000000e+03
3.304000000000000000e+03 3.869000000000000000e+03
3.816000000000000000e+03 3.914000000000000000e+03
3.611000000000000000e+03 3.893000000000000000e+03
3.573000000000000000e+03 3.932000000000000000e+03
3.768000000000000000e+03 3.959000000000000000e+03
2.923000000000000000e+03 3.807000000000000000e+03
2.831000000000000000e+03 3.712000000000000000e+03
3.023000000000000000e+03 3.766000000000000000e+03
3.011000000000000000e+03 2.893000000000000000e+03
2.899000000000000000e+03 3.857000000000000000e+03
2.994000000000000000e+03 3.838000000000000000e+03
3.146000000000000000e+03 3.660000000000000000e+03
2.791000000000000000e+03 3.938000000000000000e+03
2.797000000000000000e+03 3.666000000000000000e+03
2.841000000000000000e+03 3.566000000000000000e+03
2.120000000000000000e+03 3.407000000000000000e+03
1.974000000000000000e+03 3.062000000000000000e+03
2.612000000000000000e+03 3.562000000000000000e+03
2.294000000000000000e+03 3.649000000000000000e+03
2.111000000000000000e+03 3.100000000000000000e+03
2.771000000000000000e+03 3.754000000000000000e+03
2.351000000000000000e+03 3.276000000000000000e+03
2.281000000000000000e+03 3.150000000000000000e+03
2.671000000000000000e+03 3.419000000000000000e+03
2.656000000000000000e+03 3.462000000000000000e+03
2.667000000000000000e+03 3.526000000000000000e+03
2.431000000000000000e+03 3.255000000000000000e+03
2.423000000000000000e+03 3.255000000000000000e+03
2.498000000000000000e+03 3.389000000000000000e+03
2.638000000000000000e+03 3.320000000000000000e+03
2.414000000000000000e+03 3.575000000000000000e+03
2.289000000000000000e+03 3.675000000000000000e+03
2.242000000000000000e+03 3.596000000000000000e+03
2.327000000000000000e+03 3.513000000000000000e+03
2.408000000000000000e+03 3.525000000000000000e+03
2.037000000000000000e+03 3.534000000000000000e+03
2.419000000000000000e+03 3.467000000000000000e+03
2.393000000000000000e+03 3.716000000000000000e+03
2.526000000000000000e+03 3.818000000000000000e+03
2.501000000000000000e+03 3.660000000000000000e+03
2.413000000000000000e+03 3.713000000000000000e+03
2.102000000000000000e+03 3.681000000000000000e+03
2.509000000000000000e+03 3.661000000000000000e+03
2.496000000000000000e+03 3.786000000000000000e+03
2.387000000000000000e+03 3.638000000000000000e+03
2.017000000000000000e+03 3.890000000000000000e+03
2.351000000000000000e+03 3.860000000000000000e+03
2.066000000000000000e+03 3.779000000000000000e+03
2.744000000000000000e+03 3.472000000000000000e+03
2.226000000000000000e+03 3.746000000000000000e+03
2.129000000000000000e+03 3.740000000000000000e+03
2.135000000000000000e+03 3.884000000000000000e+03
2.195000000000000000e+03 3.831000000000000000e+03
2.368000000000000000e+03 3.575000000000000000e+03
2.190000000000000000e+03 3.265000000000000000e+03
2.377000000000000000e+03 3.793000000000000000e+03
2.490000000000000000e+03 3.819000000000000000e+03
2.523000000000000000e+03 3.954000000000000000e+03
2.454000000000000000e+03 3.741000000000000000e+03
2.177000000000000000e+03 3.750000000000000000e+03
2.337000000000000000e+03 3.888000000000000000e+03
3.440000000000000000e+02 2.450000000000000000e+03
2.020000000000000000e+02 1.870000000000000000e+03
4.220000000000000000e+02 0.000000000000000000e+00
3.192000000000000000e+03 0.000000000000000000e+00
2.758000000000000000e+03 1.700000000000000000e+03
3.165000000000000000e+03 2.690000000000000000e+03
