1.583000000000000000e+03 1.012000000000000000e+03
1.353000000000000000e+03 9.280000000000000000e+02
1.034000000000000000e+03 9.270000000000000000e+02
1.618000000000000000e+03 5.510000000000000000e+02
1.218000000000000000e+03 7.780000000000000000e+02
1.560000000000000000e+02 4.720000000000000000e+02
1.480000000000000000e+02 3.690000000000000000e+02
1.880000000000000000e+02 4.450000000000000000e+02
2.460000000000000000e+02 5.200000000000000000e+02
2.880000000000000000e+02 1.003000000000000000e+03
6.550000000000000000e+02 9.110000000000000000e+02
3.960000000000000000e+02 5.420000000000000000e+02
3.180000000000000000e+02 8.940000000000000000e+02
3.450000000000000000e+02 8.380000000000000000e+02
6.350000000000000000e+02 8.920000000000000000e+02
1.018000000000000000e+03 1.004000000000000000e+03
1.071000000000000000e+03 1.050000000000000000e+03
1.056000000000000000e+03 1.048000000000000000e+03
1.194000000000000000e+03 9.790000000000000000e+02
1.292000000000000000e+03 7.640000000000000000e+02
1.497000000000000000e+03 5.640000000000000000e+02
1.455000000000000000e+03 4.300000000000000000e+02
1.399000000000000000e+03 5.100000000000000000e+02
1.047000000000000000e+03 1.100000000000000000e+03
9.780000000000000000e+02 1.173000000000000000e+03
9.380000000000000000e+02 1.208000000000000000e+03
1.286000000000000000e+03 1.177000000000000000e+03
7.150000000000000000e+02 1.157000000000000000e+03
7.830000000000000000e+02 1.176000000000000000e+03
8.720000000000000000e+02 9.670000000000000000e+02
7.920000000000000000e+02 1.084000000000000000e+03
1.410000000000000000e+03 9.140000000000000000e+02
5.550000000000000000e+02 9.510000000000000000e+02
1.245000000000000000e+03 8.700000000000000000e+02
2.180000000000000000e+02 8.740000000000000000e+02
1.760000000000000000e+02 8.340000000000000000e+02
1.380000000000000000e+02 8.930000000000000000e+02
4.410000000000000000e+02 8.050000000000000000e+02
7.300000000000000000e+01 5.750000000000000000e+02
1.730000000000000000e+02 1.001000000000000000e+03
1.230000000000000000e+02 6.810000000000000000e+02
1.700000000000000000e+02 8.940000000000000000e+02
5.800000000000000000e+01 5.110000000000000000e+02
1.480000000000000000e+02 7.980000000000000000e+02
2.770000000000000000e+02 7.290000000000000000e+02
1.130000000000000000e+02 6.810000000000000000e+02
1.019000000000000000e+03 7.380000000000000000e+02
1.445000000000000000e+03 8.050000000000000000e+02
1.442000000000000000e+03 1.107000000000000000e+03
1.293000000000000000e+03 1.055000000000000000e+03
1.292000000000000000e+03 1.012000000000000000e+03
1.535000000000000000e+03 1.032000000000000000e+03
1.371000000000000000e+03 1.074000000000000000e+03
1.315000000000000000e+03 9.660000000000000000e+02
2.330000000000000000e+02 9.840000000000000000e+02
9.300000000000000000e+01 1.064000000000000000e+03
3.260000000000000000e+02 9.110000000000000000e+02
8.700000000000000000e+01 1.041000000000000000e+03
1.430000000000000000e+02 1.121000000000000000e+03
1.920000000000000000e+02 1.117000000000000000e+03
3.530000000000000000e+02 1.174000000000000000e+03
6.850000000000000000e+02 1.164000000000000000e+03
1.200000000000000000e+03 1.429000000000000000e+03
8.480000000000000000e+02 1.425000000000000000e+03
1.482000000000000000e+03 1.548000000000000000e+03
6.310000000000000000e+02 1.025000000000000000e+03
9.300000000000000000e+02 9.910000000000000000e+02
1.300000000000000000e+03 8.620000000000000000e+02
8.370000000000000000e+02 1.221000000000000000e+03
6.600000000000000000e+02 1.289000000000000000e+03
3.950000000000000000e+02 1.263000000000000000e+03
8.040000000000000000e+02 1.112000000000000000e+03
5.580000000000000000e+02 1.104000000000000000e+03
4.380000000000000000e+02 1.173000000000000000e+03
4.850000000000000000e+02 1.204000000000000000e+03
4.100000000000000000e+02 1.286000000000000000e+03
3.670000000000000000e+02 1.273000000000000000e+03
7.390000000000000000e+02 2.119000000000000000e+03
7.970000000000000000e+02 1.796000000000000000e+03
7.540000000000000000e+02 2.137000000000000000e+03
6.110000000000000000e+02 1.834000000000000000e+03
6.930000000000000000e+02 1.713000000000000000e+03
8.680000000000000000e+02 1.772000000000000000e+03
1.201000000000000000e+03 1.837000000000000000e+03
9.610000000000000000e+02 2.833000000000000000e+03
6.820000000000000000e+02 1.443000000000000000e+03
8.430000000000000000e+02 1.370000000000000000e+03
7.100000000000000000e+02 1.367000000000000000e+03
6.640000000000000000e+02 1.374000000000000000e+03
8.790000000000000000e+02 1.586000000000000000e+03
8.280000000000000000e+02 1.466000000000000000e+03
8.050000000000000000e+02 1.484000000000000000e+03
7.660000000000000000e+02 1.455000000000000000e+03
4.880000000000000000e+02 1.515000000000000000e+03
1.131000000000000000e+03 1.404000000000000000e+03
1.107000000000000000e+03 1.137000000000000000e+03
9.080000000000000000e+02 1.243000000000000000e+03
7.710000000000000000e+02 1.471000000000000000e+03
8.980000000000000000e+02 1.410000000000000000e+03
2.180000000000000000e+02 1.517000000000000000e+03
1.310000000000000000e+02 1.584000000000000000e+03
4.480000000000000000e+02 1.183000000000000000e+03
3.290000000000000000e+02 1.312000000000000000e+03
3.480000000000000000e+02 1.283000000000000000e+03
3.610000000000000000e+02 1.246000000000000000e+03
1.460000000000000000e+02 1.419000000000000000e+03
5.870000000000000000e+02 1.263000000000000000e+03
1.474000000000000000e+03 1.211000000000000000e+03
2.200000000000000000e+02 1.256000000000000000e+03
5.020000000000000000e+02 1.752000000000000000e+03
6.780000000000000000e+02 1.541000000000000000e+03
6.140000000000000000e+02 1.512000000000000000e+03
6.350000000000000000e+02 1.562000000000000000e+03
1.210000000000000000e+02 1.766000000000000000e+03
4.860000000000000000e+02 1.523000000000000000e+03
2.600000000000000000e+02 1.650000000000000000e+03
2.020000000000000000e+02 1.690000000000000000e+03
5.130000000000000000e+02 1.418000000000000000e+03
7.280000000000000000e+02 1.414000000000000000e+03
4.560000000000000000e+02 1.577000000000000000e+03
3.710000000000000000e+02 1.463000000000000000e+03
3.770000000000000000e+02 1.685000000000000000e+03
3.680000000000000000e+02 1.761000000000000000e+03
7.450000000000000000e+02 1.558000000000000000e+03
5.490000000000000000e+02 1.541000000000000000e+03
1.591000000000000000e+03 7.220000000000000000e+02
1.978000000000000000e+03 7.160000000000000000e+02
1.601000000000000000e+03 9.450000000000000000e+02
1.315000000000000000e+03 5.540000000000000000e+02
1.414000000000000000e+03 5.820000000000000000e+02
1.607000000000000000e+03 9.090000000000000000e+02
1.480000000000000000e+03 8.250000000000000000e+02
1.457000000000000000e+03 5.800000000000000000e+02
1.510000000000000000e+03 7.350000000000000000e+02
1.552000000000000000e+03 6.490000000000000000e+02
1.433000000000000000e+03 7.040000000000000000e+02
1.671000000000000000e+03 7.260000000000000000e+02
1.526000000000000000e+03 5.870000000000000000e+02
1.483000000000000000e+03 5.460000000000000000e+02
1.651000000000000000e+03 7.600000000000000000e+02
1.820000000000000000e+03 8.490000000000000000e+02
1.757000000000000000e+03 7.720000000000000000e+02
1.837000000000000000e+03 7.100000000000000000e+02
1.820000000000000000e+03 8.700000000000000000e+02
1.669000000000000000e+03 7.700000000000000000e+02
1.776000000000000000e+03 8.320000000000000000e+02
1.763000000000000000e+03 7.430000000000000000e+02
1.627000000000000000e+03 6.550000000000000000e+02
1.562000000000000000e+03 8.080000000000000000e+02
1.568000000000000000e+03 7.440000000000000000e+02
1.489000000000000000e+03 7.440000000000000000e+02
1.515000000000000000e+03 8.460000000000000000e+02
1.740000000000000000e+03 9.030000000000000000e+02
1.731000000000000000e+03 7.610000000000000000e+02
1.756000000000000000e+03 7.620000000000000000e+02
1.704000000000000000e+03 8.290000000000000000e+02
1.803000000000000000e+03 6.890000000000000000e+02
1.669000000000000000e+03 5.040000000000000000e+02
1.695000000000000000e+03 4.950000000000000000e+02
1.885000000000000000e+03 5.290000000000000000e+02
1.781000000000000000e+03 6.420000000000000000e+02
1.857000000000000000e+03 7.420000000000000000e+02
1.789000000000000000e+03 5.000000000000000000e+02
1.397000000000000000e+03 2.580000000000000000e+02
1.473000000000000000e+03 2.650000000000000000e+02
1.395000000000000000e+03 1.580000000000000000e+02
1.439000000000000000e+03 1.860000000000000000e+02
1.583000000000000000e+03 1.820000000000000000e+02
1.671000000000000000e+03 4.010000000000000000e+02
1.646000000000000000e+03 3.340000000000000000e+02
1.559000000000000000e+03 3.400000000000000000e+02
1.930000000000000000e+02 1.490000000000000000e+02
1.260000000000000000e+02 2.350000000000000000e+02
4.060000000000000000e+02 2.670000000000000000e+02
8.480000000000000000e+02 3.440000000000000000e+02
2.610000000000000000e+02 3.080000000000000000e+02
9.900000000000000000e+01 1.150000000000000000e+02
3.000000000000000000e+02 3.570000000000000000e+02
9.890000000000000000e+02 4.680000000000000000e+02
1.058000000000000000e+03 4.640000000000000000e+02
1.177000000000000000e+03 5.590000000000000000e+02
1.311000000000000000e+03 5.850000000000000000e+02
1.444000000000000000e+03 9.900000000000000000e+02
3.790000000000000000e+02 1.480000000000000000e+02
5.430000000000000000e+02 1.570000000000000000e+02
6.710000000000000000e+02 2.480000000000000000e+02
7.630000000000000000e+02 1.460000000000000000e+02
1.852000000000000000e+03 6.480000000000000000e+02
2.005000000000000000e+03 2.220000000000000000e+02
2.020000000000000000e+03 6.700000000000000000e+02
2.052000000000000000e+03 1.870000000000000000e+02
2.073000000000000000e+03 2.570000000000000000e+02
2.086000000000000000e+03 4.630000000000000000e+02
1.907000000000000000e+03 3.720000000000000000e+02
1.826000000000000000e+03 2.650000000000000000e+02
1.849000000000000000e+03 1.330000000000000000e+02
1.797000000000000000e+03 1.450000000000000000e+02
1.776000000000000000e+03 1.080000000000000000e+02
1.754000000000000000e+03 2.320000000000000000e+02
1.801000000000000000e+03 4.220000000000000000e+02
1.881000000000000000e+03 3.720000000000000000e+02
1.961000000000000000e+03 2.960000000000000000e+02
2.148000000000000000e+03 6.690000000000000000e+02
2.104000000000000000e+03 4.450000000000000000e+02
2.137000000000000000e+03 5.760000000000000000e+02
2.011000000000000000e+03 8.140000000000000000e+02
2.235000000000000000e+03 4.880000000000000000e+02
2.184000000000000000e+03 5.150000000000000000e+02
2.142000000000000000e+03 4.680000000000000000e+02
2.204000000000000000e+03 4.420000000000000000e+02
2.367000000000000000e+03 7.790000000000000000e+02
2.267000000000000000e+03 8.040000000000000000e+02
2.078000000000000000e+03 8.180000000000000000e+02
2.112000000000000000e+03 7.210000000000000000e+02
2.138000000000000000e+03 7.500000000000000000e+02
2.063000000000000000e+03 6.610000000000000000e+02
2.270000000000000000e+03 7.220000000000000000e+02
2.179000000000000000e+03 6.960000000000000000e+02
2.029000000000000000e+03 9.400000000000000000e+01
1.948000000000000000e+03 3.670000000000000000e+02
2.056000000000000000e+03 2.110000000000000000e+02
2.061000000000000000e+03 2.460000000000000000e+02
1.781000000000000000e+03 4.620000000000000000e+02
1.769000000000000000e+03 3.610000000000000000e+02
1.763000000000000000e+03 4.090000000000000000e+02
1.808000000000000000e+03 4.430000000000000000e+02
2.136000000000000000e+03 5.470000000000000000e+02
2.256000000000000000e+03 2.820000000000000000e+02
2.140000000000000000e+03 3.390000000000000000e+02
2.294000000000000000e+03 8.330000000000000000e+02
2.412000000000000000e+03 1.580000000000000000e+02
2.388000000000000000e+03 9.400000000000000000e+01
2.357000000000000000e+03 3.000000000000000000e+02
2.518000000000000000e+03 6.000000000000000000e+01
1.771000000000000000e+03 1.042000000000000000e+03
1.232000000000000000e+03 1.219000000000000000e+03
1.471000000000000000e+03 1.191000000000000000e+03
1.799000000000000000e+03 1.037000000000000000e+03
2.266000000000000000e+03 6.090000000000000000e+02
2.326000000000000000e+03 6.810000000000000000e+02
2.373000000000000000e+03 6.690000000000000000e+02
2.157000000000000000e+03 6.310000000000000000e+02
2.550000000000000000e+03 3.170000000000000000e+02
2.306000000000000000e+03 5.120000000000000000e+02
2.456000000000000000e+03 2.630000000000000000e+02
2.407000000000000000e+03 3.350000000000000000e+02
2.387000000000000000e+03 4.050000000000000000e+02
2.412000000000000000e+03 3.810000000000000000e+02
2.538000000000000000e+03 3.780000000000000000e+02
2.398000000000000000e+03 5.250000000000000000e+02
2.132000000000000000e+03 1.482000000000000000e+03
2.204000000000000000e+03 1.321000000000000000e+03
2.163000000000000000e+03 1.573000000000000000e+03
2.101000000000000000e+03 7.880000000000000000e+02
2.022000000000000000e+03 7.540000000000000000e+02
2.262000000000000000e+03 1.211000000000000000e+03
2.282000000000000000e+03 9.360000000000000000e+02
1.996000000000000000e+03 1.302000000000000000e+03
1.974000000000000000e+03 1.425000000000000000e+03
2.129000000000000000e+03 1.557000000000000000e+03
2.206000000000000000e+03 1.278000000000000000e+03
2.073000000000000000e+03 1.251000000000000000e+03
2.005000000000000000e+03 1.384000000000000000e+03
2.042000000000000000e+03 1.187000000000000000e+03
2.016000000000000000e+03 1.215000000000000000e+03
1.487000000000000000e+03 1.468000000000000000e+03
2.283000000000000000e+03 1.434000000000000000e+03
1.983000000000000000e+03 1.561000000000000000e+03
2.305000000000000000e+03 1.487000000000000000e+03
2.328000000000000000e+03 1.238000000000000000e+03
2.049000000000000000e+03 1.275000000000000000e+03
1.400000000000000000e+03 1.735000000000000000e+03
2.324000000000000000e+03 1.442000000000000000e+03
1.953000000000000000e+03 1.585000000000000000e+03
2.160000000000000000e+03 1.539000000000000000e+03
2.255000000000000000e+03 1.427000000000000000e+03
2.104000000000000000e+03 1.624000000000000000e+03
1.929000000000000000e+03 1.728000000000000000e+03
1.933000000000000000e+03 1.696000000000000000e+03
1.756000000000000000e+03 1.635000000000000000e+03
2.391000000000000000e+03 1.605000000000000000e+03
2.203000000000000000e+03 1.718000000000000000e+03
2.347000000000000000e+03 8.880000000000000000e+02
2.314000000000000000e+03 1.536000000000000000e+03
2.449000000000000000e+03 1.344000000000000000e+03
2.602000000000000000e+03 1.404000000000000000e+03
3.115000000000000000e+03 1.486000000000000000e+03
2.329000000000000000e+03 1.549000000000000000e+03
2.764000000000000000e+03 1.818000000000000000e+03
2.953000000000000000e+03 1.715000000000000000e+03
2.516000000000000000e+03 1.358000000000000000e+03
2.915000000000000000e+03 1.495000000000000000e+03
3.353000000000000000e+03 1.547000000000000000e+03
3.678000000000000000e+03 1.682000000000000000e+03
2.960000000000000000e+03 1.524000000000000000e+03
2.499000000000000000e+03 1.025000000000000000e+03
3.021000000000000000e+03 2.003000000000000000e+03
2.796000000000000000e+03 2.096000000000000000e+03
3.004000000000000000e+03 2.154000000000000000e+03
2.931000000000000000e+03 2.179000000000000000e+03
3.140000000000000000e+03 2.012000000000000000e+03
3.144000000000000000e+03 1.871000000000000000e+03
3.415000000000000000e+03 1.911000000000000000e+03
3.413000000000000000e+03 2.231000000000000000e+03
3.822000000000000000e+03 2.329000000000000000e+03
3.679000000000000000e+03 2.220000000000000000e+03
3.512000000000000000e+03 2.188000000000000000e+03
3.523000000000000000e+03 2.346000000000000000e+03
3.358000000000000000e+03 1.922000000000000000e+03
3.551000000000000000e+03 2.281000000000000000e+03
3.536000000000000000e+03 1.975000000000000000e+03
3.721000000000000000e+03 1.860000000000000000e+03
1.460000000000000000e+03 2.649000000000000000e+03
1.458000000000000000e+03 2.536000000000000000e+03
1.443000000000000000e+03 2.376000000000000000e+03
1.359000000000000000e+03 2.758000000000000000e+03
1.372000000000000000e+03 2.762000000000000000e+03
1.407000000000000000e+03 2.750000000000000000e+03
1.389000000000000000e+03 2.688000000000000000e+03
1.568000000000000000e+03 2.529000000000000000e+03
1.576000000000000000e+03 2.541000000000000000e+03
1.867000000000000000e+03 2.377000000000000000e+03
1.715000000000000000e+03 2.574000000000000000e+03
1.534000000000000000e+03 2.788000000000000000e+03
1.493000000000000000e+03 2.766000000000000000e+03
1.520000000000000000e+03 2.716000000000000000e+03
1.503000000000000000e+03 2.678000000000000000e+03
1.560000000000000000e+03 3.131000000000000000e+03
1.531000000000000000e+03 2.944000000000000000e+03
1.512000000000000000e+03 3.007000000000000000e+03
1.409000000000000000e+03 3.110000000000000000e+03
1.526000000000000000e+03 3.257000000000000000e+03
1.520000000000000000e+03 2.935000000000000000e+03
1.510000000000000000e+03 3.334000000000000000e+03
1.485000000000000000e+03 2.926000000000000000e+03
1.722000000000000000e+03 2.426000000000000000e+03
1.709000000000000000e+03 2.331000000000000000e+03
1.720000000000000000e+03 2.217000000000000000e+03
1.666000000000000000e+03 2.334000000000000000e+03
1.793000000000000000e+03 2.214000000000000000e+03
1.773000000000000000e+03 2.242000000000000000e+03
1.706000000000000000e+03 2.180000000000000000e+03
1.762000000000000000e+03 2.181000000000000000e+03
1.766000000000000000e+03 3.068000000000000000e+03
1.728000000000000000e+03 3.084000000000000000e+03
1.720000000000000000e+03 2.840000000000000000e+03
1.801000000000000000e+03 2.797000000000000000e+03
1.708000000000000000e+03 3.411000000000000000e+03
1.711000000000000000e+03 2.951000000000000000e+03
1.708000000000000000e+03 3.257000000000000000e+03
1.726000000000000000e+03 3.288000000000000000e+03
1.980000000000000000e+03 2.433000000000000000e+03
1.866000000000000000e+03 2.655000000000000000e+03
1.877000000000000000e+03 2.486000000000000000e+03
1.953000000000000000e+03 2.175000000000000000e+03
1.945000000000000000e+03 3.121000000000000000e+03
1.870000000000000000e+03 3.151000000000000000e+03
1.771000000000000000e+03 3.279000000000000000e+03
1.826000000000000000e+03 3.254000000000000000e+03
1.609000000000000000e+03 2.281000000000000000e+03
1.592000000000000000e+03 2.162000000000000000e+03
1.631000000000000000e+03 2.131000000000000000e+03
1.680000000000000000e+03 2.282000000000000000e+03
1.471000000000000000e+03 2.290000000000000000e+03
1.588000000000000000e+03 2.373000000000000000e+03
1.584000000000000000e+03 2.137000000000000000e+03
1.572000000000000000e+03 2.346000000000000000e+03
1.795000000000000000e+03 2.808000000000000000e+03
1.779000000000000000e+03 2.968000000000000000e+03
1.781000000000000000e+03 2.835000000000000000e+03
1.989000000000000000e+03 2.846000000000000000e+03
1.734000000000000000e+03 3.039000000000000000e+03
1.816000000000000000e+03 3.012000000000000000e+03
1.809000000000000000e+03 2.211000000000000000e+03
1.745000000000000000e+03 2.524000000000000000e+03
2.338000000000000000e+03 1.874000000000000000e+03
2.273000000000000000e+03 1.915000000000000000e+03
2.169000000000000000e+03 1.909000000000000000e+03
2.538000000000000000e+03 2.217000000000000000e+03
2.451000000000000000e+03 2.257000000000000000e+03
2.495000000000000000e+03 2.268000000000000000e+03
2.464000000000000000e+03 2.326000000000000000e+03
2.594000000000000000e+03 2.621000000000000000e+03
2.595000000000000000e+03 2.752000000000000000e+03
2.637000000000000000e+03 2.682000000000000000e+03
2.616000000000000000e+03 2.646000000000000000e+03
2.630000000000000000e+03 2.606000000000000000e+03
2.675000000000000000e+03 2.538000000000000000e+03
2.640000000000000000e+03 2.487000000000000000e+03
2.575000000000000000e+03 2.585000000000000000e+03
2.441000000000000000e+03 2.231000000000000000e+03
2.480000000000000000e+03 2.355000000000000000e+03
2.433000000000000000e+03 2.262000000000000000e+03
2.496000000000000000e+03 2.231000000000000000e+03
2.157000000000000000e+03 2.011000000000000000e+03
2.215000000000000000e+03 2.066000000000000000e+03
2.073000000000000000e+03 2.030000000000000000e+03
2.067000000000000000e+03 2.026000000000000000e+03
2.366000000000000000e+03 2.026000000000000000e+03
2.292000000000000000e+03 1.960000000000000000e+03
1.990000000000000000e+03 2.050000000000000000e+03
2.128000000000000000e+03 2.063000000000000000e+03
2.232000000000000000e+03 2.521000000000000000e+03
2.403000000000000000e+03 2.399000000000000000e+03
2.419000000000000000e+03 2.465000000000000000e+03
2.329000000000000000e+03 2.268000000000000000e+03
2.058000000000000000e+03 2.133000000000000000e+03
2.034000000000000000e+03 2.005000000000000000e+03
1.872000000000000000e+03 1.964000000000000000e+03
1.820000000000000000e+03 2.165000000000000000e+03
1.858000000000000000e+03 2.137000000000000000e+03
2.104000000000000000e+03 2.501000000000000000e+03
2.113000000000000000e+03 2.295000000000000000e+03
2.108000000000000000e+03 2.746000000000000000e+03
2.010000000000000000e+03 2.881000000000000000e+03
2.180000000000000000e+03 2.590000000000000000e+03
2.265000000000000000e+03 2.481000000000000000e+03
2.114000000000000000e+03 2.831000000000000000e+03
2.180000000000000000e+03 2.710000000000000000e+03
2.362000000000000000e+03 2.725000000000000000e+03
2.211000000000000000e+03 2.665000000000000000e+03
2.191000000000000000e+03 2.340000000000000000e+03
2.018000000000000000e+03 2.443000000000000000e+03
2.156000000000000000e+03 2.390000000000000000e+03
2.132000000000000000e+03 2.239000000000000000e+03
2.249000000000000000e+03 2.501000000000000000e+03
2.047000000000000000e+03 2.286000000000000000e+03
2.182000000000000000e+03 2.291000000000000000e+03
2.144000000000000000e+03 2.655000000000000000e+03
1.752000000000000000e+03 2.084000000000000000e+03
1.686000000000000000e+03 2.097000000000000000e+03
1.971000000000000000e+03 1.979000000000000000e+03
1.718000000000000000e+03 2.090000000000000000e+03
1.995000000000000000e+03 1.930000000000000000e+03
1.927000000000000000e+03 1.968000000000000000e+03
2.020000000000000000e+03 1.861000000000000000e+03
1.842000000000000000e+03 1.841000000000000000e+03
2.489000000000000000e+03 7.490000000000000000e+02
2.313000000000000000e+03 6.520000000000000000e+02
2.632000000000000000e+03 5.220000000000000000e+02
2.094000000000000000e+03 5.500000000000000000e+02
2.281000000000000000e+03 5.120000000000000000e+02
2.307000000000000000e+03 5.600000000000000000e+02
2.059000000000000000e+03 5.120000000000000000e+02
3.053000000000000000e+03 5.840000000000000000e+02
2.920000000000000000e+03 5.900000000000000000e+02
2.937000000000000000e+03 5.690000000000000000e+02
3.041000000000000000e+03 4.920000000000000000e+02
2.840000000000000000e+03 6.030000000000000000e+02
2.641000000000000000e+03 9.390000000000000000e+02
3.092000000000000000e+03 3.710000000000000000e+02
3.042000000000000000e+03 3.690000000000000000e+02
2.853000000000000000e+03 8.600000000000000000e+01
2.913000000000000000e+03 6.200000000000000000e+01
2.719000000000000000e+03 4.050000000000000000e+02
2.994000000000000000e+03 1.220000000000000000e+02
2.978000000000000000e+03 2.490000000000000000e+02
2.925000000000000000e+03 3.480000000000000000e+02
2.839000000000000000e+03 3.130000000000000000e+02
2.858000000000000000e+03 3.090000000000000000e+02
2.774000000000000000e+03 3.330000000000000000e+02
2.730000000000000000e+03 4.390000000000000000e+02
2.672000000000000000e+03 3.050000000000000000e+02
2.807000000000000000e+03 2.650000000000000000e+02
2.755000000000000000e+03 3.880000000000000000e+02
2.708000000000000000e+03 5.730000000000000000e+02
2.611000000000000000e+03 6.000000000000000000e+02
2.602000000000000000e+03 7.530000000000000000e+02
1.612000000000000000e+03 1.273000000000000000e+03
1.897000000000000000e+03 1.229000000000000000e+03
1.573000000000000000e+03 1.183000000000000000e+03
1.682000000000000000e+03 1.153000000000000000e+03
2.004000000000000000e+03 9.270000000000000000e+02
1.966000000000000000e+03 9.600000000000000000e+02
1.888000000000000000e+03 1.137000000000000000e+03
2.152000000000000000e+03 9.740000000000000000e+02
2.138000000000000000e+03 1.018000000000000000e+03
2.034000000000000000e+03 1.193000000000000000e+03
2.128000000000000000e+03 1.192000000000000000e+03
2.150000000000000000e+03 1.176000000000000000e+03
1.927000000000000000e+03 1.309000000000000000e+03
1.741000000000000000e+03 1.348000000000000000e+03
1.757000000000000000e+03 1.280000000000000000e+03
1.713000000000000000e+03 1.302000000000000000e+03
1.382000000000000000e+03 1.423000000000000000e+03
1.338000000000000000e+03 1.421000000000000000e+03
1.133000000000000000e+03 1.511000000000000000e+03
9.740000000000000000e+02 1.506000000000000000e+03
1.309000000000000000e+03 1.585000000000000000e+03
1.647000000000000000e+03 1.368000000000000000e+03
1.382000000000000000e+03 1.513000000000000000e+03
1.496000000000000000e+03 1.453000000000000000e+03
2.499000000000000000e+03 7.510000000000000000e+02
2.497000000000000000e+03 7.050000000000000000e+02
2.430000000000000000e+03 8.680000000000000000e+02
2.549000000000000000e+03 7.740000000000000000e+02
1.532000000000000000e+03 1.218000000000000000e+03
1.784000000000000000e+03 1.235000000000000000e+03
1.601000000000000000e+03 1.207000000000000000e+03
2.299000000000000000e+03 1.058000000000000000e+03
2.979000000000000000e+03 1.540000000000000000e+03
3.093000000000000000e+03 2.127000000000000000e+03
2.931000000000000000e+03 1.485000000000000000e+03
3.403000000000000000e+03 2.395000000000000000e+03
3.393000000000000000e+03 2.446000000000000000e+03
3.466000000000000000e+03 2.376000000000000000e+03
3.197000000000000000e+03 2.324000000000000000e+03
3.192000000000000000e+03 2.505000000000000000e+03
3.250000000000000000e+03 2.447000000000000000e+03
3.121000000000000000e+03 2.546000000000000000e+03
2.936000000000000000e+03 2.543000000000000000e+03
3.173000000000000000e+03 2.195000000000000000e+03
3.230000000000000000e+03 2.194000000000000000e+03
3.103000000000000000e+03 2.118000000000000000e+03
3.142000000000000000e+03 2.216000000000000000e+03
3.698000000000000000e+03 2.445000000000000000e+03
3.660000000000000000e+03 2.507000000000000000e+03
3.399000000000000000e+03 2.209000000000000000e+03
3.431000000000000000e+03 2.038000000000000000e+03
3.385000000000000000e+03 2.123000000000000000e+03
3.863000000000000000e+03 2.594000000000000000e+03
3.664000000000000000e+03 2.325000000000000000e+03
3.933000000000000000e+03 2.515000000000000000e+03
3.071000000000000000e+03 1.701000000000000000e+03
3.177000000000000000e+03 1.760000000000000000e+03
2.966000000000000000e+03 1.614000000000000000e+03
3.034000000000000000e+03 1.617000000000000000e+03
3.007000000000000000e+03 1.075000000000000000e+03
2.928000000000000000e+03 1.058000000000000000e+03
2.924000000000000000e+03 1.075000000000000000e+03
2.947000000000000000e+03 1.007000000000000000e+03
2.799000000000000000e+03 1.259000000000000000e+03
2.737000000000000000e+03 9.550000000000000000e+02
2.702000000000000000e+03 9.520000000000000000e+02
2.751000000000000000e+03 1.115000000000000000e+03
2.727000000000000000e+03 1.153000000000000000e+03
2.749000000000000000e+03 9.880000000000000000e+02
2.712000000000000000e+03 9.700000000000000000e+02
2.779000000000000000e+03 1.022000000000000000e+03
2.792000000000000000e+03 8.520000000000000000e+02
2.756000000000000000e+03 1.101000000000000000e+03
2.763000000000000000e+03 1.121000000000000000e+03
2.852000000000000000e+03 1.253000000000000000e+03
2.794000000000000000e+03 1.143000000000000000e+03
2.802000000000000000e+03 1.138000000000000000e+03
2.781000000000000000e+03 1.151000000000000000e+03
2.761000000000000000e+03 1.477000000000000000e+03
2.821000000000000000e+03 1.432000000000000000e+03
2.769000000000000000e+03 1.340000000000000000e+03
2.789000000000000000e+03 1.286000000000000000e+03
2.782000000000000000e+03 1.150000000000000000e+03
2.774000000000000000e+03 1.375000000000000000e+03
2.671000000000000000e+03 1.158000000000000000e+03
2.706000000000000000e+03 1.142000000000000000e+03
2.677000000000000000e+03 1.459000000000000000e+03
2.655000000000000000e+03 1.390000000000000000e+03
2.650000000000000000e+03 1.594000000000000000e+03
2.638000000000000000e+03 1.497000000000000000e+03
2.621000000000000000e+03 1.346000000000000000e+03
2.584000000000000000e+03 1.614000000000000000e+03
2.637000000000000000e+03 1.452000000000000000e+03
2.648000000000000000e+03 1.266000000000000000e+03
3.192000000000000000e+03 1.274000000000000000e+03
3.204000000000000000e+03 1.759000000000000000e+03
3.222000000000000000e+03 1.960000000000000000e+03
3.146000000000000000e+03 1.657000000000000000e+03
3.210000000000000000e+03 1.845000000000000000e+03
2.696000000000000000e+03 1.482000000000000000e+03
3.160000000000000000e+03 1.752000000000000000e+03
3.214000000000000000e+03 1.411000000000000000e+03
3.198000000000000000e+03 1.370000000000000000e+03
3.270000000000000000e+03 1.465000000000000000e+03
3.317000000000000000e+03 1.426000000000000000e+03
3.156000000000000000e+03 1.530000000000000000e+03
3.080000000000000000e+03 1.745000000000000000e+03
3.070000000000000000e+03 1.508000000000000000e+03
3.076000000000000000e+03 1.556000000000000000e+03
3.424000000000000000e+03 1.457000000000000000e+03
3.572000000000000000e+03 1.704000000000000000e+03
3.371000000000000000e+03 1.546000000000000000e+03
3.447000000000000000e+03 1.467000000000000000e+03
3.235000000000000000e+03 1.266000000000000000e+03
3.176000000000000000e+03 1.243000000000000000e+03
3.466000000000000000e+03 1.672000000000000000e+03
3.498000000000000000e+03 1.420000000000000000e+03
3.236000000000000000e+03 1.328000000000000000e+03
3.397000000000000000e+03 1.262000000000000000e+03
3.354000000000000000e+03 1.349000000000000000e+03
3.283000000000000000e+03 1.282000000000000000e+03
3.415000000000000000e+03 1.305000000000000000e+03
3.345000000000000000e+03 1.325000000000000000e+03
3.654000000000000000e+03 1.558000000000000000e+03
3.356000000000000000e+03 1.337000000000000000e+03
3.756000000000000000e+03 1.345000000000000000e+03
3.776000000000000000e+03 1.640000000000000000e+03
3.780000000000000000e+03 1.344000000000000000e+03
3.720000000000000000e+03 1.695000000000000000e+03
3.954000000000000000e+03 1.348000000000000000e+03
3.830000000000000000e+03 1.252000000000000000e+03
3.870000000000000000e+03 1.434000000000000000e+03
3.821000000000000000e+03 1.299000000000000000e+03
3.565000000000000000e+03 1.213000000000000000e+03
3.592000000000000000e+03 1.197000000000000000e+03
3.248000000000000000e+03 1.265000000000000000e+03
3.230000000000000000e+03 1.208000000000000000e+03
3.861000000000000000e+03 1.179000000000000000e+03
3.944000000000000000e+03 1.019000000000000000e+03
3.796000000000000000e+03 1.111000000000000000e+03
3.943000000000000000e+03 1.102000000000000000e+03
3.231000000000000000e+03 8.570000000000000000e+02
3.313000000000000000e+03 8.960000000000000000e+02
3.271000000000000000e+03 8.200000000000000000e+02
3.266000000000000000e+03 6.900000000000000000e+02
3.251000000000000000e+03 9.970000000000000000e+02
3.138000000000000000e+03 9.790000000000000000e+02
3.451000000000000000e+03 1.012000000000000000e+03
3.521000000000000000e+03 1.035000000000000000e+03
3.229000000000000000e+03 1.081000000000000000e+03
3.236000000000000000e+03 1.048000000000000000e+03
3.347000000000000000e+03 1.101000000000000000e+03
3.541000000000000000e+03 1.100000000000000000e+03
3.657000000000000000e+03 1.015000000000000000e+03
3.726000000000000000e+03 1.008000000000000000e+03
3.412000000000000000e+03 1.069000000000000000e+03
3.178000000000000000e+03 1.131000000000000000e+03
1.969000000000000000e+03 1.402000000000000000e+03
1.977000000000000000e+03 1.389000000000000000e+03
1.684000000000000000e+03 1.613000000000000000e+03
1.125000000000000000e+03 2.076000000000000000e+03
1.086000000000000000e+03 2.153000000000000000e+03
1.069000000000000000e+03 2.197000000000000000e+03
1.369000000000000000e+03 1.851000000000000000e+03
1.043000000000000000e+03 2.008000000000000000e+03
6.070000000000000000e+02 1.899000000000000000e+03
6.720000000000000000e+02 1.866000000000000000e+03
9.780000000000000000e+02 2.000000000000000000e+03
4.410000000000000000e+02 1.857000000000000000e+03
6.570000000000000000e+02 1.907000000000000000e+03
9.910000000000000000e+02 1.889000000000000000e+03
1.132000000000000000e+03 1.968000000000000000e+03
1.023000000000000000e+03 1.841000000000000000e+03
8.440000000000000000e+02 1.825000000000000000e+03
9.080000000000000000e+02 1.717000000000000000e+03
8.960000000000000000e+02 1.751000000000000000e+03
9.640000000000000000e+02 1.832000000000000000e+03
1.035000000000000000e+03 1.875000000000000000e+03
9.720000000000000000e+02 1.816000000000000000e+03
8.730000000000000000e+02 1.829000000000000000e+03
1.123000000000000000e+03 1.756000000000000000e+03
1.016000000000000000e+03 1.937000000000000000e+03
9.380000000000000000e+02 1.703000000000000000e+03
8.850000000000000000e+02 1.684000000000000000e+03
8.310000000000000000e+02 1.702000000000000000e+03
5.170000000000000000e+02 2.025000000000000000e+03
1.083000000000000000e+03 1.728000000000000000e+03
1.166000000000000000e+03 1.654000000000000000e+03
2.378000000000000000e+03 2.778000000000000000e+03
2.769000000000000000e+03 2.420000000000000000e+03
2.693000000000000000e+03 2.380000000000000000e+03
2.781000000000000000e+03 2.081000000000000000e+03
2.793000000000000000e+03 2.097000000000000000e+03
2.839000000000000000e+03 2.553000000000000000e+03
2.750000000000000000e+03 2.537000000000000000e+03
2.871000000000000000e+03 2.058000000000000000e+03
2.912000000000000000e+03 2.103000000000000000e+03
2.689000000000000000e+03 2.470000000000000000e+03
2.724000000000000000e+03 2.260000000000000000e+03
2.768000000000000000e+03 2.054000000000000000e+03
2.692000000000000000e+03 2.045000000000000000e+03
2.784000000000000000e+03 2.231000000000000000e+03
2.817000000000000000e+03 2.347000000000000000e+03
2.878000000000000000e+03 2.636000000000000000e+03
2.885000000000000000e+03 2.665000000000000000e+03
2.717000000000000000e+03 2.127000000000000000e+03
2.814000000000000000e+03 2.114000000000000000e+03
2.740000000000000000e+03 2.265000000000000000e+03
2.766000000000000000e+03 2.135000000000000000e+03
2.740000000000000000e+03 2.726000000000000000e+03
2.898000000000000000e+03 2.703000000000000000e+03
3.008000000000000000e+03 2.514000000000000000e+03
2.946000000000000000e+03 2.428000000000000000e+03
2.875000000000000000e+03 2.189000000000000000e+03
2.906000000000000000e+03 2.096000000000000000e+03
2.960000000000000000e+03 2.158000000000000000e+03
2.944000000000000000e+03 2.133000000000000000e+03
2.996000000000000000e+03 2.387000000000000000e+03
2.450000000000000000e+03 2.391000000000000000e+03
1.293000000000000000e+03 2.140000000000000000e+03
1.530000000000000000e+03 1.985000000000000000e+03
1.745000000000000000e+03 2.027000000000000000e+03
1.281000000000000000e+03 2.119000000000000000e+03
1.503000000000000000e+03 2.039000000000000000e+03
1.396000000000000000e+03 2.038000000000000000e+03
1.681000000000000000e+03 1.917000000000000000e+03
9.490000000000000000e+02 2.126000000000000000e+03
1.234000000000000000e+03 1.946000000000000000e+03
9.470000000000000000e+02 2.392000000000000000e+03
1.063000000000000000e+03 2.039000000000000000e+03
1.036000000000000000e+03 2.235000000000000000e+03
8.850000000000000000e+02 2.421000000000000000e+03
9.030000000000000000e+02 2.481000000000000000e+03
9.510000000000000000e+02 2.306000000000000000e+03
1.224000000000000000e+03 2.854000000000000000e+03
1.118000000000000000e+03 2.749000000000000000e+03
1.155000000000000000e+03 2.500000000000000000e+03
1.173000000000000000e+03 2.860000000000000000e+03
1.101000000000000000e+03 2.939000000000000000e+03
1.055000000000000000e+03 2.809000000000000000e+03
1.037000000000000000e+03 2.979000000000000000e+03
1.088000000000000000e+03 2.840000000000000000e+03
1.097000000000000000e+03 2.588000000000000000e+03
1.174000000000000000e+03 2.637000000000000000e+03
1.088000000000000000e+03 2.604000000000000000e+03
1.015000000000000000e+03 2.532000000000000000e+03
1.410000000000000000e+03 2.022000000000000000e+03
1.320000000000000000e+03 2.272000000000000000e+03
1.098000000000000000e+03 2.456000000000000000e+03
1.201000000000000000e+03 2.236000000000000000e+03
3.320000000000000000e+02 2.627000000000000000e+03
4.790000000000000000e+02 2.735000000000000000e+03
1.770000000000000000e+02 2.675000000000000000e+03
3.960000000000000000e+02 2.709000000000000000e+03
8.550000000000000000e+02 2.733000000000000000e+03
1.093000000000000000e+03 2.685000000000000000e+03
6.100000000000000000e+02 2.769000000000000000e+03
9.690000000000000000e+02 2.729000000000000000e+03
1.071000000000000000e+03 2.907000000000000000e+03
6.300000000000000000e+02 3.098000000000000000e+03
1.342000000000000000e+03 2.362000000000000000e+03
9.730000000000000000e+02 2.410000000000000000e+03
1.810000000000000000e+02 2.572000000000000000e+03
1.191000000000000000e+03 2.284000000000000000e+03
1.518000000000000000e+03 2.397000000000000000e+03
1.210000000000000000e+03 2.107000000000000000e+03
1.339000000000000000e+03 2.188000000000000000e+03
1.028000000000000000e+03 2.393000000000000000e+03
7.150000000000000000e+02 2.381000000000000000e+03
2.760000000000000000e+02 2.546000000000000000e+03
1.423000000000000000e+03 2.317000000000000000e+03
1.606000000000000000e+03 2.119000000000000000e+03
1.275000000000000000e+03 2.255000000000000000e+03
1.767000000000000000e+03 2.096000000000000000e+03
9.340000000000000000e+02 2.802000000000000000e+03
7.910000000000000000e+02 2.625000000000000000e+03
9.000000000000000000e+02 2.642000000000000000e+03
8.070000000000000000e+02 2.528000000000000000e+03
5.620000000000000000e+02 2.513000000000000000e+03
9.420000000000000000e+02 2.496000000000000000e+03
1.237000000000000000e+03 2.487000000000000000e+03
5.920000000000000000e+02 2.536000000000000000e+03
2.761000000000000000e+03 2.552000000000000000e+03
1.309000000000000000e+03 2.417000000000000000e+03
1.482000000000000000e+03 2.641000000000000000e+03
2.945000000000000000e+03 2.462000000000000000e+03
2.453000000000000000e+03 2.469000000000000000e+03
2.439000000000000000e+03 2.343000000000000000e+03
1.898000000000000000e+03 2.481000000000000000e+03
1.923000000000000000e+03 2.964000000000000000e+03
2.457000000000000000e+03 2.793000000000000000e+03
2.096000000000000000e+03 2.559000000000000000e+03
1.831000000000000000e+03 2.684000000000000000e+03
1.866000000000000000e+03 2.833000000000000000e+03
1.970000000000000000e+03 3.071000000000000000e+03
2.083000000000000000e+03 2.620000000000000000e+03
2.194000000000000000e+03 2.637000000000000000e+03
3.442000000000000000e+03 2.648000000000000000e+03
3.349000000000000000e+03 2.570000000000000000e+03
3.445000000000000000e+03 2.499000000000000000e+03
2.956000000000000000e+03 2.607000000000000000e+03
2.782000000000000000e+03 3.342000000000000000e+03
3.028000000000000000e+03 2.824000000000000000e+03
3.070000000000000000e+03 3.026000000000000000e+03
2.993000000000000000e+03 2.967000000000000000e+03
3.281000000000000000e+03 2.648000000000000000e+03
3.429000000000000000e+03 2.517000000000000000e+03
3.135000000000000000e+03 2.569000000000000000e+03
2.516000000000000000e+03 2.406000000000000000e+03
3.285000000000000000e+03 2.565000000000000000e+03
3.250000000000000000e+03 2.595000000000000000e+03
3.562000000000000000e+03 2.621000000000000000e+03
3.344000000000000000e+03 2.673000000000000000e+03
2.632000000000000000e+03 3.715000000000000000e+03
2.401000000000000000e+03 3.770000000000000000e+03
2.780000000000000000e+03 3.859000000000000000e+03
2.486000000000000000e+03 3.841000000000000000e+03
3.032000000000000000e+03 3.840000000000000000e+03
2.919000000000000000e+03 3.910000000000000000e+03
3.055000000000000000e+03 3.901000000000000000e+03
2.248000000000000000e+03 3.825000000000000000e+03
2.443000000000000000e+03 3.853000000000000000e+03
2.519000000000000000e+03 3.614000000000000000e+03
2.295000000000000000e+03 3.681000000000000000e+03
2.133000000000000000e+03 3.833000000000000000e+03
2.414000000000000000e+03 3.898000000000000000e+03
2.309000000000000000e+03 3.839000000000000000e+03
2.276000000000000000e+03 3.899000000000000000e+03
1.977000000000000000e+03 3.846000000000000000e+03
1.958000000000000000e+03 3.873000000000000000e+03
1.919000000000000000e+03 3.684000000000000000e+03
1.833000000000000000e+03 3.914000000000000000e+03
2.093000000000000000e+03 3.913000000000000000e+03
2.116000000000000000e+03 3.814000000000000000e+03
2.054000000000000000e+03 3.844000000000000000e+03
1.970000000000000000e+03 3.846000000000000000e+03
3.240000000000000000e+03 2.519000000000000000e+03
3.402000000000000000e+03 2.536000000000000000e+03
3.032000000000000000e+03 2.485000000000000000e+03
3.165000000000000000e+03 2.498000000000000000e+03
3.528000000000000000e+03 2.451000000000000000e+03
3.416000000000000000e+03 2.468000000000000000e+03
2.092000000000000000e+03 3.309000000000000000e+03
2.278000000000000000e+03 3.666000000000000000e+03
1.479000000000000000e+03 3.470000000000000000e+03
1.366000000000000000e+03 3.651000000000000000e+03
1.439000000000000000e+03 3.121000000000000000e+03
1.540000000000000000e+03 3.731000000000000000e+03
1.436000000000000000e+03 3.824000000000000000e+03
1.408000000000000000e+03 3.689000000000000000e+03
1.443000000000000000e+03 3.690000000000000000e+03
1.392000000000000000e+03 3.845000000000000000e+03
1.477000000000000000e+03 3.454000000000000000e+03
1.181000000000000000e+03 3.847000000000000000e+03
1.166000000000000000e+03 3.905000000000000000e+03
1.242000000000000000e+03 3.847000000000000000e+03
1.226000000000000000e+03 3.055000000000000000e+03
1.236000000000000000e+03 3.825000000000000000e+03
1.243000000000000000e+03 3.873000000000000000e+03
1.528000000000000000e+03 3.599000000000000000e+03
1.630000000000000000e+03 3.396000000000000000e+03
1.557000000000000000e+03 3.675000000000000000e+03
1.612000000000000000e+03 3.582000000000000000e+03
1.563000000000000000e+03 3.904000000000000000e+03
1.586000000000000000e+03 3.741000000000000000e+03
1.526000000000000000e+03 3.430000000000000000e+03
1.833000000000000000e+03 3.335000000000000000e+03
1.796000000000000000e+03 3.641000000000000000e+03
1.841000000000000000e+03 3.591000000000000000e+03
2.242000000000000000e+03 3.569000000000000000e+03
1.731000000000000000e+03 3.660000000000000000e+03
1.726000000000000000e+03 3.556000000000000000e+03
1.711000000000000000e+03 3.689000000000000000e+03
2.279000000000000000e+03 3.288000000000000000e+03
1.847000000000000000e+03 3.692000000000000000e+03
1.182000000000000000e+03 3.666000000000000000e+03
2.039000000000000000e+03 3.141000000000000000e+03
1.223000000000000000e+03 3.665000000000000000e+03
1.181000000000000000e+03 3.609000000000000000e+03
1.111000000000000000e+03 3.146000000000000000e+03
1.076000000000000000e+03 3.525000000000000000e+03
1.101000000000000000e+03 3.531000000000000000e+03
1.186000000000000000e+03 3.501000000000000000e+03
1.171000000000000000e+03 3.349000000000000000e+03
1.064000000000000000e+03 3.658000000000000000e+03
9.310000000000000000e+02 3.675000000000000000e+03
9.850000000000000000e+02 3.765000000000000000e+03
1.021000000000000000e+03 3.860000000000000000e+03
9.970000000000000000e+02 3.713000000000000000e+03
1.020000000000000000e+03 3.813000000000000000e+03
8.130000000000000000e+02 3.895000000000000000e+03
1.084000000000000000e+03 2.870000000000000000e+03
1.026000000000000000e+03 3.201000000000000000e+03
9.640000000000000000e+02 2.657000000000000000e+03
1.108000000000000000e+03 3.270000000000000000e+03
1.192000000000000000e+03 3.201000000000000000e+03
1.111000000000000000e+03 2.994000000000000000e+03
1.118000000000000000e+03 3.161000000000000000e+03
1.076000000000000000e+03 2.865000000000000000e+03
1.157000000000000000e+03 3.315000000000000000e+03
1.002000000000000000e+03 3.403000000000000000e+03
1.082000000000000000e+03 3.192000000000000000e+03
1.211000000000000000e+03 2.736000000000000000e+03
1.280000000000000000e+03 3.279000000000000000e+03
1.238000000000000000e+03 3.413000000000000000e+03
1.078000000000000000e+03 3.445000000000000000e+03
1.239000000000000000e+03 3.335000000000000000e+03
1.947000000000000000e+03 2.804000000000000000e+03
3.189000000000000000e+03 3.223000000000000000e+03
2.537000000000000000e+03 3.475000000000000000e+03
1.975000000000000000e+03 3.399000000000000000e+03
1.963000000000000000e+03 3.452000000000000000e+03
1.940000000000000000e+03 3.234000000000000000e+03
2.130000000000000000e+03 3.237000000000000000e+03
2.377000000000000000e+03 3.051000000000000000e+03
2.220000000000000000e+03 3.659000000000000000e+03
1.913000000000000000e+03 3.537000000000000000e+03
2.139000000000000000e+03 3.652000000000000000e+03
1.954000000000000000e+03 3.618000000000000000e+03
1.939000000000000000e+03 3.610000000000000000e+03
1.790000000000000000e+03 3.422000000000000000e+03
1.934000000000000000e+03 3.661000000000000000e+03
2.461000000000000000e+03 3.591000000000000000e+03
2.835000000000000000e+03 3.543000000000000000e+03
2.351000000000000000e+03 3.608000000000000000e+03
2.447000000000000000e+03 3.574000000000000000e+03
2.636000000000000000e+03 3.785000000000000000e+03
2.622000000000000000e+03 3.689000000000000000e+03
2.787000000000000000e+03 3.817000000000000000e+03
2.761000000000000000e+03 3.775000000000000000e+03
2.903000000000000000e+03 3.788000000000000000e+03
2.999000000000000000e+03 3.579000000000000000e+03
2.811000000000000000e+03 3.564000000000000000e+03
2.912000000000000000e+03 3.796000000000000000e+03
2.626000000000000000e+03 3.568000000000000000e+03
2.746000000000000000e+03 3.626000000000000000e+03
2.895000000000000000e+03 3.548000000000000000e+03
2.637000000000000000e+03 3.409000000000000000e+03
2.163000000000000000e+03 2.988000000000000000e+03
3.026000000000000000e+03 3.128000000000000000e+03
2.997000000000000000e+03 3.339000000000000000e+03
2.874000000000000000e+03 3.171000000000000000e+03
2.864000000000000000e+03 3.343000000000000000e+03
2.428000000000000000e+03 3.352000000000000000e+03
2.926000000000000000e+03 3.359000000000000000e+03
2.878000000000000000e+03 3.111000000000000000e+03
2.868000000000000000e+03 2.987000000000000000e+03
2.872000000000000000e+03 3.150000000000000000e+03
2.643000000000000000e+03 3.142000000000000000e+03
2.949000000000000000e+03 3.117000000000000000e+03
2.697000000000000000e+03 3.125000000000000000e+03
2.925000000000000000e+03 2.931000000000000000e+03
2.929000000000000000e+03 3.059000000000000000e+03
3.015000000000000000e+03 3.486000000000000000e+03
3.381000000000000000e+03 3.151000000000000000e+03
3.088000000000000000e+03 3.420000000000000000e+03
3.079000000000000000e+03 3.567000000000000000e+03
3.145000000000000000e+03 3.512000000000000000e+03
3.104000000000000000e+03 3.640000000000000000e+03
2.855000000000000000e+03 3.567000000000000000e+03
3.069000000000000000e+03 3.413000000000000000e+03
2.745000000000000000e+03 3.156000000000000000e+03
2.622000000000000000e+03 3.285000000000000000e+03
3.269000000000000000e+03 3.006000000000000000e+03
2.966000000000000000e+03 3.156000000000000000e+03
3.031000000000000000e+03 3.142000000000000000e+03
2.641000000000000000e+03 3.210000000000000000e+03
3.281000000000000000e+03 2.916000000000000000e+03
3.401000000000000000e+03 2.884000000000000000e+03
2.268000000000000000e+03 3.466000000000000000e+03
2.309000000000000000e+03 3.647000000000000000e+03
2.442000000000000000e+03 3.653000000000000000e+03
2.699000000000000000e+03 3.711000000000000000e+03
2.705000000000000000e+03 3.602000000000000000e+03
2.566000000000000000e+03 3.679000000000000000e+03
2.639000000000000000e+03 3.679000000000000000e+03
2.528000000000000000e+03 3.411000000000000000e+03
2.511000000000000000e+03 3.292000000000000000e+03
2.481000000000000000e+03 3.458000000000000000e+03
2.673000000000000000e+03 2.587000000000000000e+03
2.617000000000000000e+03 3.451000000000000000e+03
2.621000000000000000e+03 3.426000000000000000e+03
2.717000000000000000e+03 3.302000000000000000e+03
2.564000000000000000e+03 3.413000000000000000e+03
2.565000000000000000e+03 3.208000000000000000e+03
2.874000000000000000e+03 3.142000000000000000e+03
2.150000000000000000e+03 3.089000000000000000e+03
1.920000000000000000e+03 2.832000000000000000e+03
2.605000000000000000e+03 3.154000000000000000e+03
2.277000000000000000e+03 3.180000000000000000e+03
2.118000000000000000e+03 2.868000000000000000e+03
2.723000000000000000e+03 3.216000000000000000e+03
2.268000000000000000e+03 3.033000000000000000e+03
2.172000000000000000e+03 2.969000000000000000e+03
2.707000000000000000e+03 2.979000000000000000e+03
2.647000000000000000e+03 3.038000000000000000e+03
2.683000000000000000e+03 3.013000000000000000e+03
2.572000000000000000e+03 2.949000000000000000e+03
2.555000000000000000e+03 2.827000000000000000e+03
2.601000000000000000e+03 2.921000000000000000e+03
2.582000000000000000e+03 2.930000000000000000e+03
2.488000000000000000e+03 3.073000000000000000e+03
2.318000000000000000e+03 3.187000000000000000e+03
2.265000000000000000e+03 3.101000000000000000e+03
2.324000000000000000e+03 2.954000000000000000e+03
2.361000000000000000e+03 2.973000000000000000e+03
2.046000000000000000e+03 2.997000000000000000e+03
2.467000000000000000e+03 2.984000000000000000e+03
2.318000000000000000e+03 3.085000000000000000e+03
2.448000000000000000e+03 3.221000000000000000e+03
2.406000000000000000e+03 3.150000000000000000e+03
2.350000000000000000e+03 3.136000000000000000e+03
2.037000000000000000e+03 3.214000000000000000e+03
2.276000000000000000e+03 3.138000000000000000e+03
2.209000000000000000e+03 3.172000000000000000e+03
2.207000000000000000e+03 3.189000000000000000e+03
2.163000000000000000e+03 3.559000000000000000e+03
2.399000000000000000e+03 3.457000000000000000e+03
2.119000000000000000e+03 3.507000000000000000e+03
2.749000000000000000e+03 3.098000000000000000e+03
2.122000000000000000e+03 3.457000000000000000e+03
2.106000000000000000e+03 3.488000000000000000e+03
2.086000000000000000e+03 3.437000000000000000e+03
2.083000000000000000e+03 3.407000000000000000e+03
2.238000000000000000e+03 3.300000000000000000e+03
2.068000000000000000e+03 3.079000000000000000e+03
2.094000000000000000e+03 3.255000000000000000e+03
2.308000000000000000e+03 3.298000000000000000e+03
2.354000000000000000e+03 3.352000000000000000e+03
2.267000000000000000e+03 3.326000000000000000e+03
2.128000000000000000e+03 3.330000000000000000e+03
2.225000000000000000e+03 3.397000000000000000e+03
0.000000000000000000e+00 2.710000000000000000e+03
0.000000000000000000e+00 1.910000000000000000e+03
3.440000000000000000e+02 0.000000000000000000e+00
3.192000000000000000e+03 0.000000000000000000e+00
3.165000000000000000e+03 1.730000000000000000e+03
3.165000000000000000e+03 2.800000000000000000e+03
