1.601000000000000000e+03 1.040000000000000000e+03
1.307000000000000000e+03 9.080000000000000000e+02
1.133000000000000000e+03 9.880000000000000000e+02
1.526000000000000000e+03 5.290000000000000000e+02
1.406000000000000000e+03 1.039000000000000000e+03
9.740000000000000000e+02 1.003000000000000000e+03
9.560000000000000000e+02 9.930000000000000000e+02
7.450000000000000000e+02 1.033000000000000000e+03
7.080000000000000000e+02 1.064000000000000000e+03
4.630000000000000000e+02 1.114000000000000000e+03
8.270000000000000000e+02 1.074000000000000000e+03
8.640000000000000000e+02 9.960000000000000000e+02
5.490000000000000000e+02 1.096000000000000000e+03
6.510000000000000000e+02 1.130000000000000000e+03
8.830000000000000000e+02 9.580000000000000000e+02
1.151000000000000000e+03 4.530000000000000000e+02
1.143000000000000000e+03 4.400000000000000000e+02
1.143000000000000000e+03 5.700000000000000000e+02
1.278000000000000000e+03 7.010000000000000000e+02
1.295000000000000000e+03 4.160000000000000000e+02
1.426000000000000000e+03 5.090000000000000000e+02
1.354000000000000000e+03 3.550000000000000000e+02
1.331000000000000000e+03 4.500000000000000000e+02
1.165000000000000000e+03 1.015000000000000000e+03
1.103000000000000000e+03 1.104000000000000000e+03
1.111000000000000000e+03 1.053000000000000000e+03
1.389000000000000000e+03 1.127000000000000000e+03
1.025000000000000000e+03 9.750000000000000000e+02
1.074000000000000000e+03 9.310000000000000000e+02
1.105000000000000000e+03 6.600000000000000000e+02
1.044000000000000000e+03 7.510000000000000000e+02
1.464000000000000000e+03 9.410000000000000000e+02
5.640000000000000000e+02 1.121000000000000000e+03
1.259000000000000000e+03 1.001000000000000000e+03
6.400000000000000000e+01 1.175000000000000000e+03
1.300000000000000000e+02 1.194000000000000000e+03
1.790000000000000000e+02 1.239000000000000000e+03
4.650000000000000000e+02 1.052000000000000000e+03
1.900000000000000000e+02 1.670000000000000000e+03
2.300000000000000000e+02 1.434000000000000000e+03
2.050000000000000000e+02 1.252000000000000000e+03
2.100000000000000000e+02 1.470000000000000000e+03
1.000000000000000000e+02 1.623000000000000000e+03
1.890000000000000000e+02 1.436000000000000000e+03
2.560000000000000000e+02 1.358000000000000000e+03
9.700000000000000000e+01 1.514000000000000000e+03
8.990000000000000000e+02 7.780000000000000000e+02
1.357000000000000000e+03 8.230000000000000000e+02
1.413000000000000000e+03 1.134000000000000000e+03
1.308000000000000000e+03 1.008000000000000000e+03
1.277000000000000000e+03 1.006000000000000000e+03
1.566000000000000000e+03 1.026000000000000000e+03
1.377000000000000000e+03 1.087000000000000000e+03
1.286000000000000000e+03 9.560000000000000000e+02
2.430000000000000000e+02 1.142000000000000000e+03
2.340000000000000000e+02 1.252000000000000000e+03
3.840000000000000000e+02 1.099000000000000000e+03
2.270000000000000000e+02 1.272000000000000000e+03
3.540000000000000000e+02 1.240000000000000000e+03
4.000000000000000000e+02 1.153000000000000000e+03
4.570000000000000000e+02 1.214000000000000000e+03
7.190000000000000000e+02 1.240000000000000000e+03
1.310000000000000000e+03 1.415000000000000000e+03
9.920000000000000000e+02 1.415000000000000000e+03
1.514000000000000000e+03 1.479000000000000000e+03
7.240000000000000000e+02 1.104000000000000000e+03
9.000000000000000000e+02 1.021000000000000000e+03
1.313000000000000000e+03 8.390000000000000000e+02
9.620000000000000000e+02 1.289000000000000000e+03
8.110000000000000000e+02 1.350000000000000000e+03
5.690000000000000000e+02 1.351000000000000000e+03
9.450000000000000000e+02 1.177000000000000000e+03
7.010000000000000000e+02 1.188000000000000000e+03
6.830000000000000000e+02 1.188000000000000000e+03
6.970000000000000000e+02 1.239000000000000000e+03
6.200000000000000000e+02 1.349000000000000000e+03
5.900000000000000000e+02 1.343000000000000000e+03
7.840000000000000000e+02 1.810000000000000000e+03
9.830000000000000000e+02 1.675000000000000000e+03
8.940000000000000000e+02 1.767000000000000000e+03
7.680000000000000000e+02 1.770000000000000000e+03
9.240000000000000000e+02 1.711000000000000000e+03
1.057000000000000000e+03 1.651000000000000000e+03
1.243000000000000000e+03 1.652000000000000000e+03
9.120000000000000000e+02 1.923000000000000000e+03
8.070000000000000000e+02 1.419000000000000000e+03
1.055000000000000000e+03 1.302000000000000000e+03
9.310000000000000000e+02 1.286000000000000000e+03
9.010000000000000000e+02 1.305000000000000000e+03
1.045000000000000000e+03 1.531000000000000000e+03
1.010000000000000000e+03 1.461000000000000000e+03
1.003000000000000000e+03 1.461000000000000000e+03
9.030000000000000000e+02 1.431000000000000000e+03
6.310000000000000000e+02 1.542000000000000000e+03
1.186000000000000000e+03 1.443000000000000000e+03
1.143000000000000000e+03 1.137000000000000000e+03
9.980000000000000000e+02 1.292000000000000000e+03
8.910000000000000000e+02 1.506000000000000000e+03
9.830000000000000000e+02 1.407000000000000000e+03
4.030000000000000000e+02 1.620000000000000000e+03
3.080000000000000000e+02 1.691000000000000000e+03
6.050000000000000000e+02 1.285000000000000000e+03
5.200000000000000000e+02 1.405000000000000000e+03
5.180000000000000000e+02 1.396000000000000000e+03
5.210000000000000000e+02 1.310000000000000000e+03
3.270000000000000000e+02 1.528000000000000000e+03
7.230000000000000000e+02 1.344000000000000000e+03
1.542000000000000000e+03 1.276000000000000000e+03
4.170000000000000000e+02 1.374000000000000000e+03
7.450000000000000000e+02 1.756000000000000000e+03
8.640000000000000000e+02 1.564000000000000000e+03
7.960000000000000000e+02 1.567000000000000000e+03
7.990000000000000000e+02 1.578000000000000000e+03
4.070000000000000000e+02 1.807000000000000000e+03
6.840000000000000000e+02 1.559000000000000000e+03
5.180000000000000000e+02 1.698000000000000000e+03
4.980000000000000000e+02 1.736000000000000000e+03
6.970000000000000000e+02 1.465000000000000000e+03
8.690000000000000000e+02 1.444000000000000000e+03
6.520000000000000000e+02 1.608000000000000000e+03
5.950000000000000000e+02 1.530000000000000000e+03
6.480000000000000000e+02 1.738000000000000000e+03
6.460000000000000000e+02 1.828000000000000000e+03
8.920000000000000000e+02 1.581000000000000000e+03
7.420000000000000000e+02 1.544000000000000000e+03
1.576000000000000000e+03 6.800000000000000000e+02
1.960000000000000000e+03 6.700000000000000000e+02
1.570000000000000000e+03 9.400000000000000000e+02
1.214000000000000000e+03 5.880000000000000000e+02
1.308000000000000000e+03 6.090000000000000000e+02
1.549000000000000000e+03 8.780000000000000000e+02
1.432000000000000000e+03 8.130000000000000000e+02
1.401000000000000000e+03 5.790000000000000000e+02
1.445000000000000000e+03 7.260000000000000000e+02
1.497000000000000000e+03 6.340000000000000000e+02
1.384000000000000000e+03 7.000000000000000000e+02
1.584000000000000000e+03 6.980000000000000000e+02
1.440000000000000000e+03 5.860000000000000000e+02
1.396000000000000000e+03 5.360000000000000000e+02
1.581000000000000000e+03 7.520000000000000000e+02
1.750000000000000000e+03 8.270000000000000000e+02
1.665000000000000000e+03 7.310000000000000000e+02
1.764000000000000000e+03 7.080000000000000000e+02
1.729000000000000000e+03 8.720000000000000000e+02
1.633000000000000000e+03 7.360000000000000000e+02
1.719000000000000000e+03 8.320000000000000000e+02
1.684000000000000000e+03 7.020000000000000000e+02
1.608000000000000000e+03 6.370000000000000000e+02
1.524000000000000000e+03 8.210000000000000000e+02
1.511000000000000000e+03 7.380000000000000000e+02
1.380000000000000000e+03 7.580000000000000000e+02
1.451000000000000000e+03 8.750000000000000000e+02
1.732000000000000000e+03 8.350000000000000000e+02
1.661000000000000000e+03 7.180000000000000000e+02
1.706000000000000000e+03 7.160000000000000000e+02
1.658000000000000000e+03 7.920000000000000000e+02
1.789000000000000000e+03 6.750000000000000000e+02
1.615000000000000000e+03 4.840000000000000000e+02
1.654000000000000000e+03 4.820000000000000000e+02
1.854000000000000000e+03 5.020000000000000000e+02
1.744000000000000000e+03 5.920000000000000000e+02
1.803000000000000000e+03 7.210000000000000000e+02
1.776000000000000000e+03 4.630000000000000000e+02
1.252000000000000000e+03 2.810000000000000000e+02
1.285000000000000000e+03 2.380000000000000000e+02
1.207000000000000000e+03 1.630000000000000000e+02
1.235000000000000000e+03 1.960000000000000000e+02
1.390000000000000000e+03 1.710000000000000000e+02
1.514000000000000000e+03 3.800000000000000000e+02
1.486000000000000000e+03 3.360000000000000000e+02
1.363000000000000000e+03 3.270000000000000000e+02
9.500000000000000000e+02 3.730000000000000000e+02
9.350000000000000000e+02 5.370000000000000000e+02
1.052000000000000000e+03 5.200000000000000000e+02
1.238000000000000000e+03 5.160000000000000000e+02
1.004000000000000000e+03 6.070000000000000000e+02
9.460000000000000000e+02 2.810000000000000000e+02
1.018000000000000000e+03 7.240000000000000000e+02
1.228000000000000000e+03 6.660000000000000000e+02
1.224000000000000000e+03 5.060000000000000000e+02
1.289000000000000000e+03 6.060000000000000000e+02
1.367000000000000000e+03 6.500000000000000000e+02
1.505000000000000000e+03 1.021000000000000000e+03
1.023000000000000000e+03 1.930000000000000000e+02
1.049000000000000000e+03 2.080000000000000000e+02
1.087000000000000000e+03 2.100000000000000000e+02
1.095000000000000000e+03 1.460000000000000000e+02
1.839000000000000000e+03 6.450000000000000000e+02
1.883000000000000000e+03 2.690000000000000000e+02
1.979000000000000000e+03 6.770000000000000000e+02
1.924000000000000000e+03 2.680000000000000000e+02
1.965000000000000000e+03 3.070000000000000000e+02
1.987000000000000000e+03 4.240000000000000000e+02
1.826000000000000000e+03 3.870000000000000000e+02
1.705000000000000000e+03 2.670000000000000000e+02
1.686000000000000000e+03 1.390000000000000000e+02
1.649000000000000000e+03 1.280000000000000000e+02
1.596000000000000000e+03 1.130000000000000000e+02
1.593000000000000000e+03 2.140000000000000000e+02
1.645000000000000000e+03 4.100000000000000000e+02
1.748000000000000000e+03 3.470000000000000000e+02
1.857000000000000000e+03 3.310000000000000000e+02
2.113000000000000000e+03 6.190000000000000000e+02
2.065000000000000000e+03 4.000000000000000000e+02
2.177000000000000000e+03 4.490000000000000000e+02
2.003000000000000000e+03 7.680000000000000000e+02
2.218000000000000000e+03 3.700000000000000000e+02
2.144000000000000000e+03 4.140000000000000000e+02
2.116000000000000000e+03 3.660000000000000000e+02
2.201000000000000000e+03 3.230000000000000000e+02
2.487000000000000000e+03 7.300000000000000000e+02
2.343000000000000000e+03 7.540000000000000000e+02
2.103000000000000000e+03 7.870000000000000000e+02
2.179000000000000000e+03 6.630000000000000000e+02
2.131000000000000000e+03 7.520000000000000000e+02
2.056000000000000000e+03 6.420000000000000000e+02
2.256000000000000000e+03 6.640000000000000000e+02
2.197000000000000000e+03 6.370000000000000000e+02
1.843000000000000000e+03 1.030000000000000000e+02
1.841000000000000000e+03 3.140000000000000000e+02
1.883000000000000000e+03 1.590000000000000000e+02
1.864000000000000000e+03 2.000000000000000000e+02
1.712000000000000000e+03 4.740000000000000000e+02
1.598000000000000000e+03 3.250000000000000000e+02
1.614000000000000000e+03 3.840000000000000000e+02
1.654000000000000000e+03 4.000000000000000000e+02
2.079000000000000000e+03 5.390000000000000000e+02
2.102000000000000000e+03 2.130000000000000000e+02
2.013000000000000000e+03 3.080000000000000000e+02
2.242000000000000000e+03 8.020000000000000000e+02
2.273000000000000000e+03 1.230000000000000000e+02
2.243000000000000000e+03 7.100000000000000000e+01
2.254000000000000000e+03 2.790000000000000000e+02
2.369000000000000000e+03 4.200000000000000000e+01
1.806000000000000000e+03 7.740000000000000000e+02
1.322000000000000000e+03 9.070000000000000000e+02
1.512000000000000000e+03 8.890000000000000000e+02
1.858000000000000000e+03 8.340000000000000000e+02
2.298000000000000000e+03 5.390000000000000000e+02
2.354000000000000000e+03 6.120000000000000000e+02
2.382000000000000000e+03 6.070000000000000000e+02
2.112000000000000000e+03 5.610000000000000000e+02
2.531000000000000000e+03 2.280000000000000000e+02
2.316000000000000000e+03 3.820000000000000000e+02
2.420000000000000000e+03 2.080000000000000000e+02
2.386000000000000000e+03 2.870000000000000000e+02
2.379000000000000000e+03 3.340000000000000000e+02
2.406000000000000000e+03 3.110000000000000000e+02
2.509000000000000000e+03 2.830000000000000000e+02
2.409000000000000000e+03 4.650000000000000000e+02
2.154000000000000000e+03 1.416000000000000000e+03
2.248000000000000000e+03 1.253000000000000000e+03
2.162000000000000000e+03 1.486000000000000000e+03
2.142000000000000000e+03 7.660000000000000000e+02
1.953000000000000000e+03 7.190000000000000000e+02
2.267000000000000000e+03 1.148000000000000000e+03
2.289000000000000000e+03 8.790000000000000000e+02
1.936000000000000000e+03 1.247000000000000000e+03
1.970000000000000000e+03 1.385000000000000000e+03
2.155000000000000000e+03 1.478000000000000000e+03
2.210000000000000000e+03 1.206000000000000000e+03
2.024000000000000000e+03 1.185000000000000000e+03
1.955000000000000000e+03 1.301000000000000000e+03
1.962000000000000000e+03 1.120000000000000000e+03
1.963000000000000000e+03 1.145000000000000000e+03
1.560000000000000000e+03 1.389000000000000000e+03
2.351000000000000000e+03 1.300000000000000000e+03
2.001000000000000000e+03 1.459000000000000000e+03
2.299000000000000000e+03 1.387000000000000000e+03
2.375000000000000000e+03 1.143000000000000000e+03
2.013000000000000000e+03 1.180000000000000000e+03
1.436000000000000000e+03 1.664000000000000000e+03
2.332000000000000000e+03 1.393000000000000000e+03
1.943000000000000000e+03 1.490000000000000000e+03
2.160000000000000000e+03 1.456000000000000000e+03
2.262000000000000000e+03 1.350000000000000000e+03
2.136000000000000000e+03 1.553000000000000000e+03
1.957000000000000000e+03 1.660000000000000000e+03
1.974000000000000000e+03 1.635000000000000000e+03
1.795000000000000000e+03 1.558000000000000000e+03
2.418000000000000000e+03 1.546000000000000000e+03
2.220000000000000000e+03 1.646000000000000000e+03
2.344000000000000000e+03 8.480000000000000000e+02
2.314000000000000000e+03 1.436000000000000000e+03
2.435000000000000000e+03 1.323000000000000000e+03
2.620000000000000000e+03 1.365000000000000000e+03
3.121000000000000000e+03 1.496000000000000000e+03
2.285000000000000000e+03 1.501000000000000000e+03
2.775000000000000000e+03 1.771000000000000000e+03
3.013000000000000000e+03 1.673000000000000000e+03
2.494000000000000000e+03 1.348000000000000000e+03
2.934000000000000000e+03 1.473000000000000000e+03
3.444000000000000000e+03 1.514000000000000000e+03
3.735000000000000000e+03 1.649000000000000000e+03
3.102000000000000000e+03 1.532000000000000000e+03
2.430000000000000000e+03 1.021000000000000000e+03
3.343000000000000000e+03 1.870000000000000000e+03
3.066000000000000000e+03 1.938000000000000000e+03
3.435000000000000000e+03 2.003000000000000000e+03
3.406000000000000000e+03 2.014000000000000000e+03
3.187000000000000000e+03 1.871000000000000000e+03
3.242000000000000000e+03 1.722000000000000000e+03
3.592000000000000000e+03 1.798000000000000000e+03
3.564000000000000000e+03 1.942000000000000000e+03
3.834000000000000000e+03 2.000000000000000000e+03
3.736000000000000000e+03 1.932000000000000000e+03
3.587000000000000000e+03 1.931000000000000000e+03
3.537000000000000000e+03 2.028000000000000000e+03
3.407000000000000000e+03 1.835000000000000000e+03
3.616000000000000000e+03 1.949000000000000000e+03
3.610000000000000000e+03 1.838000000000000000e+03
3.788000000000000000e+03 1.749000000000000000e+03
1.565000000000000000e+03 2.667000000000000000e+03
1.533000000000000000e+03 2.495000000000000000e+03
1.454000000000000000e+03 2.374000000000000000e+03
1.414000000000000000e+03 2.804000000000000000e+03
1.471000000000000000e+03 2.804000000000000000e+03
1.479000000000000000e+03 2.716000000000000000e+03
1.475000000000000000e+03 2.681000000000000000e+03
1.595000000000000000e+03 2.486000000000000000e+03
1.567000000000000000e+03 2.493000000000000000e+03
1.872000000000000000e+03 2.304000000000000000e+03
1.758000000000000000e+03 2.507000000000000000e+03
1.403000000000000000e+03 2.666000000000000000e+03
1.408000000000000000e+03 2.746000000000000000e+03
1.443000000000000000e+03 2.609000000000000000e+03
1.438000000000000000e+03 2.573000000000000000e+03
1.561000000000000000e+03 3.056000000000000000e+03
1.561000000000000000e+03 2.868000000000000000e+03
1.537000000000000000e+03 2.927000000000000000e+03
1.426000000000000000e+03 3.014000000000000000e+03
1.541000000000000000e+03 3.182000000000000000e+03
1.546000000000000000e+03 2.875000000000000000e+03
1.535000000000000000e+03 3.283000000000000000e+03
1.511000000000000000e+03 2.846000000000000000e+03
1.761000000000000000e+03 2.365000000000000000e+03
1.745000000000000000e+03 2.256000000000000000e+03
1.773000000000000000e+03 2.129000000000000000e+03
1.725000000000000000e+03 2.249000000000000000e+03
1.781000000000000000e+03 2.112000000000000000e+03
1.796000000000000000e+03 2.152000000000000000e+03
1.667000000000000000e+03 2.049000000000000000e+03
1.726000000000000000e+03 2.074000000000000000e+03
1.760000000000000000e+03 3.008000000000000000e+03
1.717000000000000000e+03 3.034000000000000000e+03
1.713000000000000000e+03 2.792000000000000000e+03
1.806000000000000000e+03 2.740000000000000000e+03
1.688000000000000000e+03 3.357000000000000000e+03
1.718000000000000000e+03 2.898000000000000000e+03
1.696000000000000000e+03 3.192000000000000000e+03
1.722000000000000000e+03 3.221000000000000000e+03
1.992000000000000000e+03 2.348000000000000000e+03
1.899000000000000000e+03 2.591000000000000000e+03
1.902000000000000000e+03 2.399000000000000000e+03
1.980000000000000000e+03 2.084000000000000000e+03
1.904000000000000000e+03 3.157000000000000000e+03
1.857000000000000000e+03 3.113000000000000000e+03
1.777000000000000000e+03 3.228000000000000000e+03
1.817000000000000000e+03 3.201000000000000000e+03
1.583000000000000000e+03 2.149000000000000000e+03
1.626000000000000000e+03 2.111000000000000000e+03
1.642000000000000000e+03 2.038000000000000000e+03
1.692000000000000000e+03 2.190000000000000000e+03
1.463000000000000000e+03 2.127000000000000000e+03
1.562000000000000000e+03 2.207000000000000000e+03
1.534000000000000000e+03 2.010000000000000000e+03
1.552000000000000000e+03 2.191000000000000000e+03
1.787000000000000000e+03 2.726000000000000000e+03
1.734000000000000000e+03 2.878000000000000000e+03
1.777000000000000000e+03 2.746000000000000000e+03
1.981000000000000000e+03 2.713000000000000000e+03
1.751000000000000000e+03 2.982000000000000000e+03
1.831000000000000000e+03 2.936000000000000000e+03
1.753000000000000000e+03 2.079000000000000000e+03
1.677000000000000000e+03 2.456000000000000000e+03
2.315000000000000000e+03 1.786000000000000000e+03
2.259000000000000000e+03 1.813000000000000000e+03
2.195000000000000000e+03 1.793000000000000000e+03
2.513000000000000000e+03 2.123000000000000000e+03
2.399000000000000000e+03 2.186000000000000000e+03
2.451000000000000000e+03 2.157000000000000000e+03
2.415000000000000000e+03 2.242000000000000000e+03
2.547000000000000000e+03 2.500000000000000000e+03
2.560000000000000000e+03 2.613000000000000000e+03
2.600000000000000000e+03 2.527000000000000000e+03
2.572000000000000000e+03 2.510000000000000000e+03
2.623000000000000000e+03 2.468000000000000000e+03
2.635000000000000000e+03 2.386000000000000000e+03
2.636000000000000000e+03 2.328000000000000000e+03
2.557000000000000000e+03 2.455000000000000000e+03
2.526000000000000000e+03 2.123000000000000000e+03
2.659000000000000000e+03 2.234000000000000000e+03
2.559000000000000000e+03 2.098000000000000000e+03
2.572000000000000000e+03 2.054000000000000000e+03
2.133000000000000000e+03 1.922000000000000000e+03
2.207000000000000000e+03 1.993000000000000000e+03
2.058000000000000000e+03 1.958000000000000000e+03
2.049000000000000000e+03 1.960000000000000000e+03
2.357000000000000000e+03 1.938000000000000000e+03
2.249000000000000000e+03 1.902000000000000000e+03
1.965000000000000000e+03 1.981000000000000000e+03
2.113000000000000000e+03 2.026000000000000000e+03
2.233000000000000000e+03 2.245000000000000000e+03
2.393000000000000000e+03 2.153000000000000000e+03
2.425000000000000000e+03 2.179000000000000000e+03
2.321000000000000000e+03 2.122000000000000000e+03
2.078000000000000000e+03 2.084000000000000000e+03
2.052000000000000000e+03 1.949000000000000000e+03
1.910000000000000000e+03 1.914000000000000000e+03
1.833000000000000000e+03 2.115000000000000000e+03
1.868000000000000000e+03 2.103000000000000000e+03
2.103000000000000000e+03 2.435000000000000000e+03
2.111000000000000000e+03 2.245000000000000000e+03
2.107000000000000000e+03 2.680000000000000000e+03
2.010000000000000000e+03 2.834000000000000000e+03
2.181000000000000000e+03 2.532000000000000000e+03
2.246000000000000000e+03 2.423000000000000000e+03
2.059000000000000000e+03 2.749000000000000000e+03
2.183000000000000000e+03 2.643000000000000000e+03
2.363000000000000000e+03 2.643000000000000000e+03
2.219000000000000000e+03 2.610000000000000000e+03
2.214000000000000000e+03 2.319000000000000000e+03
2.085000000000000000e+03 2.475000000000000000e+03
2.230000000000000000e+03 2.325000000000000000e+03
2.154000000000000000e+03 2.213000000000000000e+03
2.352000000000000000e+03 2.421000000000000000e+03
2.085000000000000000e+03 2.264000000000000000e+03
2.228000000000000000e+03 2.278000000000000000e+03
2.223000000000000000e+03 2.605000000000000000e+03
1.776000000000000000e+03 1.975000000000000000e+03
1.693000000000000000e+03 1.974000000000000000e+03
1.970000000000000000e+03 1.906000000000000000e+03
1.720000000000000000e+03 2.009000000000000000e+03
1.997000000000000000e+03 1.754000000000000000e+03
1.910000000000000000e+03 1.831000000000000000e+03
2.021000000000000000e+03 1.726000000000000000e+03
1.837000000000000000e+03 1.727000000000000000e+03
2.527000000000000000e+03 6.930000000000000000e+02
2.365000000000000000e+03 5.950000000000000000e+02
2.668000000000000000e+03 4.960000000000000000e+02
2.055000000000000000e+03 5.270000000000000000e+02
2.337000000000000000e+03 4.740000000000000000e+02
2.323000000000000000e+03 5.280000000000000000e+02
2.013000000000000000e+03 4.710000000000000000e+02
3.079000000000000000e+03 5.500000000000000000e+02
2.929000000000000000e+03 5.530000000000000000e+02
2.943000000000000000e+03 5.470000000000000000e+02
3.038000000000000000e+03 4.570000000000000000e+02
2.873000000000000000e+03 5.670000000000000000e+02
2.648000000000000000e+03 9.030000000000000000e+02
3.085000000000000000e+03 3.490000000000000000e+02
3.031000000000000000e+03 3.480000000000000000e+02
2.842000000000000000e+03 7.300000000000000000e+01
2.901000000000000000e+03 6.200000000000000000e+01
2.728000000000000000e+03 4.060000000000000000e+02
2.989000000000000000e+03 1.220000000000000000e+02
2.984000000000000000e+03 2.400000000000000000e+02
2.932000000000000000e+03 3.410000000000000000e+02
2.850000000000000000e+03 2.990000000000000000e+02
2.860000000000000000e+03 2.970000000000000000e+02
2.754000000000000000e+03 3.280000000000000000e+02
2.683000000000000000e+03 4.410000000000000000e+02
2.658000000000000000e+03 2.870000000000000000e+02
2.782000000000000000e+03 2.460000000000000000e+02
2.725000000000000000e+03 3.650000000000000000e+02
2.687000000000000000e+03 5.550000000000000000e+02
2.621000000000000000e+03 5.950000000000000000e+02
2.603000000000000000e+03 7.310000000000000000e+02
1.967000000000000000e+03 9.410000000000000000e+02
2.119000000000000000e+03 1.012000000000000000e+03
1.970000000000000000e+03 9.320000000000000000e+02
1.979000000000000000e+03 8.830000000000000000e+02
2.140000000000000000e+03 6.600000000000000000e+02
2.159000000000000000e+03 6.790000000000000000e+02
2.143000000000000000e+03 8.160000000000000000e+02
2.138000000000000000e+03 6.520000000000000000e+02
2.409000000000000000e+03 7.950000000000000000e+02
2.337000000000000000e+03 9.440000000000000000e+02
2.470000000000000000e+03 9.140000000000000000e+02
2.265000000000000000e+03 1.013000000000000000e+03
2.198000000000000000e+03 1.026000000000000000e+03
2.128000000000000000e+03 9.830000000000000000e+02
2.062000000000000000e+03 1.033000000000000000e+03
2.050000000000000000e+03 1.031000000000000000e+03
1.496000000000000000e+03 1.382000000000000000e+03
1.441000000000000000e+03 1.395000000000000000e+03
1.362000000000000000e+03 1.549000000000000000e+03
1.258000000000000000e+03 1.573000000000000000e+03
1.405000000000000000e+03 1.384000000000000000e+03
1.669000000000000000e+03 1.161000000000000000e+03
1.389000000000000000e+03 1.244000000000000000e+03
1.587000000000000000e+03 1.305000000000000000e+03
2.606000000000000000e+03 7.400000000000000000e+02
2.594000000000000000e+03 6.910000000000000000e+02
2.552000000000000000e+03 8.650000000000000000e+02
2.640000000000000000e+03 7.470000000000000000e+02
1.771000000000000000e+03 1.091000000000000000e+03
1.902000000000000000e+03 1.083000000000000000e+03
1.870000000000000000e+03 1.121000000000000000e+03
2.382000000000000000e+03 9.970000000000000000e+02
3.091000000000000000e+03 1.489000000000000000e+03
3.263000000000000000e+03 1.950000000000000000e+03
3.083000000000000000e+03 1.429000000000000000e+03
3.147000000000000000e+03 2.238000000000000000e+03
3.087000000000000000e+03 2.237000000000000000e+03
3.142000000000000000e+03 2.303000000000000000e+03
2.923000000000000000e+03 2.209000000000000000e+03
3.231000000000000000e+03 2.178000000000000000e+03
3.202000000000000000e+03 2.259000000000000000e+03
3.245000000000000000e+03 2.303000000000000000e+03
3.006000000000000000e+03 2.206000000000000000e+03
3.175000000000000000e+03 1.987000000000000000e+03
3.169000000000000000e+03 1.996000000000000000e+03
3.117000000000000000e+03 1.915000000000000000e+03
3.146000000000000000e+03 1.984000000000000000e+03
3.562000000000000000e+03 2.200000000000000000e+03
3.505000000000000000e+03 2.270000000000000000e+03
3.379000000000000000e+03 2.026000000000000000e+03
3.437000000000000000e+03 2.005000000000000000e+03
3.489000000000000000e+03 1.997000000000000000e+03
3.778000000000000000e+03 2.193000000000000000e+03
3.667000000000000000e+03 2.048000000000000000e+03
3.847000000000000000e+03 2.161000000000000000e+03
3.297000000000000000e+03 1.674000000000000000e+03
3.327000000000000000e+03 1.737000000000000000e+03
3.083000000000000000e+03 1.557000000000000000e+03
3.197000000000000000e+03 1.591000000000000000e+03
3.124000000000000000e+03 1.045000000000000000e+03
2.964000000000000000e+03 1.028000000000000000e+03
3.030000000000000000e+03 1.054000000000000000e+03
3.016000000000000000e+03 9.890000000000000000e+02
2.917000000000000000e+03 1.214000000000000000e+03
2.863000000000000000e+03 8.900000000000000000e+02
2.797000000000000000e+03 9.400000000000000000e+02
2.876000000000000000e+03 1.098000000000000000e+03
2.820000000000000000e+03 1.135000000000000000e+03
2.864000000000000000e+03 9.450000000000000000e+02
2.832000000000000000e+03 9.310000000000000000e+02
2.875000000000000000e+03 9.670000000000000000e+02
2.900000000000000000e+03 8.290000000000000000e+02
2.883000000000000000e+03 1.068000000000000000e+03
2.871000000000000000e+03 1.090000000000000000e+03
2.955000000000000000e+03 1.252000000000000000e+03
2.914000000000000000e+03 1.121000000000000000e+03
2.926000000000000000e+03 1.108000000000000000e+03
2.896000000000000000e+03 1.150000000000000000e+03
2.876000000000000000e+03 1.383000000000000000e+03
2.959000000000000000e+03 1.370000000000000000e+03
2.874000000000000000e+03 1.291000000000000000e+03
2.875000000000000000e+03 1.239000000000000000e+03
2.846000000000000000e+03 1.099000000000000000e+03
2.859000000000000000e+03 1.278000000000000000e+03
2.765000000000000000e+03 1.054000000000000000e+03
2.821000000000000000e+03 1.123000000000000000e+03
2.747000000000000000e+03 1.352000000000000000e+03
2.730000000000000000e+03 1.292000000000000000e+03
2.726000000000000000e+03 1.435000000000000000e+03
2.710000000000000000e+03 1.370000000000000000e+03
2.677000000000000000e+03 1.280000000000000000e+03
2.637000000000000000e+03 1.507000000000000000e+03
2.703000000000000000e+03 1.325000000000000000e+03
2.734000000000000000e+03 1.188000000000000000e+03
3.332000000000000000e+03 1.318000000000000000e+03
3.296000000000000000e+03 2.046000000000000000e+03
3.301000000000000000e+03 2.141000000000000000e+03
3.333000000000000000e+03 1.875000000000000000e+03
3.309000000000000000e+03 2.118000000000000000e+03
2.843000000000000000e+03 1.845000000000000000e+03
3.346000000000000000e+03 1.978000000000000000e+03
3.337000000000000000e+03 1.473000000000000000e+03
3.326000000000000000e+03 1.448000000000000000e+03
3.414000000000000000e+03 1.506000000000000000e+03
3.454000000000000000e+03 1.487000000000000000e+03
3.273000000000000000e+03 1.616000000000000000e+03
3.214000000000000000e+03 1.796000000000000000e+03
3.295000000000000000e+03 1.644000000000000000e+03
3.320000000000000000e+03 1.695000000000000000e+03
3.479000000000000000e+03 1.735000000000000000e+03
3.456000000000000000e+03 2.201000000000000000e+03
3.407000000000000000e+03 1.973000000000000000e+03
3.487000000000000000e+03 1.747000000000000000e+03
3.306000000000000000e+03 1.477000000000000000e+03
3.263000000000000000e+03 1.416000000000000000e+03
3.436000000000000000e+03 1.959000000000000000e+03
3.476000000000000000e+03 1.698000000000000000e+03
3.379000000000000000e+03 1.370000000000000000e+03
3.533000000000000000e+03 1.314000000000000000e+03
3.532000000000000000e+03 1.417000000000000000e+03
3.417000000000000000e+03 1.340000000000000000e+03
3.532000000000000000e+03 1.392000000000000000e+03
3.434000000000000000e+03 1.480000000000000000e+03
3.637000000000000000e+03 1.859000000000000000e+03
3.449000000000000000e+03 1.476000000000000000e+03
3.686000000000000000e+03 1.446000000000000000e+03
3.608000000000000000e+03 1.783000000000000000e+03
3.720000000000000000e+03 1.461000000000000000e+03
3.653000000000000000e+03 1.807000000000000000e+03
3.913000000000000000e+03 1.457000000000000000e+03
3.776000000000000000e+03 1.352000000000000000e+03
3.803000000000000000e+03 1.514000000000000000e+03
3.761000000000000000e+03 1.399000000000000000e+03
3.666000000000000000e+03 1.265000000000000000e+03
3.703000000000000000e+03 1.251000000000000000e+03
3.372000000000000000e+03 1.302000000000000000e+03
3.371000000000000000e+03 1.240000000000000000e+03
3.920000000000000000e+03 1.273000000000000000e+03
3.934000000000000000e+03 1.130000000000000000e+03
3.868000000000000000e+03 1.140000000000000000e+03
3.960000000000000000e+03 1.054000000000000000e+03
3.291000000000000000e+03 9.220000000000000000e+02
3.403000000000000000e+03 9.480000000000000000e+02
3.338000000000000000e+03 8.400000000000000000e+02
3.299000000000000000e+03 7.250000000000000000e+02
3.344000000000000000e+03 1.095000000000000000e+03
3.241000000000000000e+03 1.091000000000000000e+03
3.542000000000000000e+03 1.101000000000000000e+03
3.622000000000000000e+03 1.130000000000000000e+03
3.380000000000000000e+03 1.105000000000000000e+03
3.372000000000000000e+03 1.055000000000000000e+03
3.493000000000000000e+03 1.124000000000000000e+03
3.673000000000000000e+03 1.136000000000000000e+03
3.725000000000000000e+03 1.005000000000000000e+03
3.784000000000000000e+03 1.029000000000000000e+03
3.543000000000000000e+03 1.078000000000000000e+03
3.303000000000000000e+03 1.118000000000000000e+03
1.996000000000000000e+03 1.463000000000000000e+03
2.016000000000000000e+03 1.276000000000000000e+03
1.814000000000000000e+03 1.811000000000000000e+03
1.207000000000000000e+03 2.443000000000000000e+03
1.271000000000000000e+03 2.795000000000000000e+03
1.135000000000000000e+03 2.768000000000000000e+03
1.402000000000000000e+03 1.948000000000000000e+03
1.179000000000000000e+03 2.520000000000000000e+03
1.107000000000000000e+03 3.027000000000000000e+03
1.155000000000000000e+03 2.842000000000000000e+03
1.194000000000000000e+03 2.922000000000000000e+03
1.162000000000000000e+03 3.035000000000000000e+03
1.164000000000000000e+03 3.056000000000000000e+03
1.112000000000000000e+03 2.470000000000000000e+03
1.282000000000000000e+03 2.732000000000000000e+03
1.178000000000000000e+03 1.964000000000000000e+03
1.298000000000000000e+03 1.929000000000000000e+03
1.157000000000000000e+03 1.820000000000000000e+03
1.190000000000000000e+03 1.836000000000000000e+03
1.261000000000000000e+03 2.052000000000000000e+03
1.331000000000000000e+03 2.162000000000000000e+03
1.253000000000000000e+03 2.113000000000000000e+03
1.275000000000000000e+03 2.052000000000000000e+03
1.299000000000000000e+03 1.794000000000000000e+03
1.163000000000000000e+03 2.773000000000000000e+03
1.212000000000000000e+03 1.802000000000000000e+03
1.091000000000000000e+03 1.841000000000000000e+03
1.092000000000000000e+03 2.138000000000000000e+03
9.760000000000000000e+02 3.086000000000000000e+03
1.127000000000000000e+03 1.850000000000000000e+03
1.181000000000000000e+03 1.801000000000000000e+03
2.389000000000000000e+03 2.496000000000000000e+03
2.871000000000000000e+03 1.995000000000000000e+03
2.763000000000000000e+03 2.038000000000000000e+03
2.850000000000000000e+03 1.838000000000000000e+03
2.867000000000000000e+03 1.869000000000000000e+03
2.857000000000000000e+03 2.198000000000000000e+03
2.804000000000000000e+03 2.150000000000000000e+03
2.929000000000000000e+03 1.864000000000000000e+03
2.982000000000000000e+03 1.907000000000000000e+03
2.671000000000000000e+03 2.245000000000000000e+03
2.718000000000000000e+03 1.954000000000000000e+03
2.828000000000000000e+03 1.822000000000000000e+03
2.753000000000000000e+03 1.791000000000000000e+03
2.798000000000000000e+03 1.980000000000000000e+03
2.765000000000000000e+03 2.124000000000000000e+03
2.773000000000000000e+03 2.300000000000000000e+03
2.801000000000000000e+03 2.317000000000000000e+03
2.735000000000000000e+03 1.992000000000000000e+03
2.838000000000000000e+03 1.930000000000000000e+03
2.758000000000000000e+03 2.041000000000000000e+03
2.796000000000000000e+03 1.938000000000000000e+03
2.725000000000000000e+03 2.397000000000000000e+03
2.849000000000000000e+03 2.395000000000000000e+03
2.938000000000000000e+03 2.392000000000000000e+03
2.952000000000000000e+03 2.272000000000000000e+03
2.922000000000000000e+03 1.996000000000000000e+03
2.949000000000000000e+03 1.924000000000000000e+03
3.014000000000000000e+03 1.998000000000000000e+03
3.013000000000000000e+03 1.997000000000000000e+03
2.954000000000000000e+03 2.235000000000000000e+03
2.460000000000000000e+03 2.273000000000000000e+03
1.312000000000000000e+03 1.988000000000000000e+03
1.490000000000000000e+03 1.984000000000000000e+03
1.751000000000000000e+03 1.968000000000000000e+03
1.331000000000000000e+03 2.169000000000000000e+03
1.575000000000000000e+03 2.027000000000000000e+03
1.480000000000000000e+03 1.985000000000000000e+03
1.930000000000000000e+03 1.910000000000000000e+03
1.169000000000000000e+03 2.365000000000000000e+03
1.257000000000000000e+03 1.992000000000000000e+03
1.269000000000000000e+03 2.485000000000000000e+03
1.204000000000000000e+03 2.199000000000000000e+03
1.149000000000000000e+03 2.374000000000000000e+03
1.070000000000000000e+03 2.672000000000000000e+03
9.930000000000000000e+02 2.717000000000000000e+03
1.243000000000000000e+03 2.471000000000000000e+03
1.056000000000000000e+03 2.607000000000000000e+03
9.910000000000000000e+02 2.513000000000000000e+03
1.018000000000000000e+03 2.264000000000000000e+03
9.530000000000000000e+02 2.433000000000000000e+03
7.000000000000000000e+02 2.134000000000000000e+03
7.670000000000000000e+02 2.181000000000000000e+03
6.660000000000000000e+02 2.140000000000000000e+03
8.160000000000000000e+02 2.228000000000000000e+03
1.106000000000000000e+03 2.544000000000000000e+03
1.241000000000000000e+03 2.595000000000000000e+03
1.125000000000000000e+03 2.547000000000000000e+03
1.104000000000000000e+03 2.563000000000000000e+03
1.503000000000000000e+03 2.064000000000000000e+03
1.316000000000000000e+03 2.236000000000000000e+03
1.266000000000000000e+03 2.649000000000000000e+03
1.264000000000000000e+03 2.230000000000000000e+03
1.060000000000000000e+02 1.917000000000000000e+03
6.600000000000000000e+01 1.958000000000000000e+03
6.600000000000000000e+01 1.882000000000000000e+03
2.840000000000000000e+02 1.890000000000000000e+03
5.760000000000000000e+02 1.967000000000000000e+03
8.290000000000000000e+02 2.065000000000000000e+03
2.980000000000000000e+02 1.913000000000000000e+03
5.610000000000000000e+02 1.969000000000000000e+03
9.660000000000000000e+02 2.590000000000000000e+03
6.990000000000000000e+02 2.496000000000000000e+03
1.300000000000000000e+03 2.238000000000000000e+03
8.700000000000000000e+02 2.048000000000000000e+03
1.440000000000000000e+02 2.033000000000000000e+03
1.062000000000000000e+03 2.100000000000000000e+03
1.534000000000000000e+03 2.262000000000000000e+03
1.085000000000000000e+03 1.981000000000000000e+03
1.403000000000000000e+03 1.999000000000000000e+03
7.730000000000000000e+02 2.047000000000000000e+03
6.860000000000000000e+02 2.086000000000000000e+03
3.370000000000000000e+02 2.116000000000000000e+03
1.284000000000000000e+03 2.040000000000000000e+03
1.562000000000000000e+03 1.917000000000000000e+03
1.127000000000000000e+03 1.984000000000000000e+03
1.713000000000000000e+03 1.941000000000000000e+03
6.770000000000000000e+02 2.291000000000000000e+03
5.140000000000000000e+02 2.057000000000000000e+03
7.020000000000000000e+02 2.093000000000000000e+03
5.070000000000000000e+02 2.021000000000000000e+03
3.700000000000000000e+02 1.934000000000000000e+03
8.280000000000000000e+02 2.058000000000000000e+03
1.004000000000000000e+03 2.098000000000000000e+03
4.040000000000000000e+02 1.964000000000000000e+03
2.571000000000000000e+03 2.525000000000000000e+03
1.392000000000000000e+03 2.467000000000000000e+03
1.488000000000000000e+03 2.515000000000000000e+03
2.625000000000000000e+03 2.485000000000000000e+03
2.304000000000000000e+03 2.706000000000000000e+03
2.400000000000000000e+03 2.207000000000000000e+03
1.880000000000000000e+03 2.294000000000000000e+03
1.916000000000000000e+03 2.769000000000000000e+03
2.383000000000000000e+03 2.747000000000000000e+03
2.065000000000000000e+03 2.419000000000000000e+03
1.870000000000000000e+03 2.710000000000000000e+03
1.912000000000000000e+03 2.797000000000000000e+03
1.935000000000000000e+03 3.056000000000000000e+03
2.016000000000000000e+03 2.584000000000000000e+03
2.179000000000000000e+03 2.551000000000000000e+03
3.202000000000000000e+03 2.730000000000000000e+03
3.057000000000000000e+03 2.647000000000000000e+03
3.086000000000000000e+03 2.457000000000000000e+03
2.729000000000000000e+03 2.640000000000000000e+03
2.751000000000000000e+03 3.332000000000000000e+03
2.898000000000000000e+03 2.828000000000000000e+03
2.989000000000000000e+03 2.955000000000000000e+03
2.893000000000000000e+03 2.968000000000000000e+03
2.931000000000000000e+03 2.670000000000000000e+03
3.133000000000000000e+03 2.594000000000000000e+03
2.894000000000000000e+03 2.644000000000000000e+03
2.418000000000000000e+03 2.386000000000000000e+03
3.064000000000000000e+03 2.545000000000000000e+03
3.070000000000000000e+03 2.553000000000000000e+03
3.104000000000000000e+03 2.582000000000000000e+03
3.112000000000000000e+03 2.805000000000000000e+03
2.606000000000000000e+03 3.770000000000000000e+03
2.450000000000000000e+03 3.800000000000000000e+03
2.764000000000000000e+03 3.852000000000000000e+03
2.450000000000000000e+03 3.847000000000000000e+03
3.014000000000000000e+03 3.878000000000000000e+03
2.872000000000000000e+03 3.920000000000000000e+03
3.019000000000000000e+03 3.917000000000000000e+03
2.231000000000000000e+03 3.844000000000000000e+03
2.451000000000000000e+03 3.879000000000000000e+03
2.410000000000000000e+03 3.679000000000000000e+03
2.312000000000000000e+03 3.718000000000000000e+03
2.167000000000000000e+03 3.914000000000000000e+03
2.388000000000000000e+03 3.927000000000000000e+03
2.286000000000000000e+03 3.844000000000000000e+03
2.253000000000000000e+03 3.900000000000000000e+03
2.012000000000000000e+03 3.807000000000000000e+03
2.001000000000000000e+03 3.833000000000000000e+03
1.960000000000000000e+03 3.626000000000000000e+03
1.891000000000000000e+03 3.868000000000000000e+03
2.079000000000000000e+03 3.919000000000000000e+03
2.113000000000000000e+03 3.786000000000000000e+03
2.062000000000000000e+03 3.820000000000000000e+03
1.970000000000000000e+03 3.788000000000000000e+03
2.701000000000000000e+03 2.491000000000000000e+03
2.902000000000000000e+03 2.551000000000000000e+03
2.704000000000000000e+03 2.466000000000000000e+03
2.787000000000000000e+03 2.586000000000000000e+03
2.978000000000000000e+03 2.547000000000000000e+03
2.955000000000000000e+03 2.445000000000000000e+03
2.029000000000000000e+03 3.310000000000000000e+03
2.294000000000000000e+03 3.719000000000000000e+03
1.485000000000000000e+03 3.429000000000000000e+03
1.348000000000000000e+03 3.628000000000000000e+03
1.419000000000000000e+03 3.178000000000000000e+03
1.504000000000000000e+03 3.710000000000000000e+03
1.408000000000000000e+03 3.791000000000000000e+03
1.407000000000000000e+03 3.702000000000000000e+03
1.446000000000000000e+03 3.743000000000000000e+03
1.394000000000000000e+03 3.851000000000000000e+03
1.462000000000000000e+03 3.591000000000000000e+03
1.200000000000000000e+03 3.797000000000000000e+03
1.193000000000000000e+03 3.879000000000000000e+03
1.254000000000000000e+03 3.872000000000000000e+03
1.294000000000000000e+03 3.082000000000000000e+03
1.239000000000000000e+03 3.780000000000000000e+03
1.239000000000000000e+03 3.832000000000000000e+03
1.536000000000000000e+03 3.685000000000000000e+03
1.627000000000000000e+03 3.475000000000000000e+03
1.548000000000000000e+03 3.715000000000000000e+03
1.640000000000000000e+03 3.679000000000000000e+03
1.590000000000000000e+03 3.902000000000000000e+03
1.574000000000000000e+03 3.756000000000000000e+03
1.566000000000000000e+03 3.440000000000000000e+03
1.896000000000000000e+03 3.299000000000000000e+03
1.730000000000000000e+03 3.606000000000000000e+03
1.798000000000000000e+03 3.546000000000000000e+03
2.165000000000000000e+03 3.414000000000000000e+03
1.637000000000000000e+03 3.578000000000000000e+03
1.755000000000000000e+03 3.692000000000000000e+03
1.750000000000000000e+03 3.759000000000000000e+03
2.236000000000000000e+03 3.370000000000000000e+03
1.872000000000000000e+03 3.702000000000000000e+03
1.185000000000000000e+03 3.604000000000000000e+03
1.985000000000000000e+03 2.981000000000000000e+03
1.267000000000000000e+03 3.596000000000000000e+03
1.188000000000000000e+03 3.552000000000000000e+03
1.084000000000000000e+03 3.132000000000000000e+03
1.050000000000000000e+03 3.438000000000000000e+03
1.141000000000000000e+03 3.473000000000000000e+03
1.204000000000000000e+03 3.454000000000000000e+03
1.145000000000000000e+03 3.430000000000000000e+03
1.080000000000000000e+03 3.592000000000000000e+03
9.200000000000000000e+02 3.619000000000000000e+03
1.032000000000000000e+03 3.689000000000000000e+03
1.064000000000000000e+03 3.774000000000000000e+03
1.065000000000000000e+03 3.597000000000000000e+03
1.100000000000000000e+03 3.762000000000000000e+03
1.080000000000000000e+03 3.800000000000000000e+03
1.095000000000000000e+03 2.877000000000000000e+03
1.035000000000000000e+03 3.047000000000000000e+03
9.390000000000000000e+02 2.590000000000000000e+03
1.089000000000000000e+03 3.238000000000000000e+03
1.192000000000000000e+03 3.050000000000000000e+03
1.091000000000000000e+03 2.813000000000000000e+03
1.022000000000000000e+03 3.063000000000000000e+03
1.041000000000000000e+03 2.807000000000000000e+03
1.249000000000000000e+03 3.269000000000000000e+03
1.103000000000000000e+03 3.328000000000000000e+03
1.088000000000000000e+03 3.125000000000000000e+03
1.267000000000000000e+03 2.727000000000000000e+03
1.317000000000000000e+03 3.008000000000000000e+03
1.319000000000000000e+03 3.362000000000000000e+03
1.155000000000000000e+03 3.378000000000000000e+03
1.290000000000000000e+03 3.279000000000000000e+03
1.913000000000000000e+03 2.836000000000000000e+03
2.871000000000000000e+03 3.393000000000000000e+03
2.468000000000000000e+03 3.603000000000000000e+03
1.967000000000000000e+03 3.311000000000000000e+03
1.963000000000000000e+03 3.446000000000000000e+03
1.911000000000000000e+03 3.189000000000000000e+03
2.056000000000000000e+03 3.184000000000000000e+03
2.312000000000000000e+03 2.923000000000000000e+03
2.110000000000000000e+03 3.628000000000000000e+03
1.821000000000000000e+03 3.445000000000000000e+03
2.036000000000000000e+03 3.617000000000000000e+03
1.866000000000000000e+03 3.561000000000000000e+03
1.834000000000000000e+03 3.473000000000000000e+03
1.756000000000000000e+03 3.391000000000000000e+03
1.824000000000000000e+03 3.558000000000000000e+03
2.321000000000000000e+03 3.526000000000000000e+03
2.643000000000000000e+03 3.570000000000000000e+03
2.193000000000000000e+03 3.572000000000000000e+03
2.275000000000000000e+03 3.387000000000000000e+03
2.410000000000000000e+03 3.673000000000000000e+03
2.405000000000000000e+03 3.587000000000000000e+03
2.547000000000000000e+03 3.741000000000000000e+03
2.552000000000000000e+03 3.741000000000000000e+03
2.673000000000000000e+03 3.822000000000000000e+03
2.813000000000000000e+03 3.848000000000000000e+03
2.664000000000000000e+03 3.570000000000000000e+03
2.641000000000000000e+03 3.810000000000000000e+03
2.534000000000000000e+03 3.566000000000000000e+03
2.631000000000000000e+03 3.677000000000000000e+03
2.762000000000000000e+03 3.786000000000000000e+03
2.551000000000000000e+03 3.520000000000000000e+03
2.113000000000000000e+03 3.019000000000000000e+03
2.928000000000000000e+03 3.338000000000000000e+03
2.926000000000000000e+03 3.596000000000000000e+03
2.842000000000000000e+03 3.330000000000000000e+03
2.816000000000000000e+03 3.610000000000000000e+03
2.377000000000000000e+03 3.458000000000000000e+03
2.868000000000000000e+03 3.600000000000000000e+03
2.853000000000000000e+03 3.315000000000000000e+03
2.921000000000000000e+03 3.190000000000000000e+03
2.856000000000000000e+03 3.367000000000000000e+03
2.636000000000000000e+03 3.268000000000000000e+03
2.918000000000000000e+03 3.421000000000000000e+03
2.685000000000000000e+03 3.395000000000000000e+03
2.965000000000000000e+03 3.266000000000000000e+03
2.946000000000000000e+03 3.408000000000000000e+03
2.969000000000000000e+03 3.616000000000000000e+03
3.133000000000000000e+03 3.182000000000000000e+03
3.059000000000000000e+03 3.613000000000000000e+03
3.059000000000000000e+03 3.691000000000000000e+03
3.008000000000000000e+03 3.644000000000000000e+03
3.096000000000000000e+03 3.741000000000000000e+03
2.817000000000000000e+03 3.601000000000000000e+03
3.023000000000000000e+03 3.481000000000000000e+03
2.760000000000000000e+03 3.364000000000000000e+03
2.609000000000000000e+03 3.435000000000000000e+03
3.142000000000000000e+03 3.233000000000000000e+03
3.065000000000000000e+03 3.294000000000000000e+03
3.030000000000000000e+03 3.340000000000000000e+03
2.711000000000000000e+03 3.329000000000000000e+03
3.125000000000000000e+03 3.179000000000000000e+03
3.099000000000000000e+03 3.177000000000000000e+03
2.172000000000000000e+03 3.360000000000000000e+03
2.214000000000000000e+03 3.495000000000000000e+03
2.333000000000000000e+03 3.501000000000000000e+03
2.547000000000000000e+03 3.586000000000000000e+03
2.581000000000000000e+03 3.496000000000000000e+03
2.442000000000000000e+03 3.536000000000000000e+03
2.516000000000000000e+03 3.538000000000000000e+03
2.536000000000000000e+03 3.267000000000000000e+03
2.602000000000000000e+03 3.213000000000000000e+03
2.453000000000000000e+03 3.257000000000000000e+03
2.509000000000000000e+03 2.550000000000000000e+03
2.635000000000000000e+03 3.344000000000000000e+03
2.610000000000000000e+03 3.302000000000000000e+03
2.682000000000000000e+03 3.162000000000000000e+03
2.552000000000000000e+03 3.333000000000000000e+03
2.613000000000000000e+03 3.102000000000000000e+03
2.627000000000000000e+03 3.047000000000000000e+03
2.231000000000000000e+03 3.044000000000000000e+03
1.925000000000000000e+03 2.645000000000000000e+03
2.653000000000000000e+03 3.051000000000000000e+03
2.340000000000000000e+03 3.186000000000000000e+03
2.141000000000000000e+03 2.852000000000000000e+03
2.769000000000000000e+03 3.112000000000000000e+03
2.260000000000000000e+03 2.891000000000000000e+03
2.142000000000000000e+03 2.894000000000000000e+03
2.736000000000000000e+03 2.893000000000000000e+03
2.630000000000000000e+03 2.950000000000000000e+03
2.689000000000000000e+03 2.919000000000000000e+03
2.492000000000000000e+03 2.891000000000000000e+03
2.514000000000000000e+03 2.744000000000000000e+03
2.520000000000000000e+03 2.839000000000000000e+03
2.528000000000000000e+03 2.758000000000000000e+03
2.448000000000000000e+03 3.003000000000000000e+03
2.294000000000000000e+03 3.108000000000000000e+03
2.252000000000000000e+03 3.055000000000000000e+03
2.304000000000000000e+03 2.881000000000000000e+03
2.335000000000000000e+03 2.901000000000000000e+03
2.003000000000000000e+03 2.997000000000000000e+03
2.439000000000000000e+03 2.921000000000000000e+03
2.307000000000000000e+03 3.024000000000000000e+03
2.407000000000000000e+03 3.164000000000000000e+03
2.382000000000000000e+03 3.056000000000000000e+03
2.326000000000000000e+03 3.051000000000000000e+03
2.009000000000000000e+03 3.171000000000000000e+03
2.256000000000000000e+03 3.082000000000000000e+03
2.182000000000000000e+03 3.125000000000000000e+03
2.187000000000000000e+03 3.082000000000000000e+03
2.136000000000000000e+03 3.522000000000000000e+03
2.386000000000000000e+03 3.408000000000000000e+03
2.114000000000000000e+03 3.477000000000000000e+03
2.659000000000000000e+03 3.181000000000000000e+03
2.115000000000000000e+03 3.398000000000000000e+03
2.096000000000000000e+03 3.452000000000000000e+03
2.053000000000000000e+03 3.382000000000000000e+03
2.038000000000000000e+03 3.348000000000000000e+03
2.273000000000000000e+03 3.235000000000000000e+03
2.003000000000000000e+03 2.933000000000000000e+03
2.065000000000000000e+03 3.182000000000000000e+03
2.273000000000000000e+03 3.242000000000000000e+03
2.307000000000000000e+03 3.270000000000000000e+03
2.292000000000000000e+03 3.165000000000000000e+03
2.090000000000000000e+03 3.267000000000000000e+03
2.212000000000000000e+03 3.346000000000000000e+03
0.000000000000000000e+00 2.170000000000000000e+03
0.000000000000000000e+00 3.420000000000000000e+03
0.000000000000000000e+00 0.000000000000000000e+00
3.192000000000000000e+03 0.000000000000000000e+00
3.165000000000000000e+03 2.270000000000000000e+03
3.165000000000000000e+03 2.800000000000000000e+03
