1.558000000000000000e+03 9.790000000000000000e+02
1.283000000000000000e+03 8.790000000000000000e+02
1.122000000000000000e+03 8.460000000000000000e+02
1.521000000000000000e+03 6.120000000000000000e+02
1.291000000000000000e+03 6.100000000000000000e+02
2.970000000000000000e+02 2.910000000000000000e+02
2.380000000000000000e+02 1.880000000000000000e+02
1.420000000000000000e+02 1.380000000000000000e+02
1.560000000000000000e+02 1.080000000000000000e+02
4.290000000000000000e+02 3.000000000000000000e+02
6.630000000000000000e+02 5.310000000000000000e+02
4.350000000000000000e+02 2.310000000000000000e+02
3.340000000000000000e+02 2.000000000000000000e+02
3.660000000000000000e+02 2.430000000000000000e+02
6.670000000000000000e+02 3.530000000000000000e+02
1.133000000000000000e+03 4.170000000000000000e+02
1.112000000000000000e+03 3.800000000000000000e+02
1.143000000000000000e+03 5.050000000000000000e+02
1.252000000000000000e+03 6.570000000000000000e+02
1.258000000000000000e+03 3.900000000000000000e+02
1.408000000000000000e+03 5.480000000000000000e+02
1.262000000000000000e+03 2.990000000000000000e+02
1.323000000000000000e+03 4.050000000000000000e+02
1.210000000000000000e+03 1.024000000000000000e+03
1.182000000000000000e+03 1.060000000000000000e+03
1.195000000000000000e+03 9.940000000000000000e+02
1.349000000000000000e+03 1.074000000000000000e+03
1.103000000000000000e+03 8.930000000000000000e+02
1.142000000000000000e+03 8.310000000000000000e+02
1.135000000000000000e+03 6.090000000000000000e+02
1.087000000000000000e+03 7.540000000000000000e+02
1.373000000000000000e+03 8.750000000000000000e+02
4.960000000000000000e+02 6.720000000000000000e+02
1.176000000000000000e+03 8.000000000000000000e+02
8.500000000000000000e+01 2.590000000000000000e+02
1.050000000000000000e+02 2.040000000000000000e+02
1.730000000000000000e+02 3.010000000000000000e+02
4.170000000000000000e+02 6.730000000000000000e+02
4.700000000000000000e+01 8.690000000000000000e+02
1.290000000000000000e+02 1.002000000000000000e+03
9.100000000000000000e+01 5.060000000000000000e+02
1.020000000000000000e+02 6.640000000000000000e+02
3.100000000000000000e+01 6.810000000000000000e+02
1.220000000000000000e+02 7.290000000000000000e+02
2.340000000000000000e+02 6.130000000000000000e+02
5.200000000000000000e+01 7.220000000000000000e+02
9.430000000000000000e+02 8.540000000000000000e+02
1.310000000000000000e+03 9.170000000000000000e+02
1.427000000000000000e+03 1.168000000000000000e+03
1.238000000000000000e+03 1.097000000000000000e+03
1.287000000000000000e+03 1.032000000000000000e+03
1.468000000000000000e+03 1.078000000000000000e+03
1.331000000000000000e+03 1.086000000000000000e+03
1.317000000000000000e+03 9.950000000000000000e+02
1.340000000000000000e+02 9.950000000000000000e+02
6.900000000000000000e+01 1.432000000000000000e+03
2.680000000000000000e+02 1.045000000000000000e+03
3.200000000000000000e+01 1.325000000000000000e+03
1.300000000000000000e+02 1.471000000000000000e+03
1.590000000000000000e+02 1.223000000000000000e+03
3.090000000000000000e+02 1.246000000000000000e+03
6.510000000000000000e+02 1.308000000000000000e+03
1.334000000000000000e+03 1.478000000000000000e+03
1.118000000000000000e+03 1.449000000000000000e+03
1.545000000000000000e+03 1.557000000000000000e+03
5.760000000000000000e+02 1.212000000000000000e+03
9.490000000000000000e+02 1.026000000000000000e+03
1.332000000000000000e+03 7.540000000000000000e+02
9.660000000000000000e+02 1.425000000000000000e+03
7.530000000000000000e+02 1.442000000000000000e+03
5.010000000000000000e+02 1.469000000000000000e+03
7.910000000000000000e+02 1.263000000000000000e+03
5.270000000000000000e+02 1.344000000000000000e+03
4.700000000000000000e+02 1.288000000000000000e+03
5.940000000000000000e+02 1.352000000000000000e+03
5.300000000000000000e+02 1.463000000000000000e+03
4.690000000000000000e+02 1.484000000000000000e+03
1.149000000000000000e+03 2.282000000000000000e+03
1.219000000000000000e+03 1.865000000000000000e+03
1.241000000000000000e+03 2.265000000000000000e+03
1.066000000000000000e+03 1.965000000000000000e+03
1.199000000000000000e+03 1.761000000000000000e+03
1.221000000000000000e+03 1.812000000000000000e+03
1.361000000000000000e+03 1.831000000000000000e+03
1.254000000000000000e+03 2.799000000000000000e+03
9.390000000000000000e+02 1.402000000000000000e+03
1.233000000000000000e+03 1.228000000000000000e+03
1.121000000000000000e+03 1.239000000000000000e+03
1.103000000000000000e+03 1.267000000000000000e+03
1.259000000000000000e+03 1.516000000000000000e+03
1.163000000000000000e+03 1.450000000000000000e+03
1.198000000000000000e+03 1.428000000000000000e+03
1.099000000000000000e+03 1.378000000000000000e+03
6.790000000000000000e+02 1.495000000000000000e+03
1.219000000000000000e+03 1.425000000000000000e+03
1.144000000000000000e+03 1.175000000000000000e+03
9.550000000000000000e+02 1.288000000000000000e+03
9.050000000000000000e+02 1.462000000000000000e+03
1.113000000000000000e+03 1.371000000000000000e+03
4.480000000000000000e+02 1.600000000000000000e+03
4.750000000000000000e+02 1.657000000000000000e+03
4.770000000000000000e+02 1.289000000000000000e+03
4.360000000000000000e+02 1.438000000000000000e+03
4.370000000000000000e+02 1.475000000000000000e+03
4.060000000000000000e+02 1.368000000000000000e+03
3.180000000000000000e+02 1.624000000000000000e+03
7.110000000000000000e+02 1.431000000000000000e+03
1.408000000000000000e+03 1.317000000000000000e+03
2.850000000000000000e+02 1.531000000000000000e+03
1.058000000000000000e+03 1.754000000000000000e+03
1.060000000000000000e+03 1.577000000000000000e+03
9.970000000000000000e+02 1.476000000000000000e+03
1.020000000000000000e+03 1.500000000000000000e+03
7.120000000000000000e+02 1.686000000000000000e+03
8.440000000000000000e+02 1.484000000000000000e+03
7.950000000000000000e+02 1.595000000000000000e+03
7.870000000000000000e+02 1.620000000000000000e+03
7.490000000000000000e+02 1.477000000000000000e+03
9.980000000000000000e+02 1.429000000000000000e+03
9.080000000000000000e+02 1.577000000000000000e+03
7.020000000000000000e+02 1.469000000000000000e+03
9.530000000000000000e+02 1.628000000000000000e+03
9.830000000000000000e+02 1.717000000000000000e+03
1.058000000000000000e+03 1.519000000000000000e+03
9.350000000000000000e+02 1.431000000000000000e+03
1.532000000000000000e+03 7.330000000000000000e+02
1.897000000000000000e+03 7.660000000000000000e+02
1.505000000000000000e+03 9.600000000000000000e+02
1.236000000000000000e+03 5.930000000000000000e+02
1.335000000000000000e+03 5.780000000000000000e+02
1.525000000000000000e+03 8.760000000000000000e+02
1.430000000000000000e+03 7.750000000000000000e+02
1.376000000000000000e+03 5.600000000000000000e+02
1.434000000000000000e+03 7.130000000000000000e+02
1.472000000000000000e+03 6.200000000000000000e+02
1.385000000000000000e+03 6.680000000000000000e+02
1.577000000000000000e+03 6.950000000000000000e+02
1.451000000000000000e+03 5.520000000000000000e+02
1.373000000000000000e+03 5.280000000000000000e+02
1.539000000000000000e+03 7.410000000000000000e+02
1.704000000000000000e+03 8.970000000000000000e+02
1.607000000000000000e+03 8.380000000000000000e+02
1.716000000000000000e+03 7.570000000000000000e+02
1.676000000000000000e+03 9.440000000000000000e+02
1.598000000000000000e+03 7.350000000000000000e+02
1.676000000000000000e+03 8.310000000000000000e+02
1.666000000000000000e+03 7.440000000000000000e+02
1.524000000000000000e+03 6.710000000000000000e+02
1.508000000000000000e+03 8.470000000000000000e+02
1.511000000000000000e+03 7.710000000000000000e+02
1.352000000000000000e+03 7.570000000000000000e+02
1.418000000000000000e+03 8.720000000000000000e+02
1.693000000000000000e+03 8.210000000000000000e+02
1.662000000000000000e+03 7.040000000000000000e+02
1.680000000000000000e+03 7.270000000000000000e+02
1.657000000000000000e+03 7.960000000000000000e+02
1.694000000000000000e+03 6.850000000000000000e+02
1.578000000000000000e+03 4.850000000000000000e+02
1.639000000000000000e+03 5.140000000000000000e+02
1.803000000000000000e+03 5.350000000000000000e+02
1.703000000000000000e+03 6.510000000000000000e+02
1.750000000000000000e+03 7.740000000000000000e+02
1.740000000000000000e+03 4.930000000000000000e+02
1.009000000000000000e+03 2.550000000000000000e+02
9.820000000000000000e+02 2.440000000000000000e+02
9.510000000000000000e+02 1.190000000000000000e+02
9.700000000000000000e+02 1.340000000000000000e+02
1.150000000000000000e+03 1.320000000000000000e+02
1.309000000000000000e+03 3.720000000000000000e+02
1.219000000000000000e+03 3.410000000000000000e+02
1.033000000000000000e+03 2.980000000000000000e+02
5.850000000000000000e+02 9.100000000000000000e+01
5.000000000000000000e+02 1.300000000000000000e+02
6.570000000000000000e+02 2.030000000000000000e+02
9.660000000000000000e+02 3.180000000000000000e+02
5.750000000000000000e+02 2.890000000000000000e+02
5.800000000000000000e+02 1.460000000000000000e+02
5.320000000000000000e+02 2.010000000000000000e+02
9.610000000000000000e+02 3.950000000000000000e+02
1.061000000000000000e+03 4.520000000000000000e+02
1.084000000000000000e+03 5.050000000000000000e+02
1.176000000000000000e+03 5.860000000000000000e+02
1.393000000000000000e+03 1.038000000000000000e+03
7.420000000000000000e+02 1.400000000000000000e+02
7.900000000000000000e+02 1.500000000000000000e+02
8.280000000000000000e+02 2.890000000000000000e+02
7.870000000000000000e+02 1.450000000000000000e+02
1.748000000000000000e+03 5.880000000000000000e+02
1.677000000000000000e+03 1.960000000000000000e+02
1.829000000000000000e+03 6.270000000000000000e+02
1.702000000000000000e+03 2.370000000000000000e+02
1.761000000000000000e+03 2.870000000000000000e+02
1.842000000000000000e+03 3.580000000000000000e+02
1.706000000000000000e+03 3.450000000000000000e+02
1.420000000000000000e+03 2.690000000000000000e+02
1.355000000000000000e+03 1.250000000000000000e+02
1.373000000000000000e+03 1.410000000000000000e+02
1.250000000000000000e+03 9.300000000000000000e+01
1.238000000000000000e+03 2.270000000000000000e+02
1.390000000000000000e+03 4.680000000000000000e+02
1.412000000000000000e+03 4.620000000000000000e+02
1.669000000000000000e+03 3.290000000000000000e+02
1.988000000000000000e+03 6.230000000000000000e+02
1.951000000000000000e+03 3.540000000000000000e+02
2.127000000000000000e+03 3.560000000000000000e+02
1.937000000000000000e+03 7.360000000000000000e+02
2.084000000000000000e+03 2.690000000000000000e+02
2.007000000000000000e+03 4.120000000000000000e+02
1.944000000000000000e+03 3.350000000000000000e+02
2.057000000000000000e+03 2.660000000000000000e+02
2.240000000000000000e+03 8.750000000000000000e+02
2.117000000000000000e+03 8.380000000000000000e+02
1.939000000000000000e+03 8.560000000000000000e+02
2.006000000000000000e+03 7.500000000000000000e+02
2.016000000000000000e+03 7.580000000000000000e+02
2.058000000000000000e+03 5.410000000000000000e+02
2.179000000000000000e+03 6.100000000000000000e+02
2.093000000000000000e+03 5.940000000000000000e+02
1.700000000000000000e+03 8.700000000000000000e+01
1.764000000000000000e+03 2.860000000000000000e+02
1.752000000000000000e+03 8.300000000000000000e+01
1.733000000000000000e+03 1.500000000000000000e+02
1.595000000000000000e+03 3.870000000000000000e+02
1.507000000000000000e+03 2.270000000000000000e+02
1.555000000000000000e+03 3.610000000000000000e+02
1.573000000000000000e+03 3.820000000000000000e+02
2.019000000000000000e+03 5.520000000000000000e+02
2.024000000000000000e+03 2.960000000000000000e+02
1.940000000000000000e+03 3.030000000000000000e+02
2.128000000000000000e+03 8.230000000000000000e+02
2.187000000000000000e+03 8.700000000000000000e+01
2.141000000000000000e+03 3.500000000000000000e+01
2.173000000000000000e+03 2.910000000000000000e+02
2.242000000000000000e+03 1.050000000000000000e+02
2.091000000000000000e+03 4.830000000000000000e+02
1.857000000000000000e+03 6.020000000000000000e+02
1.956000000000000000e+03 5.020000000000000000e+02
2.030000000000000000e+03 5.440000000000000000e+02
2.230000000000000000e+03 4.110000000000000000e+02
2.329000000000000000e+03 4.930000000000000000e+02
2.416000000000000000e+03 5.260000000000000000e+02
2.092000000000000000e+03 4.630000000000000000e+02
2.422000000000000000e+03 2.420000000000000000e+02
2.264000000000000000e+03 4.430000000000000000e+02
2.434000000000000000e+03 1.110000000000000000e+02
2.340000000000000000e+03 2.420000000000000000e+02
2.425000000000000000e+03 2.600000000000000000e+02
2.489000000000000000e+03 2.220000000000000000e+02
2.481000000000000000e+03 2.490000000000000000e+02
2.416000000000000000e+03 4.320000000000000000e+02
2.013000000000000000e+03 1.451000000000000000e+03
2.085000000000000000e+03 1.349000000000000000e+03
2.074000000000000000e+03 1.582000000000000000e+03
1.995000000000000000e+03 9.110000000000000000e+02
1.923000000000000000e+03 8.570000000000000000e+02
2.177000000000000000e+03 1.267000000000000000e+03
2.215000000000000000e+03 9.910000000000000000e+02
1.891000000000000000e+03 1.263000000000000000e+03
1.910000000000000000e+03 1.398000000000000000e+03
2.036000000000000000e+03 1.539000000000000000e+03
2.091000000000000000e+03 1.194000000000000000e+03
1.923000000000000000e+03 1.218000000000000000e+03
1.845000000000000000e+03 1.309000000000000000e+03
1.829000000000000000e+03 1.142000000000000000e+03
1.881000000000000000e+03 1.174000000000000000e+03
1.628000000000000000e+03 1.549000000000000000e+03
2.140000000000000000e+03 1.385000000000000000e+03
1.919000000000000000e+03 1.476000000000000000e+03
2.223000000000000000e+03 1.448000000000000000e+03
2.188000000000000000e+03 1.187000000000000000e+03
1.930000000000000000e+03 1.226000000000000000e+03
1.407000000000000000e+03 1.757000000000000000e+03
2.233000000000000000e+03 1.438000000000000000e+03
1.888000000000000000e+03 1.613000000000000000e+03
2.074000000000000000e+03 1.561000000000000000e+03
2.161000000000000000e+03 1.411000000000000000e+03
2.040000000000000000e+03 1.644000000000000000e+03
1.875000000000000000e+03 1.762000000000000000e+03
1.872000000000000000e+03 1.742000000000000000e+03
1.722000000000000000e+03 1.607000000000000000e+03
2.275000000000000000e+03 1.612000000000000000e+03
2.068000000000000000e+03 1.748000000000000000e+03
2.197000000000000000e+03 9.500000000000000000e+02
2.173000000000000000e+03 1.539000000000000000e+03
2.296000000000000000e+03 1.361000000000000000e+03
2.458000000000000000e+03 1.414000000000000000e+03
2.940000000000000000e+03 1.505000000000000000e+03
2.127000000000000000e+03 1.587000000000000000e+03
2.635000000000000000e+03 1.863000000000000000e+03
2.706000000000000000e+03 1.740000000000000000e+03
2.357000000000000000e+03 1.382000000000000000e+03
2.788000000000000000e+03 1.480000000000000000e+03
3.138000000000000000e+03 1.543000000000000000e+03
3.284000000000000000e+03 1.686000000000000000e+03
2.807000000000000000e+03 1.545000000000000000e+03
2.313000000000000000e+03 1.040000000000000000e+03
2.987000000000000000e+03 1.984000000000000000e+03
2.760000000000000000e+03 2.078000000000000000e+03
2.932000000000000000e+03 2.089000000000000000e+03
2.937000000000000000e+03 2.122000000000000000e+03
3.047000000000000000e+03 1.968000000000000000e+03
3.135000000000000000e+03 1.831000000000000000e+03
3.386000000000000000e+03 1.871000000000000000e+03
3.348000000000000000e+03 2.149000000000000000e+03
3.814000000000000000e+03 2.246000000000000000e+03
3.665000000000000000e+03 2.154000000000000000e+03
3.551000000000000000e+03 2.122000000000000000e+03
3.489000000000000000e+03 2.284000000000000000e+03
3.348000000000000000e+03 1.891000000000000000e+03
3.558000000000000000e+03 2.138000000000000000e+03
3.604000000000000000e+03 1.954000000000000000e+03
3.820000000000000000e+03 1.805000000000000000e+03
1.392000000000000000e+03 2.424000000000000000e+03
1.444000000000000000e+03 2.433000000000000000e+03
1.434000000000000000e+03 2.421000000000000000e+03
1.228000000000000000e+03 2.616000000000000000e+03
1.259000000000000000e+03 2.633000000000000000e+03
1.251000000000000000e+03 2.470000000000000000e+03
1.263000000000000000e+03 2.480000000000000000e+03
1.498000000000000000e+03 2.564000000000000000e+03
1.472000000000000000e+03 2.554000000000000000e+03
1.835000000000000000e+03 2.470000000000000000e+03
1.708000000000000000e+03 2.689000000000000000e+03
1.364000000000000000e+03 2.778000000000000000e+03
1.376000000000000000e+03 2.792000000000000000e+03
1.337000000000000000e+03 2.693000000000000000e+03
1.353000000000000000e+03 2.626000000000000000e+03
1.660000000000000000e+03 2.846000000000000000e+03
1.608000000000000000e+03 2.737000000000000000e+03
1.583000000000000000e+03 2.769000000000000000e+03
1.494000000000000000e+03 2.883000000000000000e+03
1.660000000000000000e+03 2.717000000000000000e+03
1.586000000000000000e+03 2.643000000000000000e+03
1.555000000000000000e+03 2.783000000000000000e+03
1.527000000000000000e+03 2.645000000000000000e+03
1.744000000000000000e+03 2.463000000000000000e+03
1.707000000000000000e+03 2.413000000000000000e+03
1.713000000000000000e+03 2.309000000000000000e+03
1.670000000000000000e+03 2.364000000000000000e+03
1.756000000000000000e+03 2.281000000000000000e+03
1.756000000000000000e+03 2.294000000000000000e+03
1.649000000000000000e+03 2.239000000000000000e+03
1.724000000000000000e+03 2.241000000000000000e+03
1.829000000000000000e+03 3.032000000000000000e+03
1.775000000000000000e+03 3.055000000000000000e+03
1.733000000000000000e+03 2.898000000000000000e+03
1.813000000000000000e+03 2.860000000000000000e+03
1.825000000000000000e+03 3.371000000000000000e+03
1.779000000000000000e+03 2.999000000000000000e+03
1.855000000000000000e+03 3.199000000000000000e+03
1.825000000000000000e+03 3.251000000000000000e+03
1.876000000000000000e+03 2.599000000000000000e+03
1.799000000000000000e+03 2.873000000000000000e+03
1.835000000000000000e+03 2.626000000000000000e+03
1.855000000000000000e+03 2.295000000000000000e+03
2.079000000000000000e+03 3.193000000000000000e+03
1.974000000000000000e+03 3.150000000000000000e+03
1.855000000000000000e+03 3.201000000000000000e+03
1.957000000000000000e+03 3.226000000000000000e+03
1.548000000000000000e+03 2.381000000000000000e+03
1.537000000000000000e+03 2.249000000000000000e+03
1.611000000000000000e+03 2.220000000000000000e+03
1.649000000000000000e+03 2.409000000000000000e+03
1.384000000000000000e+03 2.414000000000000000e+03
1.505000000000000000e+03 2.495000000000000000e+03
1.518000000000000000e+03 2.221000000000000000e+03
1.489000000000000000e+03 2.460000000000000000e+03
1.647000000000000000e+03 3.137000000000000000e+03
1.584000000000000000e+03 3.352000000000000000e+03
1.655000000000000000e+03 3.151000000000000000e+03
1.819000000000000000e+03 3.247000000000000000e+03
1.503000000000000000e+03 3.234000000000000000e+03
1.574000000000000000e+03 3.210000000000000000e+03
1.707000000000000000e+03 2.317000000000000000e+03
1.643000000000000000e+03 2.713000000000000000e+03
2.165000000000000000e+03 1.953000000000000000e+03
2.130000000000000000e+03 2.010000000000000000e+03
2.059000000000000000e+03 1.958000000000000000e+03
2.352000000000000000e+03 2.189000000000000000e+03
2.211000000000000000e+03 2.346000000000000000e+03
2.290000000000000000e+03 2.257000000000000000e+03
2.262000000000000000e+03 2.303000000000000000e+03
2.458000000000000000e+03 2.509000000000000000e+03
2.465000000000000000e+03 2.645000000000000000e+03
2.496000000000000000e+03 2.550000000000000000e+03
2.469000000000000000e+03 2.533000000000000000e+03
2.509000000000000000e+03 2.496000000000000000e+03
2.505000000000000000e+03 2.392000000000000000e+03
2.504000000000000000e+03 2.318000000000000000e+03
2.457000000000000000e+03 2.443000000000000000e+03
2.255000000000000000e+03 2.425000000000000000e+03
2.315000000000000000e+03 2.572000000000000000e+03
2.225000000000000000e+03 2.372000000000000000e+03
2.246000000000000000e+03 2.377000000000000000e+03
1.976000000000000000e+03 2.170000000000000000e+03
2.038000000000000000e+03 2.228000000000000000e+03
1.939000000000000000e+03 2.160000000000000000e+03
1.922000000000000000e+03 2.155000000000000000e+03
2.155000000000000000e+03 2.244000000000000000e+03
2.123000000000000000e+03 2.101000000000000000e+03
1.866000000000000000e+03 2.175000000000000000e+03
1.930000000000000000e+03 2.203000000000000000e+03
2.081000000000000000e+03 2.689000000000000000e+03
2.206000000000000000e+03 2.520000000000000000e+03
2.304000000000000000e+03 2.563000000000000000e+03
2.078000000000000000e+03 2.419000000000000000e+03
2.003000000000000000e+03 2.357000000000000000e+03
1.974000000000000000e+03 2.152000000000000000e+03
1.832000000000000000e+03 2.107000000000000000e+03
1.759000000000000000e+03 2.299000000000000000e+03
1.784000000000000000e+03 2.270000000000000000e+03
2.017000000000000000e+03 2.863000000000000000e+03
2.041000000000000000e+03 2.556000000000000000e+03
2.066000000000000000e+03 3.075000000000000000e+03
2.062000000000000000e+03 3.142000000000000000e+03
2.130000000000000000e+03 2.921000000000000000e+03
2.199000000000000000e+03 2.814000000000000000e+03
2.105000000000000000e+03 3.136000000000000000e+03
2.134000000000000000e+03 3.052000000000000000e+03
2.321000000000000000e+03 3.053000000000000000e+03
2.164000000000000000e+03 3.002000000000000000e+03
2.155000000000000000e+03 2.740000000000000000e+03
1.971000000000000000e+03 2.828000000000000000e+03
2.231000000000000000e+03 2.723000000000000000e+03
2.075000000000000000e+03 2.574000000000000000e+03
2.323000000000000000e+03 2.766000000000000000e+03
2.023000000000000000e+03 2.639000000000000000e+03
2.162000000000000000e+03 2.633000000000000000e+03
2.190000000000000000e+03 2.923000000000000000e+03
1.743000000000000000e+03 2.258000000000000000e+03
1.677000000000000000e+03 2.247000000000000000e+03
1.880000000000000000e+03 2.062000000000000000e+03
1.662000000000000000e+03 2.169000000000000000e+03
1.926000000000000000e+03 2.043000000000000000e+03
1.861000000000000000e+03 2.077000000000000000e+03
1.908000000000000000e+03 2.003000000000000000e+03
1.782000000000000000e+03 1.961000000000000000e+03
2.494000000000000000e+03 6.420000000000000000e+02
2.363000000000000000e+03 6.690000000000000000e+02
2.745000000000000000e+03 5.160000000000000000e+02
2.071000000000000000e+03 5.990000000000000000e+02
2.274000000000000000e+03 5.490000000000000000e+02
2.302000000000000000e+03 6.030000000000000000e+02
2.040000000000000000e+03 5.790000000000000000e+02
2.991000000000000000e+03 5.480000000000000000e+02
2.877000000000000000e+03 5.450000000000000000e+02
2.912000000000000000e+03 5.030000000000000000e+02
3.022000000000000000e+03 4.330000000000000000e+02
2.800000000000000000e+03 5.680000000000000000e+02
2.526000000000000000e+03 9.100000000000000000e+02
3.066000000000000000e+03 3.470000000000000000e+02
3.040000000000000000e+03 2.790000000000000000e+02
3.645000000000000000e+03 6.300000000000000000e+01
3.698000000000000000e+03 8.200000000000000000e+01
3.007000000000000000e+03 3.400000000000000000e+02
3.699000000000000000e+03 2.200000000000000000e+02
3.311000000000000000e+03 1.390000000000000000e+02
3.124000000000000000e+03 2.730000000000000000e+02
3.072000000000000000e+03 2.120000000000000000e+02
3.168000000000000000e+03 2.260000000000000000e+02
2.917000000000000000e+03 1.580000000000000000e+02
2.802000000000000000e+03 2.510000000000000000e+02
2.793000000000000000e+03 1.730000000000000000e+02
2.971000000000000000e+03 5.300000000000000000e+01
2.790000000000000000e+03 8.300000000000000000e+01
2.697000000000000000e+03 3.130000000000000000e+02
2.659000000000000000e+03 3.960000000000000000e+02
2.589000000000000000e+03 6.340000000000000000e+02
2.099000000000000000e+03 7.610000000000000000e+02
2.118000000000000000e+03 9.040000000000000000e+02
2.006000000000000000e+03 6.990000000000000000e+02
2.029000000000000000e+03 7.170000000000000000e+02
2.194000000000000000e+03 5.990000000000000000e+02
2.164000000000000000e+03 5.420000000000000000e+02
2.163000000000000000e+03 6.810000000000000000e+02
2.181000000000000000e+03 5.390000000000000000e+02
2.460000000000000000e+03 6.520000000000000000e+02
2.372000000000000000e+03 7.220000000000000000e+02
2.535000000000000000e+03 6.780000000000000000e+02
2.257000000000000000e+03 8.660000000000000000e+02
2.226000000000000000e+03 9.060000000000000000e+02
2.248000000000000000e+03 7.750000000000000000e+02
2.075000000000000000e+03 8.320000000000000000e+02
2.115000000000000000e+03 8.500000000000000000e+02
1.461000000000000000e+03 1.576000000000000000e+03
1.410000000000000000e+03 1.520000000000000000e+03
1.270000000000000000e+03 1.854000000000000000e+03
1.203000000000000000e+03 1.908000000000000000e+03
1.463000000000000000e+03 1.639000000000000000e+03
1.669000000000000000e+03 1.266000000000000000e+03
1.515000000000000000e+03 1.402000000000000000e+03
1.574000000000000000e+03 1.499000000000000000e+03
2.775000000000000000e+03 4.380000000000000000e+02
2.721000000000000000e+03 4.100000000000000000e+02
2.634000000000000000e+03 5.730000000000000000e+02
2.612000000000000000e+03 4.580000000000000000e+02
2.262000000000000000e+03 8.390000000000000000e+02
1.986000000000000000e+03 1.044000000000000000e+03
2.650000000000000000e+03 6.690000000000000000e+02
2.467000000000000000e+03 7.570000000000000000e+02
2.823000000000000000e+03 1.526000000000000000e+03
2.958000000000000000e+03 1.948000000000000000e+03
2.806000000000000000e+03 1.421000000000000000e+03
2.986000000000000000e+03 2.360000000000000000e+03
2.940000000000000000e+03 2.373000000000000000e+03
2.982000000000000000e+03 2.416000000000000000e+03
2.866000000000000000e+03 2.340000000000000000e+03
3.103000000000000000e+03 2.419000000000000000e+03
3.057000000000000000e+03 2.408000000000000000e+03
3.123000000000000000e+03 2.461000000000000000e+03
2.966000000000000000e+03 2.462000000000000000e+03
3.007000000000000000e+03 2.023000000000000000e+03
3.017000000000000000e+03 2.069000000000000000e+03
2.938000000000000000e+03 2.012000000000000000e+03
2.963000000000000000e+03 2.054000000000000000e+03
3.541000000000000000e+03 1.596000000000000000e+03
3.564000000000000000e+03 1.871000000000000000e+03
3.198000000000000000e+03 1.827000000000000000e+03
3.297000000000000000e+03 1.786000000000000000e+03
3.205000000000000000e+03 1.692000000000000000e+03
3.465000000000000000e+03 2.271000000000000000e+03
3.356000000000000000e+03 2.008000000000000000e+03
3.573000000000000000e+03 2.254000000000000000e+03
2.937000000000000000e+03 1.692000000000000000e+03
3.053000000000000000e+03 1.738000000000000000e+03
2.812000000000000000e+03 1.590000000000000000e+03
2.890000000000000000e+03 1.605000000000000000e+03
2.837000000000000000e+03 1.018000000000000000e+03
2.763000000000000000e+03 9.700000000000000000e+02
2.740000000000000000e+03 1.022000000000000000e+03
2.744000000000000000e+03 9.380000000000000000e+02
2.643000000000000000e+03 1.290000000000000000e+03
2.586000000000000000e+03 9.660000000000000000e+02
2.555000000000000000e+03 9.970000000000000000e+02
2.598000000000000000e+03 1.157000000000000000e+03
2.563000000000000000e+03 1.173000000000000000e+03
2.600000000000000000e+03 1.028000000000000000e+03
2.570000000000000000e+03 1.022000000000000000e+03
2.671000000000000000e+03 1.059000000000000000e+03
2.669000000000000000e+03 9.440000000000000000e+02
2.652000000000000000e+03 1.112000000000000000e+03
2.661000000000000000e+03 1.131000000000000000e+03
2.671000000000000000e+03 1.308000000000000000e+03
2.663000000000000000e+03 1.158000000000000000e+03
2.682000000000000000e+03 1.157000000000000000e+03
2.665000000000000000e+03 1.183000000000000000e+03
2.569000000000000000e+03 1.459000000000000000e+03
2.597000000000000000e+03 1.439000000000000000e+03
2.566000000000000000e+03 1.353000000000000000e+03
2.599000000000000000e+03 1.287000000000000000e+03
2.606000000000000000e+03 1.125000000000000000e+03
2.588000000000000000e+03 1.333000000000000000e+03
2.522000000000000000e+03 1.180000000000000000e+03
2.547000000000000000e+03 1.196000000000000000e+03
2.450000000000000000e+03 1.382000000000000000e+03
2.440000000000000000e+03 1.340000000000000000e+03
2.472000000000000000e+03 1.533000000000000000e+03
2.458000000000000000e+03 1.461000000000000000e+03
2.429000000000000000e+03 1.368000000000000000e+03
2.382000000000000000e+03 1.599000000000000000e+03
2.452000000000000000e+03 1.422000000000000000e+03
2.472000000000000000e+03 1.258000000000000000e+03
3.044000000000000000e+03 1.222000000000000000e+03
3.031000000000000000e+03 1.802000000000000000e+03
3.091000000000000000e+03 1.995000000000000000e+03
3.071000000000000000e+03 1.566000000000000000e+03
3.168000000000000000e+03 1.733000000000000000e+03
2.657000000000000000e+03 1.834000000000000000e+03
3.080000000000000000e+03 1.642000000000000000e+03
3.097000000000000000e+03 1.327000000000000000e+03
3.100000000000000000e+03 1.212000000000000000e+03
3.151000000000000000e+03 1.373000000000000000e+03
3.206000000000000000e+03 1.306000000000000000e+03
2.985000000000000000e+03 1.462000000000000000e+03
2.993000000000000000e+03 1.659000000000000000e+03
2.930000000000000000e+03 1.407000000000000000e+03
2.938000000000000000e+03 1.464000000000000000e+03
3.304000000000000000e+03 1.316000000000000000e+03
3.456000000000000000e+03 1.538000000000000000e+03
3.346000000000000000e+03 1.457000000000000000e+03
3.308000000000000000e+03 1.316000000000000000e+03
3.118000000000000000e+03 1.033000000000000000e+03
3.062000000000000000e+03 1.015000000000000000e+03
3.422000000000000000e+03 1.560000000000000000e+03
3.355000000000000000e+03 1.214000000000000000e+03
3.085000000000000000e+03 1.380000000000000000e+03
3.261000000000000000e+03 1.342000000000000000e+03
3.227000000000000000e+03 1.324000000000000000e+03
3.126000000000000000e+03 1.251000000000000000e+03
3.297000000000000000e+03 1.163000000000000000e+03
3.190000000000000000e+03 1.188000000000000000e+03
3.452000000000000000e+03 1.424000000000000000e+03
3.212000000000000000e+03 1.196000000000000000e+03
3.658000000000000000e+03 1.348000000000000000e+03
3.658000000000000000e+03 1.611000000000000000e+03
3.669000000000000000e+03 1.403000000000000000e+03
3.533000000000000000e+03 1.535000000000000000e+03
3.884000000000000000e+03 1.435000000000000000e+03
3.725000000000000000e+03 1.347000000000000000e+03
3.766000000000000000e+03 1.479000000000000000e+03
3.734000000000000000e+03 1.322000000000000000e+03
3.572000000000000000e+03 1.295000000000000000e+03
3.634000000000000000e+03 1.290000000000000000e+03
3.059000000000000000e+03 1.318000000000000000e+03
3.055000000000000000e+03 1.279000000000000000e+03
3.936000000000000000e+03 1.262000000000000000e+03
3.976000000000000000e+03 8.460000000000000000e+02
3.845000000000000000e+03 1.124000000000000000e+03
3.974000000000000000e+03 1.096000000000000000e+03
3.129000000000000000e+03 8.550000000000000000e+02
3.205000000000000000e+03 8.340000000000000000e+02
3.198000000000000000e+03 8.320000000000000000e+02
3.174000000000000000e+03 6.790000000000000000e+02
3.165000000000000000e+03 9.750000000000000000e+02
3.041000000000000000e+03 9.460000000000000000e+02
3.474000000000000000e+03 1.043000000000000000e+03
3.614000000000000000e+03 1.091000000000000000e+03
3.101000000000000000e+03 1.101000000000000000e+03
3.077000000000000000e+03 1.010000000000000000e+03
3.248000000000000000e+03 1.110000000000000000e+03
3.559000000000000000e+03 1.156000000000000000e+03
3.673000000000000000e+03 1.094000000000000000e+03
3.786000000000000000e+03 1.099000000000000000e+03
3.351000000000000000e+03 1.077000000000000000e+03
3.057000000000000000e+03 1.072000000000000000e+03
1.885000000000000000e+03 1.598000000000000000e+03
1.814000000000000000e+03 1.579000000000000000e+03
1.373000000000000000e+03 1.767000000000000000e+03
6.180000000000000000e+02 2.301000000000000000e+03
4.160000000000000000e+02 2.402000000000000000e+03
4.420000000000000000e+02 2.439000000000000000e+03
1.109000000000000000e+03 2.001000000000000000e+03
5.230000000000000000e+02 2.280000000000000000e+03
1.260000000000000000e+02 2.387000000000000000e+03
1.940000000000000000e+02 2.392000000000000000e+03
2.710000000000000000e+02 2.469000000000000000e+03
1.630000000000000000e+02 2.315000000000000000e+03
1.420000000000000000e+02 2.326000000000000000e+03
4.940000000000000000e+02 2.260000000000000000e+03
4.610000000000000000e+02 2.363000000000000000e+03
9.600000000000000000e+02 2.303000000000000000e+03
9.110000000000000000e+02 2.359000000000000000e+03
9.960000000000000000e+02 2.274000000000000000e+03
9.620000000000000000e+02 2.306000000000000000e+03
8.030000000000000000e+02 2.374000000000000000e+03
7.540000000000000000e+02 2.412000000000000000e+03
8.140000000000000000e+02 2.472000000000000000e+03
8.240000000000000000e+02 2.441000000000000000e+03
1.075000000000000000e+03 1.958000000000000000e+03
1.023000000000000000e+03 2.062000000000000000e+03
9.880000000000000000e+02 2.094000000000000000e+03
9.880000000000000000e+02 1.989000000000000000e+03
8.030000000000000000e+02 1.838000000000000000e+03
4.580000000000000000e+02 2.203000000000000000e+03
1.049000000000000000e+03 2.012000000000000000e+03
1.172000000000000000e+03 1.922000000000000000e+03
2.278000000000000000e+03 2.729000000000000000e+03
2.628000000000000000e+03 2.307000000000000000e+03
2.604000000000000000e+03 2.611000000000000000e+03
2.591000000000000000e+03 1.984000000000000000e+03
2.610000000000000000e+03 2.020000000000000000e+03
2.660000000000000000e+03 2.379000000000000000e+03
2.630000000000000000e+03 2.393000000000000000e+03
2.685000000000000000e+03 1.989000000000000000e+03
2.697000000000000000e+03 2.037000000000000000e+03
2.499000000000000000e+03 2.340000000000000000e+03
2.486000000000000000e+03 2.082000000000000000e+03
2.590000000000000000e+03 1.955000000000000000e+03
2.509000000000000000e+03 1.929000000000000000e+03
2.583000000000000000e+03 2.101000000000000000e+03
2.537000000000000000e+03 2.419000000000000000e+03
2.608000000000000000e+03 2.479000000000000000e+03
2.651000000000000000e+03 2.425000000000000000e+03
2.526000000000000000e+03 2.038000000000000000e+03
2.630000000000000000e+03 1.970000000000000000e+03
2.549000000000000000e+03 2.191000000000000000e+03
2.603000000000000000e+03 2.041000000000000000e+03
2.608000000000000000e+03 2.567000000000000000e+03
2.754000000000000000e+03 2.506000000000000000e+03
2.791000000000000000e+03 2.364000000000000000e+03
2.777000000000000000e+03 2.216000000000000000e+03
2.734000000000000000e+03 2.039000000000000000e+03
2.766000000000000000e+03 1.986000000000000000e+03
2.820000000000000000e+03 2.027000000000000000e+03
2.787000000000000000e+03 2.007000000000000000e+03
2.814000000000000000e+03 2.264000000000000000e+03
2.384000000000000000e+03 2.448000000000000000e+03
1.074000000000000000e+03 2.268000000000000000e+03
1.235000000000000000e+03 2.117000000000000000e+03
1.407000000000000000e+03 2.086000000000000000e+03
1.109000000000000000e+03 2.250000000000000000e+03
1.388000000000000000e+03 2.086000000000000000e+03
1.255000000000000000e+03 2.109000000000000000e+03
1.732000000000000000e+03 1.957000000000000000e+03
4.210000000000000000e+02 2.446000000000000000e+03
9.570000000000000000e+02 2.165000000000000000e+03
9.000000000000000000e+01 2.571000000000000000e+03
6.890000000000000000e+02 2.357000000000000000e+03
4.530000000000000000e+02 2.445000000000000000e+03
2.430000000000000000e+02 2.594000000000000000e+03
2.620000000000000000e+02 2.644000000000000000e+03
2.610000000000000000e+02 2.522000000000000000e+03
3.740000000000000000e+02 2.849000000000000000e+03
2.590000000000000000e+02 2.785000000000000000e+03
4.710000000000000000e+02 2.578000000000000000e+03
1.110000000000000000e+02 2.849000000000000000e+03
1.010000000000000000e+02 2.999000000000000000e+03
3.470000000000000000e+02 2.967000000000000000e+03
2.030000000000000000e+02 2.996000000000000000e+03
2.060000000000000000e+02 2.878000000000000000e+03
2.610000000000000000e+02 2.637000000000000000e+03
7.900000000000000000e+01 2.631000000000000000e+03
2.970000000000000000e+02 2.640000000000000000e+03
4.130000000000000000e+02 2.596000000000000000e+03
1.116000000000000000e+03 2.102000000000000000e+03
9.360000000000000000e+02 2.313000000000000000e+03
4.710000000000000000e+02 2.535000000000000000e+03
7.680000000000000000e+02 2.360000000000000000e+03
8.900000000000000000e+01 3.553000000000000000e+03
1.330000000000000000e+02 3.308000000000000000e+03
1.150000000000000000e+02 3.466000000000000000e+03
2.100000000000000000e+02 3.393000000000000000e+03
1.730000000000000000e+02 3.243000000000000000e+03
5.040000000000000000e+02 2.932000000000000000e+03
5.500000000000000000e+01 3.270000000000000000e+03
1.080000000000000000e+02 3.125000000000000000e+03
1.039000000000000000e+03 2.708000000000000000e+03
5.860000000000000000e+02 3.063000000000000000e+03
1.250000000000000000e+03 2.417000000000000000e+03
8.560000000000000000e+02 2.593000000000000000e+03
7.000000000000000000e+01 3.662000000000000000e+03
1.062000000000000000e+03 2.324000000000000000e+03
1.418000000000000000e+03 2.423000000000000000e+03
1.074000000000000000e+03 2.153000000000000000e+03
1.179000000000000000e+03 2.308000000000000000e+03
5.740000000000000000e+02 2.906000000000000000e+03
6.710000000000000000e+02 2.984000000000000000e+03
1.650000000000000000e+02 3.563000000000000000e+03
1.344000000000000000e+03 2.356000000000000000e+03
1.529000000000000000e+03 2.179000000000000000e+03
1.107000000000000000e+03 2.484000000000000000e+03
1.657000000000000000e+03 2.174000000000000000e+03
6.610000000000000000e+02 3.626000000000000000e+03
3.640000000000000000e+02 3.717000000000000000e+03
6.460000000000000000e+02 3.604000000000000000e+03
2.970000000000000000e+02 3.420000000000000000e+03
2.480000000000000000e+02 3.759000000000000000e+03
6.720000000000000000e+02 3.130000000000000000e+03
1.014000000000000000e+03 2.822000000000000000e+03
6.400000000000000000e+01 3.854000000000000000e+03
2.645000000000000000e+03 2.557000000000000000e+03
1.481000000000000000e+03 2.658000000000000000e+03
1.721000000000000000e+03 2.757000000000000000e+03
2.601000000000000000e+03 2.507000000000000000e+03
2.128000000000000000e+03 2.634000000000000000e+03
2.510000000000000000e+03 2.436000000000000000e+03
2.033000000000000000e+03 2.500000000000000000e+03
1.996000000000000000e+03 3.033000000000000000e+03
2.591000000000000000e+03 2.752000000000000000e+03
2.351000000000000000e+03 2.642000000000000000e+03
2.077000000000000000e+03 2.731000000000000000e+03
2.136000000000000000e+03 2.828000000000000000e+03
2.321000000000000000e+03 3.004000000000000000e+03
2.216000000000000000e+03 2.660000000000000000e+03
2.519000000000000000e+03 2.552000000000000000e+03
3.076000000000000000e+03 2.706000000000000000e+03
2.960000000000000000e+03 2.818000000000000000e+03
3.034000000000000000e+03 2.572000000000000000e+03
2.666000000000000000e+03 2.761000000000000000e+03
2.665000000000000000e+03 3.008000000000000000e+03
2.740000000000000000e+03 2.851000000000000000e+03
3.060000000000000000e+03 2.816000000000000000e+03
3.004000000000000000e+03 2.818000000000000000e+03
2.823000000000000000e+03 2.773000000000000000e+03
3.049000000000000000e+03 2.634000000000000000e+03
2.800000000000000000e+03 2.720000000000000000e+03
2.332000000000000000e+03 2.548000000000000000e+03
3.009000000000000000e+03 2.715000000000000000e+03
2.951000000000000000e+03 2.669000000000000000e+03
3.011000000000000000e+03 2.710000000000000000e+03
3.024000000000000000e+03 2.693000000000000000e+03
2.641000000000000000e+03 3.073000000000000000e+03
2.740000000000000000e+03 2.823000000000000000e+03
2.786000000000000000e+03 3.266000000000000000e+03
2.454000000000000000e+03 3.510000000000000000e+03
3.843000000000000000e+03 2.714000000000000000e+03
3.025000000000000000e+03 3.089000000000000000e+03
3.586000000000000000e+03 3.134000000000000000e+03
2.363000000000000000e+03 3.401000000000000000e+03
2.498000000000000000e+03 3.418000000000000000e+03
2.554000000000000000e+03 3.469000000000000000e+03
2.453000000000000000e+03 3.443000000000000000e+03
2.201000000000000000e+03 3.352000000000000000e+03
2.434000000000000000e+03 3.332000000000000000e+03
2.419000000000000000e+03 3.341000000000000000e+03
2.362000000000000000e+03 3.342000000000000000e+03
2.201000000000000000e+03 3.365000000000000000e+03
2.181000000000000000e+03 3.370000000000000000e+03
2.069000000000000000e+03 3.326000000000000000e+03
2.069000000000000000e+03 3.373000000000000000e+03
2.237000000000000000e+03 3.525000000000000000e+03
2.266000000000000000e+03 3.455000000000000000e+03
2.160000000000000000e+03 3.499000000000000000e+03
2.025000000000000000e+03 3.463000000000000000e+03
2.696000000000000000e+03 2.572000000000000000e+03
2.809000000000000000e+03 2.594000000000000000e+03
2.585000000000000000e+03 2.520000000000000000e+03
2.703000000000000000e+03 2.578000000000000000e+03
2.922000000000000000e+03 2.599000000000000000e+03
2.873000000000000000e+03 2.562000000000000000e+03
2.089000000000000000e+03 3.242000000000000000e+03
2.370000000000000000e+03 3.239000000000000000e+03
1.598000000000000000e+03 3.424000000000000000e+03
1.508000000000000000e+03 3.647000000000000000e+03
1.641000000000000000e+03 3.047000000000000000e+03
1.653000000000000000e+03 3.676000000000000000e+03
1.619000000000000000e+03 3.718000000000000000e+03
1.608000000000000000e+03 3.753000000000000000e+03
1.732000000000000000e+03 3.853000000000000000e+03
1.744000000000000000e+03 3.889000000000000000e+03
1.686000000000000000e+03 3.579000000000000000e+03
1.424000000000000000e+03 3.666000000000000000e+03
1.530000000000000000e+03 3.854000000000000000e+03
1.596000000000000000e+03 3.865000000000000000e+03
1.590000000000000000e+03 3.019000000000000000e+03
1.517000000000000000e+03 3.772000000000000000e+03
1.560000000000000000e+03 3.832000000000000000e+03
1.784000000000000000e+03 3.698000000000000000e+03
1.801000000000000000e+03 3.381000000000000000e+03
1.743000000000000000e+03 3.619000000000000000e+03
1.847000000000000000e+03 3.325000000000000000e+03
1.789000000000000000e+03 3.630000000000000000e+03
1.739000000000000000e+03 3.533000000000000000e+03
1.677000000000000000e+03 3.368000000000000000e+03
1.984000000000000000e+03 3.206000000000000000e+03
2.002000000000000000e+03 3.826000000000000000e+03
2.058000000000000000e+03 3.756000000000000000e+03
2.335000000000000000e+03 3.662000000000000000e+03
1.875000000000000000e+03 3.819000000000000000e+03
1.953000000000000000e+03 3.726000000000000000e+03
1.915000000000000000e+03 3.777000000000000000e+03
2.315000000000000000e+03 3.324000000000000000e+03
1.992000000000000000e+03 3.730000000000000000e+03
1.153000000000000000e+03 3.804000000000000000e+03
1.710000000000000000e+03 3.160000000000000000e+03
1.070000000000000000e+03 3.925000000000000000e+03
8.620000000000000000e+02 3.958000000000000000e+03
8.820000000000000000e+02 3.741000000000000000e+03
6.510000000000000000e+02 3.938000000000000000e+03
1.017000000000000000e+03 3.859000000000000000e+03
1.133000000000000000e+03 3.840000000000000000e+03
1.293000000000000000e+03 3.494000000000000000e+03
1.245000000000000000e+03 3.761000000000000000e+03
1.261000000000000000e+03 3.885000000000000000e+03
1.258000000000000000e+03 3.896000000000000000e+03
1.397000000000000000e+03 3.765000000000000000e+03
1.334000000000000000e+03 3.586000000000000000e+03
1.404000000000000000e+03 3.698000000000000000e+03
1.400000000000000000e+03 3.819000000000000000e+03
1.275000000000000000e+03 2.976000000000000000e+03
1.360000000000000000e+03 3.127000000000000000e+03
1.224000000000000000e+03 2.695000000000000000e+03
1.252000000000000000e+03 3.372000000000000000e+03
1.284000000000000000e+03 3.292000000000000000e+03
1.202000000000000000e+03 3.026000000000000000e+03
1.262000000000000000e+03 3.180000000000000000e+03
1.234000000000000000e+03 2.930000000000000000e+03
1.256000000000000000e+03 3.472000000000000000e+03
1.040000000000000000e+03 3.633000000000000000e+03
1.106000000000000000e+03 3.289000000000000000e+03
1.222000000000000000e+03 2.997000000000000000e+03
1.043000000000000000e+03 3.239000000000000000e+03
1.326000000000000000e+03 3.545000000000000000e+03
1.127000000000000000e+03 3.645000000000000000e+03
1.251000000000000000e+03 3.444000000000000000e+03
2.114000000000000000e+03 2.949000000000000000e+03
3.671000000000000000e+03 3.289000000000000000e+03
3.067000000000000000e+03 3.739000000000000000e+03
2.219000000000000000e+03 3.601000000000000000e+03
2.163000000000000000e+03 3.593000000000000000e+03
2.149000000000000000e+03 3.309000000000000000e+03
2.279000000000000000e+03 3.318000000000000000e+03
2.376000000000000000e+03 2.969000000000000000e+03
2.278000000000000000e+03 3.864000000000000000e+03
1.933000000000000000e+03 3.807000000000000000e+03
2.256000000000000000e+03 3.834000000000000000e+03
2.149000000000000000e+03 3.880000000000000000e+03
2.144000000000000000e+03 3.763000000000000000e+03
1.937000000000000000e+03 3.786000000000000000e+03
2.127000000000000000e+03 3.875000000000000000e+03
2.823000000000000000e+03 3.620000000000000000e+03
3.325000000000000000e+03 3.613000000000000000e+03
2.755000000000000000e+03 3.624000000000000000e+03
2.842000000000000000e+03 3.675000000000000000e+03
3.241000000000000000e+03 3.769000000000000000e+03
3.141000000000000000e+03 3.686000000000000000e+03
3.338000000000000000e+03 3.810000000000000000e+03
3.406000000000000000e+03 3.838000000000000000e+03
3.484000000000000000e+03 3.948000000000000000e+03
3.522000000000000000e+03 3.898000000000000000e+03
3.193000000000000000e+03 3.648000000000000000e+03
3.396000000000000000e+03 3.789000000000000000e+03
3.106000000000000000e+03 3.609000000000000000e+03
3.141000000000000000e+03 3.563000000000000000e+03
3.555000000000000000e+03 3.799000000000000000e+03
3.057000000000000000e+03 3.637000000000000000e+03
2.487000000000000000e+03 3.227000000000000000e+03
3.591000000000000000e+03 3.732000000000000000e+03
3.664000000000000000e+03 3.834000000000000000e+03
3.463000000000000000e+03 3.620000000000000000e+03
3.657000000000000000e+03 3.776000000000000000e+03
2.922000000000000000e+03 3.578000000000000000e+03
3.676000000000000000e+03 3.744000000000000000e+03
3.730000000000000000e+03 3.750000000000000000e+03
3.493000000000000000e+03 3.579000000000000000e+03
3.783000000000000000e+03 3.735000000000000000e+03
3.245000000000000000e+03 3.620000000000000000e+03
3.785000000000000000e+03 3.877000000000000000e+03
3.266000000000000000e+03 3.711000000000000000e+03
3.834000000000000000e+03 3.798000000000000000e+03
3.837000000000000000e+03 3.905000000000000000e+03
3.823000000000000000e+03 3.388000000000000000e+03
3.885000000000000000e+03 3.095000000000000000e+03
3.936000000000000000e+03 3.261000000000000000e+03
3.983000000000000000e+03 3.223000000000000000e+03
3.434000000000000000e+03 3.070000000000000000e+03
3.962000000000000000e+03 2.732000000000000000e+03
3.336000000000000000e+03 3.130000000000000000e+03
3.963000000000000000e+03 3.020000000000000000e+03
3.479000000000000000e+03 3.589000000000000000e+03
3.453000000000000000e+03 3.446000000000000000e+03
3.818000000000000000e+03 3.562000000000000000e+03
3.536000000000000000e+03 3.479000000000000000e+03
3.760000000000000000e+03 3.702000000000000000e+03
3.236000000000000000e+03 3.660000000000000000e+03
3.868000000000000000e+03 3.357000000000000000e+03
3.794000000000000000e+03 3.586000000000000000e+03
2.825000000000000000e+03 3.500000000000000000e+03
2.854000000000000000e+03 3.704000000000000000e+03
3.080000000000000000e+03 3.709000000000000000e+03
3.257000000000000000e+03 3.814000000000000000e+03
3.176000000000000000e+03 3.813000000000000000e+03
3.175000000000000000e+03 3.809000000000000000e+03
3.181000000000000000e+03 3.849000000000000000e+03
2.930000000000000000e+03 3.718000000000000000e+03
2.916000000000000000e+03 3.548000000000000000e+03
2.981000000000000000e+03 3.664000000000000000e+03
3.115000000000000000e+03 2.897000000000000000e+03
2.949000000000000000e+03 3.692000000000000000e+03
2.964000000000000000e+03 3.698000000000000000e+03
2.944000000000000000e+03 3.612000000000000000e+03
2.845000000000000000e+03 3.717000000000000000e+03
2.985000000000000000e+03 3.382000000000000000e+03
3.060000000000000000e+03 3.481000000000000000e+03
2.171000000000000000e+03 3.384000000000000000e+03
2.092000000000000000e+03 3.101000000000000000e+03
2.820000000000000000e+03 3.354000000000000000e+03
2.484000000000000000e+03 3.356000000000000000e+03
2.228000000000000000e+03 3.088000000000000000e+03
3.007000000000000000e+03 3.470000000000000000e+03
2.429000000000000000e+03 3.144000000000000000e+03
2.361000000000000000e+03 3.087000000000000000e+03
2.813000000000000000e+03 3.314000000000000000e+03
2.843000000000000000e+03 3.248000000000000000e+03
2.860000000000000000e+03 3.329000000000000000e+03
2.525000000000000000e+03 3.248000000000000000e+03
2.635000000000000000e+03 3.195000000000000000e+03
2.617000000000000000e+03 3.249000000000000000e+03
2.788000000000000000e+03 3.219000000000000000e+03
2.785000000000000000e+03 3.486000000000000000e+03
2.530000000000000000e+03 3.565000000000000000e+03
2.502000000000000000e+03 3.520000000000000000e+03
2.447000000000000000e+03 3.425000000000000000e+03
2.672000000000000000e+03 3.465000000000000000e+03
2.182000000000000000e+03 3.468000000000000000e+03
2.675000000000000000e+03 3.421000000000000000e+03
2.753000000000000000e+03 3.689000000000000000e+03
2.837000000000000000e+03 3.799000000000000000e+03
2.714000000000000000e+03 3.802000000000000000e+03
2.707000000000000000e+03 3.846000000000000000e+03
2.313000000000000000e+03 3.629000000000000000e+03
2.677000000000000000e+03 3.607000000000000000e+03
2.705000000000000000e+03 3.786000000000000000e+03
2.697000000000000000e+03 3.654000000000000000e+03
2.275000000000000000e+03 3.867000000000000000e+03
2.552000000000000000e+03 3.847000000000000000e+03
2.312000000000000000e+03 3.757000000000000000e+03
2.918000000000000000e+03 3.211000000000000000e+03
2.396000000000000000e+03 3.711000000000000000e+03
2.389000000000000000e+03 3.728000000000000000e+03
2.427000000000000000e+03 3.890000000000000000e+03
2.474000000000000000e+03 3.819000000000000000e+03
2.477000000000000000e+03 3.579000000000000000e+03
2.229000000000000000e+03 3.263000000000000000e+03
2.618000000000000000e+03 3.772000000000000000e+03
2.731000000000000000e+03 3.773000000000000000e+03
2.695000000000000000e+03 3.935000000000000000e+03
2.547000000000000000e+03 3.722000000000000000e+03
2.257000000000000000e+03 3.758000000000000000e+03
2.552000000000000000e+03 3.847000000000000000e+03
2.310000000000000000e+02 2.640000000000000000e+03
3.300000000000000000e+01 1.710000000000000000e+03
1.410000000000000000e+02 3.300000000000000000e+02
3.140000000000000000e+03 9.000000000000000000e+01
3.107000000000000000e+03 1.670000000000000000e+03
3.089000000000000000e+03 2.350000000000000000e+03
