1.624000000000000000e+03 9.050000000000000000e+02
1.181000000000000000e+03 9.370000000000000000e+02
1.117000000000000000e+03 8.980000000000000000e+02
1.705000000000000000e+03 4.450000000000000000e+02
1.472000000000000000e+03 6.890000000000000000e+02
4.390000000000000000e+02 4.750000000000000000e+02
4.250000000000000000e+02 4.630000000000000000e+02
3.560000000000000000e+02 5.800000000000000000e+02
4.000000000000000000e+02 6.290000000000000000e+02
3.360000000000000000e+02 7.580000000000000000e+02
7.250000000000000000e+02 8.140000000000000000e+02
5.460000000000000000e+02 6.150000000000000000e+02
3.760000000000000000e+02 7.310000000000000000e+02
4.390000000000000000e+02 7.180000000000000000e+02
6.110000000000000000e+02 6.310000000000000000e+02
6.140000000000000000e+02 4.960000000000000000e+02
7.510000000000000000e+02 5.140000000000000000e+02
7.900000000000000000e+02 6.100000000000000000e+02
9.390000000000000000e+02 6.520000000000000000e+02
7.460000000000000000e+02 4.150000000000000000e+02
1.330000000000000000e+03 3.880000000000000000e+02
6.380000000000000000e+02 3.030000000000000000e+02
8.890000000000000000e+02 3.850000000000000000e+02
1.028000000000000000e+03 9.160000000000000000e+02
8.270000000000000000e+02 9.120000000000000000e+02
7.550000000000000000e+02 8.450000000000000000e+02
1.164000000000000000e+03 9.580000000000000000e+02
6.110000000000000000e+02 7.920000000000000000e+02
6.670000000000000000e+02 7.590000000000000000e+02
7.050000000000000000e+02 5.710000000000000000e+02
7.100000000000000000e+02 6.860000000000000000e+02
1.461000000000000000e+03 7.050000000000000000e+02
5.700000000000000000e+02 6.860000000000000000e+02
1.157000000000000000e+03 6.730000000000000000e+02
1.830000000000000000e+02 4.680000000000000000e+02
1.760000000000000000e+02 4.220000000000000000e+02
2.010000000000000000e+02 5.240000000000000000e+02
4.250000000000000000e+02 5.020000000000000000e+02
1.110000000000000000e+02 7.000000000000000000e+01
1.690000000000000000e+02 7.220000000000000000e+02
1.710000000000000000e+02 3.550000000000000000e+02
2.100000000000000000e+02 4.970000000000000000e+02
4.400000000000000000e+01 1.320000000000000000e+02
1.690000000000000000e+02 3.440000000000000000e+02
2.370000000000000000e+02 3.370000000000000000e+02
1.010000000000000000e+02 2.930000000000000000e+02
1.190000000000000000e+03 7.450000000000000000e+02
1.373000000000000000e+03 7.470000000000000000e+02
1.507000000000000000e+03 1.018000000000000000e+03
1.229000000000000000e+03 1.057000000000000000e+03
1.230000000000000000e+03 1.189000000000000000e+03
1.527000000000000000e+03 1.128000000000000000e+03
1.332000000000000000e+03 1.177000000000000000e+03
1.219000000000000000e+03 1.099000000000000000e+03
2.150000000000000000e+02 6.040000000000000000e+02
1.990000000000000000e+02 6.990000000000000000e+02
2.730000000000000000e+02 5.930000000000000000e+02
7.100000000000000000e+01 6.150000000000000000e+02
1.250000000000000000e+02 7.290000000000000000e+02
1.600000000000000000e+02 6.940000000000000000e+02
3.430000000000000000e+02 8.450000000000000000e+02
5.890000000000000000e+02 9.680000000000000000e+02
1.125000000000000000e+03 1.222000000000000000e+03
8.390000000000000000e+02 1.318000000000000000e+03
1.428000000000000000e+03 1.338000000000000000e+03
4.960000000000000000e+02 7.920000000000000000e+02
7.470000000000000000e+02 8.970000000000000000e+02
1.148000000000000000e+03 9.820000000000000000e+02
7.330000000000000000e+02 1.217000000000000000e+03
5.970000000000000000e+02 1.109000000000000000e+03
3.760000000000000000e+02 1.062000000000000000e+03
7.560000000000000000e+02 9.580000000000000000e+02
5.290000000000000000e+02 9.150000000000000000e+02
4.250000000000000000e+02 9.090000000000000000e+02
4.440000000000000000e+02 9.800000000000000000e+02
3.920000000000000000e+02 1.080000000000000000e+03
3.340000000000000000e+02 1.044000000000000000e+03
7.570000000000000000e+02 1.873000000000000000e+03
7.510000000000000000e+02 1.537000000000000000e+03
7.140000000000000000e+02 1.884000000000000000e+03
5.940000000000000000e+02 1.677000000000000000e+03
7.730000000000000000e+02 1.417000000000000000e+03
8.810000000000000000e+02 1.514000000000000000e+03
1.142000000000000000e+03 1.647000000000000000e+03
1.016000000000000000e+03 2.333000000000000000e+03
5.680000000000000000e+02 1.258000000000000000e+03
7.160000000000000000e+02 1.071000000000000000e+03
6.220000000000000000e+02 1.093000000000000000e+03
5.760000000000000000e+02 1.091000000000000000e+03
8.460000000000000000e+02 1.327000000000000000e+03
7.170000000000000000e+02 1.283000000000000000e+03
7.310000000000000000e+02 1.280000000000000000e+03
7.440000000000000000e+02 1.265000000000000000e+03
4.500000000000000000e+02 1.195000000000000000e+03
1.132000000000000000e+03 1.211000000000000000e+03
9.760000000000000000e+02 1.123000000000000000e+03
8.000000000000000000e+02 1.073000000000000000e+03
7.430000000000000000e+02 1.231000000000000000e+03
7.790000000000000000e+02 1.178000000000000000e+03
1.740000000000000000e+02 1.103000000000000000e+03
7.300000000000000000e+01 1.116000000000000000e+03
4.160000000000000000e+02 8.160000000000000000e+02
3.080000000000000000e+02 1.005000000000000000e+03
3.270000000000000000e+02 9.040000000000000000e+02
2.780000000000000000e+02 8.270000000000000000e+02
1.120000000000000000e+02 1.024000000000000000e+03
5.830000000000000000e+02 9.550000000000000000e+02
1.372000000000000000e+03 1.056000000000000000e+03
1.880000000000000000e+02 8.430000000000000000e+02
3.060000000000000000e+02 1.451000000000000000e+03
6.250000000000000000e+02 1.366000000000000000e+03
5.930000000000000000e+02 1.271000000000000000e+03
5.520000000000000000e+02 1.341000000000000000e+03
8.000000000000000000e+01 1.275000000000000000e+03
4.900000000000000000e+02 1.238000000000000000e+03
2.160000000000000000e+02 1.267000000000000000e+03
1.540000000000000000e+02 1.286000000000000000e+03
4.810000000000000000e+02 1.239000000000000000e+03
6.680000000000000000e+02 1.315000000000000000e+03
4.380000000000000000e+02 1.413000000000000000e+03
3.640000000000000000e+02 1.359000000000000000e+03
2.100000000000000000e+02 1.419000000000000000e+03
1.950000000000000000e+02 1.549000000000000000e+03
6.570000000000000000e+02 1.413000000000000000e+03
4.940000000000000000e+02 1.369000000000000000e+03
1.687000000000000000e+03 5.650000000000000000e+02
2.002000000000000000e+03 5.220000000000000000e+02
1.550000000000000000e+03 8.670000000000000000e+02
1.123000000000000000e+03 2.390000000000000000e+02
1.235000000000000000e+03 2.030000000000000000e+02
1.573000000000000000e+03 8.560000000000000000e+02
1.462000000000000000e+03 8.610000000000000000e+02
1.383000000000000000e+03 2.580000000000000000e+02
1.478000000000000000e+03 3.660000000000000000e+02
1.483000000000000000e+03 2.660000000000000000e+02
1.467000000000000000e+03 3.140000000000000000e+02
1.750000000000000000e+03 4.310000000000000000e+02
1.443000000000000000e+03 2.990000000000000000e+02
1.372000000000000000e+03 2.300000000000000000e+02
1.682000000000000000e+03 4.810000000000000000e+02
1.867000000000000000e+03 6.070000000000000000e+02
1.862000000000000000e+03 5.850000000000000000e+02
1.859000000000000000e+03 5.370000000000000000e+02
1.859000000000000000e+03 7.510000000000000000e+02
1.780000000000000000e+03 5.940000000000000000e+02
1.831000000000000000e+03 6.490000000000000000e+02
1.862000000000000000e+03 5.060000000000000000e+02
1.724000000000000000e+03 5.630000000000000000e+02
1.704000000000000000e+03 7.620000000000000000e+02
1.678000000000000000e+03 6.010000000000000000e+02
1.724000000000000000e+03 5.830000000000000000e+02
1.712000000000000000e+03 7.410000000000000000e+02
1.850000000000000000e+03 5.890000000000000000e+02
1.892000000000000000e+03 4.900000000000000000e+02
1.970000000000000000e+03 5.160000000000000000e+02
1.905000000000000000e+03 5.790000000000000000e+02
1.947000000000000000e+03 5.310000000000000000e+02
1.717000000000000000e+03 3.190000000000000000e+02
1.744000000000000000e+03 3.150000000000000000e+02
1.937000000000000000e+03 4.270000000000000000e+02
1.823000000000000000e+03 4.430000000000000000e+02
1.923000000000000000e+03 5.640000000000000000e+02
1.868000000000000000e+03 2.750000000000000000e+02
8.470000000000000000e+02 1.920000000000000000e+02
7.020000000000000000e+02 1.160000000000000000e+02
6.250000000000000000e+02 9.000000000000000000e+01
6.680000000000000000e+02 1.410000000000000000e+02
9.650000000000000000e+02 7.900000000000000000e+01
1.207000000000000000e+03 3.130000000000000000e+02
1.069000000000000000e+03 2.600000000000000000e+02
7.550000000000000000e+02 2.260000000000000000e+02
3.940000000000000000e+02 2.500000000000000000e+02
3.720000000000000000e+02 2.950000000000000000e+02
5.430000000000000000e+02 3.320000000000000000e+02
9.550000000000000000e+02 3.030000000000000000e+02
3.620000000000000000e+02 3.910000000000000000e+02
2.270000000000000000e+02 1.970000000000000000e+02
5.230000000000000000e+02 3.860000000000000000e+02
9.450000000000000000e+02 4.360000000000000000e+02
1.030000000000000000e+03 3.620000000000000000e+02
9.990000000000000000e+02 4.730000000000000000e+02
1.094000000000000000e+03 5.150000000000000000e+02
1.348000000000000000e+03 9.260000000000000000e+02
4.650000000000000000e+02 1.360000000000000000e+02
4.660000000000000000e+02 1.350000000000000000e+02
4.710000000000000000e+02 2.000000000000000000e+02
4.150000000000000000e+02 7.500000000000000000e+01
1.977000000000000000e+03 5.090000000000000000e+02
2.207000000000000000e+03 2.400000000000000000e+02
2.081000000000000000e+03 5.650000000000000000e+02
2.314000000000000000e+03 2.840000000000000000e+02
2.396000000000000000e+03 2.850000000000000000e+02
2.419000000000000000e+03 3.300000000000000000e+02
2.178000000000000000e+03 2.960000000000000000e+02
1.791000000000000000e+03 1.980000000000000000e+02
1.744000000000000000e+03 8.100000000000000000e+01
1.756000000000000000e+03 7.000000000000000000e+01
1.572000000000000000e+03 4.400000000000000000e+01
1.287000000000000000e+03 1.270000000000000000e+02
1.666000000000000000e+03 3.280000000000000000e+02
2.078000000000000000e+03 3.870000000000000000e+02
2.168000000000000000e+03 2.770000000000000000e+02
2.529000000000000000e+03 6.790000000000000000e+02
2.761000000000000000e+03 3.710000000000000000e+02
2.918000000000000000e+03 4.430000000000000000e+02
2.261000000000000000e+03 7.040000000000000000e+02
2.980000000000000000e+03 3.790000000000000000e+02
2.510000000000000000e+03 4.230000000000000000e+02
2.714000000000000000e+03 3.500000000000000000e+02
2.746000000000000000e+03 3.120000000000000000e+02
2.400000000000000000e+03 5.090000000000000000e+02
2.292000000000000000e+03 5.640000000000000000e+02
2.151000000000000000e+03 6.460000000000000000e+02
2.251000000000000000e+03 5.260000000000000000e+02
2.168000000000000000e+03 5.900000000000000000e+02
2.393000000000000000e+03 5.850000000000000000e+02
2.543000000000000000e+03 5.970000000000000000e+02
2.454000000000000000e+03 5.650000000000000000e+02
2.539000000000000000e+03 9.200000000000000000e+01
2.292000000000000000e+03 2.250000000000000000e+02
2.531000000000000000e+03 4.900000000000000000e+01
2.529000000000000000e+03 1.100000000000000000e+02
1.621000000000000000e+03 2.910000000000000000e+02
1.972000000000000000e+03 1.770000000000000000e+02
1.856000000000000000e+03 2.660000000000000000e+02
2.089000000000000000e+03 2.550000000000000000e+02
2.380000000000000000e+03 4.540000000000000000e+02
2.691000000000000000e+03 3.460000000000000000e+02
2.383000000000000000e+03 2.510000000000000000e+02
2.345000000000000000e+03 6.480000000000000000e+02
2.949000000000000000e+03 9.900000000000000000e+01
2.981000000000000000e+03 3.100000000000000000e+01
2.728000000000000000e+03 2.050000000000000000e+02
3.072000000000000000e+03 8.000000000000000000e+01
2.853000000000000000e+03 7.840000000000000000e+02
2.810000000000000000e+03 9.060000000000000000e+02
2.968000000000000000e+03 8.350000000000000000e+02
2.715000000000000000e+03 7.290000000000000000e+02
2.591000000000000000e+03 5.120000000000000000e+02
2.638000000000000000e+03 5.400000000000000000e+02
2.933000000000000000e+03 6.310000000000000000e+02
2.458000000000000000e+03 5.010000000000000000e+02
3.044000000000000000e+03 2.070000000000000000e+02
2.702000000000000000e+03 3.490000000000000000e+02
3.131000000000000000e+03 1.110000000000000000e+02
2.850000000000000000e+03 2.310000000000000000e+02
3.011000000000000000e+03 2.520000000000000000e+02
3.162000000000000000e+03 2.330000000000000000e+02
3.207000000000000000e+03 2.580000000000000000e+02
2.797000000000000000e+03 3.610000000000000000e+02
1.910000000000000000e+03 1.476000000000000000e+03
2.017000000000000000e+03 1.331000000000000000e+03
1.964000000000000000e+03 1.660000000000000000e+03
2.113000000000000000e+03 6.620000000000000000e+02
2.073000000000000000e+03 5.960000000000000000e+02
2.142000000000000000e+03 1.155000000000000000e+03
2.204000000000000000e+03 8.070000000000000000e+02
1.664000000000000000e+03 1.399000000000000000e+03
1.725000000000000000e+03 1.558000000000000000e+03
1.922000000000000000e+03 1.641000000000000000e+03
2.076000000000000000e+03 1.158000000000000000e+03
1.800000000000000000e+03 1.289000000000000000e+03
1.758000000000000000e+03 1.342000000000000000e+03
1.705000000000000000e+03 1.218000000000000000e+03
1.764000000000000000e+03 1.271000000000000000e+03
1.569000000000000000e+03 1.541000000000000000e+03
1.922000000000000000e+03 1.421000000000000000e+03
1.878000000000000000e+03 1.544000000000000000e+03
2.005000000000000000e+03 1.494000000000000000e+03
2.023000000000000000e+03 1.240000000000000000e+03
1.842000000000000000e+03 1.306000000000000000e+03
1.302000000000000000e+03 1.879000000000000000e+03
1.994000000000000000e+03 1.461000000000000000e+03
1.718000000000000000e+03 1.639000000000000000e+03
1.788000000000000000e+03 1.648000000000000000e+03
1.870000000000000000e+03 1.497000000000000000e+03
1.781000000000000000e+03 1.690000000000000000e+03
1.677000000000000000e+03 1.914000000000000000e+03
1.643000000000000000e+03 1.793000000000000000e+03
1.603000000000000000e+03 1.666000000000000000e+03
2.001000000000000000e+03 1.706000000000000000e+03
1.893000000000000000e+03 1.859000000000000000e+03
2.097000000000000000e+03 8.740000000000000000e+02
2.092000000000000000e+03 1.588000000000000000e+03
2.061000000000000000e+03 1.359000000000000000e+03
2.220000000000000000e+03 1.432000000000000000e+03
2.999000000000000000e+03 1.449000000000000000e+03
2.069000000000000000e+03 1.662000000000000000e+03
2.461000000000000000e+03 1.973000000000000000e+03
2.597000000000000000e+03 1.815000000000000000e+03
2.442000000000000000e+03 1.305000000000000000e+03
2.652000000000000000e+03 1.452000000000000000e+03
3.014000000000000000e+03 1.584000000000000000e+03
3.068000000000000000e+03 1.733000000000000000e+03
2.705000000000000000e+03 1.401000000000000000e+03
2.224000000000000000e+03 1.047000000000000000e+03
2.717000000000000000e+03 2.004000000000000000e+03
2.528000000000000000e+03 2.194000000000000000e+03
2.554000000000000000e+03 2.212000000000000000e+03
2.593000000000000000e+03 2.180000000000000000e+03
2.980000000000000000e+03 2.155000000000000000e+03
3.139000000000000000e+03 1.888000000000000000e+03
3.363000000000000000e+03 1.938000000000000000e+03
3.487000000000000000e+03 2.115000000000000000e+03
3.783000000000000000e+03 2.113000000000000000e+03
3.661000000000000000e+03 2.066000000000000000e+03
3.487000000000000000e+03 2.112000000000000000e+03
3.467000000000000000e+03 2.242000000000000000e+03
3.291000000000000000e+03 2.050000000000000000e+03
3.533000000000000000e+03 2.112000000000000000e+03
3.582000000000000000e+03 1.964000000000000000e+03
3.772000000000000000e+03 1.859000000000000000e+03
1.247000000000000000e+03 3.010000000000000000e+03
1.275000000000000000e+03 2.902000000000000000e+03
1.288000000000000000e+03 2.766000000000000000e+03
1.088000000000000000e+03 2.946000000000000000e+03
1.097000000000000000e+03 3.024000000000000000e+03
1.129000000000000000e+03 3.011000000000000000e+03
1.127000000000000000e+03 2.961000000000000000e+03
1.351000000000000000e+03 2.958000000000000000e+03
1.325000000000000000e+03 2.946000000000000000e+03
1.591000000000000000e+03 2.850000000000000000e+03
1.464000000000000000e+03 3.066000000000000000e+03
1.208000000000000000e+03 3.165000000000000000e+03
1.420000000000000000e+03 3.201000000000000000e+03
1.209000000000000000e+03 3.064000000000000000e+03
1.210000000000000000e+03 2.998000000000000000e+03
1.392000000000000000e+03 3.324000000000000000e+03
1.359000000000000000e+03 3.187000000000000000e+03
1.564000000000000000e+03 3.226000000000000000e+03
1.241000000000000000e+03 3.355000000000000000e+03
1.373000000000000000e+03 3.465000000000000000e+03
1.363000000000000000e+03 3.182000000000000000e+03
1.341000000000000000e+03 3.543000000000000000e+03
1.327000000000000000e+03 3.169000000000000000e+03
1.535000000000000000e+03 2.927000000000000000e+03
1.530000000000000000e+03 2.798000000000000000e+03
1.554000000000000000e+03 2.675000000000000000e+03
1.501000000000000000e+03 2.767000000000000000e+03
1.630000000000000000e+03 2.593000000000000000e+03
1.605000000000000000e+03 2.599000000000000000e+03
1.605000000000000000e+03 2.447000000000000000e+03
1.626000000000000000e+03 2.495000000000000000e+03
1.586000000000000000e+03 3.459000000000000000e+03
1.527000000000000000e+03 3.488000000000000000e+03
1.537000000000000000e+03 3.317000000000000000e+03
1.619000000000000000e+03 3.242000000000000000e+03
1.547000000000000000e+03 3.726000000000000000e+03
1.561000000000000000e+03 3.357000000000000000e+03
1.572000000000000000e+03 3.606000000000000000e+03
1.574000000000000000e+03 3.638000000000000000e+03
1.776000000000000000e+03 2.925000000000000000e+03
1.757000000000000000e+03 3.143000000000000000e+03
1.708000000000000000e+03 2.991000000000000000e+03
1.763000000000000000e+03 2.718000000000000000e+03
1.902000000000000000e+03 3.448000000000000000e+03
1.790000000000000000e+03 3.523000000000000000e+03
1.560000000000000000e+03 3.614000000000000000e+03
1.761000000000000000e+03 3.593000000000000000e+03
1.507000000000000000e+03 2.698000000000000000e+03
1.495000000000000000e+03 2.591000000000000000e+03
1.485000000000000000e+03 2.549000000000000000e+03
1.524000000000000000e+03 2.725000000000000000e+03
1.376000000000000000e+03 2.730000000000000000e+03
1.481000000000000000e+03 2.819000000000000000e+03
1.496000000000000000e+03 2.472000000000000000e+03
1.445000000000000000e+03 2.778000000000000000e+03
1.730000000000000000e+03 3.318000000000000000e+03
1.803000000000000000e+03 3.355000000000000000e+03
1.693000000000000000e+03 3.333000000000000000e+03
2.062000000000000000e+03 3.302000000000000000e+03
1.694000000000000000e+03 3.450000000000000000e+03
1.747000000000000000e+03 3.455000000000000000e+03
1.678000000000000000e+03 2.510000000000000000e+03
1.614000000000000000e+03 2.946000000000000000e+03
1.986000000000000000e+03 2.250000000000000000e+03
1.903000000000000000e+03 2.331000000000000000e+03
1.877000000000000000e+03 2.320000000000000000e+03
2.119000000000000000e+03 2.757000000000000000e+03
2.068000000000000000e+03 2.837000000000000000e+03
2.139000000000000000e+03 2.752000000000000000e+03
2.128000000000000000e+03 2.845000000000000000e+03
2.194000000000000000e+03 3.168000000000000000e+03
2.160000000000000000e+03 3.281000000000000000e+03
2.231000000000000000e+03 3.214000000000000000e+03
2.231000000000000000e+03 3.124000000000000000e+03
2.321000000000000000e+03 3.057000000000000000e+03
2.283000000000000000e+03 3.068000000000000000e+03
2.264000000000000000e+03 3.006000000000000000e+03
2.182000000000000000e+03 3.089000000000000000e+03
2.303000000000000000e+03 2.605000000000000000e+03
2.448000000000000000e+03 2.727000000000000000e+03
2.398000000000000000e+03 2.642000000000000000e+03
2.339000000000000000e+03 2.604000000000000000e+03
1.945000000000000000e+03 2.454000000000000000e+03
1.995000000000000000e+03 2.528000000000000000e+03
1.863000000000000000e+03 2.434000000000000000e+03
1.890000000000000000e+03 2.429000000000000000e+03
2.122000000000000000e+03 2.495000000000000000e+03
1.960000000000000000e+03 2.416000000000000000e+03
1.851000000000000000e+03 2.430000000000000000e+03
1.891000000000000000e+03 2.501000000000000000e+03
2.112000000000000000e+03 2.842000000000000000e+03
2.230000000000000000e+03 2.748000000000000000e+03
2.350000000000000000e+03 2.805000000000000000e+03
2.191000000000000000e+03 2.701000000000000000e+03
1.743000000000000000e+03 2.506000000000000000e+03
1.697000000000000000e+03 2.405000000000000000e+03
1.607000000000000000e+03 2.335000000000000000e+03
1.534000000000000000e+03 2.524000000000000000e+03
1.577000000000000000e+03 2.476000000000000000e+03
1.824000000000000000e+03 2.899000000000000000e+03
1.820000000000000000e+03 2.671000000000000000e+03
1.869000000000000000e+03 3.161000000000000000e+03
1.921000000000000000e+03 3.277000000000000000e+03
1.930000000000000000e+03 2.942000000000000000e+03
1.964000000000000000e+03 2.853000000000000000e+03
1.910000000000000000e+03 3.112000000000000000e+03
1.972000000000000000e+03 3.098000000000000000e+03
2.074000000000000000e+03 3.209000000000000000e+03
1.945000000000000000e+03 3.031000000000000000e+03
1.899000000000000000e+03 2.718000000000000000e+03
1.741000000000000000e+03 2.843000000000000000e+03
2.088000000000000000e+03 2.800000000000000000e+03
1.856000000000000000e+03 2.645000000000000000e+03
2.011000000000000000e+03 2.767000000000000000e+03
1.717000000000000000e+03 2.676000000000000000e+03
1.845000000000000000e+03 2.674000000000000000e+03
1.810000000000000000e+03 2.941000000000000000e+03
1.473000000000000000e+03 2.475000000000000000e+03
1.449000000000000000e+03 2.459000000000000000e+03
1.713000000000000000e+03 2.316000000000000000e+03
1.495000000000000000e+03 2.418000000000000000e+03
1.810000000000000000e+03 2.150000000000000000e+03
1.770000000000000000e+03 2.235000000000000000e+03
1.829000000000000000e+03 2.167000000000000000e+03
1.665000000000000000e+03 2.106000000000000000e+03
2.780000000000000000e+03 4.950000000000000000e+02
2.472000000000000000e+03 4.400000000000000000e+02
2.798000000000000000e+03 3.920000000000000000e+02
2.187000000000000000e+03 3.530000000000000000e+02
2.275000000000000000e+03 3.440000000000000000e+02
2.400000000000000000e+03 3.690000000000000000e+02
2.095000000000000000e+03 3.290000000000000000e+02
3.740000000000000000e+03 3.550000000000000000e+02
3.422000000000000000e+03 3.760000000000000000e+02
3.506000000000000000e+03 3.480000000000000000e+02
3.805000000000000000e+03 2.830000000000000000e+02
3.278000000000000000e+03 3.700000000000000000e+02
2.771000000000000000e+03 7.200000000000000000e+02
3.853000000000000000e+03 1.890000000000000000e+02
3.899000000000000000e+03 1.400000000000000000e+02
3.538000000000000000e+03 5.900000000000000000e+01
3.550000000000000000e+03 1.310000000000000000e+02
3.121000000000000000e+03 4.350000000000000000e+02
3.533000000000000000e+03 2.340000000000000000e+02
3.522000000000000000e+03 2.250000000000000000e+02
3.399000000000000000e+03 2.750000000000000000e+02
3.433000000000000000e+03 1.710000000000000000e+02
3.306000000000000000e+03 2.100000000000000000e+02
3.263000000000000000e+03 3.240000000000000000e+02
3.172000000000000000e+03 3.440000000000000000e+02
3.161000000000000000e+03 1.940000000000000000e+02
3.443000000000000000e+03 1.320000000000000000e+02
3.343000000000000000e+03 1.200000000000000000e+02
3.154000000000000000e+03 4.070000000000000000e+02
2.935000000000000000e+03 4.500000000000000000e+02
2.810000000000000000e+03 5.690000000000000000e+02
3.488000000000000000e+03 4.930000000000000000e+02
2.770000000000000000e+03 6.960000000000000000e+02
3.105000000000000000e+03 5.600000000000000000e+02
2.939000000000000000e+03 5.740000000000000000e+02
3.153000000000000000e+03 5.960000000000000000e+02
3.135000000000000000e+03 5.730000000000000000e+02
3.068000000000000000e+03 6.400000000000000000e+02
3.039000000000000000e+03 5.570000000000000000e+02
3.414000000000000000e+03 4.910000000000000000e+02
3.314000000000000000e+03 6.050000000000000000e+02
3.755000000000000000e+03 5.290000000000000000e+02
2.577000000000000000e+03 7.420000000000000000e+02
3.055000000000000000e+03 7.010000000000000000e+02
3.464000000000000000e+03 5.320000000000000000e+02
2.987000000000000000e+03 6.280000000000000000e+02
3.067000000000000000e+03 6.600000000000000000e+02
1.486000000000000000e+03 1.363000000000000000e+03
1.354000000000000000e+03 1.338000000000000000e+03
1.372000000000000000e+03 1.542000000000000000e+03
1.164000000000000000e+03 1.476000000000000000e+03
1.331000000000000000e+03 1.364000000000000000e+03
2.087000000000000000e+03 9.370000000000000000e+02
2.751000000000000000e+03 8.670000000000000000e+02
1.918000000000000000e+03 1.147000000000000000e+03
3.250000000000000000e+03 4.820000000000000000e+02
3.165000000000000000e+03 4.460000000000000000e+02
3.080000000000000000e+03 5.810000000000000000e+02
3.158000000000000000e+03 5.000000000000000000e+02
2.949000000000000000e+03 7.500000000000000000e+02
2.705000000000000000e+03 7.160000000000000000e+02
3.029000000000000000e+03 7.370000000000000000e+02
2.737000000000000000e+03 7.290000000000000000e+02
2.500000000000000000e+03 1.300000000000000000e+03
2.610000000000000000e+03 1.455000000000000000e+03
2.548000000000000000e+03 1.191000000000000000e+03
2.684000000000000000e+03 1.827000000000000000e+03
2.670000000000000000e+03 1.872000000000000000e+03
2.733000000000000000e+03 1.836000000000000000e+03
2.562000000000000000e+03 2.058000000000000000e+03
2.637000000000000000e+03 1.839000000000000000e+03
2.638000000000000000e+03 2.005000000000000000e+03
2.565000000000000000e+03 2.116000000000000000e+03
2.576000000000000000e+03 2.059000000000000000e+03
2.617000000000000000e+03 1.545000000000000000e+03
2.618000000000000000e+03 1.624000000000000000e+03
2.506000000000000000e+03 1.550000000000000000e+03
2.557000000000000000e+03 1.593000000000000000e+03
2.554000000000000000e+03 2.607000000000000000e+03
2.654000000000000000e+03 2.746000000000000000e+03
2.627000000000000000e+03 2.068000000000000000e+03
2.616000000000000000e+03 1.996000000000000000e+03
2.602000000000000000e+03 2.109000000000000000e+03
2.799000000000000000e+03 2.626000000000000000e+03
2.736000000000000000e+03 2.320000000000000000e+03
2.896000000000000000e+03 2.561000000000000000e+03
2.637000000000000000e+03 1.632000000000000000e+03
2.734000000000000000e+03 1.695000000000000000e+03
2.615000000000000000e+03 1.378000000000000000e+03
2.692000000000000000e+03 1.442000000000000000e+03
2.777000000000000000e+03 1.027000000000000000e+03
2.722000000000000000e+03 9.430000000000000000e+02
2.740000000000000000e+03 9.830000000000000000e+02
2.719000000000000000e+03 9.060000000000000000e+02
2.432000000000000000e+03 1.151000000000000000e+03
2.399000000000000000e+03 8.590000000000000000e+02
2.353000000000000000e+03 9.360000000000000000e+02
2.357000000000000000e+03 1.047000000000000000e+03
2.357000000000000000e+03 1.044000000000000000e+03
2.372000000000000000e+03 8.730000000000000000e+02
2.352000000000000000e+03 9.480000000000000000e+02
2.545000000000000000e+03 9.100000000000000000e+02
2.513000000000000000e+03 7.800000000000000000e+02
2.591000000000000000e+03 9.790000000000000000e+02
2.500000000000000000e+03 9.910000000000000000e+02
2.430000000000000000e+03 1.177000000000000000e+03
2.405000000000000000e+03 1.081000000000000000e+03
2.533000000000000000e+03 1.035000000000000000e+03
2.494000000000000000e+03 1.162000000000000000e+03
2.343000000000000000e+03 1.321000000000000000e+03
2.378000000000000000e+03 1.335000000000000000e+03
2.330000000000000000e+03 1.200000000000000000e+03
2.433000000000000000e+03 1.173000000000000000e+03
2.420000000000000000e+03 1.044000000000000000e+03
2.361000000000000000e+03 1.278000000000000000e+03
2.354000000000000000e+03 9.660000000000000000e+02
2.304000000000000000e+03 1.027000000000000000e+03
2.195000000000000000e+03 1.303000000000000000e+03
2.170000000000000000e+03 1.261000000000000000e+03
2.140000000000000000e+03 1.399000000000000000e+03
2.130000000000000000e+03 1.343000000000000000e+03
2.146000000000000000e+03 1.315000000000000000e+03
2.087000000000000000e+03 1.549000000000000000e+03
2.161000000000000000e+03 1.283000000000000000e+03
2.213000000000000000e+03 1.153000000000000000e+03
2.936000000000000000e+03 1.514000000000000000e+03
3.144000000000000000e+03 2.292000000000000000e+03
3.207000000000000000e+03 2.470000000000000000e+03
3.139000000000000000e+03 2.029000000000000000e+03
3.198000000000000000e+03 2.267000000000000000e+03
2.664000000000000000e+03 2.056000000000000000e+03
3.243000000000000000e+03 2.129000000000000000e+03
3.147000000000000000e+03 1.814000000000000000e+03
3.132000000000000000e+03 1.785000000000000000e+03
3.215000000000000000e+03 1.800000000000000000e+03
3.220000000000000000e+03 1.768000000000000000e+03
3.004000000000000000e+03 1.909000000000000000e+03
2.989000000000000000e+03 2.101000000000000000e+03
2.937000000000000000e+03 1.877000000000000000e+03
2.930000000000000000e+03 1.899000000000000000e+03
3.285000000000000000e+03 1.868000000000000000e+03
3.443000000000000000e+03 2.108000000000000000e+03
3.313000000000000000e+03 2.135000000000000000e+03
3.279000000000000000e+03 1.901000000000000000e+03
3.157000000000000000e+03 1.723000000000000000e+03
3.073000000000000000e+03 1.685000000000000000e+03
3.387000000000000000e+03 2.127000000000000000e+03
3.313000000000000000e+03 1.835000000000000000e+03
2.803000000000000000e+03 1.553000000000000000e+03
2.936000000000000000e+03 1.601000000000000000e+03
3.063000000000000000e+03 1.640000000000000000e+03
3.002000000000000000e+03 1.632000000000000000e+03
3.211000000000000000e+03 1.660000000000000000e+03
3.162000000000000000e+03 1.666000000000000000e+03
3.500000000000000000e+03 2.058000000000000000e+03
3.191000000000000000e+03 1.700000000000000000e+03
3.728000000000000000e+03 1.772000000000000000e+03
3.651000000000000000e+03 2.133000000000000000e+03
3.687000000000000000e+03 1.817000000000000000e+03
3.727000000000000000e+03 2.204000000000000000e+03
3.855000000000000000e+03 1.760000000000000000e+03
3.719000000000000000e+03 1.728000000000000000e+03
3.780000000000000000e+03 1.810000000000000000e+03
3.777000000000000000e+03 1.645000000000000000e+03
3.404000000000000000e+03 1.695000000000000000e+03
3.407000000000000000e+03 1.724000000000000000e+03
2.932000000000000000e+03 1.501000000000000000e+03
2.917000000000000000e+03 1.369000000000000000e+03
3.564000000000000000e+03 1.956000000000000000e+03
3.626000000000000000e+03 1.931000000000000000e+03
3.520000000000000000e+03 1.916000000000000000e+03
3.592000000000000000e+03 2.104000000000000000e+03
3.032000000000000000e+03 1.104000000000000000e+03
3.181000000000000000e+03 1.206000000000000000e+03
3.136000000000000000e+03 1.126000000000000000e+03
3.132000000000000000e+03 1.125000000000000000e+03
3.100000000000000000e+03 1.287000000000000000e+03
3.037000000000000000e+03 1.209000000000000000e+03
3.254000000000000000e+03 1.360000000000000000e+03
3.367000000000000000e+03 1.515000000000000000e+03
3.028000000000000000e+03 1.288000000000000000e+03
3.002000000000000000e+03 1.287000000000000000e+03
3.077000000000000000e+03 1.354000000000000000e+03
3.314000000000000000e+03 1.541000000000000000e+03
3.351000000000000000e+03 1.583000000000000000e+03
3.417000000000000000e+03 1.638000000000000000e+03
3.156000000000000000e+03 1.390000000000000000e+03
2.915000000000000000e+03 1.358000000000000000e+03
1.698000000000000000e+03 1.561000000000000000e+03
1.902000000000000000e+03 1.416000000000000000e+03
1.358000000000000000e+03 1.570000000000000000e+03
5.620000000000000000e+02 2.002000000000000000e+03
4.900000000000000000e+01 1.908000000000000000e+03
7.600000000000000000e+01 1.999000000000000000e+03
1.005000000000000000e+03 1.887000000000000000e+03
4.050000000000000000e+02 1.973000000000000000e+03
1.910000000000000000e+02 1.769000000000000000e+03
3.510000000000000000e+02 1.822000000000000000e+03
1.810000000000000000e+02 1.800000000000000000e+03
2.950000000000000000e+02 1.685000000000000000e+03
1.530000000000000000e+02 1.688000000000000000e+03
4.060000000000000000e+02 1.794000000000000000e+03
3.040000000000000000e+02 1.746000000000000000e+03
1.017000000000000000e+03 2.130000000000000000e+03
8.560000000000000000e+02 2.105000000000000000e+03
9.670000000000000000e+02 2.029000000000000000e+03
1.049000000000000000e+03 2.025000000000000000e+03
7.230000000000000000e+02 2.126000000000000000e+03
6.810000000000000000e+02 2.209000000000000000e+03
7.450000000000000000e+02 2.163000000000000000e+03
7.030000000000000000e+02 2.158000000000000000e+03
1.176000000000000000e+03 1.857000000000000000e+03
1.279000000000000000e+03 1.982000000000000000e+03
1.296000000000000000e+03 1.832000000000000000e+03
1.224000000000000000e+03 1.758000000000000000e+03
9.990000000000000000e+02 1.669000000000000000e+03
7.200000000000000000e+02 1.720000000000000000e+03
1.211000000000000000e+03 1.792000000000000000e+03
1.246000000000000000e+03 1.640000000000000000e+03
1.877000000000000000e+03 2.776000000000000000e+03
2.103000000000000000e+03 1.985000000000000000e+03
2.150000000000000000e+03 2.363000000000000000e+03
2.143000000000000000e+03 1.734000000000000000e+03
2.180000000000000000e+03 1.789000000000000000e+03
2.174000000000000000e+03 2.299000000000000000e+03
2.109000000000000000e+03 2.258000000000000000e+03
2.245000000000000000e+03 1.806000000000000000e+03
2.224000000000000000e+03 1.855000000000000000e+03
2.046000000000000000e+03 2.426000000000000000e+03
1.964000000000000000e+03 1.820000000000000000e+03
2.181000000000000000e+03 1.749000000000000000e+03
2.166000000000000000e+03 1.761000000000000000e+03
2.143000000000000000e+03 1.975000000000000000e+03
2.187000000000000000e+03 2.370000000000000000e+03
2.151000000000000000e+03 2.472000000000000000e+03
2.121000000000000000e+03 2.370000000000000000e+03
2.146000000000000000e+03 1.922000000000000000e+03
2.231000000000000000e+03 1.829000000000000000e+03
2.237000000000000000e+03 2.095000000000000000e+03
2.254000000000000000e+03 1.923000000000000000e+03
2.211000000000000000e+03 2.547000000000000000e+03
2.316000000000000000e+03 2.450000000000000000e+03
2.329000000000000000e+03 2.250000000000000000e+03
2.279000000000000000e+03 1.972000000000000000e+03
2.316000000000000000e+03 1.864000000000000000e+03
2.390000000000000000e+03 1.806000000000000000e+03
2.403000000000000000e+03 1.883000000000000000e+03
2.370000000000000000e+03 1.873000000000000000e+03
2.330000000000000000e+03 2.205000000000000000e+03
1.879000000000000000e+03 2.140000000000000000e+03
1.101000000000000000e+03 2.193000000000000000e+03
1.180000000000000000e+03 2.064000000000000000e+03
1.292000000000000000e+03 2.031000000000000000e+03
1.129000000000000000e+03 2.391000000000000000e+03
1.335000000000000000e+03 2.137000000000000000e+03
1.231000000000000000e+03 2.132000000000000000e+03
1.564000000000000000e+03 2.084000000000000000e+03
6.290000000000000000e+02 2.277000000000000000e+03
1.000000000000000000e+03 2.131000000000000000e+03
6.120000000000000000e+02 2.410000000000000000e+03
7.690000000000000000e+02 2.212000000000000000e+03
6.310000000000000000e+02 2.578000000000000000e+03
3.870000000000000000e+02 2.943000000000000000e+03
3.300000000000000000e+02 3.102000000000000000e+03
5.760000000000000000e+02 2.632000000000000000e+03
5.780000000000000000e+02 2.316000000000000000e+03
3.960000000000000000e+02 2.239000000000000000e+03
5.510000000000000000e+02 2.056000000000000000e+03
2.700000000000000000e+02 2.172000000000000000e+03
1.980000000000000000e+02 2.463000000000000000e+03
3.630000000000000000e+02 2.437000000000000000e+03
2.350000000000000000e+02 2.442000000000000000e+03
2.670000000000000000e+02 2.289000000000000000e+03
3.350000000000000000e+02 2.078000000000000000e+03
2.330000000000000000e+02 2.043000000000000000e+03
3.820000000000000000e+02 2.106000000000000000e+03
3.300000000000000000e+02 2.046000000000000000e+03
1.000000000000000000e+03 1.989000000000000000e+03
8.950000000000000000e+02 2.123000000000000000e+03
3.470000000000000000e+02 1.935000000000000000e+03
8.060000000000000000e+02 2.138000000000000000e+03
2.400000000000000000e+01 2.780000000000000000e+03
4.700000000000000000e+01 3.515000000000000000e+03
5.400000000000000000e+01 2.797000000000000000e+03
2.110000000000000000e+02 2.949000000000000000e+03
1.170000000000000000e+02 3.204000000000000000e+03
4.630000000000000000e+02 2.977000000000000000e+03
2.800000000000000000e+01 3.481000000000000000e+03
1.010000000000000000e+02 3.218000000000000000e+03
9.420000000000000000e+02 2.820000000000000000e+03
4.650000000000000000e+02 2.954000000000000000e+03
1.243000000000000000e+03 2.498000000000000000e+03
8.700000000000000000e+02 2.353000000000000000e+03
3.800000000000000000e+01 2.555000000000000000e+03
1.072000000000000000e+03 2.343000000000000000e+03
1.333000000000000000e+03 2.502000000000000000e+03
1.063000000000000000e+03 2.218000000000000000e+03
1.254000000000000000e+03 2.240000000000000000e+03
8.420000000000000000e+02 2.306000000000000000e+03
7.450000000000000000e+02 2.350000000000000000e+03
4.420000000000000000e+02 2.396000000000000000e+03
1.261000000000000000e+03 2.332000000000000000e+03
1.394000000000000000e+03 2.206000000000000000e+03
1.150000000000000000e+03 2.277000000000000000e+03
1.473000000000000000e+03 2.202000000000000000e+03
6.340000000000000000e+02 2.551000000000000000e+03
4.630000000000000000e+02 2.322000000000000000e+03
5.840000000000000000e+02 2.373000000000000000e+03
5.450000000000000000e+02 2.293000000000000000e+03
1.550000000000000000e+02 2.160000000000000000e+03
7.340000000000000000e+02 2.372000000000000000e+03
1.060000000000000000e+03 2.331000000000000000e+03
3.910000000000000000e+02 2.240000000000000000e+03
2.701000000000000000e+03 2.758000000000000000e+03
1.575000000000000000e+03 2.347000000000000000e+03
1.567000000000000000e+03 2.507000000000000000e+03
2.562000000000000000e+03 2.485000000000000000e+03
2.062000000000000000e+03 2.626000000000000000e+03
2.851000000000000000e+03 2.062000000000000000e+03
2.207000000000000000e+03 2.289000000000000000e+03
2.211000000000000000e+03 2.968000000000000000e+03
2.683000000000000000e+03 2.923000000000000000e+03
2.605000000000000000e+03 2.628000000000000000e+03
2.201000000000000000e+03 2.833000000000000000e+03
2.170000000000000000e+03 2.882000000000000000e+03
2.400000000000000000e+03 3.063000000000000000e+03
2.442000000000000000e+03 2.710000000000000000e+03
2.747000000000000000e+03 2.697000000000000000e+03
3.075000000000000000e+03 2.678000000000000000e+03
3.015000000000000000e+03 2.518000000000000000e+03
2.999000000000000000e+03 2.466000000000000000e+03
2.688000000000000000e+03 2.517000000000000000e+03
2.532000000000000000e+03 3.096000000000000000e+03
2.710000000000000000e+03 2.836000000000000000e+03
3.110000000000000000e+03 2.768000000000000000e+03
3.047000000000000000e+03 2.828000000000000000e+03
2.787000000000000000e+03 2.826000000000000000e+03
3.069000000000000000e+03 2.668000000000000000e+03
2.782000000000000000e+03 2.773000000000000000e+03
2.336000000000000000e+03 2.541000000000000000e+03
3.009000000000000000e+03 2.624000000000000000e+03
2.925000000000000000e+03 2.821000000000000000e+03
3.007000000000000000e+03 2.859000000000000000e+03
3.064000000000000000e+03 2.856000000000000000e+03
2.715000000000000000e+03 3.284000000000000000e+03
2.696000000000000000e+03 3.342000000000000000e+03
2.809000000000000000e+03 3.392000000000000000e+03
2.539000000000000000e+03 3.556000000000000000e+03
3.748000000000000000e+03 3.478000000000000000e+03
3.134000000000000000e+03 3.390000000000000000e+03
3.555000000000000000e+03 3.482000000000000000e+03
2.420000000000000000e+03 3.462000000000000000e+03
2.535000000000000000e+03 3.473000000000000000e+03
2.444000000000000000e+03 3.510000000000000000e+03
2.319000000000000000e+03 3.418000000000000000e+03
2.259000000000000000e+03 3.417000000000000000e+03
2.480000000000000000e+03 3.376000000000000000e+03
2.478000000000000000e+03 3.454000000000000000e+03
2.426000000000000000e+03 3.415000000000000000e+03
2.237000000000000000e+03 3.468000000000000000e+03
2.227000000000000000e+03 3.456000000000000000e+03
2.114000000000000000e+03 3.393000000000000000e+03
2.116000000000000000e+03 3.434000000000000000e+03
2.251000000000000000e+03 3.533000000000000000e+03
2.326000000000000000e+03 3.524000000000000000e+03
2.165000000000000000e+03 3.581000000000000000e+03
2.007000000000000000e+03 3.484000000000000000e+03
2.803000000000000000e+03 2.526000000000000000e+03
2.794000000000000000e+03 2.866000000000000000e+03
2.598000000000000000e+03 2.757000000000000000e+03
2.807000000000000000e+03 2.957000000000000000e+03
3.040000000000000000e+03 2.563000000000000000e+03
2.925000000000000000e+03 2.753000000000000000e+03
2.074000000000000000e+03 3.258000000000000000e+03
2.358000000000000000e+03 3.494000000000000000e+03
1.429000000000000000e+03 3.473000000000000000e+03
1.249000000000000000e+03 3.731000000000000000e+03
1.246000000000000000e+03 3.399000000000000000e+03
1.350000000000000000e+03 3.803000000000000000e+03
1.327000000000000000e+03 3.816000000000000000e+03
1.301000000000000000e+03 3.832000000000000000e+03
1.366000000000000000e+03 3.906000000000000000e+03
1.256000000000000000e+03 3.854000000000000000e+03
1.236000000000000000e+03 3.656000000000000000e+03
1.092000000000000000e+03 3.766000000000000000e+03
1.089000000000000000e+03 3.898000000000000000e+03
1.141000000000000000e+03 3.825000000000000000e+03
1.101000000000000000e+03 3.493000000000000000e+03
1.085000000000000000e+03 3.794000000000000000e+03
1.110000000000000000e+03 3.852000000000000000e+03
1.497000000000000000e+03 3.916000000000000000e+03
1.682000000000000000e+03 3.592000000000000000e+03
1.523000000000000000e+03 3.844000000000000000e+03
1.660000000000000000e+03 3.686000000000000000e+03
1.604000000000000000e+03 3.840000000000000000e+03
1.596000000000000000e+03 3.735000000000000000e+03
1.564000000000000000e+03 3.468000000000000000e+03
2.149000000000000000e+03 3.205000000000000000e+03
1.961000000000000000e+03 3.843000000000000000e+03
1.996000000000000000e+03 3.793000000000000000e+03
2.208000000000000000e+03 3.624000000000000000e+03
1.776000000000000000e+03 3.827000000000000000e+03
1.831000000000000000e+03 3.811000000000000000e+03
1.839000000000000000e+03 3.838000000000000000e+03
2.311000000000000000e+03 3.415000000000000000e+03
1.965000000000000000e+03 3.780000000000000000e+03
6.520000000000000000e+02 3.845000000000000000e+03
1.537000000000000000e+03 3.128000000000000000e+03
5.890000000000000000e+02 3.924000000000000000e+03
5.140000000000000000e+02 3.906000000000000000e+03
5.860000000000000000e+02 3.463000000000000000e+03
4.170000000000000000e+02 3.855000000000000000e+03
3.560000000000000000e+02 3.918000000000000000e+03
3.130000000000000000e+02 3.901000000000000000e+03
8.530000000000000000e+02 3.604000000000000000e+03
7.840000000000000000e+02 3.775000000000000000e+03
7.340000000000000000e+02 3.900000000000000000e+03
7.530000000000000000e+02 3.905000000000000000e+03
9.220000000000000000e+02 3.825000000000000000e+03
9.380000000000000000e+02 3.760000000000000000e+03
9.570000000000000000e+02 3.770000000000000000e+03
9.150000000000000000e+02 3.882000000000000000e+03
7.880000000000000000e+02 3.165000000000000000e+03
1.077000000000000000e+03 3.188000000000000000e+03
1.021000000000000000e+03 2.616000000000000000e+03
6.840000000000000000e+02 3.653000000000000000e+03
5.780000000000000000e+02 3.460000000000000000e+03
1.040000000000000000e+03 2.799000000000000000e+03
1.090000000000000000e+03 3.214000000000000000e+03
9.040000000000000000e+02 3.011000000000000000e+03
2.340000000000000000e+02 3.811000000000000000e+03
2.450000000000000000e+02 3.811000000000000000e+03
5.440000000000000000e+02 3.539000000000000000e+03
1.091000000000000000e+03 3.026000000000000000e+03
6.900000000000000000e+02 3.513000000000000000e+03
4.170000000000000000e+02 3.802000000000000000e+03
2.880000000000000000e+02 3.843000000000000000e+03
4.510000000000000000e+02 3.657000000000000000e+03
2.093000000000000000e+03 2.900000000000000000e+03
3.606000000000000000e+03 3.233000000000000000e+03
2.898000000000000000e+03 3.723000000000000000e+03
2.136000000000000000e+03 3.589000000000000000e+03
2.171000000000000000e+03 3.618000000000000000e+03
2.040000000000000000e+03 3.324000000000000000e+03
2.306000000000000000e+03 3.342000000000000000e+03
2.336000000000000000e+03 3.115000000000000000e+03
2.237000000000000000e+03 3.865000000000000000e+03
1.912000000000000000e+03 3.771000000000000000e+03
2.233000000000000000e+03 3.839000000000000000e+03
2.104000000000000000e+03 3.903000000000000000e+03
2.098000000000000000e+03 3.803000000000000000e+03
2.027000000000000000e+03 3.642000000000000000e+03
2.066000000000000000e+03 3.889000000000000000e+03
2.754000000000000000e+03 3.450000000000000000e+03
3.248000000000000000e+03 3.469000000000000000e+03
2.571000000000000000e+03 3.645000000000000000e+03
2.753000000000000000e+03 3.439000000000000000e+03
3.271000000000000000e+03 3.748000000000000000e+03
3.178000000000000000e+03 3.567000000000000000e+03
3.335000000000000000e+03 3.660000000000000000e+03
3.412000000000000000e+03 3.727000000000000000e+03
3.421000000000000000e+03 3.598000000000000000e+03
3.478000000000000000e+03 3.536000000000000000e+03
3.101000000000000000e+03 3.533000000000000000e+03
3.314000000000000000e+03 3.479000000000000000e+03
3.000000000000000000e+03 3.552000000000000000e+03
3.051000000000000000e+03 3.474000000000000000e+03
3.544000000000000000e+03 3.525000000000000000e+03
3.040000000000000000e+03 3.536000000000000000e+03
2.416000000000000000e+03 3.202000000000000000e+03
3.289000000000000000e+03 3.717000000000000000e+03
3.508000000000000000e+03 3.760000000000000000e+03
3.373000000000000000e+03 3.604000000000000000e+03
3.574000000000000000e+03 3.787000000000000000e+03
2.723000000000000000e+03 3.685000000000000000e+03
3.637000000000000000e+03 3.740000000000000000e+03
3.582000000000000000e+03 3.840000000000000000e+03
3.318000000000000000e+03 3.675000000000000000e+03
3.644000000000000000e+03 3.938000000000000000e+03
3.199000000000000000e+03 3.719000000000000000e+03
3.681000000000000000e+03 3.839000000000000000e+03
3.190000000000000000e+03 3.675000000000000000e+03
3.748000000000000000e+03 3.835000000000000000e+03
3.744000000000000000e+03 3.896000000000000000e+03
3.805000000000000000e+03 3.660000000000000000e+03
3.731000000000000000e+03 3.548000000000000000e+03
3.871000000000000000e+03 3.675000000000000000e+03
3.898000000000000000e+03 3.647000000000000000e+03
3.504000000000000000e+03 3.439000000000000000e+03
3.937000000000000000e+03 3.576000000000000000e+03
3.297000000000000000e+03 3.485000000000000000e+03
3.792000000000000000e+03 3.411000000000000000e+03
3.396000000000000000e+03 3.794000000000000000e+03
3.336000000000000000e+03 3.656000000000000000e+03
3.795000000000000000e+03 3.609000000000000000e+03
3.463000000000000000e+03 3.590000000000000000e+03
3.702000000000000000e+03 3.822000000000000000e+03
3.163000000000000000e+03 3.759000000000000000e+03
3.785000000000000000e+03 3.643000000000000000e+03
3.601000000000000000e+03 3.547000000000000000e+03
2.901000000000000000e+03 3.568000000000000000e+03
2.867000000000000000e+03 3.778000000000000000e+03
3.123000000000000000e+03 3.812000000000000000e+03
3.459000000000000000e+03 3.872000000000000000e+03
3.367000000000000000e+03 3.910000000000000000e+03
3.249000000000000000e+03 3.858000000000000000e+03
3.322000000000000000e+03 3.913000000000000000e+03
3.002000000000000000e+03 3.766000000000000000e+03
2.915000000000000000e+03 3.648000000000000000e+03
3.053000000000000000e+03 3.709000000000000000e+03
3.067000000000000000e+03 2.974000000000000000e+03
2.954000000000000000e+03 3.825000000000000000e+03
3.037000000000000000e+03 3.796000000000000000e+03
3.051000000000000000e+03 3.726000000000000000e+03
2.859000000000000000e+03 3.932000000000000000e+03
3.007000000000000000e+03 3.486000000000000000e+03
3.037000000000000000e+03 3.412000000000000000e+03
2.210000000000000000e+03 3.292000000000000000e+03
2.249000000000000000e+03 3.024000000000000000e+03
2.830000000000000000e+03 3.388000000000000000e+03
2.706000000000000000e+03 3.493000000000000000e+03
2.347000000000000000e+03 3.073000000000000000e+03
2.981000000000000000e+03 3.540000000000000000e+03
2.434000000000000000e+03 3.189000000000000000e+03
2.413000000000000000e+03 3.239000000000000000e+03
2.934000000000000000e+03 3.239000000000000000e+03
2.997000000000000000e+03 3.236000000000000000e+03
2.943000000000000000e+03 3.311000000000000000e+03
2.528000000000000000e+03 3.256000000000000000e+03
2.780000000000000000e+03 3.111000000000000000e+03
2.779000000000000000e+03 3.201000000000000000e+03
2.800000000000000000e+03 3.304000000000000000e+03
2.757000000000000000e+03 3.526000000000000000e+03
2.557000000000000000e+03 3.635000000000000000e+03
2.562000000000000000e+03 3.542000000000000000e+03
2.515000000000000000e+03 3.416000000000000000e+03
2.782000000000000000e+03 3.452000000000000000e+03
2.195000000000000000e+03 3.458000000000000000e+03
2.710000000000000000e+03 3.316000000000000000e+03
2.801000000000000000e+03 3.728000000000000000e+03
2.834000000000000000e+03 3.799000000000000000e+03
2.713000000000000000e+03 3.741000000000000000e+03
2.709000000000000000e+03 3.799000000000000000e+03
2.225000000000000000e+03 3.643000000000000000e+03
2.744000000000000000e+03 3.615000000000000000e+03
2.709000000000000000e+03 3.712000000000000000e+03
2.747000000000000000e+03 3.651000000000000000e+03
2.265000000000000000e+03 3.894000000000000000e+03
2.586000000000000000e+03 3.864000000000000000e+03
2.268000000000000000e+03 3.795000000000000000e+03
2.636000000000000000e+03 3.492000000000000000e+03
2.386000000000000000e+03 3.723000000000000000e+03
2.376000000000000000e+03 3.754000000000000000e+03
2.417000000000000000e+03 3.897000000000000000e+03
2.451000000000000000e+03 3.823000000000000000e+03
2.475000000000000000e+03 3.637000000000000000e+03
2.190000000000000000e+03 3.367000000000000000e+03
2.625000000000000000e+03 3.752000000000000000e+03
2.716000000000000000e+03 3.735000000000000000e+03
2.649000000000000000e+03 3.930000000000000000e+03
2.491000000000000000e+03 3.732000000000000000e+03
2.328000000000000000e+03 3.755000000000000000e+03
2.538000000000000000e+03 3.845000000000000000e+03
9.400000000000000000e+01 2.450000000000000000e+03
3.160000000000000000e+02 1.500000000000000000e+03
8.240000000000000000e+02 2.100000000000000000e+02
3.192000000000000000e+03 6.400000000000000000e+02
2.331000000000000000e+03 1.980000000000000000e+03
3.165000000000000000e+03 2.220000000000000000e+03
