1.562000000000000000e+03 1.049000000000000000e+03
1.257000000000000000e+03 9.370000000000000000e+02
1.160000000000000000e+03 9.890000000000000000e+02
1.517000000000000000e+03 6.210000000000000000e+02
1.442000000000000000e+03 8.340000000000000000e+02
1.029000000000000000e+03 5.050000000000000000e+02
1.001000000000000000e+03 4.810000000000000000e+02
3.410000000000000000e+02 5.020000000000000000e+02
1.460000000000000000e+02 6.780000000000000000e+02
4.380000000000000000e+02 1.193000000000000000e+03
8.060000000000000000e+02 1.138000000000000000e+03
9.980000000000000000e+02 7.510000000000000000e+02
6.590000000000000000e+02 1.115000000000000000e+03
8.570000000000000000e+02 1.017000000000000000e+03
9.900000000000000000e+02 8.410000000000000000e+02
1.092000000000000000e+03 5.710000000000000000e+02
1.107000000000000000e+03 5.420000000000000000e+02
1.135000000000000000e+03 6.710000000000000000e+02
1.235000000000000000e+03 7.830000000000000000e+02
1.206000000000000000e+03 4.900000000000000000e+02
1.387000000000000000e+03 6.290000000000000000e+02
1.197000000000000000e+03 3.730000000000000000e+02
1.266000000000000000e+03 4.760000000000000000e+02
1.215000000000000000e+03 1.076000000000000000e+03
1.137000000000000000e+03 1.090000000000000000e+03
1.161000000000000000e+03 1.033000000000000000e+03
1.346000000000000000e+03 1.118000000000000000e+03
1.032000000000000000e+03 1.022000000000000000e+03
1.102000000000000000e+03 9.550000000000000000e+02
1.071000000000000000e+03 7.570000000000000000e+02
1.057000000000000000e+03 8.900000000000000000e+02
1.404000000000000000e+03 9.980000000000000000e+02
5.250000000000000000e+02 1.094000000000000000e+03
1.161000000000000000e+03 1.060000000000000000e+03
7.000000000000000000e+01 1.390000000000000000e+03
8.700000000000000000e+01 1.470000000000000000e+03
2.330000000000000000e+02 1.523000000000000000e+03
4.450000000000000000e+02 1.165000000000000000e+03
1.730000000000000000e+02 1.973000000000000000e+03
1.780000000000000000e+02 1.512000000000000000e+03
1.240000000000000000e+02 1.451000000000000000e+03
1.830000000000000000e+02 1.834000000000000000e+03
3.900000000000000000e+01 1.970000000000000000e+03
1.190000000000000000e+02 1.682000000000000000e+03
2.640000000000000000e+02 1.660000000000000000e+03
8.600000000000000000e+01 1.809000000000000000e+03
8.950000000000000000e+02 8.110000000000000000e+02
1.317000000000000000e+03 9.480000000000000000e+02
1.411000000000000000e+03 1.155000000000000000e+03
1.272000000000000000e+03 1.109000000000000000e+03
1.274000000000000000e+03 1.057000000000000000e+03
1.474000000000000000e+03 1.105000000000000000e+03
1.340000000000000000e+03 1.126000000000000000e+03
1.295000000000000000e+03 1.030000000000000000e+03
1.470000000000000000e+02 1.271000000000000000e+03
1.270000000000000000e+02 1.377000000000000000e+03
2.990000000000000000e+02 1.198000000000000000e+03
1.410000000000000000e+02 1.405000000000000000e+03
2.740000000000000000e+02 1.297000000000000000e+03
2.720000000000000000e+02 1.221000000000000000e+03
4.620000000000000000e+02 1.190000000000000000e+03
7.240000000000000000e+02 1.287000000000000000e+03
1.308000000000000000e+03 1.454000000000000000e+03
1.056000000000000000e+03 1.434000000000000000e+03
1.408000000000000000e+03 1.544000000000000000e+03
7.830000000000000000e+02 1.097000000000000000e+03
9.930000000000000000e+02 1.009000000000000000e+03
1.321000000000000000e+03 8.250000000000000000e+02
9.440000000000000000e+02 1.311000000000000000e+03
8.160000000000000000e+02 1.327000000000000000e+03
5.740000000000000000e+02 1.309000000000000000e+03
9.550000000000000000e+02 1.166000000000000000e+03
7.320000000000000000e+02 1.209000000000000000e+03
7.440000000000000000e+02 1.159000000000000000e+03
7.530000000000000000e+02 1.221000000000000000e+03
6.560000000000000000e+02 1.321000000000000000e+03
6.310000000000000000e+02 1.313000000000000000e+03
8.270000000000000000e+02 2.033000000000000000e+03
1.034000000000000000e+03 1.749000000000000000e+03
9.010000000000000000e+02 2.033000000000000000e+03
8.120000000000000000e+02 1.804000000000000000e+03
1.049000000000000000e+03 1.682000000000000000e+03
1.048000000000000000e+03 1.682000000000000000e+03
1.304000000000000000e+03 1.751000000000000000e+03
7.890000000000000000e+02 2.370000000000000000e+03
9.030000000000000000e+02 1.411000000000000000e+03
1.153000000000000000e+03 1.310000000000000000e+03
1.030000000000000000e+03 1.307000000000000000e+03
1.010000000000000000e+03 1.331000000000000000e+03
1.196000000000000000e+03 1.580000000000000000e+03
1.074000000000000000e+03 1.469000000000000000e+03
1.104000000000000000e+03 1.481000000000000000e+03
9.950000000000000000e+02 1.452000000000000000e+03
6.380000000000000000e+02 1.545000000000000000e+03
1.193000000000000000e+03 1.440000000000000000e+03
1.144000000000000000e+03 1.155000000000000000e+03
1.016000000000000000e+03 1.272000000000000000e+03
8.870000000000000000e+02 1.495000000000000000e+03
1.023000000000000000e+03 1.404000000000000000e+03
2.640000000000000000e+02 1.620000000000000000e+03
2.540000000000000000e+02 1.723000000000000000e+03
6.220000000000000000e+02 1.261000000000000000e+03
5.260000000000000000e+02 1.392000000000000000e+03
4.970000000000000000e+02 1.403000000000000000e+03
5.120000000000000000e+02 1.265000000000000000e+03
2.780000000000000000e+02 1.510000000000000000e+03
7.120000000000000000e+02 1.351000000000000000e+03
1.427000000000000000e+03 1.255000000000000000e+03
4.400000000000000000e+02 1.388000000000000000e+03
7.250000000000000000e+02 1.713000000000000000e+03
9.050000000000000000e+02 1.531000000000000000e+03
8.340000000000000000e+02 1.500000000000000000e+03
8.280000000000000000e+02 1.524000000000000000e+03
3.910000000000000000e+02 1.705000000000000000e+03
7.130000000000000000e+02 1.487000000000000000e+03
4.940000000000000000e+02 1.576000000000000000e+03
4.700000000000000000e+02 1.595000000000000000e+03
7.180000000000000000e+02 1.402000000000000000e+03
9.080000000000000000e+02 1.422000000000000000e+03
6.660000000000000000e+02 1.479000000000000000e+03
6.140000000000000000e+02 1.440000000000000000e+03
6.170000000000000000e+02 1.597000000000000000e+03
6.040000000000000000e+02 1.673000000000000000e+03
9.130000000000000000e+02 1.543000000000000000e+03
7.580000000000000000e+02 1.467000000000000000e+03
1.528000000000000000e+03 7.610000000000000000e+02
1.908000000000000000e+03 7.820000000000000000e+02
1.515000000000000000e+03 1.017000000000000000e+03
1.203000000000000000e+03 7.020000000000000000e+02
1.300000000000000000e+03 6.770000000000000000e+02
1.517000000000000000e+03 9.190000000000000000e+02
1.417000000000000000e+03 8.390000000000000000e+02
1.378000000000000000e+03 6.170000000000000000e+02
1.435000000000000000e+03 7.700000000000000000e+02
1.461000000000000000e+03 6.710000000000000000e+02
1.386000000000000000e+03 7.030000000000000000e+02
1.571000000000000000e+03 7.350000000000000000e+02
1.430000000000000000e+03 6.090000000000000000e+02
1.372000000000000000e+03 5.770000000000000000e+02
1.538000000000000000e+03 7.840000000000000000e+02
1.719000000000000000e+03 9.010000000000000000e+02
1.648000000000000000e+03 8.610000000000000000e+02
1.719000000000000000e+03 7.960000000000000000e+02
1.693000000000000000e+03 9.580000000000000000e+02
1.593000000000000000e+03 7.720000000000000000e+02
1.670000000000000000e+03 8.970000000000000000e+02
1.680000000000000000e+03 7.670000000000000000e+02
1.524000000000000000e+03 7.000000000000000000e+02
1.499000000000000000e+03 8.700000000000000000e+02
1.492000000000000000e+03 7.910000000000000000e+02
1.343000000000000000e+03 7.580000000000000000e+02
1.407000000000000000e+03 8.800000000000000000e+02
1.674000000000000000e+03 8.890000000000000000e+02
1.663000000000000000e+03 7.340000000000000000e+02
1.689000000000000000e+03 7.480000000000000000e+02
1.664000000000000000e+03 7.920000000000000000e+02
1.686000000000000000e+03 7.180000000000000000e+02
1.580000000000000000e+03 5.370000000000000000e+02
1.644000000000000000e+03 5.240000000000000000e+02
1.811000000000000000e+03 6.250000000000000000e+02
1.712000000000000000e+03 6.970000000000000000e+02
1.764000000000000000e+03 8.080000000000000000e+02
1.738000000000000000e+03 5.430000000000000000e+02
1.053000000000000000e+03 2.720000000000000000e+02
8.960000000000000000e+02 1.740000000000000000e+02
8.660000000000000000e+02 8.900000000000000000e+01
8.460000000000000000e+02 1.190000000000000000e+02
1.215000000000000000e+03 1.860000000000000000e+02
1.395000000000000000e+03 3.920000000000000000e+02
1.298000000000000000e+03 3.250000000000000000e+02
1.161000000000000000e+03 3.180000000000000000e+02
4.400000000000000000e+02 5.700000000000000000e+01
6.520000000000000000e+02 5.300000000000000000e+01
6.990000000000000000e+02 1.700000000000000000e+02
1.067000000000000000e+03 2.970000000000000000e+02
8.100000000000000000e+02 1.790000000000000000e+02
4.030000000000000000e+02 4.800000000000000000e+01
1.008000000000000000e+03 3.250000000000000000e+02
1.168000000000000000e+03 4.570000000000000000e+02
1.061000000000000000e+03 4.150000000000000000e+02
1.151000000000000000e+03 4.890000000000000000e+02
1.179000000000000000e+03 6.150000000000000000e+02
1.333000000000000000e+03 1.052000000000000000e+03
2.610000000000000000e+02 1.250000000000000000e+02
3.570000000000000000e+02 1.270000000000000000e+02
5.080000000000000000e+02 2.860000000000000000e+02
5.100000000000000000e+02 1.120000000000000000e+02
1.747000000000000000e+03 6.270000000000000000e+02
1.630000000000000000e+03 2.100000000000000000e+02
1.826000000000000000e+03 6.450000000000000000e+02
1.637000000000000000e+03 1.800000000000000000e+02
1.700000000000000000e+03 2.310000000000000000e+02
1.750000000000000000e+03 3.660000000000000000e+02
1.649000000000000000e+03 3.730000000000000000e+02
1.512000000000000000e+03 2.760000000000000000e+02
1.457000000000000000e+03 1.270000000000000000e+02
1.473000000000000000e+03 1.740000000000000000e+02
1.394000000000000000e+03 1.260000000000000000e+02
1.366000000000000000e+03 2.670000000000000000e+02
1.444000000000000000e+03 4.460000000000000000e+02
1.495000000000000000e+03 4.310000000000000000e+02
1.653000000000000000e+03 3.170000000000000000e+02
1.908000000000000000e+03 6.710000000000000000e+02
1.867000000000000000e+03 4.020000000000000000e+02
2.072000000000000000e+03 3.990000000000000000e+02
1.900000000000000000e+03 8.060000000000000000e+02
1.991000000000000000e+03 3.210000000000000000e+02
1.940000000000000000e+03 4.640000000000000000e+02
1.909000000000000000e+03 3.970000000000000000e+02
1.992000000000000000e+03 3.290000000000000000e+02
2.213000000000000000e+03 9.230000000000000000e+02
2.123000000000000000e+03 8.830000000000000000e+02
1.920000000000000000e+03 8.860000000000000000e+02
1.973000000000000000e+03 7.510000000000000000e+02
2.010000000000000000e+03 8.000000000000000000e+02
1.969000000000000000e+03 5.740000000000000000e+02
2.151000000000000000e+03 6.350000000000000000e+02
2.044000000000000000e+03 6.400000000000000000e+02
1.710000000000000000e+03 2.080000000000000000e+02
1.723000000000000000e+03 3.970000000000000000e+02
1.684000000000000000e+03 1.690000000000000000e+02
1.681000000000000000e+03 2.060000000000000000e+02
1.530000000000000000e+03 4.860000000000000000e+02
1.422000000000000000e+03 3.380000000000000000e+02
1.512000000000000000e+03 4.880000000000000000e+02
1.526000000000000000e+03 4.820000000000000000e+02
1.956000000000000000e+03 5.820000000000000000e+02
1.955000000000000000e+03 3.460000000000000000e+02
1.884000000000000000e+03 3.360000000000000000e+02
2.113000000000000000e+03 8.460000000000000000e+02
2.046000000000000000e+03 8.100000000000000000e+01
2.015000000000000000e+03 5.800000000000000000e+01
2.080000000000000000e+03 3.120000000000000000e+02
2.098000000000000000e+03 1.320000000000000000e+02
1.966000000000000000e+03 5.460000000000000000e+02
1.846000000000000000e+03 6.680000000000000000e+02
1.932000000000000000e+03 6.400000000000000000e+02
1.966000000000000000e+03 6.440000000000000000e+02
2.147000000000000000e+03 4.490000000000000000e+02
2.206000000000000000e+03 5.550000000000000000e+02
2.245000000000000000e+03 5.130000000000000000e+02
1.984000000000000000e+03 4.940000000000000000e+02
2.285000000000000000e+03 2.260000000000000000e+02
2.172000000000000000e+03 3.770000000000000000e+02
2.286000000000000000e+03 1.100000000000000000e+02
2.241000000000000000e+03 2.640000000000000000e+02
2.307000000000000000e+03 2.590000000000000000e+02
2.334000000000000000e+03 2.260000000000000000e+02
2.291000000000000000e+03 2.370000000000000000e+02
2.298000000000000000e+03 4.430000000000000000e+02
2.035000000000000000e+03 1.507000000000000000e+03
2.079000000000000000e+03 1.377000000000000000e+03
2.093000000000000000e+03 1.564000000000000000e+03
1.989000000000000000e+03 8.620000000000000000e+02
1.891000000000000000e+03 7.950000000000000000e+02
2.149000000000000000e+03 1.264000000000000000e+03
2.176000000000000000e+03 9.870000000000000000e+02
1.887000000000000000e+03 1.333000000000000000e+03
1.915000000000000000e+03 1.439000000000000000e+03
2.069000000000000000e+03 1.569000000000000000e+03
2.099000000000000000e+03 1.277000000000000000e+03
1.936000000000000000e+03 1.262000000000000000e+03
1.862000000000000000e+03 1.375000000000000000e+03
1.860000000000000000e+03 1.183000000000000000e+03
1.890000000000000000e+03 1.218000000000000000e+03
1.647000000000000000e+03 1.535000000000000000e+03
2.159000000000000000e+03 1.399000000000000000e+03
1.962000000000000000e+03 1.533000000000000000e+03
2.214000000000000000e+03 1.475000000000000000e+03
2.217000000000000000e+03 1.213000000000000000e+03
1.951000000000000000e+03 1.246000000000000000e+03
1.409000000000000000e+03 1.849000000000000000e+03
2.250000000000000000e+03 1.456000000000000000e+03
1.915000000000000000e+03 1.587000000000000000e+03
2.082000000000000000e+03 1.561000000000000000e+03
2.177000000000000000e+03 1.418000000000000000e+03
2.079000000000000000e+03 1.631000000000000000e+03
1.897000000000000000e+03 1.784000000000000000e+03
1.894000000000000000e+03 1.750000000000000000e+03
1.747000000000000000e+03 1.624000000000000000e+03
2.318000000000000000e+03 1.614000000000000000e+03
2.123000000000000000e+03 1.729000000000000000e+03
2.263000000000000000e+03 9.260000000000000000e+02
2.236000000000000000e+03 1.503000000000000000e+03
2.333000000000000000e+03 1.351000000000000000e+03
2.522000000000000000e+03 1.392000000000000000e+03
3.219000000000000000e+03 1.474000000000000000e+03
2.210000000000000000e+03 1.579000000000000000e+03
2.740000000000000000e+03 1.864000000000000000e+03
2.949000000000000000e+03 1.755000000000000000e+03
2.526000000000000000e+03 1.393000000000000000e+03
2.831000000000000000e+03 1.486000000000000000e+03
3.383000000000000000e+03 1.548000000000000000e+03
3.709000000000000000e+03 1.660000000000000000e+03
2.990000000000000000e+03 1.533000000000000000e+03
2.349000000000000000e+03 1.083000000000000000e+03
3.163000000000000000e+03 1.862000000000000000e+03
2.828000000000000000e+03 1.953000000000000000e+03
3.038000000000000000e+03 2.096000000000000000e+03
3.024000000000000000e+03 2.045000000000000000e+03
3.127000000000000000e+03 1.912000000000000000e+03
3.203000000000000000e+03 1.753000000000000000e+03
3.568000000000000000e+03 1.802000000000000000e+03
3.565000000000000000e+03 1.946000000000000000e+03
3.832000000000000000e+03 2.044000000000000000e+03
3.727000000000000000e+03 1.965000000000000000e+03
3.574000000000000000e+03 1.955000000000000000e+03
3.545000000000000000e+03 2.109000000000000000e+03
3.391000000000000000e+03 1.879000000000000000e+03
3.611000000000000000e+03 1.997000000000000000e+03
3.611000000000000000e+03 1.859000000000000000e+03
3.791000000000000000e+03 1.762000000000000000e+03
1.499000000000000000e+03 2.773000000000000000e+03
1.499000000000000000e+03 2.603000000000000000e+03
1.484000000000000000e+03 2.560000000000000000e+03
1.437000000000000000e+03 2.918000000000000000e+03
1.448000000000000000e+03 2.919000000000000000e+03
1.431000000000000000e+03 2.790000000000000000e+03
1.437000000000000000e+03 2.733000000000000000e+03
1.644000000000000000e+03 2.662000000000000000e+03
1.645000000000000000e+03 2.697000000000000000e+03
1.888000000000000000e+03 2.506000000000000000e+03
1.793000000000000000e+03 2.721000000000000000e+03
1.584000000000000000e+03 2.899000000000000000e+03
1.582000000000000000e+03 3.012000000000000000e+03
1.565000000000000000e+03 2.834000000000000000e+03
1.556000000000000000e+03 2.796000000000000000e+03
1.596000000000000000e+03 3.300000000000000000e+03
1.594000000000000000e+03 3.096000000000000000e+03
1.606000000000000000e+03 3.160000000000000000e+03
1.563000000000000000e+03 3.354000000000000000e+03
1.591000000000000000e+03 3.169000000000000000e+03
1.577000000000000000e+03 2.969000000000000000e+03
1.467000000000000000e+03 3.175000000000000000e+03
1.526000000000000000e+03 2.942000000000000000e+03
1.800000000000000000e+03 2.544000000000000000e+03
1.766000000000000000e+03 2.460000000000000000e+03
1.754000000000000000e+03 2.339000000000000000e+03
1.728000000000000000e+03 2.443000000000000000e+03
1.787000000000000000e+03 2.311000000000000000e+03
1.794000000000000000e+03 2.336000000000000000e+03
1.671000000000000000e+03 2.256000000000000000e+03
1.737000000000000000e+03 2.256000000000000000e+03
1.843000000000000000e+03 3.133000000000000000e+03
1.797000000000000000e+03 3.158000000000000000e+03
1.795000000000000000e+03 2.951000000000000000e+03
1.867000000000000000e+03 2.896000000000000000e+03
1.799000000000000000e+03 3.440000000000000000e+03
1.779000000000000000e+03 3.037000000000000000e+03
1.805000000000000000e+03 3.291000000000000000e+03
1.828000000000000000e+03 3.333000000000000000e+03
1.999000000000000000e+03 2.538000000000000000e+03
1.961000000000000000e+03 2.777000000000000000e+03
1.929000000000000000e+03 2.626000000000000000e+03
1.908000000000000000e+03 2.298000000000000000e+03
2.049000000000000000e+03 3.232000000000000000e+03
1.990000000000000000e+03 3.215000000000000000e+03
1.718000000000000000e+03 3.360000000000000000e+03
1.966000000000000000e+03 3.299000000000000000e+03
1.616000000000000000e+03 2.384000000000000000e+03
1.610000000000000000e+03 2.287000000000000000e+03
1.691000000000000000e+03 2.247000000000000000e+03
1.734000000000000000e+03 2.407000000000000000e+03
1.489000000000000000e+03 2.393000000000000000e+03
1.603000000000000000e+03 2.473000000000000000e+03
1.567000000000000000e+03 2.251000000000000000e+03
1.581000000000000000e+03 2.431000000000000000e+03
1.899000000000000000e+03 2.959000000000000000e+03
1.917000000000000000e+03 3.173000000000000000e+03
1.901000000000000000e+03 2.956000000000000000e+03
2.178000000000000000e+03 2.927000000000000000e+03
1.835000000000000000e+03 3.122000000000000000e+03
1.896000000000000000e+03 3.067000000000000000e+03
1.788000000000000000e+03 2.260000000000000000e+03
1.769000000000000000e+03 2.661000000000000000e+03
2.225000000000000000e+03 1.895000000000000000e+03
2.193000000000000000e+03 1.921000000000000000e+03
2.116000000000000000e+03 1.884000000000000000e+03
2.417000000000000000e+03 2.096000000000000000e+03
2.316000000000000000e+03 2.200000000000000000e+03
2.348000000000000000e+03 2.164000000000000000e+03
2.338000000000000000e+03 2.231000000000000000e+03
2.509000000000000000e+03 2.399000000000000000e+03
2.529000000000000000e+03 2.509000000000000000e+03
2.563000000000000000e+03 2.423000000000000000e+03
2.541000000000000000e+03 2.397000000000000000e+03
2.591000000000000000e+03 2.392000000000000000e+03
2.595000000000000000e+03 2.273000000000000000e+03
2.562000000000000000e+03 2.217000000000000000e+03
2.524000000000000000e+03 2.322000000000000000e+03
2.296000000000000000e+03 2.251000000000000000e+03
2.356000000000000000e+03 2.383000000000000000e+03
2.301000000000000000e+03 2.264000000000000000e+03
2.349000000000000000e+03 2.244000000000000000e+03
2.034000000000000000e+03 2.081000000000000000e+03
2.090000000000000000e+03 2.150000000000000000e+03
1.980000000000000000e+03 2.121000000000000000e+03
1.963000000000000000e+03 2.102000000000000000e+03
2.234000000000000000e+03 2.102000000000000000e+03
2.158000000000000000e+03 2.021000000000000000e+03
1.900000000000000000e+03 2.166000000000000000e+03
1.996000000000000000e+03 2.187000000000000000e+03
2.121000000000000000e+03 2.449000000000000000e+03
2.292000000000000000e+03 2.356000000000000000e+03
2.279000000000000000e+03 2.429000000000000000e+03
2.133000000000000000e+03 2.337000000000000000e+03
2.043000000000000000e+03 2.285000000000000000e+03
2.009000000000000000e+03 2.102000000000000000e+03
1.873000000000000000e+03 2.086000000000000000e+03
1.827000000000000000e+03 2.323000000000000000e+03
1.869000000000000000e+03 2.298000000000000000e+03
2.094000000000000000e+03 2.737000000000000000e+03
2.101000000000000000e+03 2.453000000000000000e+03
2.187000000000000000e+03 2.942000000000000000e+03
2.073000000000000000e+03 3.042000000000000000e+03
2.237000000000000000e+03 2.780000000000000000e+03
2.303000000000000000e+03 2.683000000000000000e+03
2.131000000000000000e+03 3.124000000000000000e+03
2.281000000000000000e+03 2.900000000000000000e+03
2.403000000000000000e+03 2.917000000000000000e+03
2.272000000000000000e+03 2.851000000000000000e+03
2.318000000000000000e+03 2.587000000000000000e+03
2.244000000000000000e+03 2.615000000000000000e+03
2.444000000000000000e+03 2.572000000000000000e+03
2.193000000000000000e+03 2.451000000000000000e+03
2.264000000000000000e+03 2.685000000000000000e+03
2.060000000000000000e+03 2.513000000000000000e+03
2.167000000000000000e+03 2.527000000000000000e+03
2.144000000000000000e+03 2.809000000000000000e+03
1.748000000000000000e+03 2.198000000000000000e+03
1.689000000000000000e+03 2.218000000000000000e+03
1.893000000000000000e+03 2.073000000000000000e+03
1.715000000000000000e+03 2.218000000000000000e+03
1.988000000000000000e+03 1.959000000000000000e+03
1.869000000000000000e+03 2.027000000000000000e+03
1.970000000000000000e+03 1.923000000000000000e+03
1.780000000000000000e+03 1.920000000000000000e+03
2.434000000000000000e+03 6.980000000000000000e+02
2.331000000000000000e+03 7.340000000000000000e+02
2.609000000000000000e+03 5.410000000000000000e+02
2.052000000000000000e+03 6.700000000000000000e+02
2.307000000000000000e+03 6.050000000000000000e+02
2.273000000000000000e+03 6.600000000000000000e+02
2.010000000000000000e+03 6.430000000000000000e+02
2.993000000000000000e+03 5.620000000000000000e+02
2.845000000000000000e+03 5.520000000000000000e+02
2.846000000000000000e+03 5.550000000000000000e+02
2.958000000000000000e+03 4.770000000000000000e+02
2.750000000000000000e+03 6.120000000000000000e+02
2.531000000000000000e+03 9.320000000000000000e+02
2.990000000000000000e+03 3.680000000000000000e+02
2.935000000000000000e+03 3.690000000000000000e+02
2.844000000000000000e+03 7.000000000000000000e+01
2.886000000000000000e+03 6.500000000000000000e+01
2.674000000000000000e+03 4.070000000000000000e+02
2.969000000000000000e+03 1.310000000000000000e+02
2.926000000000000000e+03 2.560000000000000000e+02
2.849000000000000000e+03 3.930000000000000000e+02
2.776000000000000000e+03 3.340000000000000000e+02
2.819000000000000000e+03 3.190000000000000000e+02
2.625000000000000000e+03 2.510000000000000000e+02
2.588000000000000000e+03 3.510000000000000000e+02
2.539000000000000000e+03 2.190000000000000000e+02
2.642000000000000000e+03 1.110000000000000000e+02
2.592000000000000000e+03 2.420000000000000000e+02
2.537000000000000000e+03 4.820000000000000000e+02
2.517000000000000000e+03 5.380000000000000000e+02
2.503000000000000000e+03 6.950000000000000000e+02
2.384000000000000000e+03 7.810000000000000000e+02
2.256000000000000000e+03 9.240000000000000000e+02
2.206000000000000000e+03 7.600000000000000000e+02
2.149000000000000000e+03 7.830000000000000000e+02
2.116000000000000000e+03 6.590000000000000000e+02
2.103000000000000000e+03 6.340000000000000000e+02
2.218000000000000000e+03 7.480000000000000000e+02
2.191000000000000000e+03 6.180000000000000000e+02
2.659000000000000000e+03 6.720000000000000000e+02
2.583000000000000000e+03 7.890000000000000000e+02
2.813000000000000000e+03 7.290000000000000000e+02
2.352000000000000000e+03 9.270000000000000000e+02
2.458000000000000000e+03 9.330000000000000000e+02
2.595000000000000000e+03 7.940000000000000000e+02
2.339000000000000000e+03 8.630000000000000000e+02
2.390000000000000000e+03 8.680000000000000000e+02
1.521000000000000000e+03 1.484000000000000000e+03
1.438000000000000000e+03 1.446000000000000000e+03
1.391000000000000000e+03 1.677000000000000000e+03
1.300000000000000000e+03 1.702000000000000000e+03
1.464000000000000000e+03 1.516000000000000000e+03
1.627000000000000000e+03 1.231000000000000000e+03
1.426000000000000000e+03 1.318000000000000000e+03
1.581000000000000000e+03 1.392000000000000000e+03
2.537000000000000000e+03 5.530000000000000000e+02
2.564000000000000000e+03 5.510000000000000000e+02
2.422000000000000000e+03 6.400000000000000000e+02
2.476000000000000000e+03 5.660000000000000000e+02
2.052000000000000000e+03 9.170000000000000000e+02
1.974000000000000000e+03 1.035000000000000000e+03
2.235000000000000000e+03 8.530000000000000000e+02
2.325000000000000000e+03 8.260000000000000000e+02
2.937000000000000000e+03 1.376000000000000000e+03
2.928000000000000000e+03 1.630000000000000000e+03
2.880000000000000000e+03 1.324000000000000000e+03
2.944000000000000000e+03 2.057000000000000000e+03
2.915000000000000000e+03 2.159000000000000000e+03
2.954000000000000000e+03 2.205000000000000000e+03
2.803000000000000000e+03 2.098000000000000000e+03
3.032000000000000000e+03 1.974000000000000000e+03
3.030000000000000000e+03 2.025000000000000000e+03
2.946000000000000000e+03 2.127000000000000000e+03
2.868000000000000000e+03 1.994000000000000000e+03
3.025000000000000000e+03 1.656000000000000000e+03
3.033000000000000000e+03 1.683000000000000000e+03
2.862000000000000000e+03 1.670000000000000000e+03
2.880000000000000000e+03 1.712000000000000000e+03
3.563000000000000000e+03 2.433000000000000000e+03
3.515000000000000000e+03 2.555000000000000000e+03
3.325000000000000000e+03 1.945000000000000000e+03
3.285000000000000000e+03 1.920000000000000000e+03
3.340000000000000000e+03 2.044000000000000000e+03
3.830000000000000000e+03 2.404000000000000000e+03
3.605000000000000000e+03 2.184000000000000000e+03
3.911000000000000000e+03 2.305000000000000000e+03
3.143000000000000000e+03 1.515000000000000000e+03
3.170000000000000000e+03 1.572000000000000000e+03
3.003000000000000000e+03 1.423000000000000000e+03
3.123000000000000000e+03 1.455000000000000000e+03
2.932000000000000000e+03 1.020000000000000000e+03
2.857000000000000000e+03 9.920000000000000000e+02
2.882000000000000000e+03 1.019000000000000000e+03
2.852000000000000000e+03 9.740000000000000000e+02
2.773000000000000000e+03 1.220000000000000000e+03
2.721000000000000000e+03 9.780000000000000000e+02
2.652000000000000000e+03 1.033000000000000000e+03
2.723000000000000000e+03 1.147000000000000000e+03
2.627000000000000000e+03 1.152000000000000000e+03
2.679000000000000000e+03 1.053000000000000000e+03
2.666000000000000000e+03 1.065000000000000000e+03
2.784000000000000000e+03 1.025000000000000000e+03
2.794000000000000000e+03 8.990000000000000000e+02
2.772000000000000000e+03 1.075000000000000000e+03
2.755000000000000000e+03 1.098000000000000000e+03
2.878000000000000000e+03 1.226000000000000000e+03
2.789000000000000000e+03 1.138000000000000000e+03
2.806000000000000000e+03 1.120000000000000000e+03
2.760000000000000000e+03 1.157000000000000000e+03
2.643000000000000000e+03 1.368000000000000000e+03
2.676000000000000000e+03 1.358000000000000000e+03
2.665000000000000000e+03 1.279000000000000000e+03
2.732000000000000000e+03 1.266000000000000000e+03
2.706000000000000000e+03 1.139000000000000000e+03
2.666000000000000000e+03 1.307000000000000000e+03
2.586000000000000000e+03 1.140000000000000000e+03
2.639000000000000000e+03 1.194000000000000000e+03
2.538000000000000000e+03 1.408000000000000000e+03
2.524000000000000000e+03 1.351000000000000000e+03
2.533000000000000000e+03 1.523000000000000000e+03
2.519000000000000000e+03 1.433000000000000000e+03
2.488000000000000000e+03 1.422000000000000000e+03
2.474000000000000000e+03 1.603000000000000000e+03
2.510000000000000000e+03 1.422000000000000000e+03
2.554000000000000000e+03 1.269000000000000000e+03
3.261000000000000000e+03 1.268000000000000000e+03
3.325000000000000000e+03 1.907000000000000000e+03
3.432000000000000000e+03 1.896000000000000000e+03
3.454000000000000000e+03 1.703000000000000000e+03
3.482000000000000000e+03 1.873000000000000000e+03
2.862000000000000000e+03 1.921000000000000000e+03
3.458000000000000000e+03 1.788000000000000000e+03
3.412000000000000000e+03 1.453000000000000000e+03
3.380000000000000000e+03 1.353000000000000000e+03
3.493000000000000000e+03 1.421000000000000000e+03
3.506000000000000000e+03 1.357000000000000000e+03
3.366000000000000000e+03 1.625000000000000000e+03
3.271000000000000000e+03 1.799000000000000000e+03
3.343000000000000000e+03 1.625000000000000000e+03
3.358000000000000000e+03 1.658000000000000000e+03
3.590000000000000000e+03 1.442000000000000000e+03
3.704000000000000000e+03 1.696000000000000000e+03
3.562000000000000000e+03 1.640000000000000000e+03
3.587000000000000000e+03 1.455000000000000000e+03
3.330000000000000000e+03 1.338000000000000000e+03
3.266000000000000000e+03 1.310000000000000000e+03
3.525000000000000000e+03 1.638000000000000000e+03
3.564000000000000000e+03 1.416000000000000000e+03
3.190000000000000000e+03 1.338000000000000000e+03
3.322000000000000000e+03 1.296000000000000000e+03
3.451000000000000000e+03 1.302000000000000000e+03
3.357000000000000000e+03 1.303000000000000000e+03
3.536000000000000000e+03 1.196000000000000000e+03
3.496000000000000000e+03 1.304000000000000000e+03
3.720000000000000000e+03 1.490000000000000000e+03
3.512000000000000000e+03 1.333000000000000000e+03
3.781000000000000000e+03 1.317000000000000000e+03
3.776000000000000000e+03 1.634000000000000000e+03
3.822000000000000000e+03 1.263000000000000000e+03
3.844000000000000000e+03 1.513000000000000000e+03
3.965000000000000000e+03 1.252000000000000000e+03
3.855000000000000000e+03 1.158000000000000000e+03
3.906000000000000000e+03 1.352000000000000000e+03
3.839000000000000000e+03 1.204000000000000000e+03
3.726000000000000000e+03 1.186000000000000000e+03
3.777000000000000000e+03 1.129000000000000000e+03
3.280000000000000000e+03 1.245000000000000000e+03
3.297000000000000000e+03 1.215000000000000000e+03
3.974000000000000000e+03 7.540000000000000000e+02
3.953000000000000000e+03 3.510000000000000000e+02
3.861000000000000000e+03 4.550000000000000000e+02
3.954000000000000000e+03 2.210000000000000000e+02
3.249000000000000000e+03 9.600000000000000000e+02
3.336000000000000000e+03 9.810000000000000000e+02
3.276000000000000000e+03 8.680000000000000000e+02
3.222000000000000000e+03 7.290000000000000000e+02
3.300000000000000000e+03 1.082000000000000000e+03
3.189000000000000000e+03 1.092000000000000000e+03
3.549000000000000000e+03 9.520000000000000000e+02
3.695000000000000000e+03 8.990000000000000000e+02
3.371000000000000000e+03 1.040000000000000000e+03
3.330000000000000000e+03 1.040000000000000000e+03
3.497000000000000000e+03 1.043000000000000000e+03
3.749000000000000000e+03 9.260000000000000000e+02
3.788000000000000000e+03 8.660000000000000000e+02
3.852000000000000000e+03 8.210000000000000000e+02
3.568000000000000000e+03 1.015000000000000000e+03
3.255000000000000000e+03 1.100000000000000000e+03
1.828000000000000000e+03 1.512000000000000000e+03
1.948000000000000000e+03 1.565000000000000000e+03
1.371000000000000000e+03 1.768000000000000000e+03
5.110000000000000000e+02 2.271000000000000000e+03
5.500000000000000000e+01 2.423000000000000000e+03
1.650000000000000000e+02 2.419000000000000000e+03
1.004000000000000000e+03 2.006000000000000000e+03
3.580000000000000000e+02 2.202000000000000000e+03
1.280000000000000000e+02 2.158000000000000000e+03
2.530000000000000000e+02 2.118000000000000000e+03
1.950000000000000000e+02 2.295000000000000000e+03
1.550000000000000000e+02 2.106000000000000000e+03
8.000000000000000000e+01 2.203000000000000000e+03
3.860000000000000000e+02 2.127000000000000000e+03
3.380000000000000000e+02 2.286000000000000000e+03
1.089000000000000000e+03 2.242000000000000000e+03
9.610000000000000000e+02 2.410000000000000000e+03
1.048000000000000000e+03 2.164000000000000000e+03
1.067000000000000000e+03 2.141000000000000000e+03
7.360000000000000000e+02 2.341000000000000000e+03
6.830000000000000000e+02 2.465000000000000000e+03
7.140000000000000000e+02 2.320000000000000000e+03
7.230000000000000000e+02 2.409000000000000000e+03
1.312000000000000000e+03 1.851000000000000000e+03
1.247000000000000000e+03 2.125000000000000000e+03
1.270000000000000000e+03 1.969000000000000000e+03
1.148000000000000000e+03 1.898000000000000000e+03
9.310000000000000000e+02 1.806000000000000000e+03
6.500000000000000000e+02 2.023000000000000000e+03
1.180000000000000000e+03 1.872000000000000000e+03
1.250000000000000000e+03 1.757000000000000000e+03
2.308000000000000000e+03 2.680000000000000000e+03
2.761000000000000000e+03 2.139000000000000000e+03
2.721000000000000000e+03 2.379000000000000000e+03
2.701000000000000000e+03 1.944000000000000000e+03
2.725000000000000000e+03 1.992000000000000000e+03
2.764000000000000000e+03 2.313000000000000000e+03
2.729000000000000000e+03 2.284000000000000000e+03
2.781000000000000000e+03 1.961000000000000000e+03
2.827000000000000000e+03 2.007000000000000000e+03
2.578000000000000000e+03 2.271000000000000000e+03
2.591000000000000000e+03 2.034000000000000000e+03
2.692000000000000000e+03 1.903000000000000000e+03
2.614000000000000000e+03 1.866000000000000000e+03
2.684000000000000000e+03 2.021000000000000000e+03
2.640000000000000000e+03 2.243000000000000000e+03
2.716000000000000000e+03 2.534000000000000000e+03
2.769000000000000000e+03 2.543000000000000000e+03
2.576000000000000000e+03 2.135000000000000000e+03
2.708000000000000000e+03 2.066000000000000000e+03
2.627000000000000000e+03 2.190000000000000000e+03
2.678000000000000000e+03 2.056000000000000000e+03
2.689000000000000000e+03 2.593000000000000000e+03
2.811000000000000000e+03 2.597000000000000000e+03
2.904000000000000000e+03 2.531000000000000000e+03
2.897000000000000000e+03 2.418000000000000000e+03
2.811000000000000000e+03 2.163000000000000000e+03
2.816000000000000000e+03 2.092000000000000000e+03
2.883000000000000000e+03 2.146000000000000000e+03
2.863000000000000000e+03 2.146000000000000000e+03
2.957000000000000000e+03 2.401000000000000000e+03
2.428000000000000000e+03 2.373000000000000000e+03
1.203000000000000000e+03 2.222000000000000000e+03
1.283000000000000000e+03 2.052000000000000000e+03
1.488000000000000000e+03 2.063000000000000000e+03
1.233000000000000000e+03 2.254000000000000000e+03
1.456000000000000000e+03 2.099000000000000000e+03
1.371000000000000000e+03 2.100000000000000000e+03
1.860000000000000000e+03 2.013000000000000000e+03
5.780000000000000000e+02 2.403000000000000000e+03
1.155000000000000000e+03 2.172000000000000000e+03
3.460000000000000000e+02 2.501000000000000000e+03
7.490000000000000000e+02 2.345000000000000000e+03
5.920000000000000000e+02 2.402000000000000000e+03
4.000000000000000000e+02 2.514000000000000000e+03
3.860000000000000000e+02 2.578000000000000000e+03
4.650000000000000000e+02 2.448000000000000000e+03
4.440000000000000000e+02 2.791000000000000000e+03
3.440000000000000000e+02 2.725000000000000000e+03
5.730000000000000000e+02 2.491000000000000000e+03
1.420000000000000000e+02 2.770000000000000000e+03
1.410000000000000000e+02 2.883000000000000000e+03
4.440000000000000000e+02 2.805000000000000000e+03
2.850000000000000000e+02 2.859000000000000000e+03
2.760000000000000000e+02 2.791000000000000000e+03
2.140000000000000000e+02 2.612000000000000000e+03
5.300000000000000000e+01 2.678000000000000000e+03
3.430000000000000000e+02 2.629000000000000000e+03
2.120000000000000000e+02 2.594000000000000000e+03
9.930000000000000000e+02 2.119000000000000000e+03
8.440000000000000000e+02 2.269000000000000000e+03
2.290000000000000000e+02 2.554000000000000000e+03
7.500000000000000000e+02 2.337000000000000000e+03
1.710000000000000000e+02 3.287000000000000000e+03
2.770000000000000000e+02 3.098000000000000000e+03
2.420000000000000000e+02 3.259000000000000000e+03
2.670000000000000000e+02 3.230000000000000000e+03
2.610000000000000000e+02 3.024000000000000000e+03
6.550000000000000000e+02 2.815000000000000000e+03
8.800000000000000000e+01 3.059000000000000000e+03
1.490000000000000000e+02 2.977000000000000000e+03
1.175000000000000000e+03 2.645000000000000000e+03
7.180000000000000000e+02 2.999000000000000000e+03
1.424000000000000000e+03 2.387000000000000000e+03
1.031000000000000000e+03 2.653000000000000000e+03
1.770000000000000000e+02 3.429000000000000000e+03
1.218000000000000000e+03 2.288000000000000000e+03
1.585000000000000000e+03 2.400000000000000000e+03
1.190000000000000000e+03 2.136000000000000000e+03
1.420000000000000000e+03 2.269000000000000000e+03
7.450000000000000000e+02 2.823000000000000000e+03
8.340000000000000000e+02 2.863000000000000000e+03
3.320000000000000000e+02 3.310000000000000000e+03
1.413000000000000000e+03 2.375000000000000000e+03
1.601000000000000000e+03 2.192000000000000000e+03
1.247000000000000000e+03 2.490000000000000000e+03
1.764000000000000000e+03 2.121000000000000000e+03
7.380000000000000000e+02 3.457000000000000000e+03
4.480000000000000000e+02 3.421000000000000000e+03
5.790000000000000000e+02 3.381000000000000000e+03
4.940000000000000000e+02 3.202000000000000000e+03
1.630000000000000000e+02 3.357000000000000000e+03
8.490000000000000000e+02 2.950000000000000000e+03
1.145000000000000000e+03 2.816000000000000000e+03
1.450000000000000000e+02 3.363000000000000000e+03
2.908000000000000000e+03 2.498000000000000000e+03
1.675000000000000000e+03 2.622000000000000000e+03
1.678000000000000000e+03 2.692000000000000000e+03
2.761000000000000000e+03 2.435000000000000000e+03
2.415000000000000000e+03 2.530000000000000000e+03
2.546000000000000000e+03 2.295000000000000000e+03
2.064000000000000000e+03 2.382000000000000000e+03
2.189000000000000000e+03 2.951000000000000000e+03
2.762000000000000000e+03 2.714000000000000000e+03
2.416000000000000000e+03 2.637000000000000000e+03
2.217000000000000000e+03 2.714000000000000000e+03
2.324000000000000000e+03 2.750000000000000000e+03
2.482000000000000000e+03 2.939000000000000000e+03
2.426000000000000000e+03 2.573000000000000000e+03
2.660000000000000000e+03 2.519000000000000000e+03
3.235000000000000000e+03 2.688000000000000000e+03
3.108000000000000000e+03 2.705000000000000000e+03
3.218000000000000000e+03 2.347000000000000000e+03
2.840000000000000000e+03 2.677000000000000000e+03
2.770000000000000000e+03 3.045000000000000000e+03
2.857000000000000000e+03 2.900000000000000000e+03
3.071000000000000000e+03 2.921000000000000000e+03
3.030000000000000000e+03 2.928000000000000000e+03
3.065000000000000000e+03 2.595000000000000000e+03
3.257000000000000000e+03 2.507000000000000000e+03
2.975000000000000000e+03 2.555000000000000000e+03
2.487000000000000000e+03 2.465000000000000000e+03
3.130000000000000000e+03 2.532000000000000000e+03
3.168000000000000000e+03 2.567000000000000000e+03
3.312000000000000000e+03 2.584000000000000000e+03
3.237000000000000000e+03 2.598000000000000000e+03
2.682000000000000000e+03 2.980000000000000000e+03
2.697000000000000000e+03 2.914000000000000000e+03
2.794000000000000000e+03 3.124000000000000000e+03
2.447000000000000000e+03 3.169000000000000000e+03
3.666000000000000000e+03 2.637000000000000000e+03
2.953000000000000000e+03 2.841000000000000000e+03
3.356000000000000000e+03 2.763000000000000000e+03
2.235000000000000000e+03 3.194000000000000000e+03
2.439000000000000000e+03 3.087000000000000000e+03
2.409000000000000000e+03 3.279000000000000000e+03
2.420000000000000000e+03 3.224000000000000000e+03
2.176000000000000000e+03 3.270000000000000000e+03
2.446000000000000000e+03 3.212000000000000000e+03
2.377000000000000000e+03 3.230000000000000000e+03
2.319000000000000000e+03 3.234000000000000000e+03
2.140000000000000000e+03 3.430000000000000000e+03
2.127000000000000000e+03 3.411000000000000000e+03
2.038000000000000000e+03 3.415000000000000000e+03
2.013000000000000000e+03 3.483000000000000000e+03
2.236000000000000000e+03 3.453000000000000000e+03
2.191000000000000000e+03 3.351000000000000000e+03
2.159000000000000000e+03 3.439000000000000000e+03
2.039000000000000000e+03 3.358000000000000000e+03
3.024000000000000000e+03 2.380000000000000000e+03
3.177000000000000000e+03 2.420000000000000000e+03
2.979000000000000000e+03 2.344000000000000000e+03
3.151000000000000000e+03 2.346000000000000000e+03
3.272000000000000000e+03 2.356000000000000000e+03
3.244000000000000000e+03 2.328000000000000000e+03
2.171000000000000000e+03 3.225000000000000000e+03
2.323000000000000000e+03 3.275000000000000000e+03
1.411000000000000000e+03 3.446000000000000000e+03
1.364000000000000000e+03 3.731000000000000000e+03
1.443000000000000000e+03 3.152000000000000000e+03
1.490000000000000000e+03 3.701000000000000000e+03
1.424000000000000000e+03 3.767000000000000000e+03
1.429000000000000000e+03 3.778000000000000000e+03
1.578000000000000000e+03 3.808000000000000000e+03
1.652000000000000000e+03 3.891000000000000000e+03
1.621000000000000000e+03 3.639000000000000000e+03
1.196000000000000000e+03 3.828000000000000000e+03
1.234000000000000000e+03 3.908000000000000000e+03
1.397000000000000000e+03 3.912000000000000000e+03
1.295000000000000000e+03 3.117000000000000000e+03
1.266000000000000000e+03 3.866000000000000000e+03
1.311000000000000000e+03 3.900000000000000000e+03
1.540000000000000000e+03 3.657000000000000000e+03
1.570000000000000000e+03 3.314000000000000000e+03
1.484000000000000000e+03 3.589000000000000000e+03
1.599000000000000000e+03 3.403000000000000000e+03
1.540000000000000000e+03 3.587000000000000000e+03
1.542000000000000000e+03 3.480000000000000000e+03
1.514000000000000000e+03 3.292000000000000000e+03
2.177000000000000000e+03 2.902000000000000000e+03
1.765000000000000000e+03 3.791000000000000000e+03
1.852000000000000000e+03 3.760000000000000000e+03
2.212000000000000000e+03 3.708000000000000000e+03
1.649000000000000000e+03 3.806000000000000000e+03
1.803000000000000000e+03 3.614000000000000000e+03
1.783000000000000000e+03 3.664000000000000000e+03
2.213000000000000000e+03 3.229000000000000000e+03
1.898000000000000000e+03 3.563000000000000000e+03
5.740000000000000000e+02 3.895000000000000000e+03
1.698000000000000000e+03 2.932000000000000000e+03
4.600000000000000000e+02 3.935000000000000000e+03
3.580000000000000000e+02 3.902000000000000000e+03
5.040000000000000000e+02 3.755000000000000000e+03
2.920000000000000000e+02 3.866000000000000000e+03
2.440000000000000000e+02 3.907000000000000000e+03
2.960000000000000000e+02 3.899000000000000000e+03
9.370000000000000000e+02 3.675000000000000000e+03
7.930000000000000000e+02 3.885000000000000000e+03
7.190000000000000000e+02 3.937000000000000000e+03
7.570000000000000000e+02 3.938000000000000000e+03
9.840000000000000000e+02 3.871000000000000000e+03
9.710000000000000000e+02 3.607000000000000000e+03
1.057000000000000000e+03 3.825000000000000000e+03
1.027000000000000000e+03 3.864000000000000000e+03
3.240000000000000000e+02 3.121000000000000000e+03
1.990000000000000000e+02 3.124000000000000000e+03
4.160000000000000000e+02 2.630000000000000000e+03
1.070000000000000000e+02 3.549000000000000000e+03
4.160000000000000000e+02 3.373000000000000000e+03
9.460000000000000000e+02 2.763000000000000000e+03
1.860000000000000000e+02 3.089000000000000000e+03
4.760000000000000000e+02 2.809000000000000000e+03
3.270000000000000000e+02 3.690000000000000000e+03
3.250000000000000000e+02 3.750000000000000000e+03
4.530000000000000000e+02 3.443000000000000000e+03
8.790000000000000000e+02 3.013000000000000000e+03
4.220000000000000000e+02 3.419000000000000000e+03
2.770000000000000000e+02 3.758000000000000000e+03
1.760000000000000000e+02 3.794000000000000000e+03
3.250000000000000000e+02 3.600000000000000000e+03
2.009000000000000000e+03 2.874000000000000000e+03
3.309000000000000000e+03 3.088000000000000000e+03
2.586000000000000000e+03 3.546000000000000000e+03
2.036000000000000000e+03 3.561000000000000000e+03
2.013000000000000000e+03 3.546000000000000000e+03
2.011000000000000000e+03 3.241000000000000000e+03
2.170000000000000000e+03 3.279000000000000000e+03
2.260000000000000000e+03 3.099000000000000000e+03
2.029000000000000000e+03 3.857000000000000000e+03
1.802000000000000000e+03 3.833000000000000000e+03
1.991000000000000000e+03 3.846000000000000000e+03
1.867000000000000000e+03 3.881000000000000000e+03
1.878000000000000000e+03 3.777000000000000000e+03
1.719000000000000000e+03 3.774000000000000000e+03
1.839000000000000000e+03 3.891000000000000000e+03
2.533000000000000000e+03 3.631000000000000000e+03
3.046000000000000000e+03 3.536000000000000000e+03
2.406000000000000000e+03 3.605000000000000000e+03
2.533000000000000000e+03 3.661000000000000000e+03
3.342000000000000000e+03 3.905000000000000000e+03
3.225000000000000000e+03 3.747000000000000000e+03
3.558000000000000000e+03 3.839000000000000000e+03
3.300000000000000000e+03 3.850000000000000000e+03
3.100000000000000000e+03 3.684000000000000000e+03
2.916000000000000000e+03 3.468000000000000000e+03
2.767000000000000000e+03 3.505000000000000000e+03
2.918000000000000000e+03 3.615000000000000000e+03
2.630000000000000000e+03 3.434000000000000000e+03
2.788000000000000000e+03 3.334000000000000000e+03
2.904000000000000000e+03 3.384000000000000000e+03
2.882000000000000000e+03 3.333000000000000000e+03
2.310000000000000000e+03 3.128000000000000000e+03
3.166000000000000000e+03 3.458000000000000000e+03
3.084000000000000000e+03 3.476000000000000000e+03
3.145000000000000000e+03 3.484000000000000000e+03
3.028000000000000000e+03 3.498000000000000000e+03
2.704000000000000000e+03 3.519000000000000000e+03
3.118000000000000000e+03 3.385000000000000000e+03
3.672000000000000000e+03 3.773000000000000000e+03
3.394000000000000000e+03 3.551000000000000000e+03
3.640000000000000000e+03 3.891000000000000000e+03
3.074000000000000000e+03 3.513000000000000000e+03
3.755000000000000000e+03 3.841000000000000000e+03
3.283000000000000000e+03 3.633000000000000000e+03
3.832000000000000000e+03 3.915000000000000000e+03
3.790000000000000000e+03 3.919000000000000000e+03
3.803000000000000000e+03 2.897000000000000000e+03
3.904000000000000000e+03 2.772000000000000000e+03
3.930000000000000000e+03 2.695000000000000000e+03
3.887000000000000000e+03 2.741000000000000000e+03
3.322000000000000000e+03 2.898000000000000000e+03
3.925000000000000000e+03 2.518000000000000000e+03
3.221000000000000000e+03 2.865000000000000000e+03
3.708000000000000000e+03 2.775000000000000000e+03
3.446000000000000000e+03 3.623000000000000000e+03
3.382000000000000000e+03 3.484000000000000000e+03
3.927000000000000000e+03 3.013000000000000000e+03
3.482000000000000000e+03 3.160000000000000000e+03
3.799000000000000000e+03 3.656000000000000000e+03
3.223000000000000000e+03 3.617000000000000000e+03
3.946000000000000000e+03 3.298000000000000000e+03
3.974000000000000000e+03 3.142000000000000000e+03
2.814000000000000000e+03 3.589000000000000000e+03
2.790000000000000000e+03 3.779000000000000000e+03
3.019000000000000000e+03 3.762000000000000000e+03
3.301000000000000000e+03 3.904000000000000000e+03
3.134000000000000000e+03 3.881000000000000000e+03
3.122000000000000000e+03 3.879000000000000000e+03
3.144000000000000000e+03 3.905000000000000000e+03
2.695000000000000000e+03 3.817000000000000000e+03
2.644000000000000000e+03 3.653000000000000000e+03
2.849000000000000000e+03 3.701000000000000000e+03
3.000000000000000000e+03 2.680000000000000000e+03
2.738000000000000000e+03 3.820000000000000000e+03
2.805000000000000000e+03 3.811000000000000000e+03
2.867000000000000000e+03 3.689000000000000000e+03
2.642000000000000000e+03 3.876000000000000000e+03
2.670000000000000000e+03 3.565000000000000000e+03
2.777000000000000000e+03 3.503000000000000000e+03
2.113000000000000000e+03 3.345000000000000000e+03
1.978000000000000000e+03 3.078000000000000000e+03
2.642000000000000000e+03 3.467000000000000000e+03
2.351000000000000000e+03 3.479000000000000000e+03
2.166000000000000000e+03 3.106000000000000000e+03
2.754000000000000000e+03 3.600000000000000000e+03
2.385000000000000000e+03 3.113000000000000000e+03
2.287000000000000000e+03 3.014000000000000000e+03
2.712000000000000000e+03 3.322000000000000000e+03
2.669000000000000000e+03 3.362000000000000000e+03
2.678000000000000000e+03 3.408000000000000000e+03
2.477000000000000000e+03 3.156000000000000000e+03
2.473000000000000000e+03 3.124000000000000000e+03
2.551000000000000000e+03 3.267000000000000000e+03
2.636000000000000000e+03 3.202000000000000000e+03
2.482000000000000000e+03 3.482000000000000000e+03
2.324000000000000000e+03 3.567000000000000000e+03
2.278000000000000000e+03 3.484000000000000000e+03
2.341000000000000000e+03 3.396000000000000000e+03
2.445000000000000000e+03 3.407000000000000000e+03
2.116000000000000000e+03 3.459000000000000000e+03
2.449000000000000000e+03 3.327000000000000000e+03
2.344000000000000000e+03 3.616000000000000000e+03
2.479000000000000000e+03 3.685000000000000000e+03
2.445000000000000000e+03 3.672000000000000000e+03
2.382000000000000000e+03 3.713000000000000000e+03
2.108000000000000000e+03 3.587000000000000000e+03
2.416000000000000000e+03 3.558000000000000000e+03
2.453000000000000000e+03 3.689000000000000000e+03
2.474000000000000000e+03 3.622000000000000000e+03
2.028000000000000000e+03 3.863000000000000000e+03
2.351000000000000000e+03 3.858000000000000000e+03
2.100000000000000000e+03 3.773000000000000000e+03
2.830000000000000000e+03 3.116000000000000000e+03
2.214000000000000000e+03 3.731000000000000000e+03
2.124000000000000000e+03 3.741000000000000000e+03
2.158000000000000000e+03 3.892000000000000000e+03
2.224000000000000000e+03 3.843000000000000000e+03
2.325000000000000000e+03 3.633000000000000000e+03
2.190000000000000000e+03 3.225000000000000000e+03
2.421000000000000000e+03 3.808000000000000000e+03
2.512000000000000000e+03 3.737000000000000000e+03
2.498000000000000000e+03 3.945000000000000000e+03
2.458000000000000000e+03 3.664000000000000000e+03
2.183000000000000000e+03 3.801000000000000000e+03
2.343000000000000000e+03 3.909000000000000000e+03
3.890000000000000000e+02 2.560000000000000000e+03
2.550000000000000000e+02 1.760000000000000000e+03
3.500000000000000000e+01 1.300000000000000000e+02
3.102000000000000000e+03 0.000000000000000000e+00
2.999000000000000000e+03 1.820000000000000000e+03
3.100000000000000000e+03 2.630000000000000000e+03
