3.679000000000000000e+03 1.289000000000000000e+03
3.587000000000000000e+03 1.359000000000000000e+03
3.641000000000000000e+03 1.402000000000000000e+03
3.474000000000000000e+03 1.432000000000000000e+03
3.838000000000000000e+03 1.448000000000000000e+03
3.601000000000000000e+03 1.440000000000000000e+03
3.470000000000000000e+03 1.071000000000000000e+03
3.543000000000000000e+03 1.274000000000000000e+03
3.457000000000000000e+03 1.062000000000000000e+03
3.558000000000000000e+03 1.217000000000000000e+03
3.523000000000000000e+03 9.650000000000000000e+02
3.616000000000000000e+03 1.445000000000000000e+03
3.631000000000000000e+03 1.472000000000000000e+03
3.818000000000000000e+03 1.441000000000000000e+03
3.802000000000000000e+03 1.516000000000000000e+03
3.503000000000000000e+03 1.200000000000000000e+03
3.401000000000000000e+03 9.690000000000000000e+02
3.464000000000000000e+03 1.205000000000000000e+03
3.508000000000000000e+03 1.137000000000000000e+03
3.648000000000000000e+03 9.170000000000000000e+02
3.783000000000000000e+03 9.310000000000000000e+02
3.657000000000000000e+03 1.061000000000000000e+03
3.575000000000000000e+03 7.810000000000000000e+02
3.383000000000000000e+03 1.011000000000000000e+03
3.441000000000000000e+03 1.437000000000000000e+03
3.609000000000000000e+03 1.424000000000000000e+03
3.638000000000000000e+03 1.546000000000000000e+03
3.403000000000000000e+03 1.382000000000000000e+03
3.322000000000000000e+03 1.144000000000000000e+03
3.426000000000000000e+03 1.098000000000000000e+03
3.345000000000000000e+03 1.169000000000000000e+03
3.756000000000000000e+03 2.030000000000000000e+03
3.794000000000000000e+03 1.887000000000000000e+03
3.822000000000000000e+03 1.872000000000000000e+03
3.696000000000000000e+03 1.868000000000000000e+03
3.688000000000000000e+03 1.884000000000000000e+03
3.677000000000000000e+03 2.295000000000000000e+03
3.672000000000000000e+03 1.883000000000000000e+03
2.792000000000000000e+03 3.235000000000000000e+03
3.221000000000000000e+03 3.943000000000000000e+03
3.945000000000000000e+03 3.956000000000000000e+03
3.440000000000000000e+03 3.935000000000000000e+03
3.966000000000000000e+03 3.868000000000000000e+03
3.758000000000000000e+03 3.744000000000000000e+03
3.787000000000000000e+03 3.719000000000000000e+03
3.940000000000000000e+03 3.735000000000000000e+03
3.521000000000000000e+03 2.021000000000000000e+03
3.547000000000000000e+03 1.982000000000000000e+03
3.505000000000000000e+03 2.102000000000000000e+03
3.617000000000000000e+03 2.015000000000000000e+03
3.463000000000000000e+03 2.022000000000000000e+03
3.523000000000000000e+03 1.943000000000000000e+03
3.389000000000000000e+03 2.131000000000000000e+03
3.510000000000000000e+03 1.968000000000000000e+03
3.445000000000000000e+03 2.030000000000000000e+03
3.759000000000000000e+03 1.413000000000000000e+03
3.355000000000000000e+03 2.015000000000000000e+03
3.297000000000000000e+03 2.109000000000000000e+03
3.589000000000000000e+03 2.153000000000000000e+03
3.560000000000000000e+03 1.940000000000000000e+03
3.523000000000000000e+03 2.156000000000000000e+03
3.654000000000000000e+03 1.253000000000000000e+03
3.446000000000000000e+03 2.300000000000000000e+02
3.715000000000000000e+03 2.090000000000000000e+02
3.779000000000000000e+03 6.000000000000000000e+01
3.384000000000000000e+03 4.910000000000000000e+02
3.373000000000000000e+03 4.730000000000000000e+02
3.774000000000000000e+03 3.300000000000000000e+01
3.602000000000000000e+03 2.080000000000000000e+02
3.446000000000000000e+03 6.530000000000000000e+02
3.494000000000000000e+03 5.550000000000000000e+02
3.395000000000000000e+03 3.430000000000000000e+02
3.783000000000000000e+03 3.100000000000000000e+02
3.624000000000000000e+03 8.520000000000000000e+02
3.632000000000000000e+03 1.123000000000000000e+03
3.762000000000000000e+03 1.003000000000000000e+03
3.610000000000000000e+03 9.230000000000000000e+02
3.601000000000000000e+03 4.950000000000000000e+02
3.650000000000000000e+03 6.590000000000000000e+02
3.507000000000000000e+03 6.770000000000000000e+02
3.302000000000000000e+03 6.230000000000000000e+02
3.419000000000000000e+03 4.730000000000000000e+02
3.253000000000000000e+03 6.260000000000000000e+02
3.809000000000000000e+03 4.670000000000000000e+02
3.819000000000000000e+03 3.270000000000000000e+02
3.813000000000000000e+03 5.810000000000000000e+02
3.802000000000000000e+03 6.120000000000000000e+02
3.724000000000000000e+03 5.890000000000000000e+02
3.642000000000000000e+03 6.150000000000000000e+02
3.263000000000000000e+03 4.990000000000000000e+02
3.281000000000000000e+03 5.010000000000000000e+02
3.667000000000000000e+03 4.900000000000000000e+02
3.113000000000000000e+03 4.040000000000000000e+02
3.671000000000000000e+03 8.700000000000000000e+02
3.605000000000000000e+03 8.970000000000000000e+02
3.782000000000000000e+03 1.202000000000000000e+03
3.573000000000000000e+03 1.171000000000000000e+03
3.541000000000000000e+03 9.990000000000000000e+02
3.338000000000000000e+03 7.750000000000000000e+02
3.267000000000000000e+03 6.000000000000000000e+02
3.323000000000000000e+03 7.340000000000000000e+02
3.639000000000000000e+03 6.170000000000000000e+02
3.527000000000000000e+03 6.680000000000000000e+02
3.771000000000000000e+03 8.180000000000000000e+02
3.788000000000000000e+03 7.560000000000000000e+02
3.591000000000000000e+03 5.390000000000000000e+02
3.632000000000000000e+03 5.350000000000000000e+02
3.618000000000000000e+03 5.630000000000000000e+02
3.484000000000000000e+03 3.180000000000000000e+02
3.768000000000000000e+03 8.650000000000000000e+02
3.678000000000000000e+03 8.510000000000000000e+02
3.827000000000000000e+03 1.173000000000000000e+03
3.787000000000000000e+03 1.089000000000000000e+03
3.558000000000000000e+03 8.280000000000000000e+02
3.425000000000000000e+03 7.850000000000000000e+02
3.734000000000000000e+03 1.043000000000000000e+03
3.746000000000000000e+03 1.147000000000000000e+03
3.600000000000000000e+03 8.230000000000000000e+02
3.452000000000000000e+03 8.430000000000000000e+02
3.356000000000000000e+03 7.010000000000000000e+02
3.470000000000000000e+03 6.430000000000000000e+02
3.661000000000000000e+03 7.160000000000000000e+02
3.709000000000000000e+03 1.135000000000000000e+03
3.513000000000000000e+03 8.880000000000000000e+02
3.547000000000000000e+03 8.540000000000000000e+02
2.882000000000000000e+03 7.430000000000000000e+02
2.892000000000000000e+03 9.790000000000000000e+02
2.860000000000000000e+03 1.016000000000000000e+03
2.998000000000000000e+03 1.265000000000000000e+03
2.934000000000000000e+03 1.218000000000000000e+03
2.729000000000000000e+03 1.039000000000000000e+03
2.760000000000000000e+03 8.930000000000000000e+02
2.972000000000000000e+03 1.085000000000000000e+03
3.053000000000000000e+03 1.049000000000000000e+03
2.733000000000000000e+03 8.210000000000000000e+02
2.662000000000000000e+03 7.070000000000000000e+02
2.850000000000000000e+03 9.500000000000000000e+02
2.847000000000000000e+03 9.470000000000000000e+02
2.796000000000000000e+03 1.145000000000000000e+03
3.015000000000000000e+03 1.103000000000000000e+03
2.780000000000000000e+03 8.750000000000000000e+02
2.773000000000000000e+03 9.960000000000000000e+02
3.158000000000000000e+03 1.199000000000000000e+03
3.067000000000000000e+03 1.084000000000000000e+03
2.888000000000000000e+03 8.000000000000000000e+02
2.818000000000000000e+03 8.390000000000000000e+02
2.957000000000000000e+03 7.910000000000000000e+02
3.081000000000000000e+03 9.080000000000000000e+02
2.837000000000000000e+03 1.159000000000000000e+03
2.739000000000000000e+03 1.037000000000000000e+03
2.628000000000000000e+03 7.240000000000000000e+02
2.890000000000000000e+03 8.380000000000000000e+02
2.612000000000000000e+03 7.850000000000000000e+02
2.704000000000000000e+03 7.630000000000000000e+02
2.615000000000000000e+03 1.022000000000000000e+03
2.697000000000000000e+03 1.076000000000000000e+03
3.292000000000000000e+03 1.036000000000000000e+03
3.307000000000000000e+03 1.213000000000000000e+03
3.222000000000000000e+03 1.280000000000000000e+03
3.547000000000000000e+03 1.253000000000000000e+03
3.632000000000000000e+03 1.318000000000000000e+03
3.262000000000000000e+03 9.040000000000000000e+02
3.355000000000000000e+03 1.027000000000000000e+03
3.393000000000000000e+03 1.516000000000000000e+03
3.283000000000000000e+03 1.401000000000000000e+03
3.296000000000000000e+03 1.353000000000000000e+03
3.184000000000000000e+03 1.295000000000000000e+03
3.248000000000000000e+03 1.200000000000000000e+03
3.188000000000000000e+03 1.163000000000000000e+03
3.004000000000000000e+03 9.150000000000000000e+02
3.085000000000000000e+03 9.140000000000000000e+02
3.660000000000000000e+03 1.730000000000000000e+03
3.635000000000000000e+03 1.748000000000000000e+03
3.682000000000000000e+03 1.675000000000000000e+03
3.603000000000000000e+03 1.734000000000000000e+03
3.309000000000000000e+03 1.179000000000000000e+03
3.275000000000000000e+03 1.081000000000000000e+03
3.527000000000000000e+03 1.647000000000000000e+03
3.499000000000000000e+03 1.700000000000000000e+03
3.460000000000000000e+03 1.325000000000000000e+03
3.251000000000000000e+03 9.140000000000000000e+02
3.442000000000000000e+03 1.112000000000000000e+03
3.267000000000000000e+03 1.069000000000000000e+03
3.208000000000000000e+03 8.860000000000000000e+02
3.323000000000000000e+03 1.185000000000000000e+03
3.429000000000000000e+03 1.347000000000000000e+03
3.228000000000000000e+03 1.253000000000000000e+03
3.204000000000000000e+03 5.130000000000000000e+02
3.213000000000000000e+03 5.200000000000000000e+02
3.449000000000000000e+03 3.500000000000000000e+02
3.123000000000000000e+03 3.560000000000000000e+02
3.008000000000000000e+03 2.560000000000000000e+02
3.302000000000000000e+03 1.100000000000000000e+02
3.254000000000000000e+03 1.190000000000000000e+02
3.314000000000000000e+03 8.570000000000000000e+02
3.282000000000000000e+03 8.050000000000000000e+02
3.256000000000000000e+03 7.540000000000000000e+02
3.265000000000000000e+03 7.760000000000000000e+02
2.930000000000000000e+03 5.300000000000000000e+02
2.924000000000000000e+03 3.760000000000000000e+02
2.825000000000000000e+03 6.080000000000000000e+02
2.431000000000000000e+03 5.200000000000000000e+02
2.898000000000000000e+03 5.050000000000000000e+02
2.906000000000000000e+03 6.130000000000000000e+02
2.754000000000000000e+03 4.950000000000000000e+02
2.865000000000000000e+03 3.960000000000000000e+02
3.420000000000000000e+03 7.500000000000000000e+01
3.199000000000000000e+03 2.110000000000000000e+02
3.025000000000000000e+03 2.140000000000000000e+02
3.121000000000000000e+03 2.080000000000000000e+02
3.297000000000000000e+03 1.210000000000000000e+03
3.038000000000000000e+03 8.260000000000000000e+02
2.722000000000000000e+03 4.680000000000000000e+02
2.800000000000000000e+03 4.850000000000000000e+02
3.273000000000000000e+03 2.760000000000000000e+02
3.226000000000000000e+03 6.450000000000000000e+02
3.296000000000000000e+03 3.900000000000000000e+02
3.444000000000000000e+03 1.400000000000000000e+02
2.424000000000000000e+03 2.390000000000000000e+02
2.616000000000000000e+03 1.920000000000000000e+02
2.997000000000000000e+03 5.950000000000000000e+02
2.768000000000000000e+03 2.680000000000000000e+02
3.175000000000000000e+03 8.960000000000000000e+02
2.930000000000000000e+03 3.440000000000000000e+02
2.687000000000000000e+03 7.470000000000000000e+02
2.689000000000000000e+03 1.760000000000000000e+02
2.541000000000000000e+03 3.950000000000000000e+02
2.498000000000000000e+03 4.580000000000000000e+02
2.294000000000000000e+03 3.480000000000000000e+02
2.315000000000000000e+03 4.060000000000000000e+02
2.473000000000000000e+03 2.920000000000000000e+02
2.410000000000000000e+03 4.210000000000000000e+02
2.392000000000000000e+03 3.910000000000000000e+02
2.501000000000000000e+03 3.530000000000000000e+02
2.828000000000000000e+03 4.550000000000000000e+02
2.807000000000000000e+03 6.480000000000000000e+02
2.647000000000000000e+03 6.090000000000000000e+02
3.017000000000000000e+03 1.140000000000000000e+02
2.628000000000000000e+03 6.060000000000000000e+02
2.638000000000000000e+03 1.380000000000000000e+02
2.910000000000000000e+03 3.540000000000000000e+02
2.681000000000000000e+03 4.900000000000000000e+02
2.646000000000000000e+03 4.910000000000000000e+02
2.777000000000000000e+03 4.840000000000000000e+02
2.594000000000000000e+03 3.670000000000000000e+02
2.556000000000000000e+03 7.900000000000000000e+01
2.565000000000000000e+03 4.080000000000000000e+02
2.613000000000000000e+03 4.200000000000000000e+02
2.622000000000000000e+03 4.740000000000000000e+02
2.501000000000000000e+03 4.330000000000000000e+02
3.247000000000000000e+03 3.127000000000000000e+03
2.935000000000000000e+03 3.037000000000000000e+03
2.987000000000000000e+03 3.012000000000000000e+03
3.210000000000000000e+03 2.898000000000000000e+03
3.384000000000000000e+03 3.313000000000000000e+03
3.312000000000000000e+03 2.918000000000000000e+03
3.356000000000000000e+03 2.838000000000000000e+03
2.518000000000000000e+03 2.903000000000000000e+03
2.716000000000000000e+03 2.890000000000000000e+03
2.667000000000000000e+03 2.884000000000000000e+03
2.771000000000000000e+03 2.881000000000000000e+03
3.329000000000000000e+03 3.330000000000000000e+03
3.400000000000000000e+03 3.415000000000000000e+03
2.474000000000000000e+03 3.051000000000000000e+03
2.462000000000000000e+03 3.088000000000000000e+03
3.361000000000000000e+03 3.157000000000000000e+03
3.375000000000000000e+03 3.255000000000000000e+03
3.064000000000000000e+03 3.185000000000000000e+03
3.085000000000000000e+03 3.143000000000000000e+03
3.390000000000000000e+03 2.990000000000000000e+03
3.359000000000000000e+03 3.096000000000000000e+03
3.209000000000000000e+03 3.134000000000000000e+03
3.254000000000000000e+03 3.095000000000000000e+03
3.200000000000000000e+03 3.009000000000000000e+03
3.238000000000000000e+03 3.071000000000000000e+03
3.364000000000000000e+03 3.041000000000000000e+03
3.333000000000000000e+03 2.995000000000000000e+03
3.165000000000000000e+03 3.163000000000000000e+03
3.150000000000000000e+03 3.020000000000000000e+03
3.099000000000000000e+03 3.060000000000000000e+03
3.100000000000000000e+03 3.141000000000000000e+03
2.735000000000000000e+03 2.966000000000000000e+03
2.760000000000000000e+03 3.075000000000000000e+03
2.669000000000000000e+03 3.137000000000000000e+03
2.579000000000000000e+03 3.023000000000000000e+03
2.595000000000000000e+03 2.960000000000000000e+03
2.687000000000000000e+03 3.006000000000000000e+03
2.608000000000000000e+03 3.329000000000000000e+03
3.012000000000000000e+03 2.911000000000000000e+03
3.106000000000000000e+03 2.897000000000000000e+03
2.951000000000000000e+03 2.937000000000000000e+03
2.814000000000000000e+03 3.026000000000000000e+03
2.747000000000000000e+03 2.931000000000000000e+03
2.610000000000000000e+03 2.857000000000000000e+03
2.690000000000000000e+03 2.905000000000000000e+03
2.687000000000000000e+03 3.176000000000000000e+03
2.959000000000000000e+03 3.559000000000000000e+03
3.494000000000000000e+03 3.808000000000000000e+03
3.573000000000000000e+03 3.854000000000000000e+03
3.707000000000000000e+03 3.873000000000000000e+03
3.664000000000000000e+03 3.854000000000000000e+03
3.295000000000000000e+03 3.668000000000000000e+03
3.248000000000000000e+03 3.675000000000000000e+03
3.523000000000000000e+03 3.706000000000000000e+03
2.542000000000000000e+03 3.400000000000000000e+03
2.663000000000000000e+03 3.401000000000000000e+03
2.637000000000000000e+03 3.414000000000000000e+03
2.677000000000000000e+03 3.353000000000000000e+03
2.585000000000000000e+03 3.099000000000000000e+03
2.496000000000000000e+03 3.040000000000000000e+03
2.798000000000000000e+03 3.767000000000000000e+03
2.553000000000000000e+03 3.712000000000000000e+03
3.105000000000000000e+03 3.397000000000000000e+03
3.071000000000000000e+03 3.409000000000000000e+03
3.064000000000000000e+03 3.394000000000000000e+03
2.660000000000000000e+03 3.345000000000000000e+03
2.585000000000000000e+03 3.264000000000000000e+03
3.025000000000000000e+03 3.679000000000000000e+03
2.973000000000000000e+03 3.695000000000000000e+03
2.713000000000000000e+03 3.720000000000000000e+03
2.890000000000000000e+03 3.735000000000000000e+03
2.803000000000000000e+03 3.812000000000000000e+03
2.764000000000000000e+03 3.716000000000000000e+03
2.610000000000000000e+03 3.762000000000000000e+03
2.553000000000000000e+03 3.565000000000000000e+03
2.590000000000000000e+03 3.505000000000000000e+03
2.577000000000000000e+03 3.612000000000000000e+03
2.423000000000000000e+03 3.785000000000000000e+03
2.412000000000000000e+03 3.835000000000000000e+03
2.283000000000000000e+03 3.589000000000000000e+03
2.355000000000000000e+03 3.562000000000000000e+03
2.655000000000000000e+03 3.642000000000000000e+03
2.621000000000000000e+03 3.597000000000000000e+03
2.445000000000000000e+03 3.665000000000000000e+03
2.359000000000000000e+03 3.609000000000000000e+03
2.897000000000000000e+03 3.640000000000000000e+03
2.980000000000000000e+03 3.783000000000000000e+03
2.712000000000000000e+03 3.850000000000000000e+03
2.689000000000000000e+03 3.782000000000000000e+03
2.493000000000000000e+03 3.655000000000000000e+03
2.531000000000000000e+03 3.569000000000000000e+03
2.410000000000000000e+03 3.483000000000000000e+03
2.348000000000000000e+03 3.482000000000000000e+03
2.966000000000000000e+03 3.372000000000000000e+03
2.948000000000000000e+03 3.447000000000000000e+03
2.984000000000000000e+03 3.476000000000000000e+03
2.938000000000000000e+03 3.369000000000000000e+03
3.109000000000000000e+03 3.450000000000000000e+03
3.193000000000000000e+03 3.797000000000000000e+03
3.104000000000000000e+03 3.366000000000000000e+03
3.020000000000000000e+03 3.237000000000000000e+03
2.885000000000000000e+03 3.464000000000000000e+03
2.916000000000000000e+03 3.280000000000000000e+03
2.953000000000000000e+03 3.306000000000000000e+03
2.886000000000000000e+03 3.346000000000000000e+03
3.275000000000000000e+03 3.617000000000000000e+03
3.190000000000000000e+03 3.707000000000000000e+03
3.230000000000000000e+03 3.710000000000000000e+03
3.172000000000000000e+03 3.757000000000000000e+03
2.911000000000000000e+03 3.098000000000000000e+03
2.647000000000000000e+03 3.165000000000000000e+03
2.479000000000000000e+03 3.287000000000000000e+03
2.463000000000000000e+03 3.368000000000000000e+03
2.766000000000000000e+03 3.389000000000000000e+03
2.983000000000000000e+03 3.125000000000000000e+03
1.447000000000000000e+03 2.538000000000000000e+03
1.172000000000000000e+03 2.808000000000000000e+03
3.039000000000000000e+03 3.360000000000000000e+03
2.687000000000000000e+03 3.250000000000000000e+03
3.267000000000000000e+03 3.483000000000000000e+03
3.292000000000000000e+03 3.518000000000000000e+03
2.679000000000000000e+03 3.420000000000000000e+03
2.855000000000000000e+03 3.612000000000000000e+03
2.705000000000000000e+03 3.336000000000000000e+03
2.931000000000000000e+03 3.655000000000000000e+03
2.838000000000000000e+03 2.696000000000000000e+03
2.875000000000000000e+03 2.881000000000000000e+03
2.781000000000000000e+03 2.438000000000000000e+03
3.001000000000000000e+03 2.469000000000000000e+03
2.976000000000000000e+03 2.820000000000000000e+03
2.918000000000000000e+03 2.971000000000000000e+03
3.007000000000000000e+03 3.156000000000000000e+03
3.065000000000000000e+03 2.988000000000000000e+03
3.163000000000000000e+03 2.806000000000000000e+03
3.040000000000000000e+03 2.492000000000000000e+03
3.016000000000000000e+03 2.894000000000000000e+03
2.999000000000000000e+03 2.994000000000000000e+03
2.931000000000000000e+03 2.940000000000000000e+03
3.074000000000000000e+03 2.366000000000000000e+03
3.177000000000000000e+03 2.389000000000000000e+03
2.311000000000000000e+03 3.809000000000000000e+03
2.414000000000000000e+03 3.049000000000000000e+03
2.616000000000000000e+03 3.429000000000000000e+03
2.762000000000000000e+03 2.973000000000000000e+03
2.835000000000000000e+03 3.173000000000000000e+03
2.886000000000000000e+03 3.140000000000000000e+03
2.755000000000000000e+03 2.763000000000000000e+03
2.952000000000000000e+03 2.963000000000000000e+03
3.139000000000000000e+03 2.915000000000000000e+03
2.731000000000000000e+03 3.666000000000000000e+03
2.446000000000000000e+03 3.864000000000000000e+03
2.195000000000000000e+03 3.820000000000000000e+03
2.869000000000000000e+03 3.413000000000000000e+03
3.331000000000000000e+03 3.088000000000000000e+03
2.286000000000000000e+03 3.881000000000000000e+03
2.386000000000000000e+03 3.891000000000000000e+03
3.069000000000000000e+03 3.862000000000000000e+03
2.848000000000000000e+03 3.899000000000000000e+03
2.528000000000000000e+03 3.918000000000000000e+03
3.076000000000000000e+03 3.903000000000000000e+03
2.822000000000000000e+03 3.905000000000000000e+03
2.946000000000000000e+03 3.907000000000000000e+03
2.952000000000000000e+03 3.821000000000000000e+03
2.440000000000000000e+03 3.837000000000000000e+03
2.201000000000000000e+03 3.839000000000000000e+03
2.162000000000000000e+03 3.794000000000000000e+03
2.629000000000000000e+03 3.834000000000000000e+03
2.651000000000000000e+03 3.866000000000000000e+03
2.121000000000000000e+03 3.882000000000000000e+03
1.953000000000000000e+03 3.756000000000000000e+03
2.369000000000000000e+03 3.827000000000000000e+03
3.568000000000000000e+03 3.624000000000000000e+03
3.324000000000000000e+03 3.886000000000000000e+03
3.416000000000000000e+03 3.690000000000000000e+03
3.386000000000000000e+03 3.778000000000000000e+03
3.493000000000000000e+03 3.647000000000000000e+03
3.687000000000000000e+03 3.619000000000000000e+03
3.132000000000000000e+03 3.885000000000000000e+03
3.088000000000000000e+03 3.948000000000000000e+03
2.864000000000000000e+03 3.777000000000000000e+03
3.428000000000000000e+03 3.617000000000000000e+03
3.395000000000000000e+03 3.631000000000000000e+03
3.418000000000000000e+03 3.616000000000000000e+03
3.630000000000000000e+03 3.550000000000000000e+03
3.097000000000000000e+03 3.753000000000000000e+03
3.412000000000000000e+03 3.684000000000000000e+03
3.633000000000000000e+03 3.541000000000000000e+03
1.630000000000000000e+03 3.233000000000000000e+03
1.944000000000000000e+03 3.427000000000000000e+03
1.979000000000000000e+03 3.350000000000000000e+03
2.162000000000000000e+03 3.769000000000000000e+03
2.143000000000000000e+03 3.590000000000000000e+03
1.859000000000000000e+03 3.792000000000000000e+03
1.877000000000000000e+03 3.771000000000000000e+03
2.303000000000000000e+03 3.861000000000000000e+03
2.327000000000000000e+03 3.756000000000000000e+03
2.052000000000000000e+03 3.816000000000000000e+03
2.220000000000000000e+03 3.797000000000000000e+03
1.856000000000000000e+03 3.922000000000000000e+03
1.814000000000000000e+03 3.648000000000000000e+03
1.950000000000000000e+03 3.651000000000000000e+03
2.136000000000000000e+03 3.652000000000000000e+03
2.060000000000000000e+03 3.642000000000000000e+03
2.164000000000000000e+03 3.521000000000000000e+03
1.941000000000000000e+03 3.485000000000000000e+03
2.147000000000000000e+03 3.472000000000000000e+03
2.048000000000000000e+03 3.437000000000000000e+03
1.795000000000000000e+03 3.391000000000000000e+03
2.064000000000000000e+03 3.351000000000000000e+03
2.051000000000000000e+03 3.392000000000000000e+03
2.055000000000000000e+03 3.456000000000000000e+03
1.927000000000000000e+03 3.496000000000000000e+03
5.820000000000000000e+02 3.072000000000000000e+03
1.343000000000000000e+03 3.370000000000000000e+03
2.024000000000000000e+03 3.631000000000000000e+03
1.952000000000000000e+03 3.467000000000000000e+03
2.064000000000000000e+03 3.500000000000000000e+03
1.964000000000000000e+03 3.725000000000000000e+03
1.979000000000000000e+03 3.054000000000000000e+03
1.833000000000000000e+03 2.937000000000000000e+03
1.402000000000000000e+03 2.007000000000000000e+03
2.148000000000000000e+03 2.693000000000000000e+03
1.614000000000000000e+03 2.860000000000000000e+03
2.207000000000000000e+03 2.644000000000000000e+03
2.208000000000000000e+03 2.268000000000000000e+03
2.354000000000000000e+03 2.461000000000000000e+03
2.287000000000000000e+03 2.599000000000000000e+03
2.307000000000000000e+03 2.627000000000000000e+03
2.463000000000000000e+03 2.670000000000000000e+03
2.479000000000000000e+03 2.659000000000000000e+03
2.178000000000000000e+03 2.669000000000000000e+03
2.194000000000000000e+03 2.644000000000000000e+03
1.962000000000000000e+03 3.216000000000000000e+03
1.991000000000000000e+03 3.150000000000000000e+03
2.397000000000000000e+03 2.950000000000000000e+03
2.424000000000000000e+03 2.790000000000000000e+03
2.362000000000000000e+03 3.295000000000000000e+03
2.313000000000000000e+03 3.305000000000000000e+03
2.311000000000000000e+03 3.170000000000000000e+03
2.308000000000000000e+03 3.077000000000000000e+03
2.191000000000000000e+03 3.169000000000000000e+03
2.170000000000000000e+03 3.265000000000000000e+03
2.377000000000000000e+03 2.897000000000000000e+03
2.395000000000000000e+03 2.906000000000000000e+03
2.251000000000000000e+03 2.973000000000000000e+03
2.196000000000000000e+03 2.921000000000000000e+03
2.278000000000000000e+03 2.877000000000000000e+03
2.268000000000000000e+03 2.955000000000000000e+03
2.081000000000000000e+03 3.140000000000000000e+03
2.135000000000000000e+03 3.119000000000000000e+03
3.170000000000000000e+02 1.393000000000000000e+03
2.760000000000000000e+02 1.021000000000000000e+03
2.510000000000000000e+02 1.515000000000000000e+03
2.610000000000000000e+02 1.624000000000000000e+03
2.360000000000000000e+02 1.476000000000000000e+03
2.560000000000000000e+02 9.290000000000000000e+02
2.530000000000000000e+02 1.374000000000000000e+03
5.040000000000000000e+02 5.930000000000000000e+02
3.660000000000000000e+02 1.263000000000000000e+03
3.210000000000000000e+02 1.010000000000000000e+03
9.110000000000000000e+02 6.020000000000000000e+02
2.790000000000000000e+02 6.360000000000000000e+02
4.350000000000000000e+02 6.410000000000000000e+02
3.600000000000000000e+02 1.682000000000000000e+03
5.530000000000000000e+02 5.920000000000000000e+02
4.330000000000000000e+02 2.441000000000000000e+03
2.530000000000000000e+02 2.748000000000000000e+03
2.190000000000000000e+02 2.956000000000000000e+03
2.620000000000000000e+02 2.882000000000000000e+03
3.060000000000000000e+02 2.343000000000000000e+03
3.210000000000000000e+02 1.956000000000000000e+03
2.230000000000000000e+02 2.800000000000000000e+03
3.330000000000000000e+02 2.756000000000000000e+03
2.410000000000000000e+02 2.639000000000000000e+03
2.550000000000000000e+02 2.532000000000000000e+03
1.510000000000000000e+02 2.988000000000000000e+03
1.500000000000000000e+02 2.896000000000000000e+03
4.800000000000000000e+01 2.677000000000000000e+03
1.140000000000000000e+02 2.629000000000000000e+03
1.170000000000000000e+02 2.705000000000000000e+03
1.570000000000000000e+02 2.690000000000000000e+03
5.750000000000000000e+02 7.050000000000000000e+02
8.310000000000000000e+02 5.830000000000000000e+02
6.920000000000000000e+02 6.120000000000000000e+02
3.790000000000000000e+02 7.130000000000000000e+02
6.240000000000000000e+02 5.500000000000000000e+02
7.700000000000000000e+02 5.390000000000000000e+02
6.250000000000000000e+02 5.030000000000000000e+02
2.380000000000000000e+02 2.302000000000000000e+03
1.230000000000000000e+02 2.344000000000000000e+03
2.550000000000000000e+02 7.550000000000000000e+02
2.430000000000000000e+02 1.796000000000000000e+03
2.330000000000000000e+02 2.162000000000000000e+03
2.420000000000000000e+02 2.033000000000000000e+03
1.850000000000000000e+02 2.111000000000000000e+03
2.060000000000000000e+02 1.678000000000000000e+03
1.580000000000000000e+02 2.331000000000000000e+03
5.700000000000000000e+01 2.357000000000000000e+03
2.530000000000000000e+02 1.665000000000000000e+03
6.600000000000000000e+01 2.192000000000000000e+03
1.470000000000000000e+02 2.121000000000000000e+03
8.500000000000000000e+01 2.214000000000000000e+03
1.010000000000000000e+02 2.159000000000000000e+03
4.010000000000000000e+02 2.022000000000000000e+03
2.390000000000000000e+02 9.300000000000000000e+02
2.490000000000000000e+02 1.297000000000000000e+03
2.300000000000000000e+02 6.400000000000000000e+02
2.520000000000000000e+02 1.226000000000000000e+03
2.070000000000000000e+02 1.921000000000000000e+03
2.700000000000000000e+02 1.776000000000000000e+03
3.390000000000000000e+02 1.867000000000000000e+03
3.100000000000000000e+02 1.879000000000000000e+03
1.290000000000000000e+03 4.230000000000000000e+02
1.706000000000000000e+03 3.790000000000000000e+02
1.609000000000000000e+03 3.220000000000000000e+02
1.520000000000000000e+03 6.040000000000000000e+02
1.390000000000000000e+03 5.730000000000000000e+02
1.289000000000000000e+03 5.860000000000000000e+02
1.434000000000000000e+03 5.710000000000000000e+02
1.128000000000000000e+03 5.650000000000000000e+02
1.077000000000000000e+03 5.920000000000000000e+02
1.161000000000000000e+03 5.440000000000000000e+02
1.354000000000000000e+03 5.400000000000000000e+02
9.530000000000000000e+02 5.450000000000000000e+02
1.006000000000000000e+03 4.960000000000000000e+02
9.990000000000000000e+02 5.680000000000000000e+02
1.118000000000000000e+03 5.610000000000000000e+02
1.470000000000000000e+03 5.180000000000000000e+02
1.313000000000000000e+03 4.710000000000000000e+02
1.719000000000000000e+03 5.620000000000000000e+02
1.590000000000000000e+03 5.440000000000000000e+02
1.690000000000000000e+03 4.650000000000000000e+02
1.556000000000000000e+03 4.550000000000000000e+02
1.346000000000000000e+03 4.240000000000000000e+02
1.644000000000000000e+03 4.670000000000000000e+02
1.454000000000000000e+03 4.410000000000000000e+02
1.569000000000000000e+03 4.720000000000000000e+02
1.088000000000000000e+03 5.060000000000000000e+02
1.432000000000000000e+03 5.160000000000000000e+02
8.120000000000000000e+02 3.860000000000000000e+02
1.275000000000000000e+03 4.130000000000000000e+02
1.367000000000000000e+03 3.430000000000000000e+02
1.345000000000000000e+03 3.090000000000000000e+02
4.440000000000000000e+02 3.930000000000000000e+02
2.670000000000000000e+02 3.170000000000000000e+02
3.480000000000000000e+02 4.420000000000000000e+02
3.060000000000000000e+02 4.060000000000000000e+02
7.980000000000000000e+02 1.800000000000000000e+02
8.470000000000000000e+02 4.260000000000000000e+02
1.440000000000000000e+03 3.120000000000000000e+02
1.600000000000000000e+03 2.980000000000000000e+02
6.980000000000000000e+02 3.230000000000000000e+02
6.590000000000000000e+02 2.700000000000000000e+02
4.890000000000000000e+02 2.830000000000000000e+02
3.660000000000000000e+02 1.690000000000000000e+02
5.660000000000000000e+02 2.700000000000000000e+02
4.480000000000000000e+02 2.470000000000000000e+02
3.400000000000000000e+02 1.080000000000000000e+02
5.460000000000000000e+02 3.350000000000000000e+02
1.206000000000000000e+03 3.620000000000000000e+02
1.146000000000000000e+03 4.030000000000000000e+02
1.108000000000000000e+03 4.080000000000000000e+02
1.167000000000000000e+03 2.900000000000000000e+02
6.670000000000000000e+02 4.000000000000000000e+02
5.430000000000000000e+02 5.120000000000000000e+02
6.930000000000000000e+02 4.680000000000000000e+02
8.330000000000000000e+02 4.420000000000000000e+02
1.056000000000000000e+03 3.850000000000000000e+02
9.280000000000000000e+02 4.630000000000000000e+02
8.320000000000000000e+02 4.630000000000000000e+02
9.020000000000000000e+02 3.970000000000000000e+02
8.910000000000000000e+02 3.190000000000000000e+02
7.980000000000000000e+02 3.700000000000000000e+02
8.000000000000000000e+02 3.420000000000000000e+02
1.015000000000000000e+03 3.080000000000000000e+02
3.873000000000000000e+03 2.262000000000000000e+03
3.902000000000000000e+03 2.300000000000000000e+03
3.889000000000000000e+03 2.238000000000000000e+03
3.769000000000000000e+03 2.392000000000000000e+03
3.664000000000000000e+03 2.318000000000000000e+03
3.709000000000000000e+03 2.283000000000000000e+03
3.563000000000000000e+03 2.254000000000000000e+03
3.920000000000000000e+03 2.532000000000000000e+03
3.869000000000000000e+03 2.395000000000000000e+03
3.830000000000000000e+03 2.544000000000000000e+03
3.800000000000000000e+03 2.550000000000000000e+03
3.901000000000000000e+03 2.750000000000000000e+03
3.644000000000000000e+03 2.556000000000000000e+03
3.959000000000000000e+03 2.668000000000000000e+03
3.942000000000000000e+03 2.816000000000000000e+03
3.709000000000000000e+03 2.278000000000000000e+03
3.906000000000000000e+03 2.400000000000000000e+03
3.968000000000000000e+03 2.447000000000000000e+03
3.952000000000000000e+03 2.224000000000000000e+03
3.782000000000000000e+03 2.430000000000000000e+03
3.792000000000000000e+03 2.168000000000000000e+03
3.738000000000000000e+03 2.397000000000000000e+03
3.573000000000000000e+03 2.375000000000000000e+03
3.782000000000000000e+03 2.140000000000000000e+03
3.807000000000000000e+03 2.068000000000000000e+03
3.699000000000000000e+03 2.095000000000000000e+03
3.604000000000000000e+03 2.098000000000000000e+03
3.838000000000000000e+03 2.116000000000000000e+03
3.862000000000000000e+03 2.126000000000000000e+03
3.661000000000000000e+03 2.056000000000000000e+03
3.832000000000000000e+03 2.079000000000000000e+03
3.405000000000000000e+03 2.245000000000000000e+03
3.660000000000000000e+03 2.478000000000000000e+03
3.801000000000000000e+03 2.566000000000000000e+03
3.649000000000000000e+03 2.393000000000000000e+03
3.521000000000000000e+03 2.353000000000000000e+03
3.430000000000000000e+03 2.168000000000000000e+03
3.594000000000000000e+03 2.683000000000000000e+03
3.487000000000000000e+03 2.560000000000000000e+03
3.519000000000000000e+03 2.456000000000000000e+03
3.133000000000000000e+03 2.101000000000000000e+03
3.571000000000000000e+03 2.640000000000000000e+03
3.556000000000000000e+03 2.703000000000000000e+03
3.472000000000000000e+03 2.515000000000000000e+03
3.500000000000000000e+03 2.564000000000000000e+03
3.806000000000000000e+03 2.743000000000000000e+03
3.611000000000000000e+03 2.796000000000000000e+03
3.592000000000000000e+03 2.711000000000000000e+03
3.527000000000000000e+03 2.846000000000000000e+03
3.391000000000000000e+03 2.629000000000000000e+03
3.415000000000000000e+03 2.371000000000000000e+03
3.592000000000000000e+03 2.727000000000000000e+03
3.406000000000000000e+03 2.624000000000000000e+03
3.414000000000000000e+03 2.686000000000000000e+03
3.804000000000000000e+03 2.852000000000000000e+03
3.652000000000000000e+03 2.660000000000000000e+03
3.754000000000000000e+03 2.799000000000000000e+03
3.449000000000000000e+03 2.651000000000000000e+03
3.754000000000000000e+03 2.673000000000000000e+03
3.729000000000000000e+03 2.689000000000000000e+03
3.619000000000000000e+03 2.554000000000000000e+03
3.832000000000000000e+03 2.672000000000000000e+03
3.756000000000000000e+03 3.557000000000000000e+03
3.637000000000000000e+03 3.369000000000000000e+03
3.819000000000000000e+03 3.586000000000000000e+03
3.515000000000000000e+03 3.072000000000000000e+03
3.471000000000000000e+03 2.828000000000000000e+03
3.545000000000000000e+03 3.103000000000000000e+03
3.499000000000000000e+03 3.005000000000000000e+03
3.757000000000000000e+03 3.731000000000000000e+03
3.743000000000000000e+03 3.669000000000000000e+03
3.771000000000000000e+03 3.757000000000000000e+03
3.752000000000000000e+03 3.210000000000000000e+03
3.668000000000000000e+03 3.683000000000000000e+03
3.855000000000000000e+03 3.899000000000000000e+03
3.844000000000000000e+03 3.916000000000000000e+03
3.773000000000000000e+03 3.909000000000000000e+03
3.476000000000000000e+03 2.762000000000000000e+03
3.656000000000000000e+03 2.924000000000000000e+03
3.710000000000000000e+03 2.935000000000000000e+03
3.578000000000000000e+03 2.912000000000000000e+03
3.500000000000000000e+03 3.388000000000000000e+03
3.475000000000000000e+03 3.385000000000000000e+03
3.453000000000000000e+03 2.922000000000000000e+03
3.490000000000000000e+03 3.207000000000000000e+03
3.636000000000000000e+03 3.060000000000000000e+03
3.663000000000000000e+03 3.019000000000000000e+03
3.535000000000000000e+03 3.163000000000000000e+03
3.745000000000000000e+03 3.015000000000000000e+03
3.591000000000000000e+03 3.263000000000000000e+03
3.623000000000000000e+03 3.210000000000000000e+03
3.591000000000000000e+03 3.152000000000000000e+03
3.569000000000000000e+03 2.785000000000000000e+03
3.706000000000000000e+03 3.375000000000000000e+03
3.628000000000000000e+03 3.436000000000000000e+03
3.646000000000000000e+03 3.428000000000000000e+03
3.557000000000000000e+03 3.049000000000000000e+03
3.813000000000000000e+03 3.546000000000000000e+03
3.727000000000000000e+03 3.024000000000000000e+03
3.902000000000000000e+03 3.594000000000000000e+03
3.675000000000000000e+03 3.425000000000000000e+03
3.825000000000000000e+03 3.525000000000000000e+03
3.790000000000000000e+03 3.459000000000000000e+03
3.846000000000000000e+03 3.502000000000000000e+03
3.683000000000000000e+03 2.975000000000000000e+03
3.840000000000000000e+03 2.999000000000000000e+03
3.868000000000000000e+03 2.972000000000000000e+03
3.960000000000000000e+03 2.921000000000000000e+03
3.708000000000000000e+03 2.715000000000000000e+03
3.951000000000000000e+03 3.210000000000000000e+03
3.914000000000000000e+03 3.191000000000000000e+03
3.949000000000000000e+03 3.383000000000000000e+03
3.746000000000000000e+03 2.811000000000000000e+03
3.738000000000000000e+03 2.830000000000000000e+03
3.913000000000000000e+03 3.222000000000000000e+03
3.893000000000000000e+03 3.139000000000000000e+03
3.862000000000000000e+03 3.178000000000000000e+03
3.783000000000000000e+03 2.847000000000000000e+03
3.809000000000000000e+03 3.337000000000000000e+03
3.768000000000000000e+03 3.133000000000000000e+03
3.859000000000000000e+03 3.466000000000000000e+03
3.651000000000000000e+03 2.933000000000000000e+03
3.749000000000000000e+03 3.189000000000000000e+03
3.803000000000000000e+03 3.111000000000000000e+03
3.904000000000000000e+03 3.033000000000000000e+03
1.950000000000000000e+03 8.600000000000000000e+02
2.253000000000000000e+03 6.200000000000000000e+02
2.045000000000000000e+03 4.910000000000000000e+02
2.116000000000000000e+03 5.230000000000000000e+02
2.234000000000000000e+03 6.800000000000000000e+02
2.159000000000000000e+03 6.630000000000000000e+02
2.275000000000000000e+03 7.040000000000000000e+02
2.274000000000000000e+03 7.580000000000000000e+02
2.261000000000000000e+03 6.160000000000000000e+02
2.192000000000000000e+03 6.480000000000000000e+02
2.135000000000000000e+03 5.100000000000000000e+02
1.935000000000000000e+03 4.540000000000000000e+02
2.237000000000000000e+03 6.380000000000000000e+02
2.334000000000000000e+03 7.760000000000000000e+02
2.078000000000000000e+03 4.850000000000000000e+02
2.408000000000000000e+03 1.289000000000000000e+03
2.263000000000000000e+03 1.159000000000000000e+03
2.426000000000000000e+03 1.085000000000000000e+03
2.181000000000000000e+03 1.190000000000000000e+03
2.312000000000000000e+03 1.087000000000000000e+03
2.372000000000000000e+03 9.650000000000000000e+02
2.520000000000000000e+03 1.146000000000000000e+03
2.437000000000000000e+03 1.169000000000000000e+03
2.376000000000000000e+03 9.010000000000000000e+02
2.433000000000000000e+03 1.294000000000000000e+03
2.351000000000000000e+03 1.185000000000000000e+03
2.402000000000000000e+03 1.058000000000000000e+03
2.506000000000000000e+03 8.940000000000000000e+02
2.504000000000000000e+03 9.490000000000000000e+02
2.368000000000000000e+03 1.006000000000000000e+03
2.415000000000000000e+03 1.022000000000000000e+03
2.328000000000000000e+03 1.245000000000000000e+03
2.361000000000000000e+03 9.670000000000000000e+02
2.549000000000000000e+03 1.125000000000000000e+03
2.128000000000000000e+03 6.100000000000000000e+01
2.144000000000000000e+03 2.610000000000000000e+02
2.350000000000000000e+03 1.307000000000000000e+03
2.293000000000000000e+03 6.300000000000000000e+02
2.454000000000000000e+03 8.140000000000000000e+02
2.286000000000000000e+03 9.100000000000000000e+02
2.212000000000000000e+03 8.370000000000000000e+02
2.219000000000000000e+03 8.510000000000000000e+02
2.333000000000000000e+03 8.180000000000000000e+02
2.304000000000000000e+03 9.200000000000000000e+02
2.372000000000000000e+03 9.040000000000000000e+02
2.289000000000000000e+03 1.294000000000000000e+03
2.419000000000000000e+03 1.272000000000000000e+03
2.393000000000000000e+03 1.084000000000000000e+03
2.362000000000000000e+03 1.195000000000000000e+03
2.322000000000000000e+03 9.700000000000000000e+02
2.292000000000000000e+03 9.860000000000000000e+02
2.195000000000000000e+03 9.490000000000000000e+02
2.273000000000000000e+03 1.093000000000000000e+03
2.229000000000000000e+03 1.307000000000000000e+03
2.590000000000000000e+03 9.480000000000000000e+02
2.854000000000000000e+03 1.111000000000000000e+03
2.660000000000000000e+03 1.316000000000000000e+03
2.882000000000000000e+03 1.215000000000000000e+03
3.836000000000000000e+03 1.645000000000000000e+03
3.771000000000000000e+03 1.613000000000000000e+03
3.815000000000000000e+03 1.720000000000000000e+03
3.793000000000000000e+03 1.752000000000000000e+03
2.354000000000000000e+03 1.724000000000000000e+03
2.427000000000000000e+03 2.514000000000000000e+03
2.451000000000000000e+03 2.100000000000000000e+03
2.266000000000000000e+03 1.301000000000000000e+03
2.320000000000000000e+03 1.634000000000000000e+03
2.332000000000000000e+03 1.661000000000000000e+03
1.689000000000000000e+03 1.475000000000000000e+03
2.573000000000000000e+03 2.498000000000000000e+03
2.477000000000000000e+03 2.561000000000000000e+03
2.407000000000000000e+03 2.193000000000000000e+03
2.393000000000000000e+03 2.470000000000000000e+03
2.495000000000000000e+03 2.159000000000000000e+03
2.417000000000000000e+03 2.445000000000000000e+03
2.588000000000000000e+03 2.353000000000000000e+03
2.681000000000000000e+03 2.261000000000000000e+03
2.322000000000000000e+03 2.251000000000000000e+03
2.363000000000000000e+03 2.173000000000000000e+03
2.250000000000000000e+03 1.897000000000000000e+03
2.020000000000000000e+03 2.138000000000000000e+03
2.234000000000000000e+03 2.186000000000000000e+03
8.750000000000000000e+02 2.701000000000000000e+03
2.420000000000000000e+03 2.224000000000000000e+03
2.226000000000000000e+03 1.408000000000000000e+03
6.780000000000000000e+02 3.194000000000000000e+03
1.430000000000000000e+02 3.433000000000000000e+03
2.386000000000000000e+03 2.349000000000000000e+03
2.406000000000000000e+03 2.268000000000000000e+03
2.491000000000000000e+03 2.243000000000000000e+03
2.572000000000000000e+03 2.258000000000000000e+03
2.539000000000000000e+03 2.369000000000000000e+03
2.467000000000000000e+03 2.312000000000000000e+03
2.219000000000000000e+03 2.021000000000000000e+03
1.898000000000000000e+03 2.162000000000000000e+03
2.307000000000000000e+03 1.550000000000000000e+03
2.314000000000000000e+03 1.871000000000000000e+03
2.197000000000000000e+03 1.807000000000000000e+03
2.181000000000000000e+03 1.725000000000000000e+03
2.151000000000000000e+03 1.880000000000000000e+03
2.139000000000000000e+03 1.881000000000000000e+03
2.115000000000000000e+03 1.514000000000000000e+03
2.202000000000000000e+03 1.401000000000000000e+03
2.139000000000000000e+03 1.249000000000000000e+03
2.216000000000000000e+03 1.663000000000000000e+03
6.750000000000000000e+02 1.123000000000000000e+03
1.448000000000000000e+03 1.090000000000000000e+03
1.776000000000000000e+03 1.380000000000000000e+03
1.406000000000000000e+03 1.029000000000000000e+03
7.900000000000000000e+01 2.842000000000000000e+03
7.400000000000000000e+01 2.956000000000000000e+03
2.039000000000000000e+03 2.356000000000000000e+03
5.300000000000000000e+01 2.811000000000000000e+03
2.362000000000000000e+03 1.487000000000000000e+03
2.395000000000000000e+03 1.580000000000000000e+03
2.212000000000000000e+03 1.974000000000000000e+03
2.153000000000000000e+03 2.076000000000000000e+03
2.930000000000000000e+02 2.458000000000000000e+03
8.600000000000000000e+01 2.472000000000000000e+03
9.900000000000000000e+01 2.285000000000000000e+03
3.600000000000000000e+01 2.044000000000000000e+03
2.300000000000000000e+02 2.529000000000000000e+03
6.900000000000000000e+01 2.485000000000000000e+03
2.060000000000000000e+02 2.526000000000000000e+03
4.490000000000000000e+02 2.339000000000000000e+03
2.653000000000000000e+03 2.301000000000000000e+03
3.058000000000000000e+03 2.477000000000000000e+03
2.789000000000000000e+03 2.129000000000000000e+03
2.278000000000000000e+03 1.088000000000000000e+03
2.655000000000000000e+03 2.105000000000000000e+03
2.709000000000000000e+03 2.302000000000000000e+03
2.714000000000000000e+03 2.267000000000000000e+03
2.493000000000000000e+03 1.636000000000000000e+03
2.502000000000000000e+03 1.715000000000000000e+03
2.337000000000000000e+03 1.405000000000000000e+03
2.330000000000000000e+03 1.864000000000000000e+03
2.621000000000000000e+03 1.874000000000000000e+03
3.137000000000000000e+03 1.936000000000000000e+03
2.554000000000000000e+03 1.803000000000000000e+03
2.558000000000000000e+03 1.905000000000000000e+03
3.139000000000000000e+03 2.044000000000000000e+03
2.428000000000000000e+03 1.772000000000000000e+03
2.367000000000000000e+03 1.863000000000000000e+03
2.603000000000000000e+03 1.861000000000000000e+03
2.744000000000000000e+03 2.064000000000000000e+03
2.560000000000000000e+03 1.823000000000000000e+03
2.641000000000000000e+03 2.083000000000000000e+03
2.554000000000000000e+03 1.514000000000000000e+03
2.772000000000000000e+03 1.545000000000000000e+03
2.763000000000000000e+03 1.523000000000000000e+03
2.669000000000000000e+03 1.631000000000000000e+03
2.688000000000000000e+03 1.494000000000000000e+03
2.500000000000000000e+03 1.776000000000000000e+03
2.738000000000000000e+03 1.680000000000000000e+03
2.680000000000000000e+03 1.686000000000000000e+03
2.516000000000000000e+03 1.458000000000000000e+03
2.626000000000000000e+03 1.673000000000000000e+03
2.849000000000000000e+03 1.997000000000000000e+03
2.853000000000000000e+03 1.840000000000000000e+03
2.909000000000000000e+03 1.817000000000000000e+03
2.483000000000000000e+03 1.685000000000000000e+03
2.841000000000000000e+03 1.838000000000000000e+03
2.720000000000000000e+03 1.714000000000000000e+03
3.049000000000000000e+03 1.908000000000000000e+03
2.950000000000000000e+03 2.018000000000000000e+03
2.896000000000000000e+03 2.592000000000000000e+03
2.488000000000000000e+03 1.638000000000000000e+03
2.908000000000000000e+03 2.082000000000000000e+03
2.998000000000000000e+03 1.882000000000000000e+03
2.797000000000000000e+03 2.572000000000000000e+03
2.489000000000000000e+03 1.660000000000000000e+03
2.932000000000000000e+03 1.853000000000000000e+03
2.917000000000000000e+03 2.084000000000000000e+03
2.877000000000000000e+03 2.030000000000000000e+03
3.047000000000000000e+03 1.810000000000000000e+03
2.694000000000000000e+03 1.412000000000000000e+03
2.884000000000000000e+03 1.864000000000000000e+03
2.557000000000000000e+03 1.549000000000000000e+03
2.606000000000000000e+03 1.346000000000000000e+03
2.754000000000000000e+03 2.439000000000000000e+03
2.891000000000000000e+03 2.014000000000000000e+03
2.717000000000000000e+03 2.064000000000000000e+03
2.966000000000000000e+03 2.451000000000000000e+03
2.643000000000000000e+03 2.580000000000000000e+03
2.630000000000000000e+03 2.633000000000000000e+03
2.471000000000000000e+03 2.562000000000000000e+03
2.309000000000000000e+03 1.464000000000000000e+03
2.749000000000000000e+03 2.053000000000000000e+03
3.239000000000000000e+03 1.841000000000000000e+03
3.197000000000000000e+03 1.622000000000000000e+03
3.315000000000000000e+03 1.751000000000000000e+03
3.158000000000000000e+03 1.637000000000000000e+03
3.166000000000000000e+03 2.465000000000000000e+03
2.655000000000000000e+03 1.345000000000000000e+03
3.248000000000000000e+03 1.589000000000000000e+03
3.228000000000000000e+03 1.821000000000000000e+03
3.452000000000000000e+03 1.864000000000000000e+03
3.454000000000000000e+03 1.857000000000000000e+03
3.179000000000000000e+03 1.727000000000000000e+03
3.276000000000000000e+03 1.558000000000000000e+03
2.492000000000000000e+03 1.006000000000000000e+03
2.995000000000000000e+03 2.449000000000000000e+03
2.890000000000000000e+03 1.831000000000000000e+03
3.037000000000000000e+03 1.898000000000000000e+03
3.195000000000000000e+03 1.861000000000000000e+03
2.705000000000000000e+03 1.486000000000000000e+03
2.952000000000000000e+03 2.126000000000000000e+03
2.804000000000000000e+03 2.357000000000000000e+03
3.084000000000000000e+03 1.765000000000000000e+03
2.794000000000000000e+03 1.489000000000000000e+03
2.805000000000000000e+03 1.825000000000000000e+03
2.175000000000000000e+03 5.350000000000000000e+02
3.272000000000000000e+03 1.976000000000000000e+03
2.770000000000000000e+03 1.244000000000000000e+03
3.094000000000000000e+03 1.870000000000000000e+03
3.261000000000000000e+03 1.855000000000000000e+03
2.920000000000000000e+03 2.665000000000000000e+03
2.549000000000000000e+03 1.580000000000000000e+03
3.331000000000000000e+03 2.627000000000000000e+03
3.325000000000000000e+03 2.577000000000000000e+03
3.280000000000000000e+03 2.572000000000000000e+03
3.326000000000000000e+03 2.616000000000000000e+03
3.327000000000000000e+03 2.623000000000000000e+03
3.171000000000000000e+03 2.635000000000000000e+03
3.172000000000000000e+03 2.673000000000000000e+03
3.029000000000000000e+03 2.710000000000000000e+03
3.139000000000000000e+03 1.685000000000000000e+03
2.691000000000000000e+03 1.188000000000000000e+03
3.122000000000000000e+03 1.623000000000000000e+03
2.802000000000000000e+03 1.223000000000000000e+03
3.153000000000000000e+03 1.702000000000000000e+03
2.706000000000000000e+03 1.296000000000000000e+03
3.133000000000000000e+03 1.638000000000000000e+03
2.700000000000000000e+03 1.414000000000000000e+03
2.947000000000000000e+03 1.774000000000000000e+03
2.522000000000000000e+03 9.040000000000000000e+02
2.478000000000000000e+03 1.439000000000000000e+03
2.845000000000000000e+03 2.347000000000000000e+03
2.978000000000000000e+03 1.893000000000000000e+03
3.010000000000000000e+03 1.681000000000000000e+03
2.887000000000000000e+03 1.673000000000000000e+03
2.098000000000000000e+03 6.010000000000000000e+02
2.904000000000000000e+03 2.031000000000000000e+03
2.864000000000000000e+03 2.415000000000000000e+03
2.566000000000000000e+03 1.173000000000000000e+03
2.927000000000000000e+03 1.448000000000000000e+03
3.148000000000000000e+03 2.546000000000000000e+03
2.918000000000000000e+03 1.670000000000000000e+03
3.016000000000000000e+03 1.656000000000000000e+03
2.700000000000000000e+03 1.296000000000000000e+03
3.030000000000000000e+02 6.500000000000000000e+02
0.000000000000000000e+00 3.110000000000000000e+03
3.390000000000000000e+02 2.340000000000000000e+03
3.500000000000000000e+02 1.540000000000000000e+03
2.083000000000000000e+03 1.600000000000000000e+02
3.570000000000000000e+02 0.000000000000000000e+00
1.000000000000000000e+00 0.000000000000000000e+00
3.875000000000000000e+03 0.000000000000000000e+00
