4.130000000000000000e+02 1.605000000000000000e+03
3.040000000000000000e+02 1.862000000000000000e+03
2.970000000000000000e+02 1.946000000000000000e+03
4.340000000000000000e+02 1.886000000000000000e+03
3.250000000000000000e+02 1.855000000000000000e+03
3.400000000000000000e+02 2.060000000000000000e+03
5.310000000000000000e+02 1.568000000000000000e+03
5.560000000000000000e+02 1.794000000000000000e+03
5.900000000000000000e+02 1.506000000000000000e+03
5.390000000000000000e+02 1.817000000000000000e+03
5.800000000000000000e+02 1.375000000000000000e+03
2.630000000000000000e+02 1.991000000000000000e+03
2.400000000000000000e+02 2.069000000000000000e+03
2.450000000000000000e+02 1.804000000000000000e+03
2.610000000000000000e+02 1.854000000000000000e+03
6.560000000000000000e+02 1.725000000000000000e+03
6.790000000000000000e+02 1.568000000000000000e+03
4.930000000000000000e+02 1.707000000000000000e+03
4.930000000000000000e+02 1.659000000000000000e+03
3.530000000000000000e+02 1.257000000000000000e+03
3.710000000000000000e+02 1.347000000000000000e+03
3.960000000000000000e+02 1.480000000000000000e+03
7.410000000000000000e+02 1.378000000000000000e+03
9.050000000000000000e+02 1.154000000000000000e+03
4.700000000000000000e+02 1.939000000000000000e+03
2.990000000000000000e+02 1.738000000000000000e+03
2.780000000000000000e+02 1.859000000000000000e+03
5.400000000000000000e+02 1.753000000000000000e+03
5.990000000000000000e+02 1.610000000000000000e+03
6.550000000000000000e+02 1.665000000000000000e+03
7.970000000000000000e+02 1.555000000000000000e+03
3.902000000000000000e+03 3.930000000000000000e+03
3.908000000000000000e+03 3.945000000000000000e+03
3.949000000000000000e+03 3.879000000000000000e+03
3.789000000000000000e+03 3.940000000000000000e+03
3.781000000000000000e+03 3.929000000000000000e+03
3.700000000000000000e+03 3.778000000000000000e+03
3.765000000000000000e+03 3.925000000000000000e+03
2.739000000000000000e+03 3.243000000000000000e+03
2.863000000000000000e+03 3.467000000000000000e+03
3.520000000000000000e+03 3.950000000000000000e+03
2.987000000000000000e+03 3.418000000000000000e+03
3.597000000000000000e+03 3.913000000000000000e+03
3.480000000000000000e+03 3.787000000000000000e+03
3.554000000000000000e+03 3.850000000000000000e+03
3.670000000000000000e+03 3.915000000000000000e+03
3.043000000000000000e+03 2.482000000000000000e+03
3.248000000000000000e+03 2.463000000000000000e+03
3.228000000000000000e+03 2.570000000000000000e+03
3.314000000000000000e+03 2.470000000000000000e+03
3.156000000000000000e+03 2.486000000000000000e+03
2.663000000000000000e+03 2.366000000000000000e+03
3.044000000000000000e+03 2.425000000000000000e+03
3.082000000000000000e+03 2.384000000000000000e+03
3.324000000000000000e+03 2.429000000000000000e+03
3.750000000000000000e+02 1.943000000000000000e+03
3.389000000000000000e+03 2.315000000000000000e+03
3.395000000000000000e+03 2.389000000000000000e+03
3.168000000000000000e+03 2.391000000000000000e+03
3.122000000000000000e+03 2.154000000000000000e+03
3.050000000000000000e+03 2.445000000000000000e+03
2.950000000000000000e+02 1.540000000000000000e+03
7.540000000000000000e+02 7.620000000000000000e+02
5.480000000000000000e+02 8.300000000000000000e+02
5.520000000000000000e+02 9.320000000000000000e+02
9.440000000000000000e+02 8.070000000000000000e+02
9.470000000000000000e+02 7.780000000000000000e+02
6.360000000000000000e+02 1.000000000000000000e+03
6.430000000000000000e+02 9.460000000000000000e+02
8.440000000000000000e+02 8.000000000000000000e+02
8.730000000000000000e+02 7.870000000000000000e+02
8.890000000000000000e+02 6.660000000000000000e+02
5.560000000000000000e+02 8.300000000000000000e+02
4.810000000000000000e+02 1.201000000000000000e+03
2.990000000000000000e+02 1.253000000000000000e+03
3.470000000000000000e+02 1.208000000000000000e+03
4.860000000000000000e+02 9.520000000000000000e+02
7.190000000000000000e+02 8.780000000000000000e+02
6.280000000000000000e+02 1.151000000000000000e+03
8.890000000000000000e+02 1.340000000000000000e+03
8.390000000000000000e+02 1.107000000000000000e+03
7.610000000000000000e+02 1.062000000000000000e+03
8.680000000000000000e+02 1.174000000000000000e+03
4.280000000000000000e+02 7.360000000000000000e+02
4.720000000000000000e+02 7.700000000000000000e+02
4.780000000000000000e+02 1.076000000000000000e+03
4.460000000000000000e+02 9.980000000000000000e+02
5.020000000000000000e+02 1.127000000000000000e+03
5.740000000000000000e+02 1.189000000000000000e+03
9.650000000000000000e+02 9.980000000000000000e+02
9.350000000000000000e+02 1.001000000000000000e+03
6.470000000000000000e+02 1.089000000000000000e+03
1.042000000000000000e+03 7.860000000000000000e+02
5.150000000000000000e+02 1.421000000000000000e+03
5.410000000000000000e+02 1.245000000000000000e+03
4.330000000000000000e+02 1.773000000000000000e+03
4.630000000000000000e+02 1.492000000000000000e+03
5.920000000000000000e+02 1.522000000000000000e+03
8.240000000000000000e+02 1.199000000000000000e+03
8.360000000000000000e+02 1.013000000000000000e+03
7.720000000000000000e+02 1.192000000000000000e+03
7.120000000000000000e+02 1.029000000000000000e+03
7.600000000000000000e+02 1.186000000000000000e+03
4.450000000000000000e+02 1.271000000000000000e+03
5.030000000000000000e+02 1.144000000000000000e+03
6.780000000000000000e+02 9.220000000000000000e+02
6.180000000000000000e+02 8.980000000000000000e+02
8.240000000000000000e+02 9.930000000000000000e+02
8.010000000000000000e+02 7.370000000000000000e+02
4.470000000000000000e+02 1.307000000000000000e+03
5.150000000000000000e+02 1.229000000000000000e+03
3.690000000000000000e+02 1.540000000000000000e+03
3.580000000000000000e+02 1.536000000000000000e+03
7.340000000000000000e+02 1.352000000000000000e+03
8.270000000000000000e+02 1.334000000000000000e+03
4.430000000000000000e+02 1.465000000000000000e+03
3.840000000000000000e+02 1.495000000000000000e+03
5.800000000000000000e+02 1.307000000000000000e+03
7.280000000000000000e+02 1.314000000000000000e+03
9.010000000000000000e+02 1.132000000000000000e+03
7.840000000000000000e+02 1.062000000000000000e+03
6.280000000000000000e+02 1.208000000000000000e+03
4.140000000000000000e+02 1.603000000000000000e+03
6.750000000000000000e+02 1.493000000000000000e+03
7.160000000000000000e+02 1.459000000000000000e+03
6.620000000000000000e+02 1.510000000000000000e+02
4.210000000000000000e+02 1.640000000000000000e+02
3.840000000000000000e+02 7.400000000000000000e+01
2.670000000000000000e+02 3.880000000000000000e+02
2.560000000000000000e+02 1.880000000000000000e+02
4.560000000000000000e+02 1.770000000000000000e+02
6.330000000000000000e+02 1.180000000000000000e+02
3.290000000000000000e+02 3.650000000000000000e+02
3.000000000000000000e+02 3.130000000000000000e+02
5.960000000000000000e+02 2.710000000000000000e+02
6.330000000000000000e+02 1.520000000000000000e+02
3.740000000000000000e+02 5.900000000000000000e+01
4.500000000000000000e+02 1.880000000000000000e+02
2.860000000000000000e+02 1.690000000000000000e+02
3.330000000000000000e+02 3.250000000000000000e+02
5.920000000000000000e+02 9.900000000000000000e+01
5.580000000000000000e+02 9.000000000000000000e+01
2.630000000000000000e+02 6.300000000000000000e+02
3.000000000000000000e+02 5.970000000000000000e+02
6.070000000000000000e+02 8.900000000000000000e+01
5.240000000000000000e+02 1.830000000000000000e+02
5.040000000000000000e+02 2.640000000000000000e+02
4.690000000000000000e+02 3.600000000000000000e+02
3.170000000000000000e+02 3.370000000000000000e+02
4.460000000000000000e+02 4.440000000000000000e+02
6.340000000000000000e+02 3.810000000000000000e+02
4.790000000000000000e+02 4.720000000000000000e+02
8.470000000000000000e+02 9.200000000000000000e+01
7.310000000000000000e+02 1.380000000000000000e+02
4.580000000000000000e+02 3.940000000000000000e+02
3.940000000000000000e+02 3.700000000000000000e+02
4.280000000000000000e+02 8.600000000000000000e+02
3.070000000000000000e+02 8.600000000000000000e+02
2.400000000000000000e+02 8.380000000000000000e+02
3.100000000000000000e+02 1.420000000000000000e+03
2.320000000000000000e+02 1.570000000000000000e+03
6.010000000000000000e+02 1.162000000000000000e+03
6.030000000000000000e+02 1.553000000000000000e+03
2.480000000000000000e+02 1.430000000000000000e+03
2.370000000000000000e+02 1.224000000000000000e+03
3.420000000000000000e+02 1.149000000000000000e+03
3.560000000000000000e+02 8.110000000000000000e+02
2.950000000000000000e+02 7.550000000000000000e+02
3.430000000000000000e+02 7.990000000000000000e+02
5.100000000000000000e+02 5.040000000000000000e+02
5.170000000000000000e+02 5.880000000000000000e+02
7.200000000000000000e+01 2.192000000000000000e+03
1.130000000000000000e+02 2.243000000000000000e+03
3.700000000000000000e+01 2.142000000000000000e+03
1.370000000000000000e+02 2.231000000000000000e+03
3.780000000000000000e+02 1.182000000000000000e+03
4.520000000000000000e+02 1.063000000000000000e+03
1.730000000000000000e+02 2.132000000000000000e+03
1.940000000000000000e+02 2.162000000000000000e+03
2.350000000000000000e+02 1.220000000000000000e+03
5.410000000000000000e+02 8.930000000000000000e+02
3.470000000000000000e+02 1.087000000000000000e+03
3.280000000000000000e+02 9.520000000000000000e+02
5.090000000000000000e+02 7.870000000000000000e+02
3.270000000000000000e+02 1.226000000000000000e+03
1.900000000000000000e+02 1.370000000000000000e+03
2.480000000000000000e+02 9.050000000000000000e+02
1.005000000000000000e+03 8.150000000000000000e+02
9.180000000000000000e+02 8.150000000000000000e+02
6.760000000000000000e+02 8.460000000000000000e+02
8.630000000000000000e+02 6.350000000000000000e+02
1.079000000000000000e+03 5.920000000000000000e+02
6.900000000000000000e+02 5.750000000000000000e+02
7.510000000000000000e+02 5.950000000000000000e+02
7.580000000000000000e+02 1.070000000000000000e+03
7.830000000000000000e+02 8.210000000000000000e+02
7.480000000000000000e+02 9.440000000000000000e+02
7.410000000000000000e+02 1.126000000000000000e+03
9.470000000000000000e+02 5.770000000000000000e+02
9.760000000000000000e+02 4.750000000000000000e+02
1.001000000000000000e+03 6.170000000000000000e+02
1.034000000000000000e+03 5.050000000000000000e+02
9.240000000000000000e+02 3.370000000000000000e+02
8.440000000000000000e+02 1.870000000000000000e+02
1.135000000000000000e+03 2.340000000000000000e+02
1.149000000000000000e+03 1.190000000000000000e+02
6.920000000000000000e+02 5.740000000000000000e+02
6.680000000000000000e+02 5.700000000000000000e+02
8.130000000000000000e+02 3.140000000000000000e+02
6.960000000000000000e+02 4.800000000000000000e+02
5.050000000000000000e+02 1.481000000000000000e+03
7.090000000000000000e+02 8.310000000000000000e+02
9.920000000000000000e+02 1.620000000000000000e+02
9.410000000000000000e+02 2.200000000000000000e+02
7.700000000000000000e+02 5.750000000000000000e+02
6.260000000000000000e+02 7.480000000000000000e+02
7.520000000000000000e+02 7.340000000000000000e+02
6.960000000000000000e+02 6.660000000000000000e+02
1.216000000000000000e+03 2.840000000000000000e+02
1.003000000000000000e+03 3.360000000000000000e+02
8.710000000000000000e+02 5.350000000000000000e+02
1.096000000000000000e+03 3.260000000000000000e+02
4.120000000000000000e+02 6.950000000000000000e+02
6.770000000000000000e+02 4.240000000000000000e+02
8.550000000000000000e+02 5.800000000000000000e+02
9.660000000000000000e+02 3.590000000000000000e+02
1.212000000000000000e+03 5.160000000000000000e+02
1.074000000000000000e+03 6.590000000000000000e+02
1.214000000000000000e+03 5.910000000000000000e+02
1.342000000000000000e+03 6.260000000000000000e+02
1.213000000000000000e+03 4.130000000000000000e+02
1.129000000000000000e+03 4.780000000000000000e+02
1.118000000000000000e+03 3.390000000000000000e+02
1.059000000000000000e+03 3.570000000000000000e+02
8.230000000000000000e+02 2.680000000000000000e+02
1.047000000000000000e+03 1.630000000000000000e+02
1.024000000000000000e+03 4.700000000000000000e+02
8.290000000000000000e+02 5.210000000000000000e+02
7.760000000000000000e+02 3.080000000000000000e+02
1.200000000000000000e+03 2.500000000000000000e+02
7.680000000000000000e+02 2.710000000000000000e+02
7.960000000000000000e+02 3.580000000000000000e+02
1.020000000000000000e+03 2.210000000000000000e+02
1.010000000000000000e+03 1.940000000000000000e+02
1.247000000000000000e+03 1.090000000000000000e+02
1.233000000000000000e+03 1.980000000000000000e+02
1.095000000000000000e+03 2.270000000000000000e+02
1.082000000000000000e+03 2.790000000000000000e+02
1.074000000000000000e+03 3.190000000000000000e+02
1.331000000000000000e+03 2.630000000000000000e+02
2.616000000000000000e+03 3.730000000000000000e+03
2.595000000000000000e+03 3.736000000000000000e+03
2.588000000000000000e+03 3.766000000000000000e+03
3.373000000000000000e+03 3.688000000000000000e+03
3.231000000000000000e+03 3.843000000000000000e+03
3.419000000000000000e+03 3.736000000000000000e+03
3.479000000000000000e+03 3.691000000000000000e+03
2.812000000000000000e+03 3.257000000000000000e+03
3.413000000000000000e+03 3.398000000000000000e+03
3.357000000000000000e+03 3.317000000000000000e+03
3.425000000000000000e+03 3.422000000000000000e+03
3.195000000000000000e+03 3.784000000000000000e+03
3.157000000000000000e+03 3.929000000000000000e+03
2.626000000000000000e+03 3.185000000000000000e+03
2.515000000000000000e+03 3.132000000000000000e+03
3.323000000000000000e+03 3.864000000000000000e+03
3.335000000000000000e+03 3.953000000000000000e+03
2.219000000000000000e+03 3.874000000000000000e+03
2.309000000000000000e+03 3.878000000000000000e+03
3.439000000000000000e+03 3.826000000000000000e+03
3.413000000000000000e+03 3.929000000000000000e+03
2.359000000000000000e+03 3.782000000000000000e+03
2.945000000000000000e+03 3.898000000000000000e+03
3.052000000000000000e+03 3.806000000000000000e+03
3.005000000000000000e+03 3.820000000000000000e+03
3.276000000000000000e+03 3.808000000000000000e+03
3.385000000000000000e+03 3.758000000000000000e+03
2.316000000000000000e+03 3.741000000000000000e+03
2.362000000000000000e+03 3.806000000000000000e+03
2.586000000000000000e+03 3.719000000000000000e+03
2.460000000000000000e+03 3.819000000000000000e+03
3.318000000000000000e+03 3.518000000000000000e+03
2.943000000000000000e+03 3.616000000000000000e+03
2.662000000000000000e+03 3.599000000000000000e+03
2.730000000000000000e+03 3.497000000000000000e+03
3.237000000000000000e+03 3.424000000000000000e+03
3.008000000000000000e+03 3.526000000000000000e+03
2.450000000000000000e+03 3.494000000000000000e+03
3.378000000000000000e+03 3.576000000000000000e+03
3.351000000000000000e+03 3.640000000000000000e+03
3.115000000000000000e+03 3.602000000000000000e+03
2.433000000000000000e+03 3.646000000000000000e+03
3.377000000000000000e+03 3.466000000000000000e+03
3.317000000000000000e+03 3.362000000000000000e+03
3.150000000000000000e+03 3.406000000000000000e+03
2.601000000000000000e+03 3.580000000000000000e+03
2.856000000000000000e+03 3.185000000000000000e+03
3.318000000000000000e+03 3.186000000000000000e+03
3.331000000000000000e+03 3.132000000000000000e+03
3.415000000000000000e+03 3.149000000000000000e+03
3.347000000000000000e+03 3.176000000000000000e+03
3.215000000000000000e+03 3.176000000000000000e+03
3.020000000000000000e+03 3.210000000000000000e+03
3.251000000000000000e+03 3.279000000000000000e+03
2.793000000000000000e+03 3.254000000000000000e+03
2.888000000000000000e+03 3.252000000000000000e+03
2.659000000000000000e+03 3.323000000000000000e+03
2.869000000000000000e+03 3.290000000000000000e+03
2.585000000000000000e+03 3.327000000000000000e+03
2.517000000000000000e+03 3.157000000000000000e+03
2.955000000000000000e+03 3.001000000000000000e+03
2.810000000000000000e+03 2.889000000000000000e+03
3.066000000000000000e+03 3.635000000000000000e+03
2.850000000000000000e+03 3.787000000000000000e+03
2.910000000000000000e+03 3.713000000000000000e+03
2.533000000000000000e+03 3.498000000000000000e+03
2.513000000000000000e+03 3.606000000000000000e+03
2.878000000000000000e+03 3.667000000000000000e+03
2.902000000000000000e+03 3.633000000000000000e+03
2.825000000000000000e+03 3.581000000000000000e+03
2.979000000000000000e+03 3.550000000000000000e+03
2.901000000000000000e+03 3.482000000000000000e+03
2.773000000000000000e+03 3.561000000000000000e+03
2.769000000000000000e+03 3.425000000000000000e+03
2.480000000000000000e+03 3.552000000000000000e+03
2.439000000000000000e+03 3.549000000000000000e+03
2.429000000000000000e+03 3.476000000000000000e+03
2.586000000000000000e+03 3.338000000000000000e+03
2.507000000000000000e+03 3.342000000000000000e+03
2.407000000000000000e+03 3.188000000000000000e+03
2.398000000000000000e+03 3.211000000000000000e+03
2.624000000000000000e+03 3.455000000000000000e+03
2.662000000000000000e+03 3.384000000000000000e+03
2.433000000000000000e+03 3.367000000000000000e+03
2.364000000000000000e+03 3.286000000000000000e+03
2.806000000000000000e+03 3.724000000000000000e+03
2.943000000000000000e+03 3.530000000000000000e+03
2.871000000000000000e+03 3.363000000000000000e+03
2.830000000000000000e+03 3.361000000000000000e+03
2.546000000000000000e+03 3.448000000000000000e+03
2.538000000000000000e+03 3.426000000000000000e+03
2.323000000000000000e+03 3.464000000000000000e+03
2.288000000000000000e+03 3.438000000000000000e+03
2.004000000000000000e+03 3.664000000000000000e+03
2.126000000000000000e+03 3.680000000000000000e+03
2.662000000000000000e+03 3.716000000000000000e+03
2.172000000000000000e+03 3.642000000000000000e+03
3.005000000000000000e+03 3.793000000000000000e+03
3.184000000000000000e+03 3.650000000000000000e+03
2.246000000000000000e+03 3.781000000000000000e+03
1.953000000000000000e+03 3.825000000000000000e+03
2.759000000000000000e+03 3.727000000000000000e+03
2.098000000000000000e+03 3.663000000000000000e+03
1.942000000000000000e+03 3.667000000000000000e+03
1.929000000000000000e+03 3.729000000000000000e+03
3.160000000000000000e+03 3.592000000000000000e+03
3.090000000000000000e+03 3.650000000000000000e+03
3.174000000000000000e+03 3.490000000000000000e+03
3.106000000000000000e+03 3.570000000000000000e+03
1.922000000000000000e+03 3.916000000000000000e+03
2.011000000000000000e+03 3.643000000000000000e+03
2.134000000000000000e+03 3.551000000000000000e+03
2.223000000000000000e+03 3.630000000000000000e+03
1.856000000000000000e+03 3.621000000000000000e+03
2.389000000000000000e+03 3.637000000000000000e+03
1.938000000000000000e+03 3.313000000000000000e+03
1.536000000000000000e+03 3.374000000000000000e+03
2.662000000000000000e+03 3.945000000000000000e+03
1.861000000000000000e+03 3.650000000000000000e+03
3.089000000000000000e+03 3.816000000000000000e+03
3.031000000000000000e+03 3.796000000000000000e+03
2.714000000000000000e+03 3.381000000000000000e+03
2.993000000000000000e+03 3.346000000000000000e+03
2.415000000000000000e+03 3.468000000000000000e+03
2.955000000000000000e+03 3.623000000000000000e+03
2.158000000000000000e+03 2.750000000000000000e+03
2.145000000000000000e+03 2.868000000000000000e+03
2.135000000000000000e+03 2.607000000000000000e+03
1.890000000000000000e+03 2.742000000000000000e+03
2.293000000000000000e+03 2.867000000000000000e+03
2.189000000000000000e+03 2.949000000000000000e+03
2.477000000000000000e+03 3.038000000000000000e+03
2.452000000000000000e+03 2.908000000000000000e+03
2.421000000000000000e+03 2.910000000000000000e+03
2.237000000000000000e+03 2.697000000000000000e+03
2.609000000000000000e+03 2.853000000000000000e+03
2.450000000000000000e+03 3.010000000000000000e+03
2.426000000000000000e+03 2.898000000000000000e+03
2.010000000000000000e+03 2.679000000000000000e+03
2.161000000000000000e+03 2.696000000000000000e+03
2.160000000000000000e+03 3.603000000000000000e+03
2.118000000000000000e+03 2.964000000000000000e+03
2.421000000000000000e+03 3.422000000000000000e+03
2.309000000000000000e+03 2.910000000000000000e+03
2.391000000000000000e+03 2.970000000000000000e+03
2.409000000000000000e+03 2.995000000000000000e+03
2.056000000000000000e+03 2.848000000000000000e+03
2.273000000000000000e+03 2.886000000000000000e+03
2.670000000000000000e+03 2.926000000000000000e+03
2.458000000000000000e+03 3.528000000000000000e+03
2.319000000000000000e+03 3.696000000000000000e+03
2.321000000000000000e+03 3.702000000000000000e+03
2.403000000000000000e+03 3.436000000000000000e+03
2.593000000000000000e+03 3.099000000000000000e+03
2.204000000000000000e+03 3.647000000000000000e+03
2.207000000000000000e+03 3.726000000000000000e+03
2.769000000000000000e+03 3.763000000000000000e+03
2.643000000000000000e+03 3.807000000000000000e+03
2.486000000000000000e+03 3.769000000000000000e+03
2.710000000000000000e+03 3.848000000000000000e+03
2.566000000000000000e+03 3.824000000000000000e+03
2.654000000000000000e+03 3.845000000000000000e+03
2.692000000000000000e+03 3.636000000000000000e+03
2.423000000000000000e+03 3.650000000000000000e+03
2.182000000000000000e+03 3.447000000000000000e+03
2.107000000000000000e+03 3.353000000000000000e+03
2.543000000000000000e+03 3.674000000000000000e+03
2.492000000000000000e+03 3.794000000000000000e+03
2.213000000000000000e+03 3.263000000000000000e+03
1.628000000000000000e+03 2.907000000000000000e+03
2.247000000000000000e+03 3.456000000000000000e+03
3.021000000000000000e+03 3.023000000000000000e+03
2.870000000000000000e+03 3.371000000000000000e+03
3.022000000000000000e+03 3.177000000000000000e+03
2.913000000000000000e+03 3.174000000000000000e+03
3.044000000000000000e+03 3.119000000000000000e+03
3.197000000000000000e+03 3.035000000000000000e+03
2.888000000000000000e+03 3.687000000000000000e+03
2.837000000000000000e+03 3.738000000000000000e+03
2.603000000000000000e+03 3.517000000000000000e+03
3.019000000000000000e+03 3.167000000000000000e+03
3.081000000000000000e+03 3.319000000000000000e+03
3.048000000000000000e+03 3.209000000000000000e+03
3.230000000000000000e+03 3.079000000000000000e+03
2.790000000000000000e+03 3.471000000000000000e+03
3.003000000000000000e+03 3.216000000000000000e+03
3.234000000000000000e+03 3.102000000000000000e+03
2.171000000000000000e+03 2.750000000000000000e+03
2.467000000000000000e+03 2.931000000000000000e+03
2.690000000000000000e+03 2.820000000000000000e+03
2.094000000000000000e+03 3.283000000000000000e+03
2.056000000000000000e+03 3.194000000000000000e+03
1.834000000000000000e+03 3.053000000000000000e+03
1.834000000000000000e+03 3.141000000000000000e+03
2.239000000000000000e+03 3.324000000000000000e+03
2.236000000000000000e+03 3.273000000000000000e+03
2.022000000000000000e+03 3.482000000000000000e+03
2.199000000000000000e+03 3.257000000000000000e+03
1.946000000000000000e+03 3.329000000000000000e+03
1.191000000000000000e+03 2.741000000000000000e+03
2.032000000000000000e+03 3.206000000000000000e+03
2.062000000000000000e+03 3.084000000000000000e+03
2.052000000000000000e+03 3.123000000000000000e+03
2.581000000000000000e+03 3.076000000000000000e+03
1.759000000000000000e+03 2.835000000000000000e+03
2.700000000000000000e+03 3.029000000000000000e+03
1.777000000000000000e+03 2.783000000000000000e+03
1.749000000000000000e+03 2.431000000000000000e+03
2.660000000000000000e+03 2.833000000000000000e+03
2.545000000000000000e+03 2.820000000000000000e+03
5.140000000000000000e+02 2.290000000000000000e+03
2.493000000000000000e+03 2.970000000000000000e+03
7.300000000000000000e+02 2.393000000000000000e+03
1.156000000000000000e+03 2.498000000000000000e+03
1.983000000000000000e+03 3.328000000000000000e+03
2.397000000000000000e+03 2.940000000000000000e+03
9.910000000000000000e+02 2.783000000000000000e+03
1.927000000000000000e+03 3.343000000000000000e+03
2.724000000000000000e+03 2.674000000000000000e+03
2.612000000000000000e+03 2.767000000000000000e+03
2.452000000000000000e+03 1.999000000000000000e+03
2.635000000000000000e+03 2.506000000000000000e+03
2.775000000000000000e+03 2.631000000000000000e+03
2.906000000000000000e+03 2.611000000000000000e+03
2.667000000000000000e+03 2.336000000000000000e+03
2.898000000000000000e+03 2.566000000000000000e+03
3.042000000000000000e+03 2.742000000000000000e+03
3.077000000000000000e+03 2.701000000000000000e+03
3.201000000000000000e+03 2.896000000000000000e+03
3.189000000000000000e+03 2.911000000000000000e+03
3.046000000000000000e+03 2.673000000000000000e+03
3.028000000000000000e+03 2.616000000000000000e+03
2.847000000000000000e+03 2.808000000000000000e+03
2.922000000000000000e+03 2.788000000000000000e+03
3.169000000000000000e+03 2.878000000000000000e+03
3.332000000000000000e+03 2.971000000000000000e+03
3.025000000000000000e+03 2.893000000000000000e+03
3.006000000000000000e+03 2.882000000000000000e+03
3.195000000000000000e+03 2.691000000000000000e+03
3.227000000000000000e+03 2.683000000000000000e+03
2.876000000000000000e+03 2.682000000000000000e+03
2.863000000000000000e+03 2.676000000000000000e+03
3.377000000000000000e+03 2.850000000000000000e+03
3.340000000000000000e+03 2.858000000000000000e+03
3.182000000000000000e+03 2.668000000000000000e+03
3.377000000000000000e+03 2.590000000000000000e+03
3.312000000000000000e+03 2.661000000000000000e+03
3.411000000000000000e+03 2.712000000000000000e+03
2.963000000000000000e+03 2.622000000000000000e+03
2.976000000000000000e+03 2.631000000000000000e+03
2.023000000000000000e+03 1.074000000000000000e+03
1.992000000000000000e+03 1.097000000000000000e+03
1.847000000000000000e+03 1.274000000000000000e+03
2.007000000000000000e+03 1.215000000000000000e+03
1.930000000000000000e+03 1.282000000000000000e+03
1.959000000000000000e+03 1.088000000000000000e+03
2.014000000000000000e+03 1.124000000000000000e+03
1.968000000000000000e+03 1.020000000000000000e+03
2.473000000000000000e+03 8.700000000000000000e+02
2.010000000000000000e+03 1.020000000000000000e+03
1.781000000000000000e+03 1.161000000000000000e+03
1.897000000000000000e+03 1.058000000000000000e+03
1.893000000000000000e+03 1.105000000000000000e+03
2.000000000000000000e+03 1.238000000000000000e+03
1.828000000000000000e+03 1.099000000000000000e+03
3.596000000000000000e+03 4.680000000000000000e+02
3.757000000000000000e+03 4.380000000000000000e+02
3.841000000000000000e+03 3.320000000000000000e+02
3.811000000000000000e+03 3.700000000000000000e+02
3.604000000000000000e+03 3.940000000000000000e+02
3.310000000000000000e+03 3.930000000000000000e+02
3.742000000000000000e+03 3.370000000000000000e+02
3.701000000000000000e+03 3.780000000000000000e+02
3.671000000000000000e+03 6.710000000000000000e+02
3.535000000000000000e+03 7.360000000000000000e+02
3.760000000000000000e+03 1.585000000000000000e+03
3.797000000000000000e+03 1.698000000000000000e+03
3.751000000000000000e+03 5.750000000000000000e+02
3.658000000000000000e+03 5.160000000000000000e+02
3.760000000000000000e+03 5.360000000000000000e+02
3.809000000000000000e+03 5.880000000000000000e+02
2.179000000000000000e+03 8.440000000000000000e+02
1.960000000000000000e+03 1.003000000000000000e+03
1.999000000000000000e+03 1.007000000000000000e+03
2.118000000000000000e+03 6.620000000000000000e+02
1.932000000000000000e+03 9.120000000000000000e+02
1.871000000000000000e+03 8.860000000000000000e+02
1.934000000000000000e+03 8.130000000000000000e+02
3.488000000000000000e+03 5.050000000000000000e+02
3.592000000000000000e+03 5.010000000000000000e+02
1.984000000000000000e+03 7.570000000000000000e+02
3.011000000000000000e+03 6.040000000000000000e+02
3.289000000000000000e+03 5.550000000000000000e+02
3.183000000000000000e+03 4.750000000000000000e+02
3.390000000000000000e+03 5.370000000000000000e+02
2.928000000000000000e+03 5.960000000000000000e+02
3.511000000000000000e+03 3.980000000000000000e+02
3.617000000000000000e+03 4.560000000000000000e+02
3.201000000000000000e+03 5.150000000000000000e+02
3.514000000000000000e+03 3.200000000000000000e+02
3.400000000000000000e+03 3.810000000000000000e+02
3.538000000000000000e+03 3.480000000000000000e+02
3.470000000000000000e+03 3.140000000000000000e+02
3.124000000000000000e+03 5.400000000000000000e+02
3.153000000000000000e+03 3.170000000000000000e+02
3.134000000000000000e+03 4.110000000000000000e+02
3.149000000000000000e+03 3.260000000000000000e+02
3.080000000000000000e+03 4.240000000000000000e+02
3.285000000000000000e+03 3.860000000000000000e+02
3.109000000000000000e+03 4.620000000000000000e+02
3.280000000000000000e+03 3.260000000000000000e+02
3.279000000000000000e+03 3.560000000000000000e+02
1.648000000000000000e+03 2.450000000000000000e+02
1.378000000000000000e+03 1.820000000000000000e+02
1.477000000000000000e+03 1.820000000000000000e+02
1.693000000000000000e+03 8.530000000000000000e+02
1.675000000000000000e+03 9.570000000000000000e+02
1.732000000000000000e+03 9.540000000000000000e+02
1.641000000000000000e+03 7.910000000000000000e+02
1.798000000000000000e+03 1.030000000000000000e+03
1.833000000000000000e+03 9.420000000000000000e+02
1.802000000000000000e+03 8.570000000000000000e+02
1.739000000000000000e+03 9.090000000000000000e+02
1.859000000000000000e+03 8.390000000000000000e+02
1.878000000000000000e+03 7.050000000000000000e+02
1.856000000000000000e+03 7.370000000000000000e+02
1.786000000000000000e+03 8.060000000000000000e+02
1.575000000000000000e+03 6.600000000000000000e+02
1.721000000000000000e+03 7.020000000000000000e+02
1.404000000000000000e+03 7.410000000000000000e+02
1.529000000000000000e+03 8.080000000000000000e+02
1.444000000000000000e+03 3.320000000000000000e+02
1.533000000000000000e+03 3.720000000000000000e+02
1.658000000000000000e+03 3.340000000000000000e+02
1.475000000000000000e+03 3.400000000000000000e+02
1.608000000000000000e+03 7.180000000000000000e+02
1.585000000000000000e+03 7.250000000000000000e+02
1.812000000000000000e+03 6.900000000000000000e+02
1.635000000000000000e+03 7.880000000000000000e+02
1.918000000000000000e+03 1.300000000000000000e+02
1.677000000000000000e+03 3.030000000000000000e+02
1.573000000000000000e+03 2.320000000000000000e+02
1.623000000000000000e+03 2.650000000000000000e+02
2.672000000000000000e+03 3.770000000000000000e+02
2.906000000000000000e+03 2.990000000000000000e+02
2.978000000000000000e+03 3.560000000000000000e+02
2.816000000000000000e+03 3.610000000000000000e+02
2.208000000000000000e+03 2.900000000000000000e+02
1.986000000000000000e+03 3.640000000000000000e+02
1.529000000000000000e+03 1.310000000000000000e+02
1.444000000000000000e+03 1.460000000000000000e+02
1.844000000000000000e+03 7.200000000000000000e+01
1.820000000000000000e+03 1.510000000000000000e+02
2.199000000000000000e+03 1.210000000000000000e+02
2.207000000000000000e+03 2.050000000000000000e+02
2.087000000000000000e+03 3.200000000000000000e+02
2.144000000000000000e+03 2.420000000000000000e+02
2.137000000000000000e+03 1.560000000000000000e+02
2.107000000000000000e+03 3.270000000000000000e+02
1.699000000000000000e+03 2.810000000000000000e+02
1.777000000000000000e+03 3.530000000000000000e+02
1.787000000000000000e+03 2.690000000000000000e+02
1.732000000000000000e+03 1.700000000000000000e+02
2.497000000000000000e+03 3.260000000000000000e+02
2.225000000000000000e+03 4.620000000000000000e+02
2.563000000000000000e+03 3.610000000000000000e+02
2.500000000000000000e+03 3.200000000000000000e+02
1.840000000000000000e+03 2.640000000000000000e+02
1.911000000000000000e+03 2.500000000000000000e+02
1.999000000000000000e+03 3.200000000000000000e+02
1.932000000000000000e+03 2.460000000000000000e+02
1.961000000000000000e+03 1.810000000000000000e+02
2.022000000000000000e+03 2.960000000000000000e+02
2.100000000000000000e+03 2.200000000000000000e+02
1.867000000000000000e+03 1.670000000000000000e+02
3.869000000000000000e+03 2.337000000000000000e+03
3.955000000000000000e+03 2.353000000000000000e+03
3.867000000000000000e+03 2.289000000000000000e+03
3.791000000000000000e+03 2.474000000000000000e+03
3.663000000000000000e+03 2.337000000000000000e+03
3.704000000000000000e+03 2.290000000000000000e+03
3.611000000000000000e+03 2.300000000000000000e+03
3.948000000000000000e+03 2.482000000000000000e+03
3.896000000000000000e+03 2.370000000000000000e+03
3.859000000000000000e+03 2.527000000000000000e+03
3.849000000000000000e+03 2.548000000000000000e+03
3.925000000000000000e+03 2.889000000000000000e+03
3.707000000000000000e+03 2.597000000000000000e+03
3.969000000000000000e+03 2.776000000000000000e+03
3.952000000000000000e+03 3.029000000000000000e+03
3.736000000000000000e+03 2.116000000000000000e+03
3.965000000000000000e+03 2.192000000000000000e+03
3.952000000000000000e+03 2.138000000000000000e+03
3.899000000000000000e+03 2.166000000000000000e+03
3.759000000000000000e+03 2.445000000000000000e+03
3.736000000000000000e+03 2.173000000000000000e+03
3.724000000000000000e+03 2.404000000000000000e+03
3.592000000000000000e+03 2.403000000000000000e+03
3.733000000000000000e+03 2.153000000000000000e+03
3.777000000000000000e+03 2.128000000000000000e+03
3.650000000000000000e+03 2.108000000000000000e+03
3.682000000000000000e+03 2.110000000000000000e+03
3.789000000000000000e+03 2.167000000000000000e+03
3.833000000000000000e+03 2.223000000000000000e+03
3.705000000000000000e+03 2.067000000000000000e+03
3.744000000000000000e+03 2.104000000000000000e+03
3.461000000000000000e+03 2.363000000000000000e+03
3.682000000000000000e+03 2.506000000000000000e+03
3.836000000000000000e+03 2.538000000000000000e+03
3.741000000000000000e+03 2.460000000000000000e+03
3.693000000000000000e+03 2.372000000000000000e+03
3.449000000000000000e+03 2.327000000000000000e+03
3.642000000000000000e+03 2.778000000000000000e+03
3.630000000000000000e+03 2.623000000000000000e+03
3.597000000000000000e+03 2.483000000000000000e+03
3.336000000000000000e+03 2.168000000000000000e+03
3.681000000000000000e+03 2.717000000000000000e+03
3.714000000000000000e+03 2.777000000000000000e+03
3.581000000000000000e+03 2.677000000000000000e+03
3.731000000000000000e+03 2.609000000000000000e+03
3.867000000000000000e+03 2.783000000000000000e+03
3.769000000000000000e+03 2.904000000000000000e+03
3.693000000000000000e+03 2.848000000000000000e+03
3.709000000000000000e+03 2.942000000000000000e+03
3.611000000000000000e+03 2.665000000000000000e+03
3.564000000000000000e+03 2.471000000000000000e+03
3.716000000000000000e+03 2.809000000000000000e+03
3.625000000000000000e+03 2.663000000000000000e+03
3.609000000000000000e+03 2.760000000000000000e+03
3.876000000000000000e+03 3.005000000000000000e+03
3.714000000000000000e+03 2.790000000000000000e+03
3.801000000000000000e+03 2.951000000000000000e+03
3.704000000000000000e+03 2.702000000000000000e+03
3.817000000000000000e+03 2.735000000000000000e+03
3.797000000000000000e+03 2.780000000000000000e+03
3.763000000000000000e+03 2.574000000000000000e+03
3.905000000000000000e+03 2.710000000000000000e+03
3.622000000000000000e+03 3.097000000000000000e+03
3.451000000000000000e+03 3.013000000000000000e+03
3.625000000000000000e+03 3.138000000000000000e+03
3.551000000000000000e+03 3.395000000000000000e+03
3.500000000000000000e+03 3.158000000000000000e+03
3.627000000000000000e+03 3.282000000000000000e+03
3.546000000000000000e+03 3.249000000000000000e+03
3.600000000000000000e+03 2.984000000000000000e+03
3.567000000000000000e+03 2.829000000000000000e+03
3.559000000000000000e+03 2.964000000000000000e+03
3.662000000000000000e+03 3.047000000000000000e+03
3.476000000000000000e+03 2.977000000000000000e+03
3.477000000000000000e+03 2.974000000000000000e+03
3.466000000000000000e+03 2.876000000000000000e+03
3.556000000000000000e+03 2.851000000000000000e+03
3.522000000000000000e+03 2.884000000000000000e+03
3.744000000000000000e+03 3.209000000000000000e+03
3.732000000000000000e+03 3.182000000000000000e+03
3.635000000000000000e+03 3.181000000000000000e+03
3.553000000000000000e+03 3.654000000000000000e+03
3.591000000000000000e+03 3.745000000000000000e+03
3.525000000000000000e+03 3.148000000000000000e+03
3.536000000000000000e+03 3.278000000000000000e+03
3.681000000000000000e+03 3.362000000000000000e+03
3.685000000000000000e+03 3.251000000000000000e+03
3.625000000000000000e+03 3.626000000000000000e+03
3.765000000000000000e+03 3.293000000000000000e+03
3.598000000000000000e+03 3.486000000000000000e+03
3.542000000000000000e+03 3.410000000000000000e+03
3.589000000000000000e+03 3.367000000000000000e+03
3.561000000000000000e+03 3.108000000000000000e+03
3.734000000000000000e+03 3.624000000000000000e+03
3.692000000000000000e+03 3.686000000000000000e+03
3.707000000000000000e+03 3.806000000000000000e+03
3.606000000000000000e+03 3.404000000000000000e+03
3.906000000000000000e+03 3.796000000000000000e+03
3.762000000000000000e+03 3.150000000000000000e+03
3.962000000000000000e+03 3.707000000000000000e+03
3.714000000000000000e+03 3.658000000000000000e+03
3.852000000000000000e+03 3.612000000000000000e+03
3.794000000000000000e+03 3.716000000000000000e+03
3.821000000000000000e+03 3.680000000000000000e+03
3.691000000000000000e+03 3.199000000000000000e+03
3.859000000000000000e+03 3.144000000000000000e+03
3.845000000000000000e+03 3.158000000000000000e+03
3.955000000000000000e+03 3.146000000000000000e+03
3.712000000000000000e+03 2.850000000000000000e+03
3.933000000000000000e+03 3.327000000000000000e+03
3.880000000000000000e+03 3.343000000000000000e+03
3.955000000000000000e+03 3.407000000000000000e+03
3.737000000000000000e+03 3.031000000000000000e+03
3.741000000000000000e+03 3.146000000000000000e+03
3.938000000000000000e+03 3.517000000000000000e+03
3.864000000000000000e+03 3.320000000000000000e+03
3.880000000000000000e+03 3.409000000000000000e+03
3.777000000000000000e+03 3.059000000000000000e+03
3.834000000000000000e+03 3.608000000000000000e+03
3.783000000000000000e+03 3.317000000000000000e+03
3.868000000000000000e+03 3.647000000000000000e+03
3.612000000000000000e+03 3.262000000000000000e+03
3.723000000000000000e+03 3.512000000000000000e+03
3.790000000000000000e+03 3.326000000000000000e+03
3.843000000000000000e+03 3.199000000000000000e+03
1.260000000000000000e+03 1.067000000000000000e+03
1.158000000000000000e+03 9.540000000000000000e+02
1.350000000000000000e+03 8.390000000000000000e+02
1.497000000000000000e+03 9.480000000000000000e+02
1.285000000000000000e+03 1.001000000000000000e+03
1.332000000000000000e+03 1.030000000000000000e+03
1.216000000000000000e+03 1.039000000000000000e+03
1.122000000000000000e+03 1.022000000000000000e+03
1.162000000000000000e+03 9.120000000000000000e+02
1.196000000000000000e+03 9.070000000000000000e+02
1.254000000000000000e+03 8.600000000000000000e+02
1.333000000000000000e+03 8.080000000000000000e+02
1.116000000000000000e+03 9.310000000000000000e+02
1.127000000000000000e+03 1.050000000000000000e+03
1.174000000000000000e+03 7.780000000000000000e+02
1.262000000000000000e+03 1.414000000000000000e+03
9.870000000000000000e+02 1.308000000000000000e+03
1.109000000000000000e+03 1.298000000000000000e+03
1.036000000000000000e+03 1.328000000000000000e+03
1.202000000000000000e+03 1.267000000000000000e+03
1.180000000000000000e+03 1.231000000000000000e+03
1.074000000000000000e+03 1.382000000000000000e+03
1.193000000000000000e+03 1.353000000000000000e+03
1.252000000000000000e+03 1.198000000000000000e+03
1.361000000000000000e+03 1.372000000000000000e+03
1.165000000000000000e+03 1.320000000000000000e+03
1.363000000000000000e+03 1.197000000000000000e+03
1.011000000000000000e+03 1.207000000000000000e+03
1.083000000000000000e+03 1.221000000000000000e+03
1.146000000000000000e+03 1.188000000000000000e+03
1.315000000000000000e+03 1.280000000000000000e+03
1.405000000000000000e+03 1.238000000000000000e+03
1.433000000000000000e+03 1.168000000000000000e+03
1.471000000000000000e+03 1.214000000000000000e+03
1.775000000000000000e+03 3.000000000000000000e+01
1.691000000000000000e+03 1.560000000000000000e+02
1.401000000000000000e+03 1.359000000000000000e+03
1.558000000000000000e+03 8.720000000000000000e+02
1.364000000000000000e+03 1.153000000000000000e+03
1.562000000000000000e+03 1.128000000000000000e+03
1.632000000000000000e+03 1.106000000000000000e+03
1.532000000000000000e+03 1.133000000000000000e+03
1.607000000000000000e+03 1.143000000000000000e+03
1.422000000000000000e+03 1.180000000000000000e+03
1.430000000000000000e+03 9.410000000000000000e+02
1.548000000000000000e+03 1.288000000000000000e+03
1.598000000000000000e+03 1.233000000000000000e+03
1.568000000000000000e+03 1.150000000000000000e+03
1.313000000000000000e+03 1.264000000000000000e+03
1.311000000000000000e+03 9.450000000000000000e+02
1.225000000000000000e+03 1.169000000000000000e+03
1.603000000000000000e+03 1.003000000000000000e+03
1.330000000000000000e+03 1.190000000000000000e+03
1.336000000000000000e+03 1.324000000000000000e+03
1.729000000000000000e+03 1.166000000000000000e+03
2.485000000000000000e+03 9.760000000000000000e+02
1.269000000000000000e+03 1.374000000000000000e+03
9.910000000000000000e+02 1.348000000000000000e+03
3.839000000000000000e+03 1.928000000000000000e+03
3.782000000000000000e+03 1.957000000000000000e+03
3.820000000000000000e+03 1.835000000000000000e+03
3.808000000000000000e+03 1.807000000000000000e+03
2.062000000000000000e+03 1.636000000000000000e+03
2.343000000000000000e+03 2.579000000000000000e+03
2.058000000000000000e+03 1.840000000000000000e+03
1.828000000000000000e+03 1.020000000000000000e+03
1.957000000000000000e+03 1.209000000000000000e+03
1.764000000000000000e+03 1.278000000000000000e+03
1.254000000000000000e+03 1.241000000000000000e+03
2.132000000000000000e+03 2.525000000000000000e+03
2.279000000000000000e+03 2.568000000000000000e+03
2.109000000000000000e+03 1.941000000000000000e+03
2.435000000000000000e+03 2.525000000000000000e+03
1.935000000000000000e+03 1.968000000000000000e+03
2.353000000000000000e+03 2.527000000000000000e+03
2.561000000000000000e+03 2.466000000000000000e+03
2.375000000000000000e+03 2.429000000000000000e+03
2.301000000000000000e+03 2.477000000000000000e+03
2.323000000000000000e+03 2.399000000000000000e+03
2.108000000000000000e+03 2.014000000000000000e+03
1.875000000000000000e+03 2.293000000000000000e+03
2.441000000000000000e+03 2.387000000000000000e+03
9.120000000000000000e+02 2.546000000000000000e+03
2.256000000000000000e+03 2.442000000000000000e+03
1.922000000000000000e+03 1.280000000000000000e+03
9.890000000000000000e+02 3.304000000000000000e+03
6.860000000000000000e+02 3.504000000000000000e+03
2.632000000000000000e+03 2.412000000000000000e+03
2.511000000000000000e+03 2.396000000000000000e+03
2.389000000000000000e+03 2.438000000000000000e+03
2.334000000000000000e+03 2.432000000000000000e+03
2.561000000000000000e+03 2.523000000000000000e+03
2.548000000000000000e+03 2.473000000000000000e+03
3.379000000000000000e+03 1.876000000000000000e+03
2.445000000000000000e+03 2.015000000000000000e+03
2.977000000000000000e+03 1.532000000000000000e+03
3.623000000000000000e+03 1.755000000000000000e+03
3.643000000000000000e+03 1.500000000000000000e+03
3.643000000000000000e+03 1.617000000000000000e+03
3.013000000000000000e+03 1.641000000000000000e+03
3.408000000000000000e+03 1.712000000000000000e+03
3.366000000000000000e+03 8.900000000000000000e+02
3.406000000000000000e+03 9.890000000000000000e+02
3.821000000000000000e+03 1.586000000000000000e+03
3.290000000000000000e+03 1.576000000000000000e+03
2.418000000000000000e+03 9.570000000000000000e+02
2.992000000000000000e+03 9.510000000000000000e+02
2.703000000000000000e+03 1.192000000000000000e+03
2.801000000000000000e+03 1.033000000000000000e+03
3.488000000000000000e+03 2.084000000000000000e+03
3.540000000000000000e+03 2.118000000000000000e+03
3.561000000000000000e+03 1.930000000000000000e+03
3.432000000000000000e+03 2.024000000000000000e+03
3.179000000000000000e+03 6.420000000000000000e+02
2.448000000000000000e+03 1.095000000000000000e+03
3.398000000000000000e+03 1.467000000000000000e+03
2.904000000000000000e+03 1.700000000000000000e+03
3.439000000000000000e+03 1.844000000000000000e+03
3.570000000000000000e+03 1.821000000000000000e+03
3.238000000000000000e+03 1.874000000000000000e+03
3.143000000000000000e+03 1.970000000000000000e+03
3.506000000000000000e+03 1.990000000000000000e+03
3.422000000000000000e+03 1.929000000000000000e+03
3.639000000000000000e+03 1.958000000000000000e+03
3.143000000000000000e+03 1.953000000000000000e+03
2.008000000000000000e+03 2.312000000000000000e+03
2.265000000000000000e+03 2.495000000000000000e+03
1.551000000000000000e+03 2.049000000000000000e+03
9.890000000000000000e+02 1.290000000000000000e+03
1.560000000000000000e+03 1.940000000000000000e+03
1.779000000000000000e+03 2.210000000000000000e+03
1.885000000000000000e+03 2.186000000000000000e+03
1.414000000000000000e+03 1.584000000000000000e+03
1.464000000000000000e+03 1.618000000000000000e+03
1.321000000000000000e+03 1.370000000000000000e+03
1.338000000000000000e+03 1.777000000000000000e+03
1.447000000000000000e+03 1.844000000000000000e+03
7.680000000000000000e+02 2.152000000000000000e+03
1.400000000000000000e+03 1.711000000000000000e+03
1.493000000000000000e+03 1.732000000000000000e+03
2.913000000000000000e+03 2.414000000000000000e+03
1.330000000000000000e+03 1.751000000000000000e+03
1.410000000000000000e+03 1.769000000000000000e+03
1.311000000000000000e+03 1.741000000000000000e+03
1.481000000000000000e+03 1.998000000000000000e+03
1.034000000000000000e+03 1.953000000000000000e+03
1.508000000000000000e+03 1.961000000000000000e+03
1.411000000000000000e+03 1.464000000000000000e+03
1.017000000000000000e+03 1.723000000000000000e+03
1.010000000000000000e+03 1.696000000000000000e+03
1.161000000000000000e+03 1.699000000000000000e+03
1.095000000000000000e+03 1.625000000000000000e+03
1.205000000000000000e+03 1.753000000000000000e+03
1.133000000000000000e+03 1.772000000000000000e+03
1.147000000000000000e+03 1.780000000000000000e+03
1.110000000000000000e+03 1.571000000000000000e+03
1.611000000000000000e+03 1.694000000000000000e+03
1.311000000000000000e+03 2.089000000000000000e+03
1.177000000000000000e+03 2.067000000000000000e+03
1.441000000000000000e+03 1.750000000000000000e+03
1.514000000000000000e+03 1.638000000000000000e+03
1.193000000000000000e+03 1.894000000000000000e+03
1.223000000000000000e+03 1.824000000000000000e+03
1.173000000000000000e+03 2.169000000000000000e+03
1.184000000000000000e+03 2.220000000000000000e+03
1.927000000000000000e+03 2.774000000000000000e+03
1.569000000000000000e+03 1.560000000000000000e+03
1.237000000000000000e+03 2.222000000000000000e+03
1.071000000000000000e+03 2.199000000000000000e+03
1.969000000000000000e+03 2.686000000000000000e+03
1.559000000000000000e+03 1.558000000000000000e+03
1.175000000000000000e+03 2.042000000000000000e+03
1.435000000000000000e+03 2.085000000000000000e+03
1.583000000000000000e+03 2.064000000000000000e+03
1.184000000000000000e+03 2.026000000000000000e+03
1.164000000000000000e+03 1.732000000000000000e+03
1.106000000000000000e+03 2.123000000000000000e+03
1.338000000000000000e+03 1.677000000000000000e+03
1.304000000000000000e+03 1.616000000000000000e+03
1.874000000000000000e+03 2.526000000000000000e+03
1.459000000000000000e+03 2.109000000000000000e+03
1.826000000000000000e+03 2.118000000000000000e+03
2.177000000000000000e+03 2.450000000000000000e+03
1.993000000000000000e+03 2.512000000000000000e+03
1.981000000000000000e+03 2.554000000000000000e+03
1.820000000000000000e+03 2.469000000000000000e+03
1.619000000000000000e+03 1.254000000000000000e+03
1.518000000000000000e+03 2.278000000000000000e+03
9.280000000000000000e+02 2.139000000000000000e+03
5.770000000000000000e+02 2.066000000000000000e+03
6.220000000000000000e+02 2.130000000000000000e+03
6.280000000000000000e+02 2.012000000000000000e+03
2.292000000000000000e+03 2.561000000000000000e+03
8.640000000000000000e+02 1.596000000000000000e+03
5.290000000000000000e+02 1.998000000000000000e+03
1.040000000000000000e+03 2.103000000000000000e+03
3.660000000000000000e+02 2.196000000000000000e+03
3.920000000000000000e+02 2.175000000000000000e+03
7.110000000000000000e+02 2.040000000000000000e+03
6.540000000000000000e+02 1.985000000000000000e+03
9.910000000000000000e+02 1.313000000000000000e+03
1.705000000000000000e+03 2.693000000000000000e+03
1.437000000000000000e+03 2.006000000000000000e+03
1.110000000000000000e+03 1.850000000000000000e+03
8.140000000000000000e+02 2.134000000000000000e+03
1.091000000000000000e+03 1.680000000000000000e+03
1.491000000000000000e+03 2.051000000000000000e+03
1.753000000000000000e+03 2.562000000000000000e+03
8.110000000000000000e+02 2.030000000000000000e+03
1.066000000000000000e+03 1.737000000000000000e+03
1.488000000000000000e+03 1.706000000000000000e+03
1.591000000000000000e+03 4.230000000000000000e+02
8.770000000000000000e+02 2.159000000000000000e+03
8.260000000000000000e+02 1.631000000000000000e+03
8.810000000000000000e+02 2.008000000000000000e+03
6.990000000000000000e+02 2.148000000000000000e+03
1.794000000000000000e+03 2.788000000000000000e+03
1.217000000000000000e+03 1.693000000000000000e+03
2.334000000000000000e+03 2.906000000000000000e+03
2.320000000000000000e+03 2.857000000000000000e+03
2.322000000000000000e+03 2.865000000000000000e+03
2.350000000000000000e+03 2.892000000000000000e+03
2.266000000000000000e+03 2.923000000000000000e+03
2.096000000000000000e+03 2.830000000000000000e+03
2.080000000000000000e+03 2.913000000000000000e+03
1.914000000000000000e+03 2.941000000000000000e+03
7.750000000000000000e+02 1.900000000000000000e+03
7.850000000000000000e+02 1.465000000000000000e+03
8.180000000000000000e+02 1.849000000000000000e+03
1.229000000000000000e+03 1.447000000000000000e+03
7.470000000000000000e+02 1.950000000000000000e+03
1.322000000000000000e+03 1.516000000000000000e+03
7.210000000000000000e+02 1.879000000000000000e+03
1.079000000000000000e+03 1.596000000000000000e+03
1.041000000000000000e+03 1.964000000000000000e+03
1.269000000000000000e+03 1.187000000000000000e+03
1.131000000000000000e+03 1.742000000000000000e+03
1.870000000000000000e+03 2.384000000000000000e+03
1.426000000000000000e+03 1.840000000000000000e+03
9.080000000000000000e+02 1.967000000000000000e+03
9.910000000000000000e+02 1.835000000000000000e+03
1.265000000000000000e+03 8.570000000000000000e+02
2.017000000000000000e+03 2.156000000000000000e+03
2.056000000000000000e+03 2.508000000000000000e+03
8.200000000000000000e+02 1.459000000000000000e+03
9.170000000000000000e+02 1.712000000000000000e+03
2.249000000000000000e+03 2.660000000000000000e+03
1.422000000000000000e+03 1.671000000000000000e+03
9.110000000000000000e+02 1.895000000000000000e+03
1.274000000000000000e+03 1.546000000000000000e+03
2.072000000000000000e+03 6.500000000000000000e+02
0.000000000000000000e+00 2.340000000000000000e+03
0.000000000000000000e+00 3.230000000000000000e+03
1.617000000000000000e+03 1.540000000000000000e+03
1.237000000000000000e+03 4.000000000000000000e+02
2.155000000000000000e+03 0.000000000000000000e+00
1.000000000000000000e+00 0.000000000000000000e+00
3.875000000000000000e+03 0.000000000000000000e+00
