2.995000000000000000e+03 1.024000000000000000e+03
2.833000000000000000e+03 1.605000000000000000e+03
2.744000000000000000e+03 1.673000000000000000e+03
2.817000000000000000e+03 6.280000000000000000e+02
3.076000000000000000e+03 1.124000000000000000e+03
2.860000000000000000e+03 1.649000000000000000e+03
2.768000000000000000e+03 1.026000000000000000e+03
3.078000000000000000e+03 5.220000000000000000e+02
2.792000000000000000e+03 5.580000000000000000e+02
3.099000000000000000e+03 5.060000000000000000e+02
2.910000000000000000e+03 4.520000000000000000e+02
2.886000000000000000e+03 1.702000000000000000e+03
2.885000000000000000e+03 1.737000000000000000e+03
3.075000000000000000e+03 1.664000000000000000e+03
3.085000000000000000e+03 1.706000000000000000e+03
2.900000000000000000e+03 6.700000000000000000e+02
2.631000000000000000e+03 5.010000000000000000e+02
2.759000000000000000e+03 5.770000000000000000e+02
2.800000000000000000e+03 5.300000000000000000e+02
3.333000000000000000e+03 5.480000000000000000e+02
3.412000000000000000e+03 5.810000000000000000e+02
3.224000000000000000e+03 5.930000000000000000e+02
3.360000000000000000e+03 3.500000000000000000e+02
2.699000000000000000e+03 8.750000000000000000e+02
2.757000000000000000e+03 1.039000000000000000e+03
2.652000000000000000e+03 1.527000000000000000e+03
2.692000000000000000e+03 1.735000000000000000e+03
2.703000000000000000e+03 6.790000000000000000e+02
2.582000000000000000e+03 5.820000000000000000e+02
2.744000000000000000e+03 5.190000000000000000e+02
2.679000000000000000e+03 7.490000000000000000e+02
3.919000000000000000e+03 3.766000000000000000e+03
3.924000000000000000e+03 3.771000000000000000e+03
3.957000000000000000e+03 3.724000000000000000e+03
3.909000000000000000e+03 3.904000000000000000e+03
3.862000000000000000e+03 3.855000000000000000e+03
3.689000000000000000e+03 3.826000000000000000e+03
3.926000000000000000e+03 3.824000000000000000e+03
2.562000000000000000e+03 3.314000000000000000e+03
2.131000000000000000e+03 3.863000000000000000e+03
3.795000000000000000e+03 3.857000000000000000e+03
2.274000000000000000e+03 3.828000000000000000e+03
3.791000000000000000e+03 3.937000000000000000e+03
3.626000000000000000e+03 3.794000000000000000e+03
3.752000000000000000e+03 3.856000000000000000e+03
3.858000000000000000e+03 3.897000000000000000e+03
3.072000000000000000e+03 2.801000000000000000e+03
3.072000000000000000e+03 2.758000000000000000e+03
2.951000000000000000e+03 2.841000000000000000e+03
3.135000000000000000e+03 2.758000000000000000e+03
2.940000000000000000e+03 2.762000000000000000e+03
2.950000000000000000e+03 2.558000000000000000e+03
2.919000000000000000e+03 2.736000000000000000e+03
3.040000000000000000e+03 2.663000000000000000e+03
3.191000000000000000e+03 2.761000000000000000e+03
3.257000000000000000e+03 1.129000000000000000e+03
3.258000000000000000e+03 2.806000000000000000e+03
3.232000000000000000e+03 2.729000000000000000e+03
3.103000000000000000e+03 2.574000000000000000e+03
3.108000000000000000e+03 2.322000000000000000e+03
3.015000000000000000e+03 2.641000000000000000e+03
2.978000000000000000e+03 7.240000000000000000e+02
3.609000000000000000e+03 3.620000000000000000e+02
3.814000000000000000e+03 4.140000000000000000e+02
3.838000000000000000e+03 2.400000000000000000e+02
3.617000000000000000e+03 2.980000000000000000e+02
3.113000000000000000e+03 3.100000000000000000e+02
3.828000000000000000e+03 2.420000000000000000e+02
3.493000000000000000e+03 3.500000000000000000e+02
3.248000000000000000e+03 3.230000000000000000e+02
3.489000000000000000e+03 3.340000000000000000e+02
3.688000000000000000e+03 2.000000000000000000e+02
3.719000000000000000e+03 5.630000000000000000e+02
3.038000000000000000e+03 4.580000000000000000e+02
2.929000000000000000e+03 5.690000000000000000e+02
3.008000000000000000e+03 5.730000000000000000e+02
2.914000000000000000e+03 5.450000000000000000e+02
3.609000000000000000e+03 5.450000000000000000e+02
3.518000000000000000e+03 4.710000000000000000e+02
3.451000000000000000e+03 2.980000000000000000e+02
2.830000000000000000e+03 3.240000000000000000e+02
3.222000000000000000e+03 3.260000000000000000e+02
2.882000000000000000e+03 3.690000000000000000e+02
3.642000000000000000e+03 6.200000000000000000e+02
3.823000000000000000e+03 5.520000000000000000e+02
3.819000000000000000e+03 5.710000000000000000e+02
3.689000000000000000e+03 6.490000000000000000e+02
3.755000000000000000e+03 5.210000000000000000e+02
3.732000000000000000e+03 5.710000000000000000e+02
3.587000000000000000e+03 3.200000000000000000e+02
3.104000000000000000e+03 3.230000000000000000e+02
3.728000000000000000e+03 4.310000000000000000e+02
2.673000000000000000e+03 2.730000000000000000e+02
3.222000000000000000e+03 4.860000000000000000e+02
3.093000000000000000e+03 5.360000000000000000e+02
3.233000000000000000e+03 5.970000000000000000e+02
2.918000000000000000e+03 6.010000000000000000e+02
3.052000000000000000e+03 4.180000000000000000e+02
2.719000000000000000e+03 3.560000000000000000e+02
2.646000000000000000e+03 3.440000000000000000e+02
2.668000000000000000e+03 3.680000000000000000e+02
3.504000000000000000e+03 5.210000000000000000e+02
3.445000000000000000e+03 4.050000000000000000e+02
3.535000000000000000e+03 6.490000000000000000e+02
3.612000000000000000e+03 6.520000000000000000e+02
3.512000000000000000e+03 4.180000000000000000e+02
3.578000000000000000e+03 4.380000000000000000e+02
3.669000000000000000e+03 3.760000000000000000e+02
3.712000000000000000e+03 3.230000000000000000e+02
3.452000000000000000e+03 5.540000000000000000e+02
3.350000000000000000e+03 5.550000000000000000e+02
3.460000000000000000e+03 6.990000000000000000e+02
3.354000000000000000e+03 6.800000000000000000e+02
3.329000000000000000e+03 3.840000000000000000e+02
3.172000000000000000e+03 3.340000000000000000e+02
3.275000000000000000e+03 1.082000000000000000e+03
3.206000000000000000e+03 1.392000000000000000e+03
3.252000000000000000e+03 4.680000000000000000e+02
3.054000000000000000e+03 3.540000000000000000e+02
2.867000000000000000e+03 4.040000000000000000e+02
3.152000000000000000e+03 3.750000000000000000e+02
3.253000000000000000e+03 4.250000000000000000e+02
3.285000000000000000e+03 6.100000000000000000e+02
3.142000000000000000e+03 3.830000000000000000e+02
3.210000000000000000e+03 3.430000000000000000e+02
1.701000000000000000e+03 7.030000000000000000e+02
1.578000000000000000e+03 8.470000000000000000e+02
1.527000000000000000e+03 9.290000000000000000e+02
2.186000000000000000e+03 1.670000000000000000e+03
1.867000000000000000e+03 1.552000000000000000e+03
1.576000000000000000e+03 9.630000000000000000e+02
1.593000000000000000e+03 8.390000000000000000e+02
2.039000000000000000e+03 1.310000000000000000e+03
2.112000000000000000e+03 1.623000000000000000e+03
1.733000000000000000e+03 7.750000000000000000e+02
1.702000000000000000e+03 6.390000000000000000e+02
1.514000000000000000e+03 8.220000000000000000e+02
1.854000000000000000e+03 7.700000000000000000e+02
1.778000000000000000e+03 9.640000000000000000e+02
1.838000000000000000e+03 8.750000000000000000e+02
1.515000000000000000e+03 7.250000000000000000e+02
1.516000000000000000e+03 8.560000000000000000e+02
2.339000000000000000e+03 1.705000000000000000e+03
2.126000000000000000e+03 1.238000000000000000e+03
1.615000000000000000e+03 7.370000000000000000e+02
1.861000000000000000e+03 7.250000000000000000e+02
1.730000000000000000e+03 7.290000000000000000e+02
1.835000000000000000e+03 7.540000000000000000e+02
2.025000000000000000e+03 1.370000000000000000e+03
1.991000000000000000e+03 1.049000000000000000e+03
1.917000000000000000e+03 6.510000000000000000e+02
1.960000000000000000e+03 8.060000000000000000e+02
1.504000000000000000e+03 6.350000000000000000e+02
1.593000000000000000e+03 6.490000000000000000e+02
1.874000000000000000e+03 8.930000000000000000e+02
1.929000000000000000e+03 1.074000000000000000e+03
2.315000000000000000e+03 7.070000000000000000e+02
2.171000000000000000e+03 1.012000000000000000e+03
2.186000000000000000e+03 1.541000000000000000e+03
2.777000000000000000e+03 1.057000000000000000e+03
2.938000000000000000e+03 7.000000000000000000e+02
2.268000000000000000e+03 5.620000000000000000e+02
2.555000000000000000e+03 5.560000000000000000e+02
2.606000000000000000e+03 1.754000000000000000e+03
2.513000000000000000e+03 1.704000000000000000e+03
2.447000000000000000e+03 1.292000000000000000e+03
2.351000000000000000e+03 1.626000000000000000e+03
2.339000000000000000e+03 1.486000000000000000e+03
2.399000000000000000e+03 1.706000000000000000e+03
2.005000000000000000e+03 1.001000000000000000e+03
2.045000000000000000e+03 9.290000000000000000e+02
2.741000000000000000e+03 2.034000000000000000e+03
2.703000000000000000e+03 2.044000000000000000e+03
2.836000000000000000e+03 1.963000000000000000e+03
2.702000000000000000e+03 1.978000000000000000e+03
2.430000000000000000e+03 9.550000000000000000e+02
2.368000000000000000e+03 8.620000000000000000e+02
2.712000000000000000e+03 1.879000000000000000e+03
2.763000000000000000e+03 1.870000000000000000e+03
2.602000000000000000e+03 8.320000000000000000e+02
2.473000000000000000e+03 7.610000000000000000e+02
2.470000000000000000e+03 7.630000000000000000e+02
2.318000000000000000e+03 7.300000000000000000e+02
2.281000000000000000e+03 6.060000000000000000e+02
2.421000000000000000e+03 1.056000000000000000e+03
2.478000000000000000e+03 1.182000000000000000e+03
2.239000000000000000e+03 1.310000000000000000e+03
2.545000000000000000e+03 3.150000000000000000e+02
2.709000000000000000e+03 3.690000000000000000e+02
2.893000000000000000e+03 3.540000000000000000e+02
2.223000000000000000e+03 3.920000000000000000e+02
2.051000000000000000e+03 3.300000000000000000e+02
2.354000000000000000e+03 4.560000000000000000e+02
2.287000000000000000e+03 4.010000000000000000e+02
2.523000000000000000e+03 4.670000000000000000e+02
2.383000000000000000e+03 4.510000000000000000e+02
2.319000000000000000e+03 4.900000000000000000e+02
2.373000000000000000e+03 5.040000000000000000e+02
2.034000000000000000e+03 4.810000000000000000e+02
1.930000000000000000e+03 4.600000000000000000e+02
2.020000000000000000e+03 4.150000000000000000e+02
1.856000000000000000e+03 4.160000000000000000e+02
1.918000000000000000e+03 4.460000000000000000e+02
1.651000000000000000e+03 5.400000000000000000e+02
1.496000000000000000e+03 4.710000000000000000e+02
1.462000000000000000e+03 5.280000000000000000e+02
2.542000000000000000e+03 3.670000000000000000e+02
2.261000000000000000e+03 4.350000000000000000e+02
2.038000000000000000e+03 5.180000000000000000e+02
1.999000000000000000e+03 6.280000000000000000e+02
2.452000000000000000e+03 5.900000000000000000e+02
1.842000000000000000e+03 5.330000000000000000e+02
1.176000000000000000e+03 2.010000000000000000e+02
1.364000000000000000e+03 4.900000000000000000e+02
2.754000000000000000e+03 3.650000000000000000e+02
2.368000000000000000e+03 5.200000000000000000e+02
2.561000000000000000e+03 4.720000000000000000e+02
2.821000000000000000e+03 3.620000000000000000e+02
1.307000000000000000e+03 6.300000000000000000e+01
1.296000000000000000e+03 3.600000000000000000e+01
2.019000000000000000e+03 5.250000000000000000e+02
1.460000000000000000e+03 2.150000000000000000e+02
2.107000000000000000e+03 6.660000000000000000e+02
1.912000000000000000e+03 4.410000000000000000e+02
1.990000000000000000e+03 6.540000000000000000e+02
1.413000000000000000e+03 3.580000000000000000e+02
2.137000000000000000e+03 2.890000000000000000e+02
2.004000000000000000e+03 2.950000000000000000e+02
2.035000000000000000e+03 2.220000000000000000e+02
2.159000000000000000e+03 2.460000000000000000e+02
1.912000000000000000e+03 1.880000000000000000e+02
1.406000000000000000e+03 2.030000000000000000e+02
1.894000000000000000e+03 3.710000000000000000e+02
1.652000000000000000e+03 2.560000000000000000e+02
1.470000000000000000e+03 5.290000000000000000e+02
1.255000000000000000e+03 4.160000000000000000e+02
1.905000000000000000e+03 2.620000000000000000e+02
2.008000000000000000e+03 3.960000000000000000e+02
1.537000000000000000e+03 5.160000000000000000e+02
1.388000000000000000e+03 1.060000000000000000e+02
1.584000000000000000e+03 5.370000000000000000e+02
1.667000000000000000e+03 5.340000000000000000e+02
1.330000000000000000e+03 4.480000000000000000e+02
1.296000000000000000e+03 3.650000000000000000e+02
1.121000000000000000e+03 7.500000000000000000e+01
1.033000000000000000e+03 4.500000000000000000e+01
1.163000000000000000e+03 2.900000000000000000e+02
1.329000000000000000e+03 3.790000000000000000e+02
1.565000000000000000e+03 2.380000000000000000e+02
1.428000000000000000e+03 3.500000000000000000e+01
5.960000000000000000e+02 2.763000000000000000e+03
5.260000000000000000e+02 2.676000000000000000e+03
4.950000000000000000e+02 2.654000000000000000e+03
1.300000000000000000e+02 2.774000000000000000e+03
8.270000000000000000e+02 2.680000000000000000e+03
1.040000000000000000e+02 2.711000000000000000e+03
2.900000000000000000e+01 2.751000000000000000e+03
5.570000000000000000e+02 2.981000000000000000e+03
4.600000000000000000e+01 2.966000000000000000e+03
2.040000000000000000e+02 3.030000000000000000e+03
4.400000000000000000e+01 2.947000000000000000e+03
9.270000000000000000e+02 2.614000000000000000e+03
9.790000000000000000e+02 2.641000000000000000e+03
1.210000000000000000e+03 2.943000000000000000e+03
1.274000000000000000e+03 2.953000000000000000e+03
2.270000000000000000e+02 2.604000000000000000e+03
1.790000000000000000e+02 2.547000000000000000e+03
6.060000000000000000e+02 2.432000000000000000e+03
5.150000000000000000e+02 2.494000000000000000e+03
1.260000000000000000e+02 2.658000000000000000e+03
9.700000000000000000e+01 2.567000000000000000e+03
5.730000000000000000e+02 2.534000000000000000e+03
3.030000000000000000e+02 2.556000000000000000e+03
3.500000000000000000e+02 2.625000000000000000e+03
3.640000000000000000e+02 2.625000000000000000e+03
3.630000000000000000e+02 2.689000000000000000e+03
2.370000000000000000e+02 2.694000000000000000e+03
6.730000000000000000e+02 2.550000000000000000e+03
5.380000000000000000e+02 2.554000000000000000e+03
6.640000000000000000e+02 2.709000000000000000e+03
6.050000000000000000e+02 2.673000000000000000e+03
2.730000000000000000e+02 2.941000000000000000e+03
4.240000000000000000e+02 2.903000000000000000e+03
6.390000000000000000e+02 2.890000000000000000e+03
7.390000000000000000e+02 2.942000000000000000e+03
3.170000000000000000e+02 2.979000000000000000e+03
5.040000000000000000e+02 2.924000000000000000e+03
1.148000000000000000e+03 2.875000000000000000e+03
2.730000000000000000e+02 2.812000000000000000e+03
2.720000000000000000e+02 2.734000000000000000e+03
3.300000000000000000e+02 2.787000000000000000e+03
5.820000000000000000e+02 2.682000000000000000e+03
1.540000000000000000e+02 2.904000000000000000e+03
7.700000000000000000e+01 2.987000000000000000e+03
3.270000000000000000e+02 2.932000000000000000e+03
8.120000000000000000e+02 2.846000000000000000e+03
7.880000000000000000e+02 2.982000000000000000e+03
5.310000000000000000e+02 2.850000000000000000e+03
5.040000000000000000e+02 2.871000000000000000e+03
4.560000000000000000e+02 2.863000000000000000e+03
4.490000000000000000e+02 2.784000000000000000e+03
6.130000000000000000e+02 2.867000000000000000e+03
3.790000000000000000e+02 2.729000000000000000e+03
4.440000000000000000e+02 2.736000000000000000e+03
9.250000000000000000e+02 2.922000000000000000e+03
7.630000000000000000e+02 2.933000000000000000e+03
1.049000000000000000e+03 2.811000000000000000e+03
7.370000000000000000e+02 2.892000000000000000e+03
9.770000000000000000e+02 2.911000000000000000e+03
1.039000000000000000e+03 2.930000000000000000e+03
6.370000000000000000e+02 2.909000000000000000e+03
5.040000000000000000e+02 3.175000000000000000e+03
1.174000000000000000e+03 2.762000000000000000e+03
1.138000000000000000e+03 2.673000000000000000e+03
1.100000000000000000e+03 2.781000000000000000e+03
1.119000000000000000e+03 2.818000000000000000e+03
1.038000000000000000e+03 2.803000000000000000e+03
1.362000000000000000e+03 2.499000000000000000e+03
1.334000000000000000e+03 2.505000000000000000e+03
1.519000000000000000e+03 2.697000000000000000e+03
1.404000000000000000e+03 2.719000000000000000e+03
1.611000000000000000e+03 2.731000000000000000e+03
1.591000000000000000e+03 2.700000000000000000e+03
1.606000000000000000e+03 2.906000000000000000e+03
1.360000000000000000e+03 2.811000000000000000e+03
1.247000000000000000e+03 2.841000000000000000e+03
1.369000000000000000e+03 2.873000000000000000e+03
1.952000000000000000e+03 3.075000000000000000e+03
1.962000000000000000e+03 3.193000000000000000e+03
1.995000000000000000e+03 3.031000000000000000e+03
1.957000000000000000e+03 2.984000000000000000e+03
1.689000000000000000e+03 2.977000000000000000e+03
1.623000000000000000e+03 2.933000000000000000e+03
1.764000000000000000e+03 2.945000000000000000e+03
1.738000000000000000e+03 2.963000000000000000e+03
1.299000000000000000e+03 2.530000000000000000e+03
1.575000000000000000e+03 2.704000000000000000e+03
1.759000000000000000e+03 3.136000000000000000e+03
1.792000000000000000e+03 3.024000000000000000e+03
1.701000000000000000e+03 3.033000000000000000e+03
1.528000000000000000e+03 2.923000000000000000e+03
1.454000000000000000e+03 2.949000000000000000e+03
1.447000000000000000e+03 2.891000000000000000e+03
9.540000000000000000e+02 2.471000000000000000e+03
9.450000000000000000e+02 2.414000000000000000e+03
1.032000000000000000e+03 2.494000000000000000e+03
9.700000000000000000e+02 2.487000000000000000e+03
1.025000000000000000e+03 2.644000000000000000e+03
1.311000000000000000e+03 2.725000000000000000e+03
9.310000000000000000e+02 2.558000000000000000e+03
7.760000000000000000e+02 2.528000000000000000e+03
1.086000000000000000e+03 2.533000000000000000e+03
8.980000000000000000e+02 2.503000000000000000e+03
1.003000000000000000e+03 2.382000000000000000e+03
9.150000000000000000e+02 2.367000000000000000e+03
1.449000000000000000e+03 2.669000000000000000e+03
1.417000000000000000e+03 2.551000000000000000e+03
1.441000000000000000e+03 2.623000000000000000e+03
1.489000000000000000e+03 2.607000000000000000e+03
7.110000000000000000e+02 2.364000000000000000e+03
7.070000000000000000e+02 2.393000000000000000e+03
1.037000000000000000e+03 2.711000000000000000e+03
1.056000000000000000e+03 2.694000000000000000e+03
9.640000000000000000e+02 2.273000000000000000e+03
1.463000000000000000e+03 2.260000000000000000e+03
1.134000000000000000e+03 1.387000000000000000e+03
1.092000000000000000e+03 1.961000000000000000e+03
9.690000000000000000e+02 2.501000000000000000e+03
1.094000000000000000e+03 2.308000000000000000e+03
1.188000000000000000e+03 2.595000000000000000e+03
1.282000000000000000e+03 2.626000000000000000e+03
8.790000000000000000e+02 2.858000000000000000e+03
8.300000000000000000e+02 2.747000000000000000e+03
9.840000000000000000e+02 2.717000000000000000e+03
1.156000000000000000e+03 2.629000000000000000e+03
2.242000000000000000e+03 2.876000000000000000e+03
2.156000000000000000e+03 3.063000000000000000e+03
2.315000000000000000e+03 2.638000000000000000e+03
2.172000000000000000e+03 2.712000000000000000e+03
2.045000000000000000e+03 2.862000000000000000e+03
2.147000000000000000e+03 3.071000000000000000e+03
2.098000000000000000e+03 3.170000000000000000e+03
2.050000000000000000e+03 2.929000000000000000e+03
2.000000000000000000e+03 2.901000000000000000e+03
2.236000000000000000e+03 2.636000000000000000e+03
2.027000000000000000e+03 3.008000000000000000e+03
2.046000000000000000e+03 3.032000000000000000e+03
2.027000000000000000e+03 3.103000000000000000e+03
2.129000000000000000e+03 2.717000000000000000e+03
2.037000000000000000e+03 2.698000000000000000e+03
2.673000000000000000e+03 3.835000000000000000e+03
2.789000000000000000e+03 3.311000000000000000e+03
2.491000000000000000e+03 3.586000000000000000e+03
2.594000000000000000e+03 3.104000000000000000e+03
2.478000000000000000e+03 3.352000000000000000e+03
2.282000000000000000e+03 3.286000000000000000e+03
2.546000000000000000e+03 3.004000000000000000e+03
2.334000000000000000e+03 2.986000000000000000e+03
2.043000000000000000e+03 2.833000000000000000e+03
2.341000000000000000e+03 3.588000000000000000e+03
2.138000000000000000e+03 3.828000000000000000e+03
1.982000000000000000e+03 3.776000000000000000e+03
2.093000000000000000e+03 3.447000000000000000e+03
2.092000000000000000e+03 3.202000000000000000e+03
2.525000000000000000e+03 3.921000000000000000e+03
2.684000000000000000e+03 3.832000000000000000e+03
2.744000000000000000e+03 3.872000000000000000e+03
2.582000000000000000e+03 3.928000000000000000e+03
2.450000000000000000e+03 3.929000000000000000e+03
2.915000000000000000e+03 3.926000000000000000e+03
2.480000000000000000e+03 3.894000000000000000e+03
2.506000000000000000e+03 3.910000000000000000e+03
2.553000000000000000e+03 3.888000000000000000e+03
2.358000000000000000e+03 3.848000000000000000e+03
1.941000000000000000e+03 3.629000000000000000e+03
1.952000000000000000e+03 3.628000000000000000e+03
2.716000000000000000e+03 3.742000000000000000e+03
1.950000000000000000e+03 3.876000000000000000e+03
2.876000000000000000e+03 3.938000000000000000e+03
3.433000000000000000e+03 3.856000000000000000e+03
2.730000000000000000e+03 3.943000000000000000e+03
2.820000000000000000e+03 3.783000000000000000e+03
2.272000000000000000e+03 3.920000000000000000e+03
2.722000000000000000e+03 3.821000000000000000e+03
2.468000000000000000e+03 3.897000000000000000e+03
2.440000000000000000e+03 3.770000000000000000e+03
3.147000000000000000e+03 3.690000000000000000e+03
2.644000000000000000e+03 3.836000000000000000e+03
2.657000000000000000e+03 3.899000000000000000e+03
2.434000000000000000e+03 3.804000000000000000e+03
2.740000000000000000e+03 3.804000000000000000e+03
2.466000000000000000e+03 3.772000000000000000e+03
2.561000000000000000e+03 3.790000000000000000e+03
3.123000000000000000e+03 3.687000000000000000e+03
2.688000000000000000e+03 3.826000000000000000e+03
2.568000000000000000e+03 3.867000000000000000e+03
3.135000000000000000e+03 3.703000000000000000e+03
1.745000000000000000e+03 3.766000000000000000e+03
1.940000000000000000e+03 3.360000000000000000e+03
1.610000000000000000e+03 3.920000000000000000e+03
1.971000000000000000e+03 3.813000000000000000e+03
3.397000000000000000e+03 3.864000000000000000e+03
3.504000000000000000e+03 3.903000000000000000e+03
3.601000000000000000e+03 3.928000000000000000e+03
2.019000000000000000e+03 3.598000000000000000e+03
2.077000000000000000e+03 3.576000000000000000e+03
3.103000000000000000e+03 3.828000000000000000e+03
3.174000000000000000e+03 3.765000000000000000e+03
3.442000000000000000e+03 3.899000000000000000e+03
3.489000000000000000e+03 3.813000000000000000e+03
3.448000000000000000e+03 3.880000000000000000e+03
2.214000000000000000e+03 3.691000000000000000e+03
3.264000000000000000e+03 3.862000000000000000e+03
2.181000000000000000e+03 3.854000000000000000e+03
2.050000000000000000e+03 3.105000000000000000e+03
1.652000000000000000e+03 3.563000000000000000e+03
3.048000000000000000e+03 3.872000000000000000e+03
3.182000000000000000e+03 3.838000000000000000e+03
1.425000000000000000e+03 3.906000000000000000e+03
1.838000000000000000e+03 3.868000000000000000e+03
3.060000000000000000e+03 3.676000000000000000e+03
1.734000000000000000e+03 3.856000000000000000e+03
2.485000000000000000e+03 3.242000000000000000e+03
2.912000000000000000e+03 3.370000000000000000e+03
2.031000000000000000e+03 3.372000000000000000e+03
1.738000000000000000e+03 3.747000000000000000e+03
2.056000000000000000e+03 3.426000000000000000e+03
1.992000000000000000e+03 3.356000000000000000e+03
1.406000000000000000e+03 3.344000000000000000e+03
1.200000000000000000e+03 3.130000000000000000e+03
1.037000000000000000e+03 3.271000000000000000e+03
1.354000000000000000e+03 3.329000000000000000e+03
7.630000000000000000e+02 3.216000000000000000e+03
6.570000000000000000e+02 3.220000000000000000e+03
1.924000000000000000e+03 2.970000000000000000e+03
1.178000000000000000e+03 3.003000000000000000e+03
7.500000000000000000e+01 3.683000000000000000e+03
1.030000000000000000e+02 3.633000000000000000e+03
4.900000000000000000e+01 3.296000000000000000e+03
7.100000000000000000e+01 3.207000000000000000e+03
7.600000000000000000e+01 3.697000000000000000e+03
1.350000000000000000e+02 3.679000000000000000e+03
1.152000000000000000e+03 3.868000000000000000e+03
1.009000000000000000e+03 3.885000000000000000e+03
4.020000000000000000e+02 3.895000000000000000e+03
1.720000000000000000e+02 3.918000000000000000e+03
9.610000000000000000e+02 3.931000000000000000e+03
1.063000000000000000e+03 3.908000000000000000e+03
8.440000000000000000e+02 3.942000000000000000e+03
8.000000000000000000e+02 3.911000000000000000e+03
1.362000000000000000e+03 3.920000000000000000e+03
1.320000000000000000e+03 3.916000000000000000e+03
3.400000000000000000e+02 3.855000000000000000e+03
3.540000000000000000e+02 3.940000000000000000e+03
6.720000000000000000e+02 3.922000000000000000e+03
6.650000000000000000e+02 3.901000000000000000e+03
5.860000000000000000e+02 3.885000000000000000e+03
5.010000000000000000e+02 3.951000000000000000e+03
1.084000000000000000e+03 3.955000000000000000e+03
1.068000000000000000e+03 3.901000000000000000e+03
8.850000000000000000e+02 1.821000000000000000e+03
7.540000000000000000e+02 1.918000000000000000e+03
9.570000000000000000e+02 1.920000000000000000e+03
9.840000000000000000e+02 1.819000000000000000e+03
8.420000000000000000e+02 1.799000000000000000e+03
7.400000000000000000e+02 1.797000000000000000e+03
7.090000000000000000e+02 1.812000000000000000e+03
7.320000000000000000e+02 1.690000000000000000e+03
5.890000000000000000e+02 1.910000000000000000e+03
6.180000000000000000e+02 1.725000000000000000e+03
6.050000000000000000e+02 1.887000000000000000e+03
9.690000000000000000e+02 1.947000000000000000e+03
9.320000000000000000e+02 1.825000000000000000e+03
1.084000000000000000e+03 1.986000000000000000e+03
8.370000000000000000e+02 1.901000000000000000e+03
5.030000000000000000e+02 1.911000000000000000e+03
2.610000000000000000e+02 1.932000000000000000e+03
4.200000000000000000e+01 2.075000000000000000e+03
8.200000000000000000e+01 2.023000000000000000e+03
3.470000000000000000e+02 2.042000000000000000e+03
4.060000000000000000e+02 1.954000000000000000e+03
1.920000000000000000e+02 2.021000000000000000e+03
3.750000000000000000e+02 2.016000000000000000e+03
4.070000000000000000e+02 1.862000000000000000e+03
4.160000000000000000e+02 1.923000000000000000e+03
3.000000000000000000e+01 2.405000000000000000e+03
6.500000000000000000e+01 2.453000000000000000e+03
4.110000000000000000e+02 1.950000000000000000e+03
3.450000000000000000e+02 1.836000000000000000e+03
3.750000000000000000e+02 1.878000000000000000e+03
3.580000000000000000e+02 1.872000000000000000e+03
6.360000000000000000e+02 1.966000000000000000e+03
8.450000000000000000e+02 2.035000000000000000e+03
8.900000000000000000e+02 1.901000000000000000e+03
4.930000000000000000e+02 2.092000000000000000e+03
6.830000000000000000e+02 2.179000000000000000e+03
6.870000000000000000e+02 2.083000000000000000e+03
5.950000000000000000e+02 2.158000000000000000e+03
4.290000000000000000e+02 2.430000000000000000e+03
4.860000000000000000e+02 2.342000000000000000e+03
5.430000000000000000e+02 1.921000000000000000e+03
4.820000000000000000e+02 2.127000000000000000e+03
4.980000000000000000e+02 2.295000000000000000e+03
4.680000000000000000e+02 2.192000000000000000e+03
5.550000000000000000e+02 2.268000000000000000e+03
5.570000000000000000e+02 2.154000000000000000e+03
3.770000000000000000e+02 2.316000000000000000e+03
4.270000000000000000e+02 2.336000000000000000e+03
3.730000000000000000e+02 2.204000000000000000e+03
3.400000000000000000e+02 2.252000000000000000e+03
2.150000000000000000e+02 2.376000000000000000e+03
2.790000000000000000e+02 2.275000000000000000e+03
1.920000000000000000e+02 2.225000000000000000e+03
3.310000000000000000e+02 2.100000000000000000e+03
2.080000000000000000e+02 2.334000000000000000e+03
2.520000000000000000e+02 2.384000000000000000e+03
2.360000000000000000e+02 2.318000000000000000e+03
2.390000000000000000e+02 2.109000000000000000e+03
2.010000000000000000e+02 2.133000000000000000e+03
2.430000000000000000e+02 2.184000000000000000e+03
1.660000000000000000e+02 2.240000000000000000e+03
1.410000000000000000e+02 2.433000000000000000e+03
5.310000000000000000e+02 7.260000000000000000e+02
5.800000000000000000e+02 6.270000000000000000e+02
5.460000000000000000e+02 6.590000000000000000e+02
8.390000000000000000e+02 9.540000000000000000e+02
8.260000000000000000e+02 1.469000000000000000e+03
8.270000000000000000e+02 1.451000000000000000e+03
7.550000000000000000e+02 1.277000000000000000e+03
7.910000000000000000e+02 1.933000000000000000e+03
7.960000000000000000e+02 2.050000000000000000e+03
7.430000000000000000e+02 2.046000000000000000e+03
8.260000000000000000e+02 2.115000000000000000e+03
6.990000000000000000e+02 2.147000000000000000e+03
6.610000000000000000e+02 2.085000000000000000e+03
6.030000000000000000e+02 2.270000000000000000e+03
7.650000000000000000e+02 2.193000000000000000e+03
7.590000000000000000e+02 8.220000000000000000e+02
6.320000000000000000e+02 8.990000000000000000e+02
8.000000000000000000e+02 7.650000000000000000e+02
8.010000000000000000e+02 8.220000000000000000e+02
7.520000000000000000e+02 6.550000000000000000e+02
6.600000000000000000e+02 7.090000000000000000e+02
6.000000000000000000e+02 8.440000000000000000e+02
7.890000000000000000e+02 6.570000000000000000e+02
6.930000000000000000e+02 8.100000000000000000e+02
7.010000000000000000e+02 7.900000000000000000e+02
6.150000000000000000e+02 1.314000000000000000e+03
7.190000000000000000e+02 9.030000000000000000e+02
5.340000000000000000e+02 5.340000000000000000e+02
7.380000000000000000e+02 5.900000000000000000e+02
7.210000000000000000e+02 5.140000000000000000e+02
6.980000000000000000e+02 6.100000000000000000e+02
3.250000000000000000e+02 9.100000000000000000e+02
2.670000000000000000e+02 8.930000000000000000e+02
4.450000000000000000e+02 2.270000000000000000e+03
3.220000000000000000e+02 1.375000000000000000e+03
3.990000000000000000e+02 5.990000000000000000e+02
4.760000000000000000e+02 8.470000000000000000e+02
4.870000000000000000e+02 5.180000000000000000e+02
4.830000000000000000e+02 5.560000000000000000e+02
4.500000000000000000e+02 1.000000000000000000e+02
4.030000000000000000e+02 1.720000000000000000e+02
4.650000000000000000e+02 4.700000000000000000e+02
3.310000000000000000e+02 2.950000000000000000e+02
3.700000000000000000e+02 4.540000000000000000e+02
3.030000000000000000e+02 3.970000000000000000e+02
2.930000000000000000e+02 1.610000000000000000e+02
3.480000000000000000e+02 5.200000000000000000e+02
6.890000000000000000e+02 3.450000000000000000e+02
5.520000000000000000e+02 6.500000000000000000e+02
5.670000000000000000e+02 5.830000000000000000e+02
6.680000000000000000e+02 7.000000000000000000e+01
2.870000000000000000e+02 6.960000000000000000e+02
5.190000000000000000e+02 9.810000000000000000e+02
3.460000000000000000e+02 7.640000000000000000e+02
3.430000000000000000e+02 8.190000000000000000e+02
5.160000000000000000e+02 8.030000000000000000e+02
4.310000000000000000e+02 7.840000000000000000e+02
3.800000000000000000e+02 8.080000000000000000e+02
4.310000000000000000e+02 7.410000000000000000e+02
5.320000000000000000e+02 1.860000000000000000e+02
4.530000000000000000e+02 3.750000000000000000e+02
4.940000000000000000e+02 2.490000000000000000e+02
5.410000000000000000e+02 6.200000000000000000e+01
3.812000000000000000e+03 2.734000000000000000e+03
3.740000000000000000e+03 2.736000000000000000e+03
3.783000000000000000e+03 2.805000000000000000e+03
3.870000000000000000e+03 2.622000000000000000e+03
3.690000000000000000e+03 2.719000000000000000e+03
3.969000000000000000e+03 3.303000000000000000e+03
3.593000000000000000e+03 2.883000000000000000e+03
3.681000000000000000e+03 2.660000000000000000e+03
3.778000000000000000e+03 2.536000000000000000e+03
3.571000000000000000e+03 2.530000000000000000e+03
3.632000000000000000e+03 2.570000000000000000e+03
3.648000000000000000e+03 2.558000000000000000e+03
3.419000000000000000e+03 2.615000000000000000e+03
3.626000000000000000e+03 2.620000000000000000e+03
3.508000000000000000e+03 2.672000000000000000e+03
3.438000000000000000e+03 2.631000000000000000e+03
3.535000000000000000e+03 2.740000000000000000e+03
3.414000000000000000e+03 2.789000000000000000e+03
3.630000000000000000e+03 2.781000000000000000e+03
3.894000000000000000e+03 2.601000000000000000e+03
3.341000000000000000e+03 2.721000000000000000e+03
3.959000000000000000e+03 2.658000000000000000e+03
3.657000000000000000e+03 2.611000000000000000e+03
3.882000000000000000e+03 2.945000000000000000e+03
3.847000000000000000e+03 3.082000000000000000e+03
3.978000000000000000e+03 3.401000000000000000e+03
3.649000000000000000e+03 2.989000000000000000e+03
3.802000000000000000e+03 2.868000000000000000e+03
3.828000000000000000e+03 2.861000000000000000e+03
3.663000000000000000e+03 2.954000000000000000e+03
3.921000000000000000e+03 3.042000000000000000e+03
3.446000000000000000e+03 2.084000000000000000e+03
3.576000000000000000e+03 2.523000000000000000e+03
3.798000000000000000e+03 2.514000000000000000e+03
3.961000000000000000e+03 2.499000000000000000e+03
3.616000000000000000e+03 2.452000000000000000e+03
3.569000000000000000e+03 2.180000000000000000e+03
3.815000000000000000e+03 2.329000000000000000e+03
3.805000000000000000e+03 2.340000000000000000e+03
3.686000000000000000e+03 2.246000000000000000e+03
3.485000000000000000e+03 1.962000000000000000e+03
3.675000000000000000e+03 2.323000000000000000e+03
3.702000000000000000e+03 2.381000000000000000e+03
3.333000000000000000e+03 2.305000000000000000e+03
3.508000000000000000e+03 2.458000000000000000e+03
3.596000000000000000e+03 2.447000000000000000e+03
3.730000000000000000e+03 2.150000000000000000e+03
3.583000000000000000e+03 2.100000000000000000e+03
3.785000000000000000e+03 2.118000000000000000e+03
3.491000000000000000e+03 2.149000000000000000e+03
3.542000000000000000e+03 1.889000000000000000e+03
3.746000000000000000e+03 2.196000000000000000e+03
3.650000000000000000e+03 2.105000000000000000e+03
3.697000000000000000e+03 2.092000000000000000e+03
3.592000000000000000e+03 2.315000000000000000e+03
3.345000000000000000e+03 2.343000000000000000e+03
3.687000000000000000e+03 2.209000000000000000e+03
3.489000000000000000e+03 2.272000000000000000e+03
3.805000000000000000e+03 2.236000000000000000e+03
3.737000000000000000e+03 2.268000000000000000e+03
3.600000000000000000e+03 2.247000000000000000e+03
3.893000000000000000e+03 2.206000000000000000e+03
3.500000000000000000e+03 1.919000000000000000e+03
3.436000000000000000e+03 2.025000000000000000e+03
3.535000000000000000e+03 1.987000000000000000e+03
3.678000000000000000e+03 1.888000000000000000e+03
3.512000000000000000e+03 1.987000000000000000e+03
3.415000000000000000e+03 2.012000000000000000e+03
3.439000000000000000e+03 1.979000000000000000e+03
3.444000000000000000e+03 1.799000000000000000e+03
3.454000000000000000e+03 1.775000000000000000e+03
3.481000000000000000e+03 1.768000000000000000e+03
3.516000000000000000e+03 2.001000000000000000e+03
3.479000000000000000e+03 1.811000000000000000e+03
3.582000000000000000e+03 1.694000000000000000e+03
3.562000000000000000e+03 1.685000000000000000e+03
3.463000000000000000e+03 1.669000000000000000e+03
3.456000000000000000e+03 2.111000000000000000e+03
3.613000000000000000e+03 2.079000000000000000e+03
3.658000000000000000e+03 2.134000000000000000e+03
3.696000000000000000e+03 2.056000000000000000e+03
3.387000000000000000e+03 1.917000000000000000e+03
3.296000000000000000e+03 2.008000000000000000e+03
3.173000000000000000e+03 2.068000000000000000e+03
3.670000000000000000e+03 1.858000000000000000e+03
3.768000000000000000e+03 1.963000000000000000e+03
3.708000000000000000e+03 1.984000000000000000e+03
3.377000000000000000e+03 1.994000000000000000e+03
3.728000000000000000e+03 2.024000000000000000e+03
3.611000000000000000e+03 1.988000000000000000e+03
3.659000000000000000e+03 1.854000000000000000e+03
3.845000000000000000e+03 1.906000000000000000e+03
3.338000000000000000e+03 2.051000000000000000e+03
3.464000000000000000e+03 2.182000000000000000e+03
3.337000000000000000e+03 2.118000000000000000e+03
3.217000000000000000e+03 2.156000000000000000e+03
3.258000000000000000e+03 2.168000000000000000e+03
3.216000000000000000e+03 2.346000000000000000e+03
3.219000000000000000e+03 2.363000000000000000e+03
3.293000000000000000e+03 2.495000000000000000e+03
3.421000000000000000e+03 2.145000000000000000e+03
3.342000000000000000e+03 2.356000000000000000e+03
3.310000000000000000e+03 2.314000000000000000e+03
3.290000000000000000e+03 2.392000000000000000e+03
3.251000000000000000e+03 2.273000000000000000e+03
3.497000000000000000e+03 2.495000000000000000e+03
3.491000000000000000e+03 2.501000000000000000e+03
3.404000000000000000e+03 2.703000000000000000e+03
3.188000000000000000e+03 2.573000000000000000e+03
3.441000000000000000e+03 2.587000000000000000e+03
3.426000000000000000e+03 2.508000000000000000e+03
3.325000000000000000e+03 2.599000000000000000e+03
3.254000000000000000e+03 2.474000000000000000e+03
3.298000000000000000e+03 2.377000000000000000e+03
3.417000000000000000e+03 2.428000000000000000e+03
3.576000000000000000e+03 2.367000000000000000e+03
3.467000000000000000e+03 2.352000000000000000e+03
3.356000000000000000e+03 2.491000000000000000e+03
3.428000000000000000e+03 2.254000000000000000e+03
3.268000000000000000e+03 2.339000000000000000e+03
3.321000000000000000e+03 2.360000000000000000e+03
3.297000000000000000e+03 2.123000000000000000e+03
3.361000000000000000e+03 2.177000000000000000e+03
3.540000000000000000e+03 2.371000000000000000e+03
3.475000000000000000e+03 2.539000000000000000e+03
1.189000000000000000e+03 8.670000000000000000e+02
1.098000000000000000e+03 4.040000000000000000e+02
9.160000000000000000e+02 2.550000000000000000e+02
9.630000000000000000e+02 5.450000000000000000e+02
1.121000000000000000e+03 5.740000000000000000e+02
1.103000000000000000e+03 4.190000000000000000e+02
1.147000000000000000e+03 5.360000000000000000e+02
1.207000000000000000e+03 6.300000000000000000e+02
1.057000000000000000e+03 6.130000000000000000e+02
1.031000000000000000e+03 6.330000000000000000e+02
9.600000000000000000e+02 3.700000000000000000e+02
8.310000000000000000e+02 2.580000000000000000e+02
1.064000000000000000e+03 5.770000000000000000e+02
1.210000000000000000e+03 6.180000000000000000e+02
8.950000000000000000e+02 5.050000000000000000e+02
1.407000000000000000e+03 1.826000000000000000e+03
1.223000000000000000e+03 1.303000000000000000e+03
1.220000000000000000e+03 1.097000000000000000e+03
1.163000000000000000e+03 1.505000000000000000e+03
1.248000000000000000e+03 8.820000000000000000e+02
1.286000000000000000e+03 8.360000000000000000e+02
1.367000000000000000e+03 8.660000000000000000e+02
1.393000000000000000e+03 1.126000000000000000e+03
1.247000000000000000e+03 8.210000000000000000e+02
1.254000000000000000e+03 1.977000000000000000e+03
1.353000000000000000e+03 1.494000000000000000e+03
1.340000000000000000e+03 1.458000000000000000e+03
1.240000000000000000e+03 7.400000000000000000e+02
1.320000000000000000e+03 7.410000000000000000e+02
1.162000000000000000e+03 1.090000000000000000e+03
1.320000000000000000e+03 1.276000000000000000e+03
1.499000000000000000e+03 1.631000000000000000e+03
1.116000000000000000e+03 1.352000000000000000e+03
1.833000000000000000e+03 1.524000000000000000e+03
1.784000000000000000e+03 3.800000000000000000e+01
1.872000000000000000e+03 3.820000000000000000e+02
1.320000000000000000e+03 1.967000000000000000e+03
2.044000000000000000e+03 1.044000000000000000e+03
1.117000000000000000e+03 7.940000000000000000e+02
1.221000000000000000e+03 1.433000000000000000e+03
1.067000000000000000e+03 1.391000000000000000e+03
1.046000000000000000e+03 8.370000000000000000e+02
1.095000000000000000e+03 1.928000000000000000e+03
1.163000000000000000e+03 1.319000000000000000e+03
1.558000000000000000e+03 1.594000000000000000e+03
1.583000000000000000e+03 1.829000000000000000e+03
2.289000000000000000e+03 1.666000000000000000e+03
2.030000000000000000e+03 1.485000000000000000e+03
1.129000000000000000e+03 1.754000000000000000e+03
1.532000000000000000e+03 1.531000000000000000e+03
1.103000000000000000e+03 1.065000000000000000e+03
1.306000000000000000e+03 9.990000000000000000e+02
1.143000000000000000e+03 1.535000000000000000e+03
1.281000000000000000e+03 1.968000000000000000e+03
1.651000000000000000e+03 1.022000000000000000e+03
2.680000000000000000e+03 9.740000000000000000e+02
1.929000000000000000e+03 1.738000000000000000e+03
1.859000000000000000e+03 1.533000000000000000e+03
3.811000000000000000e+03 1.740000000000000000e+03
3.819000000000000000e+03 1.810000000000000000e+03
3.720000000000000000e+03 1.753000000000000000e+03
3.721000000000000000e+03 1.706000000000000000e+03
2.459000000000000000e+03 1.914000000000000000e+03
2.695000000000000000e+03 2.568000000000000000e+03
2.584000000000000000e+03 2.162000000000000000e+03
2.321000000000000000e+03 1.638000000000000000e+03
2.429000000000000000e+03 1.737000000000000000e+03
2.300000000000000000e+03 1.761000000000000000e+03
1.753000000000000000e+03 1.492000000000000000e+03
2.717000000000000000e+03 2.487000000000000000e+03
2.721000000000000000e+03 2.576000000000000000e+03
2.647000000000000000e+03 2.181000000000000000e+03
2.789000000000000000e+03 2.552000000000000000e+03
2.637000000000000000e+03 2.123000000000000000e+03
2.767000000000000000e+03 2.570000000000000000e+03
2.834000000000000000e+03 2.568000000000000000e+03
2.829000000000000000e+03 2.544000000000000000e+03
2.932000000000000000e+03 2.260000000000000000e+03
2.890000000000000000e+03 2.211000000000000000e+03
2.714000000000000000e+03 1.887000000000000000e+03
2.543000000000000000e+03 2.147000000000000000e+03
2.934000000000000000e+03 2.115000000000000000e+03
1.058000000000000000e+03 2.992000000000000000e+03
2.789000000000000000e+03 2.212000000000000000e+03
2.499000000000000000e+03 1.550000000000000000e+03
7.870000000000000000e+02 3.554000000000000000e+03
1.490000000000000000e+02 3.951000000000000000e+03
2.968000000000000000e+03 2.423000000000000000e+03
2.949000000000000000e+03 2.357000000000000000e+03
2.827000000000000000e+03 2.379000000000000000e+03
2.839000000000000000e+03 2.440000000000000000e+03
2.848000000000000000e+03 2.471000000000000000e+03
2.883000000000000000e+03 2.437000000000000000e+03
2.996000000000000000e+03 1.982000000000000000e+03
2.391000000000000000e+03 2.174000000000000000e+03
2.871000000000000000e+03 1.841000000000000000e+03
3.265000000000000000e+03 1.890000000000000000e+03
3.238000000000000000e+03 1.830000000000000000e+03
3.303000000000000000e+03 1.735000000000000000e+03
2.951000000000000000e+03 1.864000000000000000e+03
3.122000000000000000e+03 1.852000000000000000e+03
3.067000000000000000e+03 1.833000000000000000e+03
2.962000000000000000e+03 1.862000000000000000e+03
3.809000000000000000e+03 1.655000000000000000e+03
3.162000000000000000e+03 1.775000000000000000e+03
2.350000000000000000e+03 1.510000000000000000e+03
2.886000000000000000e+03 1.527000000000000000e+03
2.657000000000000000e+03 1.846000000000000000e+03
2.604000000000000000e+03 1.766000000000000000e+03
1.270000000000000000e+02 2.209000000000000000e+03
3.900000000000000000e+01 2.293000000000000000e+03
2.858000000000000000e+03 2.066000000000000000e+03
1.670000000000000000e+02 2.127000000000000000e+03
3.036000000000000000e+03 1.808000000000000000e+03
2.774000000000000000e+03 1.855000000000000000e+03
3.046000000000000000e+03 1.888000000000000000e+03
2.855000000000000000e+03 1.988000000000000000e+03
3.015000000000000000e+03 2.013000000000000000e+03
1.149000000000000000e+03 2.103000000000000000e+03
1.025000000000000000e+03 2.050000000000000000e+03
4.860000000000000000e+02 2.017000000000000000e+03
1.112000000000000000e+03 2.097000000000000000e+03
7.850000000000000000e+02 2.127000000000000000e+03
1.032000000000000000e+03 2.175000000000000000e+03
8.470000000000000000e+02 2.120000000000000000e+03
1.812000000000000000e+03 2.359000000000000000e+03
2.015000000000000000e+03 2.366000000000000000e+03
2.435000000000000000e+03 2.238000000000000000e+03
1.132000000000000000e+03 1.458000000000000000e+03
2.530000000000000000e+03 2.150000000000000000e+03
2.451000000000000000e+03 2.237000000000000000e+03
2.449000000000000000e+03 2.238000000000000000e+03
2.707000000000000000e+03 2.197000000000000000e+03
2.734000000000000000e+03 2.235000000000000000e+03
1.866000000000000000e+03 1.786000000000000000e+03
1.884000000000000000e+03 2.193000000000000000e+03
2.401000000000000000e+03 2.281000000000000000e+03
1.796000000000000000e+03 2.458000000000000000e+03
2.376000000000000000e+03 2.156000000000000000e+03
2.491000000000000000e+03 2.129000000000000000e+03
2.785000000000000000e+03 2.609000000000000000e+03
1.929000000000000000e+03 2.212000000000000000e+03
2.003000000000000000e+03 2.233000000000000000e+03
2.488000000000000000e+03 2.347000000000000000e+03
2.429000000000000000e+03 2.242000000000000000e+03
2.326000000000000000e+03 2.223000000000000000e+03
2.490000000000000000e+03 2.242000000000000000e+03
2.253000000000000000e+03 1.863000000000000000e+03
1.878000000000000000e+03 2.324000000000000000e+03
1.873000000000000000e+03 2.364000000000000000e+03
2.030000000000000000e+03 2.373000000000000000e+03
1.913000000000000000e+03 2.414000000000000000e+03
1.786000000000000000e+03 2.196000000000000000e+03
2.114000000000000000e+03 2.394000000000000000e+03
2.124000000000000000e+03 2.423000000000000000e+03
1.765000000000000000e+03 2.025000000000000000e+03
2.038000000000000000e+03 1.865000000000000000e+03
2.104000000000000000e+03 2.101000000000000000e+03
2.049000000000000000e+03 2.019000000000000000e+03
2.287000000000000000e+03 1.993000000000000000e+03
2.072000000000000000e+03 1.713000000000000000e+03
2.042000000000000000e+03 2.155000000000000000e+03
2.177000000000000000e+03 2.076000000000000000e+03
2.055000000000000000e+03 2.094000000000000000e+03
2.106000000000000000e+03 2.190000000000000000e+03
2.533000000000000000e+03 2.614000000000000000e+03
1.980000000000000000e+03 1.585000000000000000e+03
2.146000000000000000e+03 2.253000000000000000e+03
1.997000000000000000e+03 2.162000000000000000e+03
2.560000000000000000e+03 2.601000000000000000e+03
2.031000000000000000e+03 1.853000000000000000e+03
2.006000000000000000e+03 1.959000000000000000e+03
2.269000000000000000e+03 2.133000000000000000e+03
2.190000000000000000e+03 2.068000000000000000e+03
1.966000000000000000e+03 1.970000000000000000e+03
1.751000000000000000e+03 1.761000000000000000e+03
2.081000000000000000e+03 2.191000000000000000e+03
1.925000000000000000e+03 1.709000000000000000e+03
1.754000000000000000e+03 1.870000000000000000e+03
2.443000000000000000e+03 2.499000000000000000e+03
2.072000000000000000e+03 2.099000000000000000e+03
1.938000000000000000e+03 2.361000000000000000e+03
2.130000000000000000e+03 2.319000000000000000e+03
2.678000000000000000e+03 2.626000000000000000e+03
2.666000000000000000e+03 2.677000000000000000e+03
2.599000000000000000e+03 2.600000000000000000e+03
2.007000000000000000e+03 1.676000000000000000e+03
2.024000000000000000e+03 2.164000000000000000e+03
1.762000000000000000e+03 2.342000000000000000e+03
1.428000000000000000e+03 2.282000000000000000e+03
1.541000000000000000e+03 2.320000000000000000e+03
1.459000000000000000e+03 2.170000000000000000e+03
1.907000000000000000e+03 2.340000000000000000e+03
1.446000000000000000e+03 1.708000000000000000e+03
1.388000000000000000e+03 2.249000000000000000e+03
1.723000000000000000e+03 2.241000000000000000e+03
1.260000000000000000e+03 2.389000000000000000e+03
1.275000000000000000e+03 2.411000000000000000e+03
1.499000000000000000e+03 2.283000000000000000e+03
1.554000000000000000e+03 2.230000000000000000e+03
1.334000000000000000e+03 1.304000000000000000e+03
2.266000000000000000e+03 2.466000000000000000e+03
1.772000000000000000e+03 2.069000000000000000e+03
1.770000000000000000e+03 2.144000000000000000e+03
1.620000000000000000e+03 2.404000000000000000e+03
1.604000000000000000e+03 1.972000000000000000e+03
2.138000000000000000e+03 2.242000000000000000e+03
2.287000000000000000e+03 2.527000000000000000e+03
1.572000000000000000e+03 2.321000000000000000e+03
1.537000000000000000e+03 1.937000000000000000e+03
1.909000000000000000e+03 1.913000000000000000e+03
1.771000000000000000e+03 4.710000000000000000e+02
1.633000000000000000e+03 2.408000000000000000e+03
1.351000000000000000e+03 1.816000000000000000e+03
1.595000000000000000e+03 2.367000000000000000e+03
1.465000000000000000e+03 2.389000000000000000e+03
2.519000000000000000e+03 2.710000000000000000e+03
1.715000000000000000e+03 1.868000000000000000e+03
1.814000000000000000e+03 2.700000000000000000e+03
1.802000000000000000e+03 2.688000000000000000e+03
1.848000000000000000e+03 2.665000000000000000e+03
1.789000000000000000e+03 2.680000000000000000e+03
1.819000000000000000e+03 2.757000000000000000e+03
1.994000000000000000e+03 2.682000000000000000e+03
2.011000000000000000e+03 2.781000000000000000e+03
2.300000000000000000e+03 2.755000000000000000e+03
1.628000000000000000e+03 2.094000000000000000e+03
1.327000000000000000e+03 1.541000000000000000e+03
1.624000000000000000e+03 2.056000000000000000e+03
1.664000000000000000e+03 1.556000000000000000e+03
1.598000000000000000e+03 2.109000000000000000e+03
1.848000000000000000e+03 1.572000000000000000e+03
1.543000000000000000e+03 2.131000000000000000e+03
1.599000000000000000e+03 1.756000000000000000e+03
1.822000000000000000e+03 2.107000000000000000e+03
1.737000000000000000e+03 1.120000000000000000e+03
1.494000000000000000e+03 1.791000000000000000e+03
2.378000000000000000e+03 2.318000000000000000e+03
2.014000000000000000e+03 1.962000000000000000e+03
1.737000000000000000e+03 2.077000000000000000e+03
1.685000000000000000e+03 2.076000000000000000e+03
1.530000000000000000e+03 8.390000000000000000e+02
2.218000000000000000e+03 2.188000000000000000e+03
2.249000000000000000e+03 2.521000000000000000e+03
1.364000000000000000e+03 1.505000000000000000e+03
1.678000000000000000e+03 1.888000000000000000e+03
1.960000000000000000e+03 2.495000000000000000e+03
2.093000000000000000e+03 1.873000000000000000e+03
1.658000000000000000e+03 2.053000000000000000e+03
1.717000000000000000e+03 1.573000000000000000e+03
2.072000000000000000e+03 7.300000000000000000e+02
2.154000000000000000e+03 2.860000000000000000e+03
2.100000000000000000e+02 1.010000000000000000e+03
9.800000000000000000e+01 3.020000000000000000e+03
2.000000000000000000e+03 0.000000000000000000e+00
2.100000000000000000e+02 1.400000000000000000e+02
1.000000000000000000e+00 0.000000000000000000e+00
3.875000000000000000e+03 0.000000000000000000e+00
