2.793000000000000000e+03 1.627000000000000000e+03
2.736000000000000000e+03 1.720000000000000000e+03
2.746000000000000000e+03 1.768000000000000000e+03
2.585000000000000000e+03 1.699000000000000000e+03
2.934000000000000000e+03 1.782000000000000000e+03
2.750000000000000000e+03 1.794000000000000000e+03
2.700000000000000000e+03 1.339000000000000000e+03
2.755000000000000000e+03 1.512000000000000000e+03
2.649000000000000000e+03 1.345000000000000000e+03
2.750000000000000000e+03 1.587000000000000000e+03
2.699000000000000000e+03 1.418000000000000000e+03
2.683000000000000000e+03 1.794000000000000000e+03
2.766000000000000000e+03 1.849000000000000000e+03
2.975000000000000000e+03 1.851000000000000000e+03
2.963000000000000000e+03 1.883000000000000000e+03
2.744000000000000000e+03 1.510000000000000000e+03
2.598000000000000000e+03 1.304000000000000000e+03
2.609000000000000000e+03 1.533000000000000000e+03
2.659000000000000000e+03 1.480000000000000000e+03
2.935000000000000000e+03 1.404000000000000000e+03
3.076000000000000000e+03 1.424000000000000000e+03
3.003000000000000000e+03 1.539000000000000000e+03
2.839000000000000000e+03 1.263000000000000000e+03
2.674000000000000000e+03 1.168000000000000000e+03
2.634000000000000000e+03 1.750000000000000000e+03
2.602000000000000000e+03 1.850000000000000000e+03
2.677000000000000000e+03 1.928000000000000000e+03
2.636000000000000000e+03 1.584000000000000000e+03
2.592000000000000000e+03 1.465000000000000000e+03
2.624000000000000000e+03 1.405000000000000000e+03
2.585000000000000000e+03 1.504000000000000000e+03
3.849000000000000000e+03 3.913000000000000000e+03
3.906000000000000000e+03 3.922000000000000000e+03
3.949000000000000000e+03 3.892000000000000000e+03
3.786000000000000000e+03 3.944000000000000000e+03
3.765000000000000000e+03 3.941000000000000000e+03
3.695000000000000000e+03 3.671000000000000000e+03
3.764000000000000000e+03 3.928000000000000000e+03
2.655000000000000000e+03 3.197000000000000000e+03
3.042000000000000000e+03 3.176000000000000000e+03
3.618000000000000000e+03 3.965000000000000000e+03
3.242000000000000000e+03 3.104000000000000000e+03
3.645000000000000000e+03 3.935000000000000000e+03
3.536000000000000000e+03 3.706000000000000000e+03
3.591000000000000000e+03 3.738000000000000000e+03
3.558000000000000000e+03 3.787000000000000000e+03
2.958000000000000000e+03 2.472000000000000000e+03
2.969000000000000000e+03 2.416000000000000000e+03
2.913000000000000000e+03 2.470000000000000000e+03
3.037000000000000000e+03 2.459000000000000000e+03
2.909000000000000000e+03 2.361000000000000000e+03
2.938000000000000000e+03 2.293000000000000000e+03
2.925000000000000000e+03 2.330000000000000000e+03
2.962000000000000000e+03 2.311000000000000000e+03
3.003000000000000000e+03 2.250000000000000000e+03
3.081000000000000000e+03 1.760000000000000000e+03
3.032000000000000000e+03 2.207000000000000000e+03
3.058000000000000000e+03 2.007000000000000000e+03
3.160000000000000000e+03 2.301000000000000000e+03
3.128000000000000000e+03 2.092000000000000000e+03
3.069000000000000000e+03 2.340000000000000000e+03
2.903000000000000000e+03 1.690000000000000000e+03
2.789000000000000000e+03 5.500000000000000000e+02
2.864000000000000000e+03 5.780000000000000000e+02
2.885000000000000000e+03 5.600000000000000000e+02
2.683000000000000000e+03 1.051000000000000000e+03
2.460000000000000000e+03 1.053000000000000000e+03
2.884000000000000000e+03 5.160000000000000000e+02
2.766000000000000000e+03 6.440000000000000000e+02
2.687000000000000000e+03 1.147000000000000000e+03
2.747000000000000000e+03 1.081000000000000000e+03
2.860000000000000000e+03 8.250000000000000000e+02
2.874000000000000000e+03 7.150000000000000000e+02
2.856000000000000000e+03 1.344000000000000000e+03
2.840000000000000000e+03 1.578000000000000000e+03
2.917000000000000000e+03 1.436000000000000000e+03
2.833000000000000000e+03 1.278000000000000000e+03
3.047000000000000000e+03 7.370000000000000000e+02
2.997000000000000000e+03 1.052000000000000000e+03
2.734000000000000000e+03 1.158000000000000000e+03
2.523000000000000000e+03 1.066000000000000000e+03
2.624000000000000000e+03 9.560000000000000000e+02
2.512000000000000000e+03 1.147000000000000000e+03
2.954000000000000000e+03 6.820000000000000000e+02
2.970000000000000000e+03 6.290000000000000000e+02
3.061000000000000000e+03 7.730000000000000000e+02
3.057000000000000000e+03 8.670000000000000000e+02
3.036000000000000000e+03 9.080000000000000000e+02
2.895000000000000000e+03 9.900000000000000000e+02
2.330000000000000000e+03 1.105000000000000000e+03
2.464000000000000000e+03 1.054000000000000000e+03
3.048000000000000000e+03 9.340000000000000000e+02
2.287000000000000000e+03 8.860000000000000000e+02
2.907000000000000000e+03 1.254000000000000000e+03
2.820000000000000000e+03 1.221000000000000000e+03
2.960000000000000000e+03 1.541000000000000000e+03
2.741000000000000000e+03 1.506000000000000000e+03
2.768000000000000000e+03 1.415000000000000000e+03
2.490000000000000000e+03 1.227000000000000000e+03
2.470000000000000000e+03 1.097000000000000000e+03
2.549000000000000000e+03 1.210000000000000000e+03
3.016000000000000000e+03 9.690000000000000000e+02
2.865000000000000000e+03 1.119000000000000000e+03
3.039000000000000000e+03 1.248000000000000000e+03
3.095000000000000000e+03 1.175000000000000000e+03
2.795000000000000000e+03 9.030000000000000000e+02
2.850000000000000000e+03 9.320000000000000000e+02
2.948000000000000000e+03 1.025000000000000000e+03
2.923000000000000000e+03 7.070000000000000000e+02
3.036000000000000000e+03 1.324000000000000000e+03
2.980000000000000000e+03 1.280000000000000000e+03
3.029000000000000000e+03 1.670000000000000000e+03
3.080000000000000000e+03 1.593000000000000000e+03
2.898000000000000000e+03 1.291000000000000000e+03
2.673000000000000000e+03 1.260000000000000000e+03
2.952000000000000000e+03 1.555000000000000000e+03
2.954000000000000000e+03 1.701000000000000000e+03
2.890000000000000000e+03 1.246000000000000000e+03
2.669000000000000000e+03 1.275000000000000000e+03
2.572000000000000000e+03 1.146000000000000000e+03
2.773000000000000000e+03 1.004000000000000000e+03
2.965000000000000000e+03 1.085000000000000000e+03
3.045000000000000000e+03 1.557000000000000000e+03
2.772000000000000000e+03 1.366000000000000000e+03
2.809000000000000000e+03 1.293000000000000000e+03
2.080000000000000000e+03 1.105000000000000000e+03
2.109000000000000000e+03 1.748000000000000000e+03
2.029000000000000000e+03 1.790000000000000000e+03
2.261000000000000000e+03 1.917000000000000000e+03
2.187000000000000000e+03 1.902000000000000000e+03
2.031000000000000000e+03 1.747000000000000000e+03
2.051000000000000000e+03 1.522000000000000000e+03
2.192000000000000000e+03 1.751000000000000000e+03
2.250000000000000000e+03 1.630000000000000000e+03
2.078000000000000000e+03 1.234000000000000000e+03
1.992000000000000000e+03 1.086000000000000000e+03
2.063000000000000000e+03 1.852000000000000000e+03
2.125000000000000000e+03 1.436000000000000000e+03
2.249000000000000000e+03 1.886000000000000000e+03
2.254000000000000000e+03 1.787000000000000000e+03
1.662000000000000000e+03 1.941000000000000000e+03
1.714000000000000000e+03 1.932000000000000000e+03
2.383000000000000000e+03 1.891000000000000000e+03
2.240000000000000000e+03 1.651000000000000000e+03
2.090000000000000000e+03 1.305000000000000000e+03
2.086000000000000000e+03 1.351000000000000000e+03
2.202000000000000000e+03 1.337000000000000000e+03
2.224000000000000000e+03 1.478000000000000000e+03
2.165000000000000000e+03 1.646000000000000000e+03
2.141000000000000000e+03 1.486000000000000000e+03
2.025000000000000000e+03 1.111000000000000000e+03
2.183000000000000000e+03 1.409000000000000000e+03
1.219000000000000000e+03 1.076000000000000000e+03
1.160000000000000000e+03 1.247000000000000000e+03
2.032000000000000000e+03 1.795000000000000000e+03
1.987000000000000000e+03 1.775000000000000000e+03
2.423000000000000000e+03 1.479000000000000000e+03
2.453000000000000000e+03 1.663000000000000000e+03
2.422000000000000000e+03 1.774000000000000000e+03
2.750000000000000000e+03 1.657000000000000000e+03
2.836000000000000000e+03 1.734000000000000000e+03
2.141000000000000000e+03 1.155000000000000000e+03
2.526000000000000000e+03 1.383000000000000000e+03
2.573000000000000000e+03 1.893000000000000000e+03
2.482000000000000000e+03 1.921000000000000000e+03
2.463000000000000000e+03 1.802000000000000000e+03
2.428000000000000000e+03 1.871000000000000000e+03
2.414000000000000000e+03 1.710000000000000000e+03
2.365000000000000000e+03 1.698000000000000000e+03
2.197000000000000000e+03 1.441000000000000000e+03
2.272000000000000000e+03 1.436000000000000000e+03
2.943000000000000000e+03 2.100000000000000000e+03
2.973000000000000000e+03 2.105000000000000000e+03
2.992000000000000000e+03 2.015000000000000000e+03
2.899000000000000000e+03 2.154000000000000000e+03
2.548000000000000000e+03 1.648000000000000000e+03
2.469000000000000000e+03 1.558000000000000000e+03
2.864000000000000000e+03 1.994000000000000000e+03
2.883000000000000000e+03 2.016000000000000000e+03
2.619000000000000000e+03 1.709000000000000000e+03
2.534000000000000000e+03 1.199000000000000000e+03
2.600000000000000000e+03 1.526000000000000000e+03
2.463000000000000000e+03 1.493000000000000000e+03
2.361000000000000000e+03 1.377000000000000000e+03
2.508000000000000000e+03 1.623000000000000000e+03
2.649000000000000000e+03 1.771000000000000000e+03
2.451000000000000000e+03 1.732000000000000000e+03
2.240000000000000000e+03 1.063000000000000000e+03
2.353000000000000000e+03 1.040000000000000000e+03
2.642000000000000000e+03 7.100000000000000000e+02
2.167000000000000000e+03 6.640000000000000000e+02
1.838000000000000000e+03 6.990000000000000000e+02
2.469000000000000000e+03 6.690000000000000000e+02
2.461000000000000000e+03 7.050000000000000000e+02
2.444000000000000000e+03 1.319000000000000000e+03
2.395000000000000000e+03 1.280000000000000000e+03
2.404000000000000000e+03 1.226000000000000000e+03
2.380000000000000000e+03 1.233000000000000000e+03
1.617000000000000000e+03 6.840000000000000000e+02
1.592000000000000000e+03 6.050000000000000000e+02
1.852000000000000000e+03 8.620000000000000000e+02
1.437000000000000000e+03 5.720000000000000000e+02
2.220000000000000000e+03 5.750000000000000000e+02
2.090000000000000000e+03 7.140000000000000000e+02
1.095000000000000000e+03 6.890000000000000000e+02
1.036000000000000000e+03 8.040000000000000000e+02
2.582000000000000000e+03 5.630000000000000000e+02
2.450000000000000000e+03 7.310000000000000000e+02
2.408000000000000000e+03 5.500000000000000000e+02
2.378000000000000000e+03 7.500000000000000000e+02
2.474000000000000000e+03 1.529000000000000000e+03
1.738000000000000000e+03 1.179000000000000000e+03
9.720000000000000000e+02 6.640000000000000000e+02
9.800000000000000000e+02 6.890000000000000000e+02
2.455000000000000000e+03 7.100000000000000000e+02
2.361000000000000000e+03 1.101000000000000000e+03
2.427000000000000000e+03 8.710000000000000000e+02
2.547000000000000000e+03 6.530000000000000000e+02
1.189000000000000000e+03 5.800000000000000000e+02
1.234000000000000000e+03 6.080000000000000000e+02
2.134000000000000000e+03 9.270000000000000000e+02
1.342000000000000000e+03 7.750000000000000000e+02
2.265000000000000000e+03 1.462000000000000000e+03
1.705000000000000000e+03 9.110000000000000000e+02
1.993000000000000000e+03 1.005000000000000000e+03
1.295000000000000000e+03 6.220000000000000000e+02
1.756000000000000000e+03 7.270000000000000000e+02
1.632000000000000000e+03 9.150000000000000000e+02
1.440000000000000000e+03 9.250000000000000000e+02
1.443000000000000000e+03 9.150000000000000000e+02
1.482000000000000000e+03 6.040000000000000000e+02
1.031000000000000000e+03 7.520000000000000000e+02
1.648000000000000000e+03 5.300000000000000000e+02
1.184000000000000000e+03 7.280000000000000000e+02
1.200000000000000000e+03 8.290000000000000000e+02
9.700000000000000000e+02 8.030000000000000000e+02
1.540000000000000000e+03 6.930000000000000000e+02
1.917000000000000000e+03 6.580000000000000000e+02
1.136000000000000000e+03 8.000000000000000000e+02
1.508000000000000000e+03 5.690000000000000000e+02
1.239000000000000000e+03 6.730000000000000000e+02
1.496000000000000000e+03 9.190000000000000000e+02
1.027000000000000000e+03 6.260000000000000000e+02
9.090000000000000000e+02 7.710000000000000000e+02
1.051000000000000000e+03 5.170000000000000000e+02
1.174000000000000000e+03 5.930000000000000000e+02
1.105000000000000000e+03 6.740000000000000000e+02
1.355000000000000000e+03 6.220000000000000000e+02
1.392000000000000000e+03 6.210000000000000000e+02
1.399000000000000000e+03 5.050000000000000000e+02
8.830000000000000000e+02 2.382000000000000000e+03
4.600000000000000000e+02 2.449000000000000000e+03
5.220000000000000000e+02 2.391000000000000000e+03
2.560000000000000000e+02 2.531000000000000000e+03
5.940000000000000000e+02 2.460000000000000000e+03
2.160000000000000000e+02 2.462000000000000000e+03
2.000000000000000000e+02 2.465000000000000000e+03
4.970000000000000000e+02 2.860000000000000000e+03
1.970000000000000000e+02 2.685000000000000000e+03
3.570000000000000000e+02 2.725000000000000000e+03
2.150000000000000000e+02 2.654000000000000000e+03
7.900000000000000000e+02 2.394000000000000000e+03
6.640000000000000000e+02 2.488000000000000000e+03
8.890000000000000000e+02 2.963000000000000000e+03
1.092000000000000000e+03 2.972000000000000000e+03
2.910000000000000000e+02 2.276000000000000000e+03
2.650000000000000000e+02 2.263000000000000000e+03
5.500000000000000000e+02 2.082000000000000000e+03
5.000000000000000000e+02 2.139000000000000000e+03
2.810000000000000000e+02 2.362000000000000000e+03
1.930000000000000000e+02 2.304000000000000000e+03
6.010000000000000000e+02 2.189000000000000000e+03
3.070000000000000000e+02 2.220000000000000000e+03
4.340000000000000000e+02 2.345000000000000000e+03
4.320000000000000000e+02 2.315000000000000000e+03
5.120000000000000000e+02 2.356000000000000000e+03
3.510000000000000000e+02 2.460000000000000000e+03
5.720000000000000000e+02 2.211000000000000000e+03
5.720000000000000000e+02 2.198000000000000000e+03
6.710000000000000000e+02 2.390000000000000000e+03
5.110000000000000000e+02 2.310000000000000000e+03
4.290000000000000000e+02 2.694000000000000000e+03
5.080000000000000000e+02 2.629000000000000000e+03
5.430000000000000000e+02 2.758000000000000000e+03
6.030000000000000000e+02 2.775000000000000000e+03
4.890000000000000000e+02 2.772000000000000000e+03
5.120000000000000000e+02 2.695000000000000000e+03
1.067000000000000000e+03 2.748000000000000000e+03
4.190000000000000000e+02 2.555000000000000000e+03
3.780000000000000000e+02 2.500000000000000000e+03
4.280000000000000000e+02 2.532000000000000000e+03
7.000000000000000000e+02 2.502000000000000000e+03
3.210000000000000000e+02 2.658000000000000000e+03
3.350000000000000000e+02 2.739000000000000000e+03
3.900000000000000000e+02 2.736000000000000000e+03
6.440000000000000000e+02 2.733000000000000000e+03
6.080000000000000000e+02 2.573000000000000000e+03
2.890000000000000000e+02 2.458000000000000000e+03
6.900000000000000000e+01 2.486000000000000000e+03
5.300000000000000000e+01 2.379000000000000000e+03
5.700000000000000000e+01 2.580000000000000000e+03
3.680000000000000000e+02 2.652000000000000000e+03
1.860000000000000000e+02 2.517000000000000000e+03
1.660000000000000000e+02 2.516000000000000000e+03
9.280000000000000000e+02 2.730000000000000000e+03
8.160000000000000000e+02 2.724000000000000000e+03
9.570000000000000000e+02 2.707000000000000000e+03
7.420000000000000000e+02 2.707000000000000000e+03
7.240000000000000000e+02 2.878000000000000000e+03
8.420000000000000000e+02 2.899000000000000000e+03
3.110000000000000000e+02 2.647000000000000000e+03
1.140000000000000000e+02 3.008000000000000000e+03
1.132000000000000000e+03 2.648000000000000000e+03
8.120000000000000000e+02 2.620000000000000000e+03
9.880000000000000000e+02 2.579000000000000000e+03
9.160000000000000000e+02 2.721000000000000000e+03
7.870000000000000000e+02 2.819000000000000000e+03
9.930000000000000000e+02 2.748000000000000000e+03
1.092000000000000000e+03 2.667000000000000000e+03
1.431000000000000000e+03 2.746000000000000000e+03
1.333000000000000000e+03 2.723000000000000000e+03
1.514000000000000000e+03 2.916000000000000000e+03
1.304000000000000000e+03 2.839000000000000000e+03
1.668000000000000000e+03 2.817000000000000000e+03
1.262000000000000000e+03 2.892000000000000000e+03
9.000000000000000000e+02 2.883000000000000000e+03
1.162000000000000000e+03 2.950000000000000000e+03
2.118000000000000000e+03 2.802000000000000000e+03
2.111000000000000000e+03 2.778000000000000000e+03
1.797000000000000000e+03 2.893000000000000000e+03
1.827000000000000000e+03 2.875000000000000000e+03
1.954000000000000000e+03 2.857000000000000000e+03
1.568000000000000000e+03 2.784000000000000000e+03
1.912000000000000000e+03 2.917000000000000000e+03
1.876000000000000000e+03 2.971000000000000000e+03
1.110000000000000000e+03 2.542000000000000000e+03
1.531000000000000000e+03 2.889000000000000000e+03
1.931000000000000000e+03 2.893000000000000000e+03
1.835000000000000000e+03 2.843000000000000000e+03
1.599000000000000000e+03 2.881000000000000000e+03
1.594000000000000000e+03 2.890000000000000000e+03
1.227000000000000000e+03 2.986000000000000000e+03
1.214000000000000000e+03 2.972000000000000000e+03
9.150000000000000000e+02 2.083000000000000000e+03
9.490000000000000000e+02 2.145000000000000000e+03
8.410000000000000000e+02 2.382000000000000000e+03
8.390000000000000000e+02 2.295000000000000000e+03
9.380000000000000000e+02 2.450000000000000000e+03
1.214000000000000000e+03 2.838000000000000000e+03
9.070000000000000000e+02 2.244000000000000000e+03
8.600000000000000000e+02 2.075000000000000000e+03
9.460000000000000000e+02 2.455000000000000000e+03
8.230000000000000000e+02 2.270000000000000000e+03
9.280000000000000000e+02 2.140000000000000000e+03
9.530000000000000000e+02 2.125000000000000000e+03
1.379000000000000000e+03 2.825000000000000000e+03
1.233000000000000000e+03 2.896000000000000000e+03
1.381000000000000000e+03 2.845000000000000000e+03
1.303000000000000000e+03 2.879000000000000000e+03
6.800000000000000000e+02 2.156000000000000000e+03
6.950000000000000000e+02 2.083000000000000000e+03
9.510000000000000000e+02 2.650000000000000000e+03
9.790000000000000000e+02 2.757000000000000000e+03
9.800000000000000000e+02 2.255000000000000000e+03
1.463000000000000000e+03 2.445000000000000000e+03
1.824000000000000000e+03 2.128000000000000000e+03
1.449000000000000000e+03 2.463000000000000000e+03
7.960000000000000000e+02 2.353000000000000000e+03
9.560000000000000000e+02 2.234000000000000000e+03
8.080000000000000000e+02 2.518000000000000000e+03
1.081000000000000000e+03 2.528000000000000000e+03
7.390000000000000000e+02 2.698000000000000000e+03
6.480000000000000000e+02 2.613000000000000000e+03
8.000000000000000000e+02 2.493000000000000000e+03
8.950000000000000000e+02 2.548000000000000000e+03
3.407000000000000000e+03 2.193000000000000000e+03
3.391000000000000000e+03 2.270000000000000000e+03
3.370000000000000000e+03 1.973000000000000000e+03
3.621000000000000000e+03 1.976000000000000000e+03
3.397000000000000000e+03 2.236000000000000000e+03
3.425000000000000000e+03 2.313000000000000000e+03
3.260000000000000000e+03 2.411000000000000000e+03
3.188000000000000000e+03 2.298000000000000000e+03
3.456000000000000000e+03 2.216000000000000000e+03
3.453000000000000000e+03 1.882000000000000000e+03
3.178000000000000000e+03 2.431000000000000000e+03
3.251000000000000000e+03 2.360000000000000000e+03
3.229000000000000000e+03 2.378000000000000000e+03
3.611000000000000000e+03 1.741000000000000000e+03
3.597000000000000000e+03 1.850000000000000000e+03
2.252000000000000000e+03 3.224000000000000000e+03
2.971000000000000000e+03 2.553000000000000000e+03
3.123000000000000000e+03 2.706000000000000000e+03
3.302000000000000000e+03 2.446000000000000000e+03
3.354000000000000000e+03 2.490000000000000000e+03
3.306000000000000000e+03 2.434000000000000000e+03
3.347000000000000000e+03 2.299000000000000000e+03
3.314000000000000000e+03 2.440000000000000000e+03
3.198000000000000000e+03 2.358000000000000000e+03
2.921000000000000000e+03 2.922000000000000000e+03
2.576000000000000000e+03 3.058000000000000000e+03
2.027000000000000000e+03 3.537000000000000000e+03
3.014000000000000000e+03 2.735000000000000000e+03
3.338000000000000000e+03 2.351000000000000000e+03
2.147000000000000000e+03 3.297000000000000000e+03
2.249000000000000000e+03 3.302000000000000000e+03
2.979000000000000000e+03 2.920000000000000000e+03
2.924000000000000000e+03 2.894000000000000000e+03
2.600000000000000000e+03 3.155000000000000000e+03
2.923000000000000000e+03 2.896000000000000000e+03
2.560000000000000000e+03 3.135000000000000000e+03
2.928000000000000000e+03 2.864000000000000000e+03
2.728000000000000000e+03 2.904000000000000000e+03
2.709000000000000000e+03 2.882000000000000000e+03
2.308000000000000000e+03 2.789000000000000000e+03
2.400000000000000000e+03 2.839000000000000000e+03
2.710000000000000000e+03 2.951000000000000000e+03
2.397000000000000000e+03 3.032000000000000000e+03
2.596000000000000000e+03 2.984000000000000000e+03
2.542000000000000000e+03 2.997000000000000000e+03
2.671000000000000000e+03 3.028000000000000000e+03
3.303000000000000000e+03 2.770000000000000000e+03
3.226000000000000000e+03 3.058000000000000000e+03
3.307000000000000000e+03 2.831000000000000000e+03
3.210000000000000000e+03 2.919000000000000000e+03
3.341000000000000000e+03 2.786000000000000000e+03
3.485000000000000000e+03 2.742000000000000000e+03
3.071000000000000000e+03 3.074000000000000000e+03
3.075000000000000000e+03 3.023000000000000000e+03
2.693000000000000000e+03 3.128000000000000000e+03
3.250000000000000000e+03 2.748000000000000000e+03
3.275000000000000000e+03 2.833000000000000000e+03
3.291000000000000000e+03 2.765000000000000000e+03
3.468000000000000000e+03 2.632000000000000000e+03
2.838000000000000000e+03 2.885000000000000000e+03
3.257000000000000000e+03 2.798000000000000000e+03
3.478000000000000000e+03 2.678000000000000000e+03
1.403000000000000000e+03 3.404000000000000000e+03
1.518000000000000000e+03 3.295000000000000000e+03
1.266000000000000000e+03 3.880000000000000000e+03
2.510000000000000000e+03 2.876000000000000000e+03
2.769000000000000000e+03 2.873000000000000000e+03
2.694000000000000000e+03 3.026000000000000000e+03
2.632000000000000000e+03 3.024000000000000000e+03
2.395000000000000000e+03 2.818000000000000000e+03
2.547000000000000000e+03 2.778000000000000000e+03
2.616000000000000000e+03 2.819000000000000000e+03
2.602000000000000000e+03 2.820000000000000000e+03
2.527000000000000000e+03 2.996000000000000000e+03
2.550000000000000000e+03 3.008000000000000000e+03
2.714000000000000000e+03 2.993000000000000000e+03
2.497000000000000000e+03 2.883000000000000000e+03
2.691000000000000000e+03 2.959000000000000000e+03
2.510000000000000000e+03 2.897000000000000000e+03
1.738000000000000000e+03 3.003000000000000000e+03
1.409000000000000000e+03 3.255000000000000000e+03
2.344000000000000000e+03 3.023000000000000000e+03
2.044000000000000000e+03 3.060000000000000000e+03
1.143000000000000000e+03 3.903000000000000000e+03
1.437000000000000000e+03 3.718000000000000000e+03
2.319000000000000000e+03 3.052000000000000000e+03
1.453000000000000000e+03 3.920000000000000000e+03
2.089000000000000000e+03 3.281000000000000000e+03
2.472000000000000000e+03 3.343000000000000000e+03
2.077000000000000000e+03 2.940000000000000000e+03
1.687000000000000000e+03 3.466000000000000000e+03
2.039000000000000000e+03 2.999000000000000000e+03
1.952000000000000000e+03 3.004000000000000000e+03
1.199000000000000000e+03 3.368000000000000000e+03
9.850000000000000000e+02 3.091000000000000000e+03
9.330000000000000000e+02 3.347000000000000000e+03
1.227000000000000000e+03 3.369000000000000000e+03
6.510000000000000000e+02 3.457000000000000000e+03
8.240000000000000000e+02 3.035000000000000000e+03
2.490000000000000000e+03 2.469000000000000000e+03
1.857000000000000000e+03 2.671000000000000000e+03
4.320000000000000000e+02 3.014000000000000000e+03
4.300000000000000000e+02 3.183000000000000000e+03
3.810000000000000000e+02 2.840000000000000000e+03
4.690000000000000000e+02 2.864000000000000000e+03
2.670000000000000000e+02 3.014000000000000000e+03
2.720000000000000000e+02 3.211000000000000000e+03
7.020000000000000000e+02 3.886000000000000000e+03
7.970000000000000000e+02 3.698000000000000000e+03
4.290000000000000000e+02 3.275000000000000000e+03
1.860000000000000000e+02 2.818000000000000000e+03
7.380000000000000000e+02 3.938000000000000000e+03
7.500000000000000000e+02 3.530000000000000000e+03
4.490000000000000000e+02 3.954000000000000000e+03
4.320000000000000000e+02 3.494000000000000000e+03
9.790000000000000000e+02 3.922000000000000000e+03
9.290000000000000000e+02 3.903000000000000000e+03
1.080000000000000000e+02 2.876000000000000000e+03
7.100000000000000000e+01 2.818000000000000000e+03
1.510000000000000000e+02 3.295000000000000000e+03
1.720000000000000000e+02 3.768000000000000000e+03
2.610000000000000000e+02 2.997000000000000000e+03
6.800000000000000000e+01 3.423000000000000000e+03
7.800000000000000000e+02 3.670000000000000000e+03
7.870000000000000000e+02 3.755000000000000000e+03
3.390000000000000000e+02 7.350000000000000000e+02
3.690000000000000000e+02 7.740000000000000000e+02
3.080000000000000000e+02 9.280000000000000000e+02
2.640000000000000000e+02 1.020000000000000000e+03
2.960000000000000000e+02 8.740000000000000000e+02
4.210000000000000000e+02 8.680000000000000000e+02
5.850000000000000000e+02 9.340000000000000000e+02
4.970000000000000000e+02 8.080000000000000000e+02
3.820000000000000000e+02 6.670000000000000000e+02
5.410000000000000000e+02 7.630000000000000000e+02
5.520000000000000000e+02 8.600000000000000000e+02
2.610000000000000000e+02 7.330000000000000000e+02
3.460000000000000000e+02 8.540000000000000000e+02
2.920000000000000000e+02 7.340000000000000000e+02
3.750000000000000000e+02 7.570000000000000000e+02
3.480000000000000000e+02 1.818000000000000000e+03
2.930000000000000000e+02 1.861000000000000000e+03
1.060000000000000000e+02 2.037000000000000000e+03
1.730000000000000000e+02 2.015000000000000000e+03
2.680000000000000000e+02 7.940000000000000000e+02
3.350000000000000000e+02 5.380000000000000000e+02
2.390000000000000000e+02 2.083000000000000000e+03
2.610000000000000000e+02 2.024000000000000000e+03
3.410000000000000000e+02 1.140000000000000000e+03
3.410000000000000000e+02 1.389000000000000000e+03
3.900000000000000000e+01 2.174000000000000000e+03
2.500000000000000000e+01 2.093000000000000000e+03
4.540000000000000000e+02 2.053000000000000000e+03
3.580000000000000000e+02 2.006000000000000000e+03
3.960000000000000000e+02 2.056000000000000000e+03
3.740000000000000000e+02 2.021000000000000000e+03
4.280000000000000000e+02 6.910000000000000000e+02
5.390000000000000000e+02 8.020000000000000000e+02
6.040000000000000000e+02 8.980000000000000000e+02
4.250000000000000000e+02 4.570000000000000000e+02
3.950000000000000000e+02 6.650000000000000000e+02
4.530000000000000000e+02 6.220000000000000000e+02
4.680000000000000000e+02 5.360000000000000000e+02
3.140000000000000000e+02 3.210000000000000000e+02
2.560000000000000000e+02 3.250000000000000000e+02
3.830000000000000000e+02 5.420000000000000000e+02
2.890000000000000000e+02 4.560000000000000000e+02
3.710000000000000000e+02 4.530000000000000000e+02
3.900000000000000000e+02 3.650000000000000000e+02
2.550000000000000000e+02 4.750000000000000000e+02
2.900000000000000000e+02 5.250000000000000000e+02
2.650000000000000000e+02 2.090000000000000000e+02
2.830000000000000000e+02 3.060000000000000000e+02
4.130000000000000000e+02 3.290000000000000000e+02
2.980000000000000000e+02 1.050000000000000000e+02
3.820000000000000000e+02 2.070000000000000000e+02
2.890000000000000000e+02 1.150000000000000000e+02
3.270000000000000000e+02 6.000000000000000000e+01
3.930000000000000000e+02 2.730000000000000000e+02
5.930000000000000000e+02 4.300000000000000000e+01
5.230000000000000000e+02 2.020000000000000000e+02
6.070000000000000000e+02 8.400000000000000000e+01
5.290000000000000000e+02 2.220000000000000000e+02
4.460000000000000000e+02 7.600000000000000000e+01
4.800000000000000000e+02 2.470000000000000000e+02
4.700000000000000000e+02 5.900000000000000000e+01
4.800000000000000000e+02 1.140000000000000000e+02
9.700000000000000000e+02 3.790000000000000000e+02
1.056000000000000000e+03 4.370000000000000000e+02
1.087000000000000000e+03 4.360000000000000000e+02
7.680000000000000000e+02 6.970000000000000000e+02
6.620000000000000000e+02 6.870000000000000000e+02
6.870000000000000000e+02 7.540000000000000000e+02
7.060000000000000000e+02 6.710000000000000000e+02
6.540000000000000000e+02 7.500000000000000000e+02
5.880000000000000000e+02 6.790000000000000000e+02
6.140000000000000000e+02 5.780000000000000000e+02
6.030000000000000000e+02 6.320000000000000000e+02
5.370000000000000000e+02 6.120000000000000000e+02
5.850000000000000000e+02 4.380000000000000000e+02
5.400000000000000000e+02 3.780000000000000000e+02
5.210000000000000000e+02 5.850000000000000000e+02
7.270000000000000000e+02 4.970000000000000000e+02
6.550000000000000000e+02 4.010000000000000000e+02
8.290000000000000000e+02 6.100000000000000000e+02
7.330000000000000000e+02 5.970000000000000000e+02
9.310000000000000000e+02 5.420000000000000000e+02
8.820000000000000000e+02 4.750000000000000000e+02
7.500000000000000000e+02 3.670000000000000000e+02
8.720000000000000000e+02 5.170000000000000000e+02
7.410000000000000000e+02 4.330000000000000000e+02
7.450000000000000000e+02 4.360000000000000000e+02
6.150000000000000000e+02 5.160000000000000000e+02
6.800000000000000000e+02 5.030000000000000000e+02
1.083000000000000000e+03 3.650000000000000000e+02
8.760000000000000000e+02 4.460000000000000000e+02
8.950000000000000000e+02 3.760000000000000000e+02
8.930000000000000000e+02 3.260000000000000000e+02
7.580000000000000000e+02 8.400000000000000000e+01
7.540000000000000000e+02 6.000000000000000000e+01
5.880000000000000000e+02 2.540000000000000000e+02
7.470000000000000000e+02 1.200000000000000000e+02
1.291000000000000000e+03 1.890000000000000000e+02
8.160000000000000000e+02 3.120000000000000000e+02
1.148000000000000000e+03 2.950000000000000000e+02
1.084000000000000000e+03 3.090000000000000000e+02
1.198000000000000000e+03 2.500000000000000000e+02
1.262000000000000000e+03 2.190000000000000000e+02
1.275000000000000000e+03 2.070000000000000000e+02
1.343000000000000000e+03 2.700000000000000000e+02
1.404000000000000000e+03 3.170000000000000000e+02
1.397000000000000000e+03 3.100000000000000000e+02
1.329000000000000000e+03 2.000000000000000000e+02
1.318000000000000000e+03 3.630000000000000000e+02
8.350000000000000000e+02 2.440000000000000000e+02
8.680000000000000000e+02 2.390000000000000000e+02
8.060000000000000000e+02 2.480000000000000000e+02
9.110000000000000000e+02 1.950000000000000000e+02
1.213000000000000000e+03 9.100000000000000000e+01
8.000000000000000000e+02 4.370000000000000000e+02
1.117000000000000000e+03 1.250000000000000000e+02
9.700000000000000000e+02 1.020000000000000000e+02
7.710000000000000000e+02 1.520000000000000000e+02
8.850000000000000000e+02 7.700000000000000000e+01
9.470000000000000000e+02 9.600000000000000000e+01
1.002000000000000000e+03 5.800000000000000000e+01
1.112000000000000000e+03 1.490000000000000000e+02
9.790000000000000000e+02 2.300000000000000000e+02
1.158000000000000000e+03 1.490000000000000000e+02
1.027000000000000000e+03 1.220000000000000000e+02
3.856000000000000000e+03 2.202000000000000000e+03
3.884000000000000000e+03 2.206000000000000000e+03
3.837000000000000000e+03 2.124000000000000000e+03
3.794000000000000000e+03 2.362000000000000000e+03
3.813000000000000000e+03 2.110000000000000000e+03
3.761000000000000000e+03 2.228000000000000000e+03
3.729000000000000000e+03 1.971000000000000000e+03
3.947000000000000000e+03 2.406000000000000000e+03
3.889000000000000000e+03 2.337000000000000000e+03
3.928000000000000000e+03 2.338000000000000000e+03
3.904000000000000000e+03 2.375000000000000000e+03
3.949000000000000000e+03 2.868000000000000000e+03
3.885000000000000000e+03 2.211000000000000000e+03
3.970000000000000000e+03 2.700000000000000000e+03
3.968000000000000000e+03 3.035000000000000000e+03
3.896000000000000000e+03 1.894000000000000000e+03
3.935000000000000000e+03 2.237000000000000000e+03
3.958000000000000000e+03 2.293000000000000000e+03
3.925000000000000000e+03 2.114000000000000000e+03
3.808000000000000000e+03 2.389000000000000000e+03
3.879000000000000000e+03 1.844000000000000000e+03
3.778000000000000000e+03 2.366000000000000000e+03
3.705000000000000000e+03 2.126000000000000000e+03
3.767000000000000000e+03 1.977000000000000000e+03
3.794000000000000000e+03 1.880000000000000000e+03
3.729000000000000000e+03 1.903000000000000000e+03
3.770000000000000000e+03 1.769000000000000000e+03
3.826000000000000000e+03 1.976000000000000000e+03
3.846000000000000000e+03 2.052000000000000000e+03
3.811000000000000000e+03 1.732000000000000000e+03
3.825000000000000000e+03 1.910000000000000000e+03
3.449000000000000000e+03 2.322000000000000000e+03
3.779000000000000000e+03 2.151000000000000000e+03
3.829000000000000000e+03 2.547000000000000000e+03
3.739000000000000000e+03 2.531000000000000000e+03
3.709000000000000000e+03 2.127000000000000000e+03
3.468000000000000000e+03 2.174000000000000000e+03
3.648000000000000000e+03 2.730000000000000000e+03
3.585000000000000000e+03 2.590000000000000000e+03
3.630000000000000000e+03 2.266000000000000000e+03
3.238000000000000000e+03 2.258000000000000000e+03
3.668000000000000000e+03 2.572000000000000000e+03
3.649000000000000000e+03 2.769000000000000000e+03
3.651000000000000000e+03 2.223000000000000000e+03
3.727000000000000000e+03 2.367000000000000000e+03
3.847000000000000000e+03 2.756000000000000000e+03
3.824000000000000000e+03 2.892000000000000000e+03
3.780000000000000000e+03 2.588000000000000000e+03
3.777000000000000000e+03 2.951000000000000000e+03
3.779000000000000000e+03 2.278000000000000000e+03
3.612000000000000000e+03 2.345000000000000000e+03
3.704000000000000000e+03 2.740000000000000000e+03
3.768000000000000000e+03 2.417000000000000000e+03
3.625000000000000000e+03 2.738000000000000000e+03
3.933000000000000000e+03 2.962000000000000000e+03
3.885000000000000000e+03 2.233000000000000000e+03
3.813000000000000000e+03 2.910000000000000000e+03
3.774000000000000000e+03 2.501000000000000000e+03
3.840000000000000000e+03 2.671000000000000000e+03
3.801000000000000000e+03 2.670000000000000000e+03
3.846000000000000000e+03 2.274000000000000000e+03
3.895000000000000000e+03 2.678000000000000000e+03
3.615000000000000000e+03 2.948000000000000000e+03
3.465000000000000000e+03 2.892000000000000000e+03
3.657000000000000000e+03 2.997000000000000000e+03
3.699000000000000000e+03 3.069000000000000000e+03
3.699000000000000000e+03 2.534000000000000000e+03
3.638000000000000000e+03 3.257000000000000000e+03
3.675000000000000000e+03 3.114000000000000000e+03
3.526000000000000000e+03 2.814000000000000000e+03
3.484000000000000000e+03 2.826000000000000000e+03
3.513000000000000000e+03 2.870000000000000000e+03
3.638000000000000000e+03 2.908000000000000000e+03
3.361000000000000000e+03 2.936000000000000000e+03
3.472000000000000000e+03 3.012000000000000000e+03
3.420000000000000000e+03 3.002000000000000000e+03
3.423000000000000000e+03 2.909000000000000000e+03
3.788000000000000000e+03 2.470000000000000000e+03
3.824000000000000000e+03 3.343000000000000000e+03
3.843000000000000000e+03 3.261000000000000000e+03
3.774000000000000000e+03 3.309000000000000000e+03
3.593000000000000000e+03 3.191000000000000000e+03
3.570000000000000000e+03 3.100000000000000000e+03
3.628000000000000000e+03 2.405000000000000000e+03
3.704000000000000000e+03 3.068000000000000000e+03
3.767000000000000000e+03 3.177000000000000000e+03
3.775000000000000000e+03 3.201000000000000000e+03
3.602000000000000000e+03 3.095000000000000000e+03
3.846000000000000000e+03 3.158000000000000000e+03
3.595000000000000000e+03 3.324000000000000000e+03
3.667000000000000000e+03 3.354000000000000000e+03
3.690000000000000000e+03 3.244000000000000000e+03
3.698000000000000000e+03 2.437000000000000000e+03
3.654000000000000000e+03 3.484000000000000000e+03
3.602000000000000000e+03 3.565000000000000000e+03
3.649000000000000000e+03 3.525000000000000000e+03
3.628000000000000000e+03 2.873000000000000000e+03
3.679000000000000000e+03 3.719000000000000000e+03
3.785000000000000000e+03 2.688000000000000000e+03
3.771000000000000000e+03 3.812000000000000000e+03
3.630000000000000000e+03 3.575000000000000000e+03
3.783000000000000000e+03 3.690000000000000000e+03
3.743000000000000000e+03 3.624000000000000000e+03
3.761000000000000000e+03 3.785000000000000000e+03
3.746000000000000000e+03 2.622000000000000000e+03
3.885000000000000000e+03 3.151000000000000000e+03
3.868000000000000000e+03 3.199000000000000000e+03
3.969000000000000000e+03 3.216000000000000000e+03
3.887000000000000000e+03 2.355000000000000000e+03
3.949000000000000000e+03 3.581000000000000000e+03
3.910000000000000000e+03 3.550000000000000000e+03
3.952000000000000000e+03 3.805000000000000000e+03
3.897000000000000000e+03 2.560000000000000000e+03
3.844000000000000000e+03 2.507000000000000000e+03
3.910000000000000000e+03 3.573000000000000000e+03
3.906000000000000000e+03 3.472000000000000000e+03
3.851000000000000000e+03 3.564000000000000000e+03
3.869000000000000000e+03 2.713000000000000000e+03
3.710000000000000000e+03 3.589000000000000000e+03
3.783000000000000000e+03 2.972000000000000000e+03
3.786000000000000000e+03 3.788000000000000000e+03
3.771000000000000000e+03 2.767000000000000000e+03
3.778000000000000000e+03 3.355000000000000000e+03
3.859000000000000000e+03 3.431000000000000000e+03
3.945000000000000000e+03 3.331000000000000000e+03
1.863000000000000000e+03 6.480000000000000000e+02
2.183000000000000000e+03 4.880000000000000000e+02
1.707000000000000000e+03 5.350000000000000000e+02
1.800000000000000000e+03 4.970000000000000000e+02
2.216000000000000000e+03 4.550000000000000000e+02
2.030000000000000000e+03 4.560000000000000000e+02
2.102000000000000000e+03 4.100000000000000000e+02
2.270000000000000000e+03 3.900000000000000000e+02
2.007000000000000000e+03 4.420000000000000000e+02
1.837000000000000000e+03 4.630000000000000000e+02
1.759000000000000000e+03 4.560000000000000000e+02
1.614000000000000000e+03 4.660000000000000000e+02
2.162000000000000000e+03 4.120000000000000000e+02
2.491000000000000000e+03 3.810000000000000000e+02
1.662000000000000000e+03 4.060000000000000000e+02
2.585000000000000000e+03 6.150000000000000000e+02
2.544000000000000000e+03 6.470000000000000000e+02
2.623000000000000000e+03 5.970000000000000000e+02
2.440000000000000000e+03 6.760000000000000000e+02
2.419000000000000000e+03 4.830000000000000000e+02
2.380000000000000000e+03 4.250000000000000000e+02
2.638000000000000000e+03 4.160000000000000000e+02
2.474000000000000000e+03 4.140000000000000000e+02
2.396000000000000000e+03 3.940000000000000000e+02
2.724000000000000000e+03 6.150000000000000000e+02
2.741000000000000000e+03 6.250000000000000000e+02
2.683000000000000000e+03 5.360000000000000000e+02
2.808000000000000000e+03 4.520000000000000000e+02
2.870000000000000000e+03 3.890000000000000000e+02
2.493000000000000000e+03 5.330000000000000000e+02
2.633000000000000000e+03 4.490000000000000000e+02
1.820000000000000000e+03 7.190000000000000000e+02
2.227000000000000000e+03 5.880000000000000000e+02
1.758000000000000000e+03 8.270000000000000000e+02
2.092000000000000000e+03 1.300000000000000000e+01
2.132000000000000000e+03 3.000000000000000000e+01
2.544000000000000000e+03 6.750000000000000000e+02
2.390000000000000000e+03 2.730000000000000000e+02
2.315000000000000000e+03 4.370000000000000000e+02
2.034000000000000000e+03 5.190000000000000000e+02
2.219000000000000000e+03 5.060000000000000000e+02
2.128000000000000000e+03 4.640000000000000000e+02
2.109000000000000000e+03 5.590000000000000000e+02
2.158000000000000000e+03 4.460000000000000000e+02
2.453000000000000000e+03 4.440000000000000000e+02
1.831000000000000000e+03 6.680000000000000000e+02
3.088000000000000000e+03 3.900000000000000000e+02
2.937000000000000000e+03 3.450000000000000000e+02
2.568000000000000000e+03 5.650000000000000000e+02
2.367000000000000000e+03 7.280000000000000000e+02
2.435000000000000000e+03 6.080000000000000000e+02
2.371000000000000000e+03 4.090000000000000000e+02
2.388000000000000000e+03 5.940000000000000000e+02
2.480000000000000000e+03 7.230000000000000000e+02
2.426000000000000000e+03 5.110000000000000000e+02
2.615000000000000000e+03 2.660000000000000000e+02
3.023000000000000000e+03 2.720000000000000000e+02
2.972000000000000000e+03 4.690000000000000000e+02
3.807000000000000000e+03 1.390000000000000000e+02
3.841000000000000000e+03 6.700000000000000000e+01
3.764000000000000000e+03 5.000000000000000000e+01
3.733000000000000000e+03 6.500000000000000000e+01
2.963000000000000000e+03 9.280000000000000000e+02
3.214000000000000000e+03 1.994000000000000000e+03
3.115000000000000000e+03 8.910000000000000000e+02
2.679000000000000000e+03 2.320000000000000000e+02
2.925000000000000000e+03 2.470000000000000000e+02
3.106000000000000000e+03 7.800000000000000000e+01
2.250000000000000000e+03 3.420000000000000000e+02
3.294000000000000000e+03 1.900000000000000000e+03
3.173000000000000000e+03 2.015000000000000000e+03
3.125000000000000000e+03 1.058000000000000000e+03
3.151000000000000000e+03 1.956000000000000000e+03
3.199000000000000000e+03 1.057000000000000000e+03
3.130000000000000000e+03 1.920000000000000000e+03
3.153000000000000000e+03 1.976000000000000000e+03
3.187000000000000000e+03 1.932000000000000000e+03
3.365000000000000000e+03 1.635000000000000000e+03
3.294000000000000000e+03 1.603000000000000000e+03
3.112000000000000000e+03 1.367000000000000000e+03
2.894000000000000000e+03 1.635000000000000000e+03
3.381000000000000000e+03 1.555000000000000000e+03
1.196000000000000000e+03 2.853000000000000000e+03
3.360000000000000000e+03 1.611000000000000000e+03
3.032000000000000000e+03 6.710000000000000000e+02
8.570000000000000000e+02 3.406000000000000000e+03
1.500000000000000000e+02 3.967000000000000000e+03
3.310000000000000000e+03 1.728000000000000000e+03
3.329000000000000000e+03 1.692000000000000000e+03
3.171000000000000000e+03 1.727000000000000000e+03
3.192000000000000000e+03 1.784000000000000000e+03
3.253000000000000000e+03 1.802000000000000000e+03
3.193000000000000000e+03 1.765000000000000000e+03
3.092000000000000000e+03 1.469000000000000000e+03
2.556000000000000000e+03 1.752000000000000000e+03
3.134000000000000000e+03 8.230000000000000000e+02
3.297000000000000000e+03 1.344000000000000000e+03
3.072000000000000000e+03 1.407000000000000000e+03
3.168000000000000000e+03 1.332000000000000000e+03
2.984000000000000000e+03 1.341000000000000000e+03
3.010000000000000000e+03 1.411000000000000000e+03
2.091000000000000000e+03 1.341000000000000000e+03
2.112000000000000000e+03 7.650000000000000000e+02
2.044000000000000000e+03 1.606000000000000000e+03
2.936000000000000000e+03 1.284000000000000000e+03
8.690000000000000000e+02 1.203000000000000000e+03
1.539000000000000000e+03 1.263000000000000000e+03
1.229000000000000000e+03 1.604000000000000000e+03
9.570000000000000000e+02 1.087000000000000000e+03
1.850000000000000000e+02 2.115000000000000000e+03
1.080000000000000000e+02 2.185000000000000000e+03
1.439000000000000000e+03 1.966000000000000000e+03
2.060000000000000000e+02 2.120000000000000000e+03
3.232000000000000000e+03 8.250000000000000000e+02
3.232000000000000000e+03 6.920000000000000000e+02
2.013000000000000000e+03 1.562000000000000000e+03
2.093000000000000000e+03 1.419000000000000000e+03
1.159000000000000000e+03 1.940000000000000000e+03
7.360000000000000000e+02 1.957000000000000000e+03
6.670000000000000000e+02 1.941000000000000000e+03
4.750000000000000000e+02 1.954000000000000000e+03
9.240000000000000000e+02 1.931000000000000000e+03
6.610000000000000000e+02 1.981000000000000000e+03
9.240000000000000000e+02 1.924000000000000000e+03
1.018000000000000000e+03 1.846000000000000000e+03
2.788000000000000000e+03 1.795000000000000000e+03
3.265000000000000000e+03 1.942000000000000000e+03
3.417000000000000000e+03 1.140000000000000000e+03
2.453000000000000000e+03 6.120000000000000000e+02
3.374000000000000000e+03 1.155000000000000000e+03
3.335000000000000000e+03 1.546000000000000000e+03
3.338000000000000000e+03 1.466000000000000000e+03
3.299000000000000000e+03 1.019000000000000000e+03
3.298000000000000000e+03 1.067000000000000000e+03
2.850000000000000000e+03 7.860000000000000000e+02
2.640000000000000000e+03 1.186000000000000000e+03
3.417000000000000000e+03 9.760000000000000000e+02
3.765000000000000000e+03 1.097000000000000000e+03
3.381000000000000000e+03 1.011000000000000000e+03
3.379000000000000000e+03 9.750000000000000000e+02
3.237000000000000000e+03 1.990000000000000000e+03
3.078000000000000000e+03 1.061000000000000000e+03
2.849000000000000000e+03 1.108000000000000000e+03
3.531000000000000000e+03 1.113000000000000000e+03
3.487000000000000000e+03 1.219000000000000000e+03
3.563000000000000000e+03 1.129000000000000000e+03
3.463000000000000000e+03 1.207000000000000000e+03
3.314000000000000000e+03 8.290000000000000000e+02
3.621000000000000000e+03 8.840000000000000000e+02
3.650000000000000000e+03 8.940000000000000000e+02
3.682000000000000000e+03 9.630000000000000000e+02
3.732000000000000000e+03 9.100000000000000000e+02
2.943000000000000000e+03 9.660000000000000000e+02
3.679000000000000000e+03 1.062000000000000000e+03
3.750000000000000000e+03 1.067000000000000000e+03
3.245000000000000000e+03 8.730000000000000000e+02
3.026000000000000000e+03 5.290000000000000000e+02
3.384000000000000000e+03 7.290000000000000000e+02
3.376000000000000000e+03 5.390000000000000000e+02
3.419000000000000000e+03 4.570000000000000000e+02
2.978000000000000000e+03 7.090000000000000000e+02
3.488000000000000000e+03 6.050000000000000000e+02
3.412000000000000000e+03 6.480000000000000000e+02
3.480000000000000000e+03 3.070000000000000000e+02
3.469000000000000000e+03 7.320000000000000000e+02
3.500000000000000000e+03 2.095000000000000000e+03
2.949000000000000000e+03 4.150000000000000000e+02
3.460000000000000000e+03 7.960000000000000000e+02
3.468000000000000000e+03 4.620000000000000000e+02
3.414000000000000000e+03 2.063000000000000000e+03
2.927000000000000000e+03 4.160000000000000000e+02
3.316000000000000000e+03 4.260000000000000000e+02
3.387000000000000000e+03 7.270000000000000000e+02
3.348000000000000000e+03 7.870000000000000000e+02
3.329000000000000000e+03 3.090000000000000000e+02
3.035000000000000000e+03 3.750000000000000000e+02
3.427000000000000000e+03 5.660000000000000000e+02
2.996000000000000000e+03 6.550000000000000000e+02
2.932000000000000000e+03 3.810000000000000000e+02
3.414000000000000000e+03 1.840000000000000000e+03
3.379000000000000000e+03 6.650000000000000000e+02
3.185000000000000000e+03 1.354000000000000000e+03
3.297000000000000000e+03 1.727000000000000000e+03
3.332000000000000000e+03 2.044000000000000000e+03
3.323000000000000000e+03 2.090000000000000000e+03
3.034000000000000000e+03 2.029000000000000000e+03
3.016000000000000000e+03 3.300000000000000000e+02
3.222000000000000000e+03 1.521000000000000000e+03
3.708000000000000000e+03 8.830000000000000000e+02
3.648000000000000000e+03 5.880000000000000000e+02
3.794000000000000000e+03 6.010000000000000000e+02
3.605000000000000000e+03 5.320000000000000000e+02
3.392000000000000000e+03 2.052000000000000000e+03
2.881000000000000000e+03 7.080000000000000000e+02
3.657000000000000000e+03 6.250000000000000000e+02
3.706000000000000000e+03 9.600000000000000000e+02
3.827000000000000000e+03 8.840000000000000000e+02
3.818000000000000000e+03 8.170000000000000000e+02
3.609000000000000000e+03 7.460000000000000000e+02
3.739000000000000000e+03 4.760000000000000000e+02
2.583000000000000000e+03 3.840000000000000000e+02
3.654000000000000000e+03 1.902000000000000000e+03
3.157000000000000000e+03 1.203000000000000000e+03
3.466000000000000000e+03 6.200000000000000000e+02
3.642000000000000000e+03 6.700000000000000000e+02
3.217000000000000000e+03 6.960000000000000000e+02
3.480000000000000000e+03 1.130000000000000000e+03
3.412000000000000000e+03 1.802000000000000000e+03
3.524000000000000000e+03 7.210000000000000000e+02
3.126000000000000000e+03 6.080000000000000000e+02
3.098000000000000000e+03 7.060000000000000000e+02
2.155000000000000000e+03 2.270000000000000000e+02
3.681000000000000000e+03 9.520000000000000000e+02
2.995000000000000000e+03 5.780000000000000000e+02
3.552000000000000000e+03 8.940000000000000000e+02
3.657000000000000000e+03 6.960000000000000000e+02
3.526000000000000000e+03 2.163000000000000000e+03
2.962000000000000000e+03 7.850000000000000000e+02
3.459000000000000000e+03 2.320000000000000000e+03
3.447000000000000000e+03 2.275000000000000000e+03
3.456000000000000000e+03 2.216000000000000000e+03
3.495000000000000000e+03 2.276000000000000000e+03
3.573000000000000000e+03 2.266000000000000000e+03
3.607000000000000000e+03 2.194000000000000000e+03
3.593000000000000000e+03 2.250000000000000000e+03
3.644000000000000000e+03 2.199000000000000000e+03
3.744000000000000000e+03 5.510000000000000000e+02
3.004000000000000000e+03 2.910000000000000000e+02
3.669000000000000000e+03 4.910000000000000000e+02
3.167000000000000000e+03 2.650000000000000000e+02
3.770000000000000000e+03 4.140000000000000000e+02
3.167000000000000000e+03 3.010000000000000000e+02
3.770000000000000000e+03 3.330000000000000000e+02
3.075000000000000000e+03 6.350000000000000000e+02
3.437000000000000000e+03 6.750000000000000000e+02
2.721000000000000000e+03 2.920000000000000000e+02
2.838000000000000000e+03 8.970000000000000000e+02
3.446000000000000000e+03 1.495000000000000000e+03
3.491000000000000000e+03 4.170000000000000000e+02
3.591000000000000000e+03 4.500000000000000000e+02
3.345000000000000000e+03 8.900000000000000000e+02
2.272000000000000000e+03 1.930000000000000000e+02
3.398000000000000000e+03 1.320000000000000000e+03
3.315000000000000000e+03 1.926000000000000000e+03
2.914000000000000000e+03 2.930000000000000000e+02
3.497000000000000000e+03 2.260000000000000000e+02
3.391000000000000000e+03 1.958000000000000000e+03
3.495000000000000000e+03 1.070000000000000000e+02
3.600000000000000000e+03 5.550000000000000000e+02
3.129000000000000000e+03 4.050000000000000000e+02
2.100000000000000000e+02 1.010000000000000000e+03
1.763000000000000000e+03 3.110000000000000000e+03
1.042000000000000000e+03 1.990000000000000000e+03
0.000000000000000000e+00 3.050000000000000000e+03
1.249000000000000000e+03 7.600000000000000000e+02
1.393000000000000000e+03 7.000000000000000000e+01
1.000000000000000000e+00 0.000000000000000000e+00
3.875000000000000000e+03 0.000000000000000000e+00
