1.503000000000000000e+03 1.347000000000000000e+03
1.484000000000000000e+03 1.503000000000000000e+03
1.630000000000000000e+03 1.466000000000000000e+03
1.433000000000000000e+03 1.463000000000000000e+03
1.655000000000000000e+03 1.488000000000000000e+03
1.553000000000000000e+03 1.502000000000000000e+03
1.833000000000000000e+03 1.127000000000000000e+03
1.368000000000000000e+03 1.339000000000000000e+03
1.712000000000000000e+03 1.115000000000000000e+03
1.350000000000000000e+03 1.285000000000000000e+03
9.640000000000000000e+02 1.248000000000000000e+03
1.564000000000000000e+03 1.493000000000000000e+03
1.524000000000000000e+03 1.583000000000000000e+03
1.623000000000000000e+03 1.581000000000000000e+03
1.630000000000000000e+03 1.622000000000000000e+03
1.263000000000000000e+03 1.289000000000000000e+03
1.108000000000000000e+03 1.200000000000000000e+03
1.161000000000000000e+03 1.401000000000000000e+03
1.203000000000000000e+03 1.348000000000000000e+03
1.377000000000000000e+03 1.201000000000000000e+03
1.596000000000000000e+03 1.153000000000000000e+03
1.769000000000000000e+03 1.213000000000000000e+03
8.600000000000000000e+02 1.057000000000000000e+03
1.485000000000000000e+03 1.139000000000000000e+03
1.441000000000000000e+03 1.445000000000000000e+03
1.547000000000000000e+03 1.562000000000000000e+03
1.671000000000000000e+03 1.652000000000000000e+03
1.341000000000000000e+03 1.416000000000000000e+03
1.208000000000000000e+03 1.348000000000000000e+03
1.213000000000000000e+03 1.323000000000000000e+03
1.067000000000000000e+03 1.378000000000000000e+03
3.742000000000000000e+03 2.834000000000000000e+03
3.925000000000000000e+03 2.816000000000000000e+03
3.949000000000000000e+03 2.851000000000000000e+03
3.897000000000000000e+03 2.731000000000000000e+03
3.914000000000000000e+03 2.719000000000000000e+03
3.644000000000000000e+03 2.825000000000000000e+03
3.913000000000000000e+03 2.711000000000000000e+03
2.638000000000000000e+03 3.317000000000000000e+03
2.136000000000000000e+03 3.454000000000000000e+03
2.779000000000000000e+03 3.060000000000000000e+03
2.178000000000000000e+03 3.482000000000000000e+03
2.838000000000000000e+03 3.025000000000000000e+03
2.809000000000000000e+03 2.935000000000000000e+03
2.862000000000000000e+03 2.934000000000000000e+03
2.914000000000000000e+03 2.997000000000000000e+03
2.774000000000000000e+03 2.780000000000000000e+03
2.832000000000000000e+03 2.798000000000000000e+03
2.791000000000000000e+03 2.860000000000000000e+03
2.899000000000000000e+03 2.843000000000000000e+03
2.892000000000000000e+03 2.743000000000000000e+03
2.571000000000000000e+03 2.533000000000000000e+03
2.918000000000000000e+03 2.698000000000000000e+03
2.775000000000000000e+03 2.680000000000000000e+03
2.980000000000000000e+03 2.783000000000000000e+03
1.740000000000000000e+03 1.459000000000000000e+03
3.014000000000000000e+03 2.824000000000000000e+03
3.078000000000000000e+03 2.741000000000000000e+03
2.914000000000000000e+03 2.620000000000000000e+03
2.935000000000000000e+03 2.362000000000000000e+03
2.877000000000000000e+03 2.664000000000000000e+03
1.439000000000000000e+03 1.396000000000000000e+03
1.401000000000000000e+03 4.620000000000000000e+02
9.580000000000000000e+02 3.940000000000000000e+02
8.810000000000000000e+02 4.540000000000000000e+02
7.930000000000000000e+02 4.000000000000000000e+02
6.930000000000000000e+02 4.680000000000000000e+02
8.700000000000000000e+02 4.950000000000000000e+02
8.180000000000000000e+02 5.680000000000000000e+02
8.110000000000000000e+02 8.450000000000000000e+02
7.530000000000000000e+02 7.740000000000000000e+02
1.216000000000000000e+03 2.760000000000000000e+02
1.033000000000000000e+03 6.450000000000000000e+02
1.282000000000000000e+03 1.088000000000000000e+03
1.432000000000000000e+03 1.274000000000000000e+03
1.504000000000000000e+03 1.201000000000000000e+03
1.849000000000000000e+03 1.043000000000000000e+03
1.395000000000000000e+03 6.380000000000000000e+02
1.063000000000000000e+03 9.020000000000000000e+02
7.390000000000000000e+02 9.140000000000000000e+02
6.690000000000000000e+02 8.250000000000000000e+02
7.830000000000000000e+02 6.920000000000000000e+02
6.840000000000000000e+02 8.600000000000000000e+02
1.274000000000000000e+03 2.940000000000000000e+02
1.247000000000000000e+03 2.800000000000000000e+02
9.240000000000000000e+02 4.710000000000000000e+02
9.450000000000000000e+02 5.130000000000000000e+02
9.600000000000000000e+02 5.610000000000000000e+02
9.440000000000000000e+02 5.790000000000000000e+02
7.200000000000000000e+02 4.900000000000000000e+02
6.740000000000000000e+02 5.290000000000000000e+02
9.910000000000000000e+02 6.240000000000000000e+02
9.230000000000000000e+02 3.580000000000000000e+02
1.472000000000000000e+03 1.123000000000000000e+03
1.815000000000000000e+03 1.041000000000000000e+03
1.634000000000000000e+03 1.303000000000000000e+03
1.384000000000000000e+03 1.274000000000000000e+03
1.173000000000000000e+03 1.205000000000000000e+03
7.780000000000000000e+02 1.041000000000000000e+03
6.120000000000000000e+02 8.440000000000000000e+02
7.980000000000000000e+02 9.180000000000000000e+02
1.289000000000000000e+03 8.280000000000000000e+02
1.034000000000000000e+03 8.980000000000000000e+02
1.073000000000000000e+03 1.113000000000000000e+03
9.730000000000000000e+02 1.023000000000000000e+03
9.690000000000000000e+02 5.180000000000000000e+02
9.650000000000000000e+02 5.110000000000000000e+02
8.120000000000000000e+02 6.500000000000000000e+02
1.421000000000000000e+03 4.740000000000000000e+02
1.660000000000000000e+03 1.082000000000000000e+03
1.770000000000000000e+03 9.840000000000000000e+02
1.483000000000000000e+03 1.245000000000000000e+03
1.716000000000000000e+03 1.213000000000000000e+03
9.100000000000000000e+02 1.064000000000000000e+03
7.890000000000000000e+02 1.027000000000000000e+03
1.301000000000000000e+03 1.169000000000000000e+03
1.495000000000000000e+03 1.250000000000000000e+03
1.226000000000000000e+03 1.104000000000000000e+03
7.530000000000000000e+02 1.135000000000000000e+03
7.690000000000000000e+02 1.145000000000000000e+03
1.268000000000000000e+03 8.970000000000000000e+02
1.604000000000000000e+03 9.240000000000000000e+02
1.811000000000000000e+03 1.196000000000000000e+03
8.160000000000000000e+02 1.198000000000000000e+03
8.380000000000000000e+02 1.132000000000000000e+03
7.280000000000000000e+02 1.238000000000000000e+03
3.200000000000000000e+02 1.590000000000000000e+03
3.410000000000000000e+02 1.600000000000000000e+03
7.090000000000000000e+02 1.628000000000000000e+03
6.080000000000000000e+02 1.644000000000000000e+03
2.390000000000000000e+02 1.697000000000000000e+03
3.030000000000000000e+02 1.453000000000000000e+03
5.650000000000000000e+02 1.561000000000000000e+03
6.440000000000000000e+02 1.503000000000000000e+03
4.340000000000000000e+02 1.212000000000000000e+03
7.420000000000000000e+02 9.990000000000000000e+02
4.130000000000000000e+02 1.555000000000000000e+03
8.330000000000000000e+02 1.318000000000000000e+03
4.670000000000000000e+02 1.631000000000000000e+03
6.060000000000000000e+02 1.546000000000000000e+03
2.790000000000000000e+02 1.497000000000000000e+03
2.560000000000000000e+02 1.613000000000000000e+03
8.640000000000000000e+02 1.550000000000000000e+03
7.110000000000000000e+02 1.423000000000000000e+03
5.200000000000000000e+02 1.338000000000000000e+03
7.640000000000000000e+02 1.258000000000000000e+03
5.040000000000000000e+02 1.301000000000000000e+03
5.910000000000000000e+02 1.439000000000000000e+03
5.670000000000000000e+02 1.495000000000000000e+03
4.680000000000000000e+02 1.462000000000000000e+03
6.380000000000000000e+02 1.126000000000000000e+03
5.510000000000000000e+02 1.320000000000000000e+03
2.570000000000000000e+02 1.193000000000000000e+03
3.010000000000000000e+02 1.236000000000000000e+03
3.070000000000000000e+02 1.359000000000000000e+03
3.830000000000000000e+02 1.333000000000000000e+03
9.250000000000000000e+02 1.249000000000000000e+03
1.173000000000000000e+03 1.402000000000000000e+03
8.720000000000000000e+02 1.469000000000000000e+03
1.231000000000000000e+03 1.534000000000000000e+03
1.396000000000000000e+03 1.568000000000000000e+03
9.280000000000000000e+02 1.266000000000000000e+03
1.073000000000000000e+03 1.313000000000000000e+03
1.390000000000000000e+03 1.651000000000000000e+03
1.205000000000000000e+03 1.615000000000000000e+03
1.091000000000000000e+03 1.513000000000000000e+03
9.740000000000000000e+02 1.578000000000000000e+03
8.510000000000000000e+02 1.482000000000000000e+03
8.010000000000000000e+02 1.460000000000000000e+03
4.490000000000000000e+02 1.415000000000000000e+03
5.420000000000000000e+02 1.391000000000000000e+03
1.137000000000000000e+03 1.617000000000000000e+03
1.112000000000000000e+03 1.633000000000000000e+03
1.047000000000000000e+03 1.610000000000000000e+03
1.153000000000000000e+03 1.574000000000000000e+03
8.990000000000000000e+02 1.330000000000000000e+03
8.460000000000000000e+02 1.284000000000000000e+03
1.071000000000000000e+03 1.500000000000000000e+03
1.129000000000000000e+03 1.482000000000000000e+03
1.677000000000000000e+03 1.408000000000000000e+03
1.382000000000000000e+03 1.047000000000000000e+03
9.750000000000000000e+02 1.284000000000000000e+03
9.180000000000000000e+02 1.295000000000000000e+03
7.430000000000000000e+02 1.243000000000000000e+03
8.770000000000000000e+02 1.337000000000000000e+03
9.440000000000000000e+02 1.481000000000000000e+03
8.620000000000000000e+02 1.518000000000000000e+03
6.790000000000000000e+02 4.420000000000000000e+02
7.040000000000000000e+02 4.640000000000000000e+02
7.770000000000000000e+02 4.420000000000000000e+02
6.070000000000000000e+02 7.430000000000000000e+02
4.890000000000000000e+02 5.540000000000000000e+02
7.650000000000000000e+02 6.810000000000000000e+02
6.570000000000000000e+02 7.230000000000000000e+02
1.007000000000000000e+03 1.119000000000000000e+03
8.860000000000000000e+02 1.085000000000000000e+03
7.540000000000000000e+02 1.019000000000000000e+03
7.150000000000000000e+02 1.104000000000000000e+03
5.150000000000000000e+02 8.180000000000000000e+02
4.720000000000000000e+02 8.210000000000000000e+02
5.410000000000000000e+02 7.240000000000000000e+02
3.430000000000000000e+02 7.910000000000000000e+02
8.530000000000000000e+02 8.410000000000000000e+02
5.150000000000000000e+02 9.610000000000000000e+02
3.410000000000000000e+02 7.340000000000000000e+02
3.790000000000000000e+02 7.420000000000000000e+02
8.200000000000000000e+02 3.860000000000000000e+02
6.470000000000000000e+02 6.970000000000000000e+02
1.084000000000000000e+03 5.140000000000000000e+02
6.350000000000000000e+02 6.430000000000000000e+02
1.071000000000000000e+03 1.373000000000000000e+03
5.220000000000000000e+02 1.163000000000000000e+03
3.000000000000000000e+02 8.950000000000000000e+02
3.280000000000000000e+02 9.600000000000000000e+02
1.125000000000000000e+03 5.310000000000000000e+02
7.170000000000000000e+02 1.013000000000000000e+03
8.040000000000000000e+02 5.650000000000000000e+02
9.920000000000000000e+02 3.710000000000000000e+02
7.130000000000000000e+02 3.690000000000000000e+02
4.080000000000000000e+02 3.930000000000000000e+02
5.460000000000000000e+02 7.870000000000000000e+02
3.020000000000000000e+02 7.120000000000000000e+02
6.390000000000000000e+02 1.302000000000000000e+03
5.640000000000000000e+02 6.790000000000000000e+02
4.310000000000000000e+02 1.132000000000000000e+03
4.550000000000000000e+02 4.720000000000000000e+02
9.410000000000000000e+02 4.260000000000000000e+02
4.220000000000000000e+02 5.790000000000000000e+02
3.710000000000000000e+02 3.530000000000000000e+02
3.870000000000000000e+02 3.110000000000000000e+02
7.980000000000000000e+02 2.830000000000000000e+02
3.350000000000000000e+02 4.050000000000000000e+02
8.700000000000000000e+02 5.880000000000000000e+02
5.380000000000000000e+02 6.280000000000000000e+02
3.570000000000000000e+02 9.580000000000000000e+02
3.670000000000000000e+02 9.580000000000000000e+02
4.260000000000000000e+02 6.330000000000000000e+02
5.420000000000000000e+02 6.850000000000000000e+02
4.090000000000000000e+02 9.920000000000000000e+02
7.050000000000000000e+02 4.950000000000000000e+02
3.420000000000000000e+02 1.063000000000000000e+03
2.700000000000000000e+02 9.910000000000000000e+02
3.340000000000000000e+02 8.260000000000000000e+02
2.520000000000000000e+02 8.330000000000000000e+02
7.600000000000000000e+02 5.660000000000000000e+02
4.210000000000000000e+02 4.150000000000000000e+02
3.980000000000000000e+02 7.510000000000000000e+02
4.130000000000000000e+02 7.470000000000000000e+02
4.670000000000000000e+02 6.060000000000000000e+02
7.540000000000000000e+02 4.010000000000000000e+02
2.161000000000000000e+03 2.632000000000000000e+03
2.033000000000000000e+03 2.543000000000000000e+03
2.055000000000000000e+03 2.553000000000000000e+03
1.643000000000000000e+03 2.653000000000000000e+03
1.786000000000000000e+03 2.808000000000000000e+03
1.668000000000000000e+03 2.707000000000000000e+03
1.664000000000000000e+03 2.607000000000000000e+03
9.440000000000000000e+02 2.672000000000000000e+03
1.148000000000000000e+03 2.658000000000000000e+03
1.122000000000000000e+03 2.719000000000000000e+03
1.257000000000000000e+03 2.676000000000000000e+03
1.928000000000000000e+03 2.873000000000000000e+03
1.900000000000000000e+03 2.915000000000000000e+03
1.038000000000000000e+03 2.747000000000000000e+03
1.250000000000000000e+03 2.776000000000000000e+03
1.845000000000000000e+03 2.723000000000000000e+03
1.877000000000000000e+03 2.617000000000000000e+03
2.113000000000000000e+03 2.154000000000000000e+03
2.149000000000000000e+03 2.403000000000000000e+03
1.777000000000000000e+03 2.746000000000000000e+03
1.782000000000000000e+03 2.726000000000000000e+03
2.137000000000000000e+03 2.632000000000000000e+03
1.899000000000000000e+03 2.703000000000000000e+03
1.882000000000000000e+03 2.608000000000000000e+03
1.951000000000000000e+03 2.641000000000000000e+03
1.826000000000000000e+03 2.631000000000000000e+03
1.720000000000000000e+03 2.743000000000000000e+03
2.142000000000000000e+03 2.488000000000000000e+03
2.106000000000000000e+03 2.398000000000000000e+03
2.049000000000000000e+03 2.638000000000000000e+03
2.180000000000000000e+03 2.683000000000000000e+03
1.321000000000000000e+03 2.604000000000000000e+03
1.570000000000000000e+03 2.750000000000000000e+03
1.418000000000000000e+03 2.755000000000000000e+03
1.297000000000000000e+03 2.736000000000000000e+03
1.115000000000000000e+03 2.696000000000000000e+03
1.276000000000000000e+03 2.668000000000000000e+03
1.661000000000000000e+03 2.869000000000000000e+03
1.494000000000000000e+03 2.561000000000000000e+03
1.549000000000000000e+03 2.621000000000000000e+03
1.493000000000000000e+03 2.604000000000000000e+03
1.541000000000000000e+03 2.563000000000000000e+03
1.283000000000000000e+03 2.617000000000000000e+03
1.089000000000000000e+03 2.627000000000000000e+03
1.239000000000000000e+03 2.627000000000000000e+03
1.541000000000000000e+03 2.793000000000000000e+03
1.213000000000000000e+03 3.492000000000000000e+03
9.520000000000000000e+02 3.763000000000000000e+03
1.066000000000000000e+03 3.966000000000000000e+03
1.053000000000000000e+03 3.972000000000000000e+03
1.212000000000000000e+03 3.958000000000000000e+03
1.188000000000000000e+03 3.664000000000000000e+03
1.116000000000000000e+03 3.383000000000000000e+03
1.299000000000000000e+03 3.745000000000000000e+03
1.216000000000000000e+03 2.924000000000000000e+03
1.164000000000000000e+03 3.016000000000000000e+03
1.304000000000000000e+03 2.911000000000000000e+03
1.316000000000000000e+03 2.817000000000000000e+03
1.372000000000000000e+03 2.757000000000000000e+03
1.241000000000000000e+03 2.755000000000000000e+03
1.062000000000000000e+03 3.857000000000000000e+03
7.400000000000000000e+02 3.621000000000000000e+03
1.791000000000000000e+03 3.011000000000000000e+03
1.836000000000000000e+03 3.046000000000000000e+03
1.773000000000000000e+03 3.012000000000000000e+03
1.613000000000000000e+03 2.895000000000000000e+03
1.403000000000000000e+03 2.903000000000000000e+03
1.936000000000000000e+03 3.415000000000000000e+03
1.958000000000000000e+03 3.478000000000000000e+03
1.397000000000000000e+03 3.380000000000000000e+03
1.831000000000000000e+03 3.318000000000000000e+03
1.683000000000000000e+03 3.674000000000000000e+03
1.736000000000000000e+03 3.584000000000000000e+03
1.295000000000000000e+03 3.018000000000000000e+03
1.319000000000000000e+03 2.894000000000000000e+03
1.319000000000000000e+03 2.915000000000000000e+03
1.293000000000000000e+03 2.945000000000000000e+03
7.350000000000000000e+02 2.887000000000000000e+03
7.450000000000000000e+02 2.829000000000000000e+03
6.760000000000000000e+02 2.799000000000000000e+03
6.960000000000000000e+02 2.793000000000000000e+03
1.250000000000000000e+03 3.075000000000000000e+03
1.113000000000000000e+03 2.915000000000000000e+03
9.340000000000000000e+02 2.865000000000000000e+03
8.540000000000000000e+02 2.752000000000000000e+03
1.867000000000000000e+03 3.377000000000000000e+03
1.883000000000000000e+03 3.570000000000000000e+03
1.088000000000000000e+03 3.748000000000000000e+03
1.178000000000000000e+03 3.416000000000000000e+03
9.680000000000000000e+02 2.897000000000000000e+03
1.045000000000000000e+03 2.933000000000000000e+03
1.013000000000000000e+03 2.852000000000000000e+03
1.001000000000000000e+03 2.851000000000000000e+03
2.071000000000000000e+03 2.904000000000000000e+03
2.033000000000000000e+03 3.022000000000000000e+03
1.998000000000000000e+03 3.131000000000000000e+03
2.006000000000000000e+03 2.935000000000000000e+03
2.104000000000000000e+03 3.136000000000000000e+03
1.984000000000000000e+03 3.538000000000000000e+03
2.086000000000000000e+03 2.939000000000000000e+03
2.073000000000000000e+03 2.789000000000000000e+03
1.929000000000000000e+03 3.020000000000000000e+03
1.904000000000000000e+03 2.856000000000000000e+03
2.063000000000000000e+03 2.955000000000000000e+03
2.042000000000000000e+03 2.996000000000000000e+03
2.065000000000000000e+03 3.360000000000000000e+03
1.978000000000000000e+03 3.581000000000000000e+03
2.058000000000000000e+03 3.459000000000000000e+03
2.007000000000000000e+03 3.480000000000000000e+03
2.124000000000000000e+03 2.184000000000000000e+03
1.948000000000000000e+03 2.029000000000000000e+03
1.544000000000000000e+03 2.909000000000000000e+03
1.509000000000000000e+03 2.868000000000000000e+03
1.897000000000000000e+03 2.955000000000000000e+03
2.462000000000000000e+03 2.108000000000000000e+03
1.913000000000000000e+03 6.380000000000000000e+02
1.627000000000000000e+03 1.600000000000000000e+03
2.109000000000000000e+03 3.025000000000000000e+03
1.959000000000000000e+03 2.339000000000000000e+03
1.946000000000000000e+03 3.178000000000000000e+03
2.045000000000000000e+03 3.179000000000000000e+03
1.516000000000000000e+03 2.910000000000000000e+03
1.567000000000000000e+03 3.604000000000000000e+03
1.612000000000000000e+03 2.924000000000000000e+03
1.870000000000000000e+03 3.421000000000000000e+03
2.488000000000000000e+03 2.451000000000000000e+03
2.430000000000000000e+03 2.514000000000000000e+03
2.598000000000000000e+03 2.430000000000000000e+03
2.483000000000000000e+03 2.324000000000000000e+03
2.399000000000000000e+03 2.527000000000000000e+03
2.369000000000000000e+03 2.514000000000000000e+03
2.411000000000000000e+03 2.673000000000000000e+03
2.423000000000000000e+03 2.666000000000000000e+03
2.366000000000000000e+03 2.475000000000000000e+03
2.593000000000000000e+03 2.353000000000000000e+03
2.399000000000000000e+03 2.641000000000000000e+03
2.367000000000000000e+03 2.603000000000000000e+03
2.350000000000000000e+03 2.558000000000000000e+03
2.540000000000000000e+03 2.128000000000000000e+03
2.499000000000000000e+03 2.263000000000000000e+03
1.969000000000000000e+03 3.585000000000000000e+03
2.269000000000000000e+03 3.025000000000000000e+03
2.278000000000000000e+03 3.234000000000000000e+03
2.440000000000000000e+03 2.616000000000000000e+03
2.314000000000000000e+03 2.640000000000000000e+03
2.260000000000000000e+03 2.633000000000000000e+03
2.384000000000000000e+03 2.597000000000000000e+03
2.402000000000000000e+03 2.672000000000000000e+03
2.490000000000000000e+03 2.741000000000000000e+03
2.200000000000000000e+03 3.452000000000000000e+03
2.065000000000000000e+03 3.624000000000000000e+03
1.804000000000000000e+03 3.747000000000000000e+03
2.255000000000000000e+03 3.274000000000000000e+03
2.400000000000000000e+03 2.644000000000000000e+03
1.774000000000000000e+03 3.695000000000000000e+03
1.723000000000000000e+03 3.616000000000000000e+03
2.121000000000000000e+03 3.644000000000000000e+03
2.129000000000000000e+03 3.710000000000000000e+03
2.021000000000000000e+03 3.677000000000000000e+03
2.086000000000000000e+03 3.766000000000000000e+03
2.005000000000000000e+03 3.741000000000000000e+03
2.041000000000000000e+03 3.749000000000000000e+03
2.039000000000000000e+03 3.506000000000000000e+03
1.613000000000000000e+03 3.407000000000000000e+03
4.640000000000000000e+02 2.765000000000000000e+03
4.340000000000000000e+02 2.771000000000000000e+03
1.373000000000000000e+03 3.347000000000000000e+03
1.864000000000000000e+03 3.720000000000000000e+03
6.090000000000000000e+02 3.073000000000000000e+03
8.500000000000000000e+01 2.844000000000000000e+03
8.670000000000000000e+02 3.253000000000000000e+03
2.568000000000000000e+03 2.893000000000000000e+03
2.250000000000000000e+03 3.313000000000000000e+03
2.466000000000000000e+03 2.977000000000000000e+03
2.359000000000000000e+03 3.116000000000000000e+03
2.498000000000000000e+03 2.935000000000000000e+03
2.719000000000000000e+03 2.879000000000000000e+03
2.103000000000000000e+03 3.527000000000000000e+03
2.160000000000000000e+03 3.521000000000000000e+03
2.268000000000000000e+03 3.433000000000000000e+03
2.607000000000000000e+03 3.024000000000000000e+03
2.457000000000000000e+03 3.089000000000000000e+03
2.491000000000000000e+03 3.019000000000000000e+03
2.748000000000000000e+03 2.884000000000000000e+03
2.304000000000000000e+03 3.382000000000000000e+03
2.536000000000000000e+03 3.028000000000000000e+03
2.746000000000000000e+03 2.915000000000000000e+03
5.190000000000000000e+02 2.652000000000000000e+03
7.010000000000000000e+02 2.672000000000000000e+03
5.940000000000000000e+02 2.674000000000000000e+03
5.500000000000000000e+02 3.436000000000000000e+03
9.180000000000000000e+02 2.990000000000000000e+03
3.830000000000000000e+02 3.584000000000000000e+03
2.810000000000000000e+02 3.413000000000000000e+03
4.400000000000000000e+02 2.819000000000000000e+03
5.130000000000000000e+02 2.836000000000000000e+03
4.790000000000000000e+02 3.939000000000000000e+03
2.530000000000000000e+02 3.832000000000000000e+03
1.550000000000000000e+02 3.849000000000000000e+03
7.900000000000000000e+01 3.167000000000000000e+03
2.700000000000000000e+02 3.382000000000000000e+03
7.010000000000000000e+02 2.890000000000000000e+03
3.120000000000000000e+02 2.816000000000000000e+03
4.320000000000000000e+02 2.723000000000000000e+03
5.640000000000000000e+02 2.789000000000000000e+03
5.330000000000000000e+02 2.693000000000000000e+03
2.330000000000000000e+02 2.769000000000000000e+03
1.750000000000000000e+02 2.794000000000000000e+03
5.150000000000000000e+02 2.622000000000000000e+03
3.410000000000000000e+02 2.747000000000000000e+03
2.730000000000000000e+02 3.011000000000000000e+03
5.950000000000000000e+02 2.720000000000000000e+03
5.250000000000000000e+02 3.063000000000000000e+03
8.640000000000000000e+02 3.265000000000000000e+03
4.100000000000000000e+02 2.915000000000000000e+03
4.610000000000000000e+02 2.734000000000000000e+03
1.580000000000000000e+02 2.920000000000000000e+03
2.580000000000000000e+02 2.925000000000000000e+03
9.170000000000000000e+02 2.580000000000000000e+03
1.084000000000000000e+03 2.578000000000000000e+03
1.118000000000000000e+03 2.029000000000000000e+03
1.153000000000000000e+03 2.464000000000000000e+03
8.130000000000000000e+02 2.344000000000000000e+03
1.190000000000000000e+03 2.331000000000000000e+03
2.073000000000000000e+03 2.249000000000000000e+03
1.567000000000000000e+03 2.363000000000000000e+03
2.010000000000000000e+02 2.364000000000000000e+03
2.770000000000000000e+02 2.405000000000000000e+03
9.330000000000000000e+02 2.568000000000000000e+03
9.210000000000000000e+02 2.566000000000000000e+03
3.120000000000000000e+02 2.230000000000000000e+03
2.450000000000000000e+02 2.254000000000000000e+03
1.610000000000000000e+02 2.616000000000000000e+03
2.640000000000000000e+02 2.501000000000000000e+03
1.380000000000000000e+02 2.314000000000000000e+03
8.700000000000000000e+01 2.222000000000000000e+03
2.800000000000000000e+01 2.511000000000000000e+03
1.900000000000000000e+02 2.515000000000000000e+03
4.500000000000000000e+01 2.353000000000000000e+03
1.010000000000000000e+02 2.316000000000000000e+03
3.470000000000000000e+02 2.555000000000000000e+03
2.620000000000000000e+02 2.601000000000000000e+03
2.270000000000000000e+02 1.979000000000000000e+03
1.600000000000000000e+02 2.067000000000000000e+03
2.040000000000000000e+02 2.246000000000000000e+03
7.600000000000000000e+01 2.058000000000000000e+03
2.960000000000000000e+02 1.951000000000000000e+03
2.520000000000000000e+02 1.968000000000000000e+03
2.820000000000000000e+02 2.414000000000000000e+03
2.090000000000000000e+02 2.468000000000000000e+03
3.153000000000000000e+03 2.534000000000000000e+03
3.186000000000000000e+03 2.692000000000000000e+03
3.132000000000000000e+03 3.049000000000000000e+03
2.990000000000000000e+03 2.958000000000000000e+03
3.061000000000000000e+03 3.035000000000000000e+03
3.090000000000000000e+03 2.955000000000000000e+03
3.021000000000000000e+03 3.063000000000000000e+03
3.224000000000000000e+03 2.297000000000000000e+03
3.313000000000000000e+03 1.868000000000000000e+03
3.228000000000000000e+03 2.171000000000000000e+03
3.158000000000000000e+03 2.682000000000000000e+03
3.054000000000000000e+03 2.876000000000000000e+03
3.056000000000000000e+03 2.974000000000000000e+03
3.073000000000000000e+03 2.636000000000000000e+03
3.183000000000000000e+03 2.858000000000000000e+03
3.635000000000000000e+03 2.764000000000000000e+03
3.662000000000000000e+03 2.718000000000000000e+03
3.762000000000000000e+03 3.053000000000000000e+03
3.723000000000000000e+03 2.998000000000000000e+03
3.662000000000000000e+03 1.268000000000000000e+03
3.563000000000000000e+03 1.031000000000000000e+03
3.717000000000000000e+03 2.908000000000000000e+03
3.690000000000000000e+03 2.855000000000000000e+03
3.474000000000000000e+03 3.009000000000000000e+03
3.466000000000000000e+03 3.019000000000000000e+03
3.772000000000000000e+03 2.783000000000000000e+03
3.701000000000000000e+03 2.745000000000000000e+03
3.526000000000000000e+03 2.856000000000000000e+03
3.576000000000000000e+03 3.015000000000000000e+03
3.563000000000000000e+03 2.975000000000000000e+03
3.563000000000000000e+03 2.882000000000000000e+03
3.392000000000000000e+03 1.146000000000000000e+03
3.294000000000000000e+03 1.393000000000000000e+03
3.154000000000000000e+03 2.081000000000000000e+03
3.481000000000000000e+03 8.320000000000000000e+02
3.432000000000000000e+03 1.114000000000000000e+03
3.413000000000000000e+03 1.015000000000000000e+03
3.467000000000000000e+03 9.470000000000000000e+02
3.709000000000000000e+03 8.740000000000000000e+02
3.688000000000000000e+03 9.270000000000000000e+02
3.502000000000000000e+03 9.200000000000000000e+02
3.601000000000000000e+03 9.520000000000000000e+02
3.587000000000000000e+03 8.590000000000000000e+02
3.611000000000000000e+03 7.810000000000000000e+02
3.571000000000000000e+03 9.680000000000000000e+02
3.544000000000000000e+03 9.590000000000000000e+02
3.791000000000000000e+03 9.720000000000000000e+02
3.774000000000000000e+03 1.119000000000000000e+03
3.612000000000000000e+03 7.750000000000000000e+02
3.807000000000000000e+03 8.520000000000000000e+02
3.743000000000000000e+03 8.740000000000000000e+02
3.810000000000000000e+03 8.710000000000000000e+02
3.798000000000000000e+03 7.540000000000000000e+02
3.647000000000000000e+03 7.650000000000000000e+02
3.807000000000000000e+03 4.530000000000000000e+02
3.771000000000000000e+03 6.360000000000000000e+02
3.781000000000000000e+03 4.570000000000000000e+02
3.682000000000000000e+03 5.540000000000000000e+02
3.764000000000000000e+03 6.610000000000000000e+02
3.672000000000000000e+03 6.700000000000000000e+02
3.821000000000000000e+03 6.660000000000000000e+02
3.796000000000000000e+03 5.830000000000000000e+02
3.129000000000000000e+03 5.100000000000000000e+02
3.010000000000000000e+03 5.980000000000000000e+02
3.089000000000000000e+03 4.290000000000000000e+02
3.191000000000000000e+03 8.640000000000000000e+02
3.264000000000000000e+03 9.110000000000000000e+02
3.289000000000000000e+03 1.068000000000000000e+03
3.227000000000000000e+03 9.310000000000000000e+02
3.291000000000000000e+03 1.007000000000000000e+03
3.353000000000000000e+03 9.950000000000000000e+02
3.271000000000000000e+03 9.210000000000000000e+02
3.296000000000000000e+03 9.070000000000000000e+02
3.380000000000000000e+03 8.860000000000000000e+02
3.413000000000000000e+03 7.420000000000000000e+02
3.450000000000000000e+03 7.240000000000000000e+02
3.403000000000000000e+03 8.770000000000000000e+02
3.227000000000000000e+03 7.100000000000000000e+02
3.349000000000000000e+03 6.980000000000000000e+02
3.135000000000000000e+03 7.210000000000000000e+02
3.212000000000000000e+03 7.290000000000000000e+02
3.041000000000000000e+03 6.740000000000000000e+02
3.074000000000000000e+03 6.730000000000000000e+02
3.339000000000000000e+03 6.220000000000000000e+02
3.136000000000000000e+03 5.900000000000000000e+02
3.263000000000000000e+03 6.320000000000000000e+02
3.272000000000000000e+03 6.190000000000000000e+02
3.345000000000000000e+03 1.046000000000000000e+03
3.290000000000000000e+03 7.200000000000000000e+02
3.105000000000000000e+03 4.630000000000000000e+02
3.114000000000000000e+03 7.400000000000000000e+02
3.212000000000000000e+03 4.210000000000000000e+02
3.189000000000000000e+03 4.530000000000000000e+02
3.679000000000000000e+03 3.900000000000000000e+02
3.775000000000000000e+03 3.520000000000000000e+02
3.574000000000000000e+03 6.470000000000000000e+02
3.703000000000000000e+03 2.570000000000000000e+02
3.083000000000000000e+03 2.610000000000000000e+02
3.341000000000000000e+03 6.240000000000000000e+02
2.912000000000000000e+03 5.130000000000000000e+02
2.908000000000000000e+03 5.920000000000000000e+02
2.900000000000000000e+03 4.280000000000000000e+02
2.928000000000000000e+03 3.570000000000000000e+02
2.982000000000000000e+03 2.870000000000000000e+02
3.068000000000000000e+03 2.290000000000000000e+02
2.197000000000000000e+03 2.900000000000000000e+02
2.207000000000000000e+03 2.700000000000000000e+02
2.697000000000000000e+03 1.620000000000000000e+02
2.660000000000000000e+03 3.920000000000000000e+02
3.298000000000000000e+03 4.170000000000000000e+02
3.340000000000000000e+03 5.070000000000000000e+02
3.407000000000000000e+03 5.250000000000000000e+02
3.355000000000000000e+03 4.590000000000000000e+02
3.405000000000000000e+03 2.200000000000000000e+01
3.305000000000000000e+03 1.149000000000000000e+03
3.561000000000000000e+03 1.500000000000000000e+02
3.577000000000000000e+03 2.040000000000000000e+02
3.488000000000000000e+03 5.060000000000000000e+02
3.608000000000000000e+03 4.740000000000000000e+02
3.635000000000000000e+03 4.620000000000000000e+02
3.546000000000000000e+03 4.510000000000000000e+02
3.476000000000000000e+03 2.880000000000000000e+02
3.405000000000000000e+03 4.200000000000000000e+02
3.314000000000000000e+03 2.500000000000000000e+02
3.462000000000000000e+03 4.360000000000000000e+02
3.796000000000000000e+03 2.332000000000000000e+03
3.800000000000000000e+03 2.255000000000000000e+03
3.787000000000000000e+03 2.311000000000000000e+03
3.687000000000000000e+03 2.204000000000000000e+03
3.573000000000000000e+03 2.354000000000000000e+03
3.728000000000000000e+03 2.424000000000000000e+03
3.524000000000000000e+03 2.348000000000000000e+03
3.748000000000000000e+03 2.151000000000000000e+03
3.710000000000000000e+03 2.064000000000000000e+03
3.592000000000000000e+03 2.118000000000000000e+03
3.590000000000000000e+03 2.123000000000000000e+03
3.805000000000000000e+03 1.941000000000000000e+03
3.572000000000000000e+03 1.964000000000000000e+03
3.753000000000000000e+03 2.044000000000000000e+03
3.761000000000000000e+03 1.935000000000000000e+03
3.656000000000000000e+03 2.049000000000000000e+03
3.874000000000000000e+03 2.049000000000000000e+03
3.873000000000000000e+03 2.030000000000000000e+03
3.887000000000000000e+03 2.136000000000000000e+03
3.638000000000000000e+03 2.350000000000000000e+03
3.670000000000000000e+03 2.059000000000000000e+03
3.635000000000000000e+03 2.415000000000000000e+03
3.514000000000000000e+03 2.385000000000000000e+03
3.869000000000000000e+03 2.379000000000000000e+03
3.953000000000000000e+03 2.261000000000000000e+03
3.914000000000000000e+03 2.486000000000000000e+03
3.691000000000000000e+03 2.293000000000000000e+03
3.916000000000000000e+03 2.242000000000000000e+03
3.892000000000000000e+03 2.277000000000000000e+03
3.690000000000000000e+03 2.269000000000000000e+03
3.925000000000000000e+03 2.408000000000000000e+03
3.285000000000000000e+03 1.948000000000000000e+03
3.500000000000000000e+03 2.137000000000000000e+03
3.520000000000000000e+03 2.280000000000000000e+03
3.546000000000000000e+03 2.464000000000000000e+03
3.444000000000000000e+03 2.317000000000000000e+03
3.356000000000000000e+03 1.961000000000000000e+03
3.515000000000000000e+03 2.225000000000000000e+03
3.398000000000000000e+03 2.412000000000000000e+03
3.433000000000000000e+03 2.486000000000000000e+03
3.122000000000000000e+03 2.054000000000000000e+03
3.401000000000000000e+03 2.248000000000000000e+03
3.399000000000000000e+03 2.107000000000000000e+03
3.319000000000000000e+03 1.847000000000000000e+03
3.336000000000000000e+03 2.197000000000000000e+03
3.516000000000000000e+03 2.036000000000000000e+03
3.520000000000000000e+03 1.864000000000000000e+03
3.442000000000000000e+03 1.868000000000000000e+03
3.396000000000000000e+03 1.877000000000000000e+03
3.319000000000000000e+03 1.935000000000000000e+03
3.330000000000000000e+03 1.773000000000000000e+03
3.519000000000000000e+03 2.014000000000000000e+03
3.370000000000000000e+03 2.013000000000000000e+03
3.429000000000000000e+03 2.001000000000000000e+03
3.624000000000000000e+03 1.849000000000000000e+03
3.513000000000000000e+03 1.833000000000000000e+03
3.625000000000000000e+03 1.891000000000000000e+03
3.485000000000000000e+03 1.941000000000000000e+03
3.570000000000000000e+03 2.109000000000000000e+03
3.558000000000000000e+03 2.036000000000000000e+03
3.397000000000000000e+03 2.155000000000000000e+03
3.555000000000000000e+03 2.131000000000000000e+03
3.674000000000000000e+03 2.329000000000000000e+03
3.630000000000000000e+03 2.312000000000000000e+03
3.692000000000000000e+03 2.000000000000000000e+03
3.417000000000000000e+03 1.441000000000000000e+03
3.360000000000000000e+03 1.418000000000000000e+03
3.500000000000000000e+03 1.543000000000000000e+03
3.445000000000000000e+03 1.388000000000000000e+03
3.690000000000000000e+03 2.644000000000000000e+03
3.717000000000000000e+03 2.661000000000000000e+03
3.752000000000000000e+03 2.637000000000000000e+03
3.652000000000000000e+03 2.102000000000000000e+03
3.762000000000000000e+03 2.489000000000000000e+03
3.898000000000000000e+03 2.593000000000000000e+03
3.919000000000000000e+03 2.602000000000000000e+03
3.855000000000000000e+03 2.641000000000000000e+03
3.369000000000000000e+03 1.639000000000000000e+03
3.517000000000000000e+03 1.671000000000000000e+03
3.532000000000000000e+03 1.693000000000000000e+03
3.422000000000000000e+03 1.745000000000000000e+03
3.458000000000000000e+03 1.240000000000000000e+03
3.495000000000000000e+03 1.189000000000000000e+03
3.382000000000000000e+03 1.393000000000000000e+03
3.416000000000000000e+03 1.562000000000000000e+03
3.488000000000000000e+03 1.719000000000000000e+03
3.529000000000000000e+03 1.742000000000000000e+03
3.551000000000000000e+03 1.256000000000000000e+03
3.561000000000000000e+03 1.764000000000000000e+03
3.546000000000000000e+03 1.473000000000000000e+03
3.536000000000000000e+03 1.502000000000000000e+03
3.517000000000000000e+03 1.536000000000000000e+03
3.477000000000000000e+03 1.524000000000000000e+03
3.660000000000000000e+03 1.230000000000000000e+03
3.673000000000000000e+03 1.162000000000000000e+03
3.668000000000000000e+03 1.104000000000000000e+03
3.498000000000000000e+03 1.240000000000000000e+03
3.714000000000000000e+03 1.494000000000000000e+03
3.626000000000000000e+03 1.598000000000000000e+03
3.693000000000000000e+03 1.552000000000000000e+03
3.610000000000000000e+03 1.311000000000000000e+03
3.723000000000000000e+03 1.341000000000000000e+03
3.749000000000000000e+03 1.188000000000000000e+03
3.828000000000000000e+03 1.194000000000000000e+03
3.608000000000000000e+03 1.358000000000000000e+03
3.783000000000000000e+03 1.757000000000000000e+03
3.730000000000000000e+03 1.742000000000000000e+03
3.827000000000000000e+03 1.833000000000000000e+03
3.575000000000000000e+03 1.749000000000000000e+03
3.796000000000000000e+03 1.606000000000000000e+03
3.740000000000000000e+03 1.590000000000000000e+03
3.773000000000000000e+03 1.605000000000000000e+03
3.595000000000000000e+03 1.627000000000000000e+03
3.564000000000000000e+03 1.288000000000000000e+03
3.816000000000000000e+03 1.303000000000000000e+03
3.721000000000000000e+03 1.568000000000000000e+03
3.729000000000000000e+03 1.317000000000000000e+03
3.632000000000000000e+03 1.651000000000000000e+03
3.740000000000000000e+03 1.375000000000000000e+03
3.643000000000000000e+03 1.384000000000000000e+03
3.747000000000000000e+03 1.334000000000000000e+03
3.445000000000000000e+03 1.352000000000000000e+03
3.600000000000000000e+03 1.285000000000000000e+03
3.637000000000000000e+03 1.564000000000000000e+03
3.697000000000000000e+03 1.748000000000000000e+03
2.194000000000000000e+03 1.124000000000000000e+03
2.400000000000000000e+03 1.062000000000000000e+03
2.794000000000000000e+03 8.780000000000000000e+02
2.949000000000000000e+03 8.550000000000000000e+02
2.580000000000000000e+03 1.081000000000000000e+03
2.665000000000000000e+03 9.830000000000000000e+02
2.587000000000000000e+03 1.056000000000000000e+03
2.386000000000000000e+03 1.121000000000000000e+03
2.565000000000000000e+03 9.780000000000000000e+02
2.699000000000000000e+03 9.820000000000000000e+02
2.693000000000000000e+03 9.130000000000000000e+02
2.975000000000000000e+03 8.230000000000000000e+02
2.550000000000000000e+03 1.075000000000000000e+03
2.190000000000000000e+03 1.181000000000000000e+03
2.771000000000000000e+03 9.180000000000000000e+02
2.392000000000000000e+03 1.550000000000000000e+03
2.025000000000000000e+03 1.433000000000000000e+03
2.173000000000000000e+03 1.396000000000000000e+03
2.136000000000000000e+03 1.375000000000000000e+03
2.375000000000000000e+03 1.223000000000000000e+03
2.437000000000000000e+03 1.179000000000000000e+03
2.120000000000000000e+03 1.305000000000000000e+03
2.145000000000000000e+03 1.335000000000000000e+03
2.321000000000000000e+03 1.228000000000000000e+03
2.531000000000000000e+03 1.683000000000000000e+03
2.286000000000000000e+03 1.468000000000000000e+03
2.349000000000000000e+03 1.517000000000000000e+03
1.907000000000000000e+03 1.280000000000000000e+03
1.947000000000000000e+03 1.321000000000000000e+03
2.356000000000000000e+03 1.352000000000000000e+03
2.354000000000000000e+03 1.411000000000000000e+03
2.354000000000000000e+03 1.659000000000000000e+03
3.117000000000000000e+03 1.232000000000000000e+03
2.416000000000000000e+03 1.687000000000000000e+03
1.953000000000000000e+03 2.080000000000000000e+02
2.002000000000000000e+03 6.810000000000000000e+02
3.124000000000000000e+03 1.354000000000000000e+03
1.924000000000000000e+03 1.014000000000000000e+03
2.946000000000000000e+03 1.038000000000000000e+03
2.944000000000000000e+03 1.241000000000000000e+03
3.173000000000000000e+03 1.058000000000000000e+03
3.061000000000000000e+03 1.017000000000000000e+03
3.191000000000000000e+03 1.186000000000000000e+03
2.911000000000000000e+03 1.159000000000000000e+03
2.452000000000000000e+03 1.091000000000000000e+03
2.705000000000000000e+03 1.832000000000000000e+03
1.860000000000000000e+03 1.345000000000000000e+03
2.033000000000000000e+03 1.243000000000000000e+03
3.196000000000000000e+03 1.284000000000000000e+03
2.308000000000000000e+03 1.210000000000000000e+03
3.008000000000000000e+03 1.138000000000000000e+03
2.945000000000000000e+03 1.102000000000000000e+03
3.157000000000000000e+03 1.220000000000000000e+03
3.184000000000000000e+03 1.355000000000000000e+03
2.927000000000000000e+03 1.333000000000000000e+03
2.615000000000000000e+03 1.590000000000000000e+03
1.912000000000000000e+03 1.474000000000000000e+03
1.849000000000000000e+03 1.293000000000000000e+03
3.930000000000000000e+03 3.033000000000000000e+03
3.972000000000000000e+03 2.975000000000000000e+03
3.875000000000000000e+03 2.966000000000000000e+03
3.857000000000000000e+03 2.929000000000000000e+03
2.605000000000000000e+03 1.855000000000000000e+03
2.780000000000000000e+03 2.469000000000000000e+03
2.456000000000000000e+03 2.060000000000000000e+03
2.190000000000000000e+03 1.361000000000000000e+03
2.440000000000000000e+03 1.604000000000000000e+03
2.038000000000000000e+03 1.471000000000000000e+03
1.579000000000000000e+03 1.385000000000000000e+03
2.820000000000000000e+03 2.311000000000000000e+03
2.790000000000000000e+03 2.466000000000000000e+03
2.497000000000000000e+03 2.075000000000000000e+03
2.837000000000000000e+03 2.484000000000000000e+03
2.498000000000000000e+03 1.987000000000000000e+03
2.823000000000000000e+03 2.398000000000000000e+03
2.929000000000000000e+03 2.457000000000000000e+03
2.899000000000000000e+03 2.433000000000000000e+03
3.130000000000000000e+03 2.281000000000000000e+03
3.060000000000000000e+03 2.243000000000000000e+03
2.915000000000000000e+03 1.955000000000000000e+03
2.698000000000000000e+03 2.258000000000000000e+03
3.132000000000000000e+03 2.346000000000000000e+03
1.113000000000000000e+03 3.051000000000000000e+03
2.969000000000000000e+03 2.298000000000000000e+03
2.554000000000000000e+03 1.671000000000000000e+03
8.080000000000000000e+02 3.561000000000000000e+03
1.340000000000000000e+02 3.943000000000000000e+03
3.105000000000000000e+03 2.472000000000000000e+03
3.108000000000000000e+03 2.426000000000000000e+03
2.931000000000000000e+03 2.366000000000000000e+03
2.924000000000000000e+03 2.413000000000000000e+03
2.930000000000000000e+03 2.444000000000000000e+03
2.985000000000000000e+03 2.426000000000000000e+03
3.189000000000000000e+03 2.841000000000000000e+03
2.521000000000000000e+03 2.662000000000000000e+03
3.177000000000000000e+03 2.250000000000000000e+03
3.415000000000000000e+03 2.754000000000000000e+03
3.460000000000000000e+03 2.943000000000000000e+03
3.424000000000000000e+03 2.915000000000000000e+03
3.105000000000000000e+03 2.645000000000000000e+03
3.250000000000000000e+03 2.793000000000000000e+03
3.393000000000000000e+03 2.984000000000000000e+03
3.270000000000000000e+03 2.701000000000000000e+03
3.861000000000000000e+03 3.064000000000000000e+03
3.338000000000000000e+03 2.793000000000000000e+03
2.601000000000000000e+03 3.210000000000000000e+03
3.051000000000000000e+03 3.149000000000000000e+03
2.913000000000000000e+03 3.027000000000000000e+03
2.953000000000000000e+03 2.982000000000000000e+03
3.527000000000000000e+03 2.577000000000000000e+03
3.554000000000000000e+03 2.638000000000000000e+03
3.431000000000000000e+03 2.692000000000000000e+03
3.488000000000000000e+03 2.606000000000000000e+03
3.274000000000000000e+03 2.387000000000000000e+03
3.177000000000000000e+03 2.205000000000000000e+03
3.477000000000000000e+03 2.798000000000000000e+03
3.360000000000000000e+03 2.478000000000000000e+03
3.285000000000000000e+03 2.922000000000000000e+03
3.356000000000000000e+03 2.739000000000000000e+03
2.987000000000000000e+03 2.614000000000000000e+03
2.908000000000000000e+03 2.526000000000000000e+03
3.299000000000000000e+03 2.549000000000000000e+03
3.253000000000000000e+03 2.591000000000000000e+03
3.272000000000000000e+03 2.591000000000000000e+03
3.166000000000000000e+03 2.513000000000000000e+03
2.641000000000000000e+03 2.427000000000000000e+03
2.597000000000000000e+03 2.405000000000000000e+03
2.539000000000000000e+03 1.968000000000000000e+03
2.400000000000000000e+03 1.244000000000000000e+03
2.441000000000000000e+03 1.889000000000000000e+03
2.472000000000000000e+03 2.113000000000000000e+03
2.502000000000000000e+03 2.129000000000000000e+03
3.204000000000000000e+03 1.976000000000000000e+03
3.176000000000000000e+03 2.037000000000000000e+03
2.783000000000000000e+03 1.591000000000000000e+03
2.771000000000000000e+03 2.058000000000000000e+03
2.950000000000000000e+03 1.930000000000000000e+03
3.234000000000000000e+03 1.737000000000000000e+03
2.779000000000000000e+03 1.861000000000000000e+03
2.724000000000000000e+03 1.817000000000000000e+03
3.049000000000000000e+03 2.469000000000000000e+03
2.823000000000000000e+03 1.946000000000000000e+03
2.855000000000000000e+03 1.999000000000000000e+03
3.077000000000000000e+03 1.913000000000000000e+03
2.768000000000000000e+03 1.880000000000000000e+03
2.988000000000000000e+03 1.672000000000000000e+03
2.805000000000000000e+03 1.882000000000000000e+03
2.799000000000000000e+03 1.446000000000000000e+03
3.062000000000000000e+03 1.554000000000000000e+03
3.062000000000000000e+03 1.555000000000000000e+03
3.155000000000000000e+03 1.630000000000000000e+03
3.173000000000000000e+03 1.564000000000000000e+03
2.775000000000000000e+03 1.827000000000000000e+03
3.132000000000000000e+03 1.717000000000000000e+03
3.124000000000000000e+03 1.712000000000000000e+03
2.922000000000000000e+03 1.522000000000000000e+03
2.494000000000000000e+03 1.517000000000000000e+03
2.481000000000000000e+03 1.757000000000000000e+03
2.706000000000000000e+03 1.718000000000000000e+03
2.061000000000000000e+03 1.571000000000000000e+03
2.566000000000000000e+03 1.623000000000000000e+03
2.707000000000000000e+03 1.667000000000000000e+03
2.947000000000000000e+03 1.721000000000000000e+03
2.646000000000000000e+03 1.734000000000000000e+03
2.699000000000000000e+03 1.852000000000000000e+03
2.363000000000000000e+03 2.197000000000000000e+03
2.386000000000000000e+03 1.460000000000000000e+03
2.612000000000000000e+03 1.880000000000000000e+03
2.827000000000000000e+03 1.760000000000000000e+03
2.393000000000000000e+03 2.331000000000000000e+03
2.434000000000000000e+03 1.500000000000000000e+03
2.794000000000000000e+03 1.717000000000000000e+03
2.450000000000000000e+03 1.779000000000000000e+03
2.452000000000000000e+03 1.805000000000000000e+03
2.525000000000000000e+03 1.678000000000000000e+03
2.763000000000000000e+03 1.387000000000000000e+03
2.670000000000000000e+03 1.698000000000000000e+03
2.750000000000000000e+03 1.591000000000000000e+03
2.617000000000000000e+03 1.336000000000000000e+03
2.501000000000000000e+03 2.213000000000000000e+03
2.476000000000000000e+03 1.762000000000000000e+03
2.709000000000000000e+03 2.133000000000000000e+03
2.554000000000000000e+03 2.277000000000000000e+03
2.691000000000000000e+03 2.311000000000000000e+03
2.700000000000000000e+03 2.393000000000000000e+03
2.590000000000000000e+03 2.293000000000000000e+03
2.033000000000000000e+03 1.357000000000000000e+03
2.387000000000000000e+03 1.718000000000000000e+03
2.644000000000000000e+03 1.521000000000000000e+03
2.847000000000000000e+03 1.282000000000000000e+03
2.854000000000000000e+03 1.381000000000000000e+03
2.735000000000000000e+03 1.324000000000000000e+03
2.463000000000000000e+03 2.325000000000000000e+03
2.307000000000000000e+03 1.406000000000000000e+03
2.675000000000000000e+03 1.327000000000000000e+03
2.603000000000000000e+03 1.473000000000000000e+03
3.084000000000000000e+03 1.380000000000000000e+03
3.109000000000000000e+03 1.370000000000000000e+03
2.758000000000000000e+03 1.440000000000000000e+03
2.648000000000000000e+03 1.320000000000000000e+03
2.634000000000000000e+03 1.090000000000000000e+03
2.339000000000000000e+03 1.918000000000000000e+03
2.637000000000000000e+03 1.663000000000000000e+03
2.601000000000000000e+03 1.296000000000000000e+03
2.912000000000000000e+03 1.521000000000000000e+03
2.771000000000000000e+03 1.490000000000000000e+03
2.538000000000000000e+03 1.579000000000000000e+03
2.439000000000000000e+03 2.142000000000000000e+03
2.773000000000000000e+03 1.484000000000000000e+03
2.867000000000000000e+03 1.331000000000000000e+03
2.356000000000000000e+03 1.237000000000000000e+03
1.965000000000000000e+03 5.320000000000000000e+02
2.815000000000000000e+03 1.532000000000000000e+03
2.802000000000000000e+03 1.190000000000000000e+03
2.680000000000000000e+03 1.591000000000000000e+03
2.881000000000000000e+03 1.478000000000000000e+03
2.285000000000000000e+03 2.180000000000000000e+03
2.513000000000000000e+03 1.302000000000000000e+03
2.325000000000000000e+03 2.081000000000000000e+03
2.371000000000000000e+03 2.050000000000000000e+03
2.344000000000000000e+03 2.206000000000000000e+03
2.273000000000000000e+03 2.140000000000000000e+03
2.279000000000000000e+03 1.981000000000000000e+03
2.200000000000000000e+03 1.909000000000000000e+03
2.279000000000000000e+03 2.040000000000000000e+03
2.239000000000000000e+03 2.059000000000000000e+03
2.347000000000000000e+03 1.451000000000000000e+03
2.352000000000000000e+03 1.206000000000000000e+03
2.395000000000000000e+03 1.449000000000000000e+03
2.427000000000000000e+03 1.089000000000000000e+03
2.543000000000000000e+03 1.385000000000000000e+03
2.274000000000000000e+03 1.190000000000000000e+03
2.587000000000000000e+03 1.343000000000000000e+03
2.567000000000000000e+03 1.388000000000000000e+03
2.426000000000000000e+03 1.591000000000000000e+03
2.118000000000000000e+03 1.125000000000000000e+03
2.582000000000000000e+03 1.460000000000000000e+03
2.285000000000000000e+03 1.914000000000000000e+03
2.382000000000000000e+03 1.550000000000000000e+03
2.552000000000000000e+03 1.539000000000000000e+03
2.339000000000000000e+03 1.582000000000000000e+03
2.105000000000000000e+03 9.760000000000000000e+02
2.430000000000000000e+03 1.806000000000000000e+03
2.637000000000000000e+03 2.411000000000000000e+03
2.269000000000000000e+03 1.236000000000000000e+03
2.292000000000000000e+03 1.429000000000000000e+03
2.503000000000000000e+03 2.401000000000000000e+03
2.159000000000000000e+03 1.481000000000000000e+03
2.384000000000000000e+03 1.546000000000000000e+03
2.408000000000000000e+03 1.144000000000000000e+03
2.197000000000000000e+03 3.110000000000000000e+03
2.200000000000000000e+01 3.010000000000000000e+03
1.024000000000000000e+03 3.300000000000000000e+02
3.130000000000000000e+02 1.700000000000000000e+03
2.100000000000000000e+02 0.000000000000000000e+00
2.155000000000000000e+03 6.000000000000000000e+01
1.000000000000000000e+00 0.000000000000000000e+00
3.875000000000000000e+03 0.000000000000000000e+00
