3.446000000000000000e+03 4.010000000000000000e+02
3.592000000000000000e+03 4.820000000000000000e+02
3.578000000000000000e+03 5.070000000000000000e+02
2.877000000000000000e+03 3.490000000000000000e+02
3.713000000000000000e+03 3.580000000000000000e+02
3.532000000000000000e+03 5.080000000000000000e+02
3.320000000000000000e+03 3.850000000000000000e+02
3.147000000000000000e+03 3.480000000000000000e+02
2.847000000000000000e+03 2.960000000000000000e+02
3.199000000000000000e+03 3.110000000000000000e+02
2.896000000000000000e+03 2.980000000000000000e+02
3.695000000000000000e+03 6.140000000000000000e+02
3.628000000000000000e+03 5.390000000000000000e+02
3.813000000000000000e+03 5.970000000000000000e+02
3.818000000000000000e+03 5.340000000000000000e+02
2.756000000000000000e+03 4.540000000000000000e+02
2.263000000000000000e+03 3.470000000000000000e+02
2.495000000000000000e+03 3.600000000000000000e+02
2.544000000000000000e+03 3.580000000000000000e+02
3.702000000000000000e+03 1.980000000000000000e+02
3.814000000000000000e+03 1.090000000000000000e+02
3.676000000000000000e+03 2.820000000000000000e+02
2.843000000000000000e+03 1.800000000000000000e+02
2.774000000000000000e+03 6.170000000000000000e+02
2.704000000000000000e+03 3.630000000000000000e+02
3.531000000000000000e+03 1.325000000000000000e+03
3.724000000000000000e+03 5.650000000000000000e+02
2.044000000000000000e+03 9.240000000000000000e+02
2.052000000000000000e+03 6.690000000000000000e+02
2.360000000000000000e+03 3.460000000000000000e+02
2.422000000000000000e+03 6.500000000000000000e+02
3.916000000000000000e+03 3.910000000000000000e+03
3.893000000000000000e+03 3.918000000000000000e+03
3.867000000000000000e+03 3.953000000000000000e+03
3.922000000000000000e+03 3.820000000000000000e+03
3.953000000000000000e+03 3.816000000000000000e+03
3.714000000000000000e+03 3.856000000000000000e+03
3.877000000000000000e+03 3.800000000000000000e+03
2.943000000000000000e+03 3.237000000000000000e+03
2.765000000000000000e+03 3.881000000000000000e+03
3.951000000000000000e+03 3.355000000000000000e+03
2.927000000000000000e+03 3.810000000000000000e+03
3.954000000000000000e+03 3.280000000000000000e+03
3.754000000000000000e+03 3.242000000000000000e+03
3.812000000000000000e+03 3.167000000000000000e+03
3.948000000000000000e+03 3.182000000000000000e+03
3.255000000000000000e+03 2.356000000000000000e+03
3.265000000000000000e+03 2.312000000000000000e+03
3.195000000000000000e+03 2.458000000000000000e+03
3.228000000000000000e+03 2.380000000000000000e+03
3.138000000000000000e+03 2.319000000000000000e+03
3.132000000000000000e+03 2.188000000000000000e+03
2.993000000000000000e+03 2.400000000000000000e+03
3.172000000000000000e+03 2.258000000000000000e+03
3.031000000000000000e+03 2.308000000000000000e+03
3.601000000000000000e+03 3.860000000000000000e+02
2.982000000000000000e+03 2.315000000000000000e+03
2.918000000000000000e+03 2.389000000000000000e+03
3.093000000000000000e+03 2.210000000000000000e+03
3.106000000000000000e+03 1.999000000000000000e+03
3.060000000000000000e+03 2.255000000000000000e+03
3.517000000000000000e+03 5.700000000000000000e+02
3.351000000000000000e+03 1.650000000000000000e+02
3.651000000000000000e+03 8.100000000000000000e+01
3.504000000000000000e+03 9.400000000000000000e+01
2.969000000000000000e+03 8.900000000000000000e+01
2.478000000000000000e+03 1.890000000000000000e+02
3.503000000000000000e+03 9.600000000000000000e+01
3.154000000000000000e+03 1.620000000000000000e+02
2.794000000000000000e+03 2.670000000000000000e+02
2.794000000000000000e+03 2.200000000000000000e+02
3.031000000000000000e+03 1.180000000000000000e+02
3.281000000000000000e+03 8.300000000000000000e+01
3.402000000000000000e+03 3.840000000000000000e+02
3.617000000000000000e+03 5.050000000000000000e+02
3.648000000000000000e+03 3.820000000000000000e+02
3.526000000000000000e+03 3.760000000000000000e+02
3.360000000000000000e+03 8.600000000000000000e+01
3.215000000000000000e+03 1.310000000000000000e+02
2.793000000000000000e+03 1.340000000000000000e+02
2.671000000000000000e+03 1.680000000000000000e+02
2.959000000000000000e+03 1.430000000000000000e+02
2.659000000000000000e+03 8.500000000000000000e+01
3.769000000000000000e+03 7.000000000000000000e+01
3.663000000000000000e+03 5.100000000000000000e+01
3.486000000000000000e+03 2.400000000000000000e+01
3.495000000000000000e+03 4.800000000000000000e+01
3.319000000000000000e+03 9.700000000000000000e+01
3.309000000000000000e+03 1.550000000000000000e+02
2.379000000000000000e+03 2.220000000000000000e+02
2.578000000000000000e+03 1.790000000000000000e+02
3.269000000000000000e+03 7.600000000000000000e+01
2.586000000000000000e+03 8.100000000000000000e+01
3.331000000000000000e+03 2.950000000000000000e+02
3.251000000000000000e+03 2.970000000000000000e+02
3.476000000000000000e+03 2.850000000000000000e+02
2.998000000000000000e+03 3.530000000000000000e+02
3.085000000000000000e+03 3.670000000000000000e+02
2.321000000000000000e+03 3.410000000000000000e+02
2.654000000000000000e+03 1.920000000000000000e+02
2.701000000000000000e+03 1.650000000000000000e+02
3.473000000000000000e+03 1.220000000000000000e+02
2.919000000000000000e+03 1.280000000000000000e+02
3.524000000000000000e+03 2.550000000000000000e+02
3.661000000000000000e+03 1.440000000000000000e+02
3.061000000000000000e+03 1.190000000000000000e+02
3.154000000000000000e+03 1.080000000000000000e+02
3.234000000000000000e+03 9.100000000000000000e+01
3.146000000000000000e+03 5.100000000000000000e+01
3.784000000000000000e+03 1.800000000000000000e+02
3.590000000000000000e+03 2.790000000000000000e+02
3.578000000000000000e+03 2.920000000000000000e+02
3.796000000000000000e+03 2.510000000000000000e+02
3.057000000000000000e+03 2.220000000000000000e+02
2.853000000000000000e+03 2.390000000000000000e+02
3.548000000000000000e+03 2.920000000000000000e+02
3.618000000000000000e+03 3.450000000000000000e+02
3.167000000000000000e+03 2.030000000000000000e+02
2.935000000000000000e+03 2.630000000000000000e+02
2.795000000000000000e+03 2.260000000000000000e+02
3.059000000000000000e+03 2.010000000000000000e+02
3.232000000000000000e+03 2.070000000000000000e+02
3.682000000000000000e+03 2.640000000000000000e+02
3.134000000000000000e+03 2.850000000000000000e+02
3.069000000000000000e+03 3.010000000000000000e+02
1.247000000000000000e+03 8.730000000000000000e+02
1.166000000000000000e+03 1.082000000000000000e+03
1.076000000000000000e+03 1.138000000000000000e+03
1.488000000000000000e+03 1.252000000000000000e+03
1.209000000000000000e+03 1.288000000000000000e+03
1.174000000000000000e+03 1.124000000000000000e+03
1.092000000000000000e+03 1.125000000000000000e+03
1.410000000000000000e+03 1.221000000000000000e+03
1.375000000000000000e+03 1.223000000000000000e+03
1.242000000000000000e+03 9.240000000000000000e+02
1.319000000000000000e+03 7.110000000000000000e+02
1.074000000000000000e+03 1.093000000000000000e+03
1.336000000000000000e+03 1.010000000000000000e+03
1.174000000000000000e+03 1.244000000000000000e+03
1.294000000000000000e+03 1.159000000000000000e+03
1.066000000000000000e+03 1.008000000000000000e+03
1.094000000000000000e+03 1.127000000000000000e+03
1.556000000000000000e+03 1.181000000000000000e+03
1.551000000000000000e+03 1.069000000000000000e+03
1.115000000000000000e+03 1.007000000000000000e+03
1.350000000000000000e+03 9.130000000000000000e+02
1.210000000000000000e+03 9.080000000000000000e+02
1.303000000000000000e+03 9.300000000000000000e+02
1.346000000000000000e+03 1.174000000000000000e+03
1.433000000000000000e+03 9.680000000000000000e+02
1.478000000000000000e+03 7.470000000000000000e+02
1.449000000000000000e+03 8.970000000000000000e+02
1.009000000000000000e+03 9.130000000000000000e+02
1.076000000000000000e+03 9.340000000000000000e+02
1.405000000000000000e+03 9.920000000000000000e+02
1.436000000000000000e+03 9.710000000000000000e+02
1.697000000000000000e+03 8.600000000000000000e+02
1.646000000000000000e+03 1.005000000000000000e+03
1.677000000000000000e+03 1.126000000000000000e+03
3.138000000000000000e+03 4.790000000000000000e+02
3.491000000000000000e+03 5.040000000000000000e+02
1.767000000000000000e+03 8.400000000000000000e+02
2.019000000000000000e+03 8.590000000000000000e+02
1.928000000000000000e+03 1.054000000000000000e+03
1.809000000000000000e+03 1.138000000000000000e+03
1.812000000000000000e+03 9.970000000000000000e+02
1.712000000000000000e+03 1.120000000000000000e+03
1.684000000000000000e+03 1.139000000000000000e+03
1.708000000000000000e+03 1.194000000000000000e+03
1.488000000000000000e+03 1.046000000000000000e+03
1.561000000000000000e+03 1.038000000000000000e+03
3.287000000000000000e+03 1.526000000000000000e+03
3.256000000000000000e+03 1.542000000000000000e+03
3.308000000000000000e+03 1.493000000000000000e+03
3.209000000000000000e+03 1.544000000000000000e+03
2.162000000000000000e+03 1.127000000000000000e+03
2.119000000000000000e+03 1.063000000000000000e+03
3.102000000000000000e+03 1.483000000000000000e+03
3.079000000000000000e+03 1.529000000000000000e+03
1.944000000000000000e+03 8.890000000000000000e+02
2.095000000000000000e+03 7.670000000000000000e+02
1.760000000000000000e+03 8.790000000000000000e+02
1.736000000000000000e+03 8.880000000000000000e+02
1.786000000000000000e+03 9.210000000000000000e+02
2.054000000000000000e+03 1.057000000000000000e+03
2.301000000000000000e+03 1.161000000000000000e+03
1.830000000000000000e+03 1.181000000000000000e+03
2.344000000000000000e+03 1.410000000000000000e+02
2.419000000000000000e+03 2.550000000000000000e+02
2.470000000000000000e+03 1.490000000000000000e+02
1.542000000000000000e+03 4.980000000000000000e+02
1.484000000000000000e+03 6.290000000000000000e+02
1.535000000000000000e+03 4.930000000000000000e+02
1.495000000000000000e+03 4.230000000000000000e+02
1.890000000000000000e+03 5.970000000000000000e+02
1.701000000000000000e+03 7.130000000000000000e+02
1.753000000000000000e+03 7.540000000000000000e+02
1.987000000000000000e+03 6.730000000000000000e+02
1.405000000000000000e+03 6.510000000000000000e+02
1.163000000000000000e+03 5.060000000000000000e+02
1.535000000000000000e+03 7.130000000000000000e+02
1.275000000000000000e+03 4.620000000000000000e+02
1.342000000000000000e+03 3.910000000000000000e+02
1.171000000000000000e+03 7.060000000000000000e+02
1.139000000000000000e+03 5.640000000000000000e+02
9.970000000000000000e+02 6.940000000000000000e+02
1.386000000000000000e+03 3.530000000000000000e+02
1.398000000000000000e+03 4.410000000000000000e+02
1.450000000000000000e+03 3.390000000000000000e+02
1.307000000000000000e+03 4.250000000000000000e+02
1.945000000000000000e+03 9.170000000000000000e+02
1.464000000000000000e+03 7.170000000000000000e+02
9.790000000000000000e+02 6.000000000000000000e+02
9.700000000000000000e+02 4.910000000000000000e+02
1.827000000000000000e+03 3.760000000000000000e+02
1.741000000000000000e+03 6.360000000000000000e+02
1.798000000000000000e+03 6.120000000000000000e+02
1.521000000000000000e+03 4.050000000000000000e+02
1.253000000000000000e+03 4.830000000000000000e+02
1.171000000000000000e+03 4.520000000000000000e+02
1.426000000000000000e+03 7.810000000000000000e+02
1.276000000000000000e+03 6.380000000000000000e+02
1.693000000000000000e+03 1.017000000000000000e+03
1.241000000000000000e+03 5.420000000000000000e+02
1.518000000000000000e+03 8.140000000000000000e+02
1.092000000000000000e+03 4.130000000000000000e+02
1.808000000000000000e+03 5.850000000000000000e+02
1.746000000000000000e+03 7.110000000000000000e+02
1.686000000000000000e+03 6.240000000000000000e+02
1.787000000000000000e+03 6.350000000000000000e+02
1.728000000000000000e+03 5.290000000000000000e+02
1.227000000000000000e+03 5.700000000000000000e+02
1.639000000000000000e+03 5.060000000000000000e+02
1.418000000000000000e+03 5.650000000000000000e+02
1.064000000000000000e+03 5.970000000000000000e+02
1.016000000000000000e+03 7.980000000000000000e+02
1.336000000000000000e+03 4.720000000000000000e+02
1.421000000000000000e+03 5.160000000000000000e+02
1.184000000000000000e+03 7.240000000000000000e+02
1.219000000000000000e+03 5.020000000000000000e+02
1.181000000000000000e+03 7.600000000000000000e+02
1.414000000000000000e+03 7.330000000000000000e+02
1.050000000000000000e+03 6.920000000000000000e+02
9.310000000000000000e+02 5.410000000000000000e+02
1.050000000000000000e+03 5.270000000000000000e+02
1.047000000000000000e+03 5.380000000000000000e+02
1.089000000000000000e+03 6.420000000000000000e+02
1.182000000000000000e+03 7.210000000000000000e+02
1.315000000000000000e+03 5.850000000000000000e+02
1.161000000000000000e+03 4.650000000000000000e+02
3.537000000000000000e+03 3.571000000000000000e+03
3.450000000000000000e+03 3.667000000000000000e+03
3.507000000000000000e+03 3.665000000000000000e+03
3.494000000000000000e+03 3.895000000000000000e+03
3.691000000000000000e+03 3.540000000000000000e+03
3.569000000000000000e+03 3.910000000000000000e+03
3.559000000000000000e+03 3.922000000000000000e+03
3.169000000000000000e+03 3.802000000000000000e+03
3.275000000000000000e+03 3.932000000000000000e+03
3.205000000000000000e+03 3.895000000000000000e+03
3.311000000000000000e+03 3.945000000000000000e+03
3.656000000000000000e+03 3.440000000000000000e+03
3.719000000000000000e+03 3.449000000000000000e+03
3.007000000000000000e+03 3.376000000000000000e+03
2.928000000000000000e+03 3.282000000000000000e+03
3.684000000000000000e+03 3.786000000000000000e+03
3.800000000000000000e+03 3.799000000000000000e+03
3.806000000000000000e+03 3.503000000000000000e+03
3.795000000000000000e+03 3.605000000000000000e+03
3.664000000000000000e+03 3.919000000000000000e+03
3.769000000000000000e+03 3.929000000000000000e+03
3.639000000000000000e+03 3.616000000000000000e+03
3.633000000000000000e+03 3.796000000000000000e+03
3.711000000000000000e+03 3.783000000000000000e+03
3.675000000000000000e+03 3.699000000000000000e+03
3.611000000000000000e+03 3.855000000000000000e+03
3.579000000000000000e+03 3.784000000000000000e+03
3.687000000000000000e+03 3.573000000000000000e+03
3.661000000000000000e+03 3.644000000000000000e+03
3.451000000000000000e+03 3.571000000000000000e+03
3.597000000000000000e+03 3.591000000000000000e+03
3.284000000000000000e+03 3.758000000000000000e+03
3.283000000000000000e+03 3.647000000000000000e+03
3.259000000000000000e+03 3.594000000000000000e+03
3.217000000000000000e+03 3.576000000000000000e+03
3.227000000000000000e+03 3.738000000000000000e+03
3.277000000000000000e+03 3.706000000000000000e+03
3.147000000000000000e+03 3.173000000000000000e+03
3.424000000000000000e+03 3.802000000000000000e+03
3.467000000000000000e+03 3.811000000000000000e+03
3.425000000000000000e+03 3.776000000000000000e+03
3.351000000000000000e+03 3.520000000000000000e+03
3.323000000000000000e+03 3.869000000000000000e+03
3.222000000000000000e+03 3.867000000000000000e+03
3.236000000000000000e+03 3.800000000000000000e+03
3.292000000000000000e+03 3.446000000000000000e+03
3.439000000000000000e+03 3.506000000000000000e+03
3.696000000000000000e+03 3.629000000000000000e+03
3.881000000000000000e+03 3.607000000000000000e+03
3.963000000000000000e+03 3.616000000000000000e+03
3.957000000000000000e+03 3.559000000000000000e+03
3.730000000000000000e+03 3.525000000000000000e+03
3.676000000000000000e+03 3.635000000000000000e+03
3.823000000000000000e+03 3.543000000000000000e+03
3.175000000000000000e+03 3.442000000000000000e+03
3.114000000000000000e+03 3.521000000000000000e+03
3.222000000000000000e+03 3.356000000000000000e+03
3.219000000000000000e+03 3.493000000000000000e+03
3.126000000000000000e+03 3.390000000000000000e+03
3.039000000000000000e+03 3.276000000000000000e+03
3.326000000000000000e+03 3.610000000000000000e+03
2.695000000000000000e+03 3.755000000000000000e+03
3.436000000000000000e+03 3.443000000000000000e+03
3.465000000000000000e+03 3.285000000000000000e+03
3.395000000000000000e+03 3.375000000000000000e+03
3.213000000000000000e+03 3.322000000000000000e+03
3.272000000000000000e+03 3.275000000000000000e+03
3.482000000000000000e+03 3.182000000000000000e+03
3.485000000000000000e+03 3.133000000000000000e+03
3.199000000000000000e+03 3.191000000000000000e+03
3.389000000000000000e+03 3.205000000000000000e+03
3.291000000000000000e+03 3.253000000000000000e+03
3.295000000000000000e+03 3.171000000000000000e+03
3.073000000000000000e+03 3.305000000000000000e+03
3.129000000000000000e+03 3.078000000000000000e+03
3.231000000000000000e+03 3.148000000000000000e+03
3.175000000000000000e+03 3.099000000000000000e+03
2.861000000000000000e+03 3.238000000000000000e+03
2.812000000000000000e+03 3.290000000000000000e+03
2.718000000000000000e+03 3.266000000000000000e+03
2.749000000000000000e+03 3.165000000000000000e+03
3.038000000000000000e+03 3.262000000000000000e+03
3.038000000000000000e+03 3.210000000000000000e+03
2.960000000000000000e+03 3.097000000000000000e+03
2.852000000000000000e+03 3.101000000000000000e+03
3.405000000000000000e+03 3.088000000000000000e+03
3.355000000000000000e+03 3.280000000000000000e+03
3.071000000000000000e+03 3.366000000000000000e+03
3.070000000000000000e+03 3.277000000000000000e+03
2.998000000000000000e+03 3.175000000000000000e+03
3.034000000000000000e+03 3.245000000000000000e+03
3.050000000000000000e+03 3.077000000000000000e+03
2.976000000000000000e+03 3.060000000000000000e+03
3.569000000000000000e+03 2.963000000000000000e+03
3.606000000000000000e+03 2.897000000000000000e+03
3.591000000000000000e+03 3.056000000000000000e+03
3.577000000000000000e+03 2.969000000000000000e+03
3.738000000000000000e+03 3.150000000000000000e+03
3.772000000000000000e+03 3.285000000000000000e+03
3.690000000000000000e+03 3.005000000000000000e+03
3.663000000000000000e+03 2.929000000000000000e+03
3.546000000000000000e+03 3.059000000000000000e+03
3.417000000000000000e+03 3.028000000000000000e+03
3.569000000000000000e+03 2.860000000000000000e+03
3.581000000000000000e+03 2.831000000000000000e+03
3.622000000000000000e+03 3.257000000000000000e+03
3.657000000000000000e+03 3.197000000000000000e+03
3.743000000000000000e+03 3.185000000000000000e+03
3.654000000000000000e+03 3.242000000000000000e+03
3.822000000000000000e+03 3.035000000000000000e+03
3.533000000000000000e+03 2.947000000000000000e+03
3.316000000000000000e+03 2.994000000000000000e+03
3.254000000000000000e+03 2.988000000000000000e+03
3.488000000000000000e+03 2.776000000000000000e+03
3.683000000000000000e+03 2.562000000000000000e+03
3.095000000000000000e+03 9.220000000000000000e+02
3.153000000000000000e+03 1.893000000000000000e+03
3.715000000000000000e+03 3.098000000000000000e+03
3.383000000000000000e+03 2.815000000000000000e+03
3.732000000000000000e+03 3.373000000000000000e+03
3.643000000000000000e+03 3.291000000000000000e+03
3.242000000000000000e+03 3.305000000000000000e+03
3.645000000000000000e+03 3.332000000000000000e+03
2.994000000000000000e+03 3.107000000000000000e+03
3.557000000000000000e+03 3.215000000000000000e+03
2.791000000000000000e+03 2.850000000000000000e+03
2.823000000000000000e+03 2.979000000000000000e+03
2.864000000000000000e+03 2.627000000000000000e+03
2.891000000000000000e+03 2.670000000000000000e+03
2.967000000000000000e+03 2.906000000000000000e+03
2.887000000000000000e+03 3.042000000000000000e+03
3.000000000000000000e+03 3.202000000000000000e+03
2.962000000000000000e+03 2.980000000000000000e+03
3.033000000000000000e+03 2.941000000000000000e+03
3.014000000000000000e+03 2.548000000000000000e+03
3.006000000000000000e+03 3.173000000000000000e+03
2.993000000000000000e+03 3.108000000000000000e+03
2.860000000000000000e+03 3.068000000000000000e+03
2.938000000000000000e+03 2.505000000000000000e+03
3.022000000000000000e+03 2.595000000000000000e+03
2.485000000000000000e+03 3.687000000000000000e+03
2.528000000000000000e+03 3.222000000000000000e+03
2.581000000000000000e+03 3.499000000000000000e+03
2.725000000000000000e+03 3.108000000000000000e+03
2.766000000000000000e+03 3.248000000000000000e+03
2.739000000000000000e+03 3.241000000000000000e+03
2.709000000000000000e+03 2.929000000000000000e+03
2.839000000000000000e+03 2.994000000000000000e+03
3.109000000000000000e+03 2.868000000000000000e+03
2.719000000000000000e+03 3.585000000000000000e+03
2.568000000000000000e+03 3.794000000000000000e+03
1.346000000000000000e+03 3.820000000000000000e+03
2.831000000000000000e+03 3.462000000000000000e+03
3.098000000000000000e+03 3.256000000000000000e+03
2.444000000000000000e+03 3.799000000000000000e+03
2.501000000000000000e+03 3.735000000000000000e+03
2.967000000000000000e+03 3.833000000000000000e+03
2.870000000000000000e+03 3.837000000000000000e+03
2.643000000000000000e+03 3.848000000000000000e+03
2.902000000000000000e+03 3.896000000000000000e+03
2.333000000000000000e+03 3.909000000000000000e+03
2.892000000000000000e+03 3.900000000000000000e+03
2.895000000000000000e+03 3.806000000000000000e+03
2.559000000000000000e+03 3.660000000000000000e+03
2.723000000000000000e+03 3.358000000000000000e+03
2.705000000000000000e+03 3.304000000000000000e+03
2.874000000000000000e+03 3.609000000000000000e+03
2.648000000000000000e+03 3.852000000000000000e+03
2.652000000000000000e+03 3.366000000000000000e+03
2.003000000000000000e+03 3.089000000000000000e+03
2.706000000000000000e+03 3.416000000000000000e+03
2.962000000000000000e+03 3.492000000000000000e+03
2.721000000000000000e+03 3.783000000000000000e+03
2.915000000000000000e+03 3.614000000000000000e+03
2.768000000000000000e+03 3.674000000000000000e+03
2.867000000000000000e+03 3.613000000000000000e+03
3.134000000000000000e+03 3.472000000000000000e+03
2.857000000000000000e+03 3.864000000000000000e+03
2.848000000000000000e+03 3.897000000000000000e+03
2.840000000000000000e+03 3.701000000000000000e+03
2.905000000000000000e+03 3.576000000000000000e+03
3.032000000000000000e+03 3.666000000000000000e+03
2.982000000000000000e+03 3.640000000000000000e+03
3.129000000000000000e+03 3.521000000000000000e+03
2.867000000000000000e+03 3.651000000000000000e+03
2.835000000000000000e+03 3.648000000000000000e+03
3.171000000000000000e+03 3.487000000000000000e+03
6.420000000000000000e+02 3.536000000000000000e+03
4.520000000000000000e+02 3.300000000000000000e+03
5.280000000000000000e+02 3.496000000000000000e+03
2.568000000000000000e+03 3.436000000000000000e+03
2.483000000000000000e+03 3.377000000000000000e+03
2.482000000000000000e+03 2.999000000000000000e+03
2.471000000000000000e+03 2.984000000000000000e+03
2.672000000000000000e+03 3.372000000000000000e+03
2.665000000000000000e+03 3.312000000000000000e+03
2.535000000000000000e+03 3.465000000000000000e+03
2.673000000000000000e+03 3.274000000000000000e+03
2.452000000000000000e+03 3.101000000000000000e+03
1.390000000000000000e+03 2.939000000000000000e+03
2.300000000000000000e+03 3.113000000000000000e+03
2.313000000000000000e+03 3.300000000000000000e+03
2.458000000000000000e+03 3.408000000000000000e+03
2.460000000000000000e+03 3.501000000000000000e+03
6.610000000000000000e+02 3.069000000000000000e+03
2.479000000000000000e+03 3.428000000000000000e+03
4.610000000000000000e+02 3.203000000000000000e+03
4.900000000000000000e+02 3.073000000000000000e+03
3.790000000000000000e+02 3.399000000000000000e+03
8.220000000000000000e+02 3.336000000000000000e+03
5.260000000000000000e+02 3.031000000000000000e+03
4.550000000000000000e+02 3.332000000000000000e+03
7.630000000000000000e+02 3.006000000000000000e+03
9.230000000000000000e+02 2.896000000000000000e+03
1.884000000000000000e+03 3.208000000000000000e+03
1.366000000000000000e+03 3.465000000000000000e+03
1.399000000000000000e+03 3.031000000000000000e+03
2.111000000000000000e+03 3.181000000000000000e+03
8.450000000000000000e+02 3.533000000000000000e+03
5.670000000000000000e+02 3.482000000000000000e+03
1.131000000000000000e+03 3.450000000000000000e+03
1.209000000000000000e+03 3.560000000000000000e+03
5.530000000000000000e+02 3.688000000000000000e+03
5.860000000000000000e+02 3.612000000000000000e+03
2.105000000000000000e+03 2.717000000000000000e+03
2.488000000000000000e+03 3.144000000000000000e+03
3.950000000000000000e+02 3.850000000000000000e+03
4.020000000000000000e+02 3.844000000000000000e+03
1.541000000000000000e+03 3.811000000000000000e+03
1.602000000000000000e+03 3.841000000000000000e+03
3.460000000000000000e+02 3.879000000000000000e+03
3.670000000000000000e+02 3.944000000000000000e+03
4.160000000000000000e+02 3.633000000000000000e+03
3.550000000000000000e+02 3.653000000000000000e+03
2.460000000000000000e+02 3.647000000000000000e+03
2.470000000000000000e+02 3.732000000000000000e+03
2.080000000000000000e+02 3.555000000000000000e+03
2.380000000000000000e+02 3.427000000000000000e+03
1.020000000000000000e+02 3.477000000000000000e+03
1.170000000000000000e+02 3.510000000000000000e+03
4.540000000000000000e+02 3.611000000000000000e+03
4.220000000000000000e+02 3.644000000000000000e+03
9.100000000000000000e+01 3.582000000000000000e+03
8.000000000000000000e+01 3.616000000000000000e+03
2.010000000000000000e+02 3.795000000000000000e+03
1.180000000000000000e+02 3.874000000000000000e+03
1.710000000000000000e+02 3.847000000000000000e+03
5.800000000000000000e+01 3.796000000000000000e+03
2.830000000000000000e+02 3.657000000000000000e+03
2.840000000000000000e+02 3.641000000000000000e+03
9.600000000000000000e+01 2.072000000000000000e+03
8.900000000000000000e+01 2.410000000000000000e+03
7.200000000000000000e+01 2.376000000000000000e+03
7.100000000000000000e+01 2.189000000000000000e+03
6.400000000000000000e+01 2.298000000000000000e+03
7.700000000000000000e+01 2.465000000000000000e+03
1.590000000000000000e+02 2.242000000000000000e+03
2.910000000000000000e+02 2.259000000000000000e+03
1.720000000000000000e+02 2.597000000000000000e+03
2.450000000000000000e+02 2.241000000000000000e+03
2.320000000000000000e+02 2.406000000000000000e+03
5.300000000000000000e+01 2.335000000000000000e+03
1.380000000000000000e+02 2.428000000000000000e+03
7.200000000000000000e+01 2.187000000000000000e+03
1.100000000000000000e+02 2.564000000000000000e+03
1.440000000000000000e+02 2.671000000000000000e+03
6.700000000000000000e+01 2.856000000000000000e+03
3.900000000000000000e+01 3.037000000000000000e+03
8.800000000000000000e+01 2.984000000000000000e+03
7.700000000000000000e+01 2.745000000000000000e+03
1.850000000000000000e+02 2.638000000000000000e+03
8.600000000000000000e+01 2.930000000000000000e+03
8.600000000000000000e+01 2.882000000000000000e+03
2.320000000000000000e+02 2.867000000000000000e+03
2.680000000000000000e+02 2.820000000000000000e+03
3.430000000000000000e+02 3.219000000000000000e+03
3.280000000000000000e+02 3.134000000000000000e+03
3.370000000000000000e+02 2.913000000000000000e+03
2.520000000000000000e+02 2.928000000000000000e+03
3.260000000000000000e+02 2.928000000000000000e+03
1.970000000000000000e+02 2.892000000000000000e+03
1.970000000000000000e+02 2.508000000000000000e+03
1.830000000000000000e+02 2.384000000000000000e+03
1.620000000000000000e+02 2.350000000000000000e+03
3.110000000000000000e+02 1.480000000000000000e+03
2.760000000000000000e+02 1.255000000000000000e+03
2.810000000000000000e+02 1.247000000000000000e+03
3.630000000000000000e+02 1.138000000000000000e+03
2.030000000000000000e+02 3.198000000000000000e+03
1.860000000000000000e+02 3.146000000000000000e+03
1.790000000000000000e+02 2.138000000000000000e+03
1.160000000000000000e+02 2.975000000000000000e+03
1.580000000000000000e+02 3.170000000000000000e+03
2.310000000000000000e+02 2.965000000000000000e+03
9.300000000000000000e+01 2.768000000000000000e+03
8.700000000000000000e+01 2.694000000000000000e+03
5.500000000000000000e+01 3.142000000000000000e+03
1.180000000000000000e+02 3.115000000000000000e+03
2.450000000000000000e+02 2.566000000000000000e+03
9.600000000000000000e+01 3.295000000000000000e+03
1.050000000000000000e+02 3.490000000000000000e+03
1.000000000000000000e+02 3.262000000000000000e+03
8.000000000000000000e+01 3.309000000000000000e+03
2.680000000000000000e+02 3.232000000000000000e+03
4.410000000000000000e+02 1.224000000000000000e+03
4.490000000000000000e+02 1.405000000000000000e+03
4.270000000000000000e+02 1.273000000000000000e+03
3.830000000000000000e+02 1.250000000000000000e+03
3.030000000000000000e+02 2.704000000000000000e+03
3.390000000000000000e+02 1.540000000000000000e+03
3.160000000000000000e+02 2.339000000000000000e+03
4.750000000000000000e+02 1.369000000000000000e+03
5.150000000000000000e+02 2.540000000000000000e+02
3.980000000000000000e+02 6.800000000000000000e+01
4.710000000000000000e+02 1.180000000000000000e+02
2.430000000000000000e+02 7.840000000000000000e+02
2.630000000000000000e+02 8.890000000000000000e+02
2.900000000000000000e+02 1.066000000000000000e+03
2.670000000000000000e+02 8.330000000000000000e+02
2.430000000000000000e+02 1.039000000000000000e+03
3.090000000000000000e+02 1.020000000000000000e+03
3.820000000000000000e+02 9.910000000000000000e+02
2.780000000000000000e+02 9.790000000000000000e+02
3.240000000000000000e+02 9.280000000000000000e+02
3.930000000000000000e+02 8.530000000000000000e+02
4.370000000000000000e+02 8.900000000000000000e+02
3.520000000000000000e+02 1.016000000000000000e+03
2.920000000000000000e+02 5.760000000000000000e+02
3.340000000000000000e+02 7.290000000000000000e+02
2.420000000000000000e+02 4.190000000000000000e+02
2.430000000000000000e+02 5.570000000000000000e+02
2.570000000000000000e+02 2.190000000000000000e+02
3.000000000000000000e+02 3.530000000000000000e+02
3.560000000000000000e+02 5.710000000000000000e+02
2.520000000000000000e+02 1.910000000000000000e+02
3.320000000000000000e+02 5.340000000000000000e+02
3.110000000000000000e+02 4.950000000000000000e+02
3.090000000000000000e+02 8.640000000000000000e+02
3.130000000000000000e+02 6.410000000000000000e+02
5.250000000000000000e+02 1.740000000000000000e+02
2.970000000000000000e+02 3.030000000000000000e+02
3.040000000000000000e+02 9.300000000000000000e+01
3.330000000000000000e+02 1.980000000000000000e+02
5.390000000000000000e+02 6.050000000000000000e+02
5.250000000000000000e+02 5.890000000000000000e+02
4.580000000000000000e+02 9.860000000000000000e+02
5.180000000000000000e+02 7.560000000000000000e+02
5.850000000000000000e+02 2.680000000000000000e+02
4.900000000000000000e+02 6.390000000000000000e+02
5.570000000000000000e+02 9.500000000000000000e+01
5.050000000000000000e+02 7.000000000000000000e+01
7.160000000000000000e+02 6.100000000000000000e+01
7.680000000000000000e+02 9.000000000000000000e+01
6.940000000000000000e+02 1.860000000000000000e+02
8.640000000000000000e+02 1.920000000000000000e+02
8.050000000000000000e+02 3.330000000000000000e+02
7.860000000000000000e+02 2.890000000000000000e+02
7.540000000000000000e+02 1.680000000000000000e+02
7.180000000000000000e+02 3.760000000000000000e+02
3.610000000000000000e+02 3.210000000000000000e+02
4.430000000000000000e+02 5.010000000000000000e+02
4.520000000000000000e+02 5.230000000000000000e+02
4.410000000000000000e+02 2.260000000000000000e+02
5.990000000000000000e+02 4.530000000000000000e+02
4.190000000000000000e+02 1.365000000000000000e+03
5.600000000000000000e+02 6.170000000000000000e+02
5.660000000000000000e+02 6.370000000000000000e+02
4.120000000000000000e+02 5.500000000000000000e+02
4.580000000000000000e+02 4.360000000000000000e+02
4.610000000000000000e+02 4.380000000000000000e+02
4.990000000000000000e+02 4.150000000000000000e+02
5.650000000000000000e+02 3.290000000000000000e+02
5.330000000000000000e+02 4.140000000000000000e+02
5.770000000000000000e+02 3.300000000000000000e+02
5.340000000000000000e+02 2.680000000000000000e+02
3.508000000000000000e+03 2.380000000000000000e+03
3.441000000000000000e+03 2.348000000000000000e+03
3.417000000000000000e+03 2.380000000000000000e+03
3.673000000000000000e+03 2.397000000000000000e+03
3.551000000000000000e+03 2.464000000000000000e+03
3.672000000000000000e+03 2.558000000000000000e+03
3.456000000000000000e+03 2.420000000000000000e+03
3.559000000000000000e+03 2.355000000000000000e+03
3.665000000000000000e+03 2.315000000000000000e+03
3.555000000000000000e+03 2.282000000000000000e+03
3.587000000000000000e+03 2.307000000000000000e+03
3.545000000000000000e+03 2.181000000000000000e+03
3.350000000000000000e+03 2.161000000000000000e+03
3.579000000000000000e+03 2.270000000000000000e+03
3.560000000000000000e+03 2.191000000000000000e+03
3.345000000000000000e+03 2.190000000000000000e+03
3.466000000000000000e+03 2.243000000000000000e+03
3.368000000000000000e+03 2.249000000000000000e+03
3.371000000000000000e+03 2.424000000000000000e+03
3.773000000000000000e+03 2.520000000000000000e+03
3.333000000000000000e+03 2.411000000000000000e+03
3.779000000000000000e+03 2.591000000000000000e+03
3.581000000000000000e+03 2.473000000000000000e+03
3.560000000000000000e+03 2.628000000000000000e+03
3.534000000000000000e+03 2.545000000000000000e+03
3.554000000000000000e+03 2.642000000000000000e+03
3.446000000000000000e+03 2.390000000000000000e+03
3.430000000000000000e+03 2.495000000000000000e+03
3.475000000000000000e+03 2.507000000000000000e+03
3.427000000000000000e+03 2.315000000000000000e+03
3.442000000000000000e+03 2.531000000000000000e+03
3.490000000000000000e+03 2.050000000000000000e+03
3.557000000000000000e+03 2.257000000000000000e+03
3.822000000000000000e+03 2.428000000000000000e+03
3.872000000000000000e+03 2.658000000000000000e+03
3.645000000000000000e+03 2.404000000000000000e+03
3.541000000000000000e+03 2.119000000000000000e+03
3.851000000000000000e+03 2.416000000000000000e+03
3.892000000000000000e+03 2.511000000000000000e+03
3.687000000000000000e+03 2.490000000000000000e+03
3.326000000000000000e+03 2.071000000000000000e+03
3.763000000000000000e+03 2.392000000000000000e+03
3.840000000000000000e+03 2.206000000000000000e+03
3.562000000000000000e+03 1.921000000000000000e+03
3.602000000000000000e+03 2.252000000000000000e+03
3.718000000000000000e+03 2.222000000000000000e+03
3.801000000000000000e+03 2.032000000000000000e+03
3.574000000000000000e+03 2.007000000000000000e+03
3.860000000000000000e+03 2.023000000000000000e+03
3.550000000000000000e+03 2.061000000000000000e+03
3.506000000000000000e+03 1.946000000000000000e+03
3.820000000000000000e+03 2.117000000000000000e+03
3.691000000000000000e+03 2.082000000000000000e+03
3.655000000000000000e+03 2.084000000000000000e+03
3.639000000000000000e+03 2.050000000000000000e+03
3.415000000000000000e+03 2.028000000000000000e+03
3.698000000000000000e+03 2.061000000000000000e+03
3.524000000000000000e+03 2.094000000000000000e+03
3.901000000000000000e+03 2.216000000000000000e+03
3.778000000000000000e+03 2.203000000000000000e+03
3.610000000000000000e+03 2.195000000000000000e+03
3.878000000000000000e+03 2.314000000000000000e+03
3.692000000000000000e+03 2.527000000000000000e+03
3.513000000000000000e+03 2.473000000000000000e+03
3.702000000000000000e+03 2.332000000000000000e+03
3.816000000000000000e+03 1.490000000000000000e+03
3.597000000000000000e+03 1.520000000000000000e+03
3.739000000000000000e+03 1.670000000000000000e+03
3.767000000000000000e+03 1.580000000000000000e+03
3.665000000000000000e+03 2.798000000000000000e+03
3.693000000000000000e+03 2.754000000000000000e+03
3.733000000000000000e+03 2.800000000000000000e+03
3.665000000000000000e+03 2.289000000000000000e+03
3.707000000000000000e+03 2.677000000000000000e+03
3.904000000000000000e+03 2.815000000000000000e+03
3.930000000000000000e+03 2.747000000000000000e+03
3.874000000000000000e+03 2.825000000000000000e+03
3.526000000000000000e+03 1.750000000000000000e+03
3.796000000000000000e+03 1.775000000000000000e+03
3.760000000000000000e+03 1.871000000000000000e+03
3.776000000000000000e+03 1.817000000000000000e+03
3.582000000000000000e+03 1.473000000000000000e+03
3.533000000000000000e+03 1.494000000000000000e+03
3.391000000000000000e+03 1.563000000000000000e+03
3.668000000000000000e+03 1.512000000000000000e+03
3.819000000000000000e+03 1.879000000000000000e+03
3.767000000000000000e+03 1.933000000000000000e+03
3.550000000000000000e+03 1.570000000000000000e+03
3.773000000000000000e+03 1.964000000000000000e+03
3.708000000000000000e+03 1.607000000000000000e+03
3.784000000000000000e+03 1.598000000000000000e+03
3.850000000000000000e+03 1.621000000000000000e+03
3.528000000000000000e+03 1.641000000000000000e+03
3.558000000000000000e+03 1.643000000000000000e+03
3.535000000000000000e+03 1.586000000000000000e+03
3.446000000000000000e+03 1.583000000000000000e+03
3.439000000000000000e+03 1.585000000000000000e+03
3.380000000000000000e+03 1.846000000000000000e+03
3.301000000000000000e+03 1.847000000000000000e+03
3.347000000000000000e+03 1.854000000000000000e+03
3.585000000000000000e+03 1.715000000000000000e+03
3.405000000000000000e+03 1.798000000000000000e+03
3.501000000000000000e+03 1.687000000000000000e+03
3.381000000000000000e+03 1.672000000000000000e+03
3.371000000000000000e+03 1.705000000000000000e+03
3.501000000000000000e+03 2.071000000000000000e+03
3.552000000000000000e+03 2.046000000000000000e+03
3.369000000000000000e+03 2.146000000000000000e+03
3.244000000000000000e+03 1.986000000000000000e+03
3.405000000000000000e+03 1.973000000000000000e+03
3.462000000000000000e+03 1.958000000000000000e+03
3.291000000000000000e+03 1.962000000000000000e+03
3.329000000000000000e+03 1.907000000000000000e+03
3.424000000000000000e+03 1.853000000000000000e+03
3.513000000000000000e+03 1.892000000000000000e+03
3.598000000000000000e+03 1.932000000000000000e+03
3.570000000000000000e+03 1.862000000000000000e+03
3.359000000000000000e+03 1.940000000000000000e+03
3.515000000000000000e+03 1.767000000000000000e+03
3.318000000000000000e+03 1.758000000000000000e+03
3.327000000000000000e+03 1.781000000000000000e+03
3.534000000000000000e+03 1.700000000000000000e+03
3.625000000000000000e+03 1.692000000000000000e+03
3.620000000000000000e+03 1.900000000000000000e+03
3.490000000000000000e+03 2.046000000000000000e+03
9.770000000000000000e+02 9.890000000000000000e+02
9.690000000000000000e+02 7.800000000000000000e+02
9.490000000000000000e+02 6.250000000000000000e+02
7.360000000000000000e+02 6.250000000000000000e+02
8.070000000000000000e+02 8.580000000000000000e+02
7.550000000000000000e+02 7.750000000000000000e+02
7.710000000000000000e+02 8.450000000000000000e+02
8.600000000000000000e+02 9.110000000000000000e+02
1.000000000000000000e+03 7.410000000000000000e+02
8.280000000000000000e+02 7.580000000000000000e+02
8.640000000000000000e+02 6.520000000000000000e+02
7.320000000000000000e+02 5.840000000000000000e+02
8.510000000000000000e+02 8.340000000000000000e+02
8.420000000000000000e+02 9.650000000000000000e+02
8.800000000000000000e+02 6.160000000000000000e+02
6.210000000000000000e+02 1.711000000000000000e+03
6.250000000000000000e+02 1.322000000000000000e+03
7.460000000000000000e+02 1.225000000000000000e+03
5.920000000000000000e+02 1.406000000000000000e+03
7.690000000000000000e+02 1.300000000000000000e+03
7.420000000000000000e+02 1.086000000000000000e+03
9.020000000000000000e+02 1.240000000000000000e+03
8.640000000000000000e+02 1.316000000000000000e+03
7.430000000000000000e+02 1.043000000000000000e+03
5.560000000000000000e+02 2.044000000000000000e+03
5.280000000000000000e+02 1.680000000000000000e+03
7.110000000000000000e+02 1.654000000000000000e+03
8.150000000000000000e+02 1.086000000000000000e+03
8.570000000000000000e+02 1.115000000000000000e+03
6.180000000000000000e+02 1.385000000000000000e+03
7.420000000000000000e+02 1.395000000000000000e+03
7.590000000000000000e+02 2.004000000000000000e+03
6.220000000000000000e+02 1.648000000000000000e+03
1.295000000000000000e+03 1.648000000000000000e+03
1.812000000000000000e+03 1.160000000000000000e+02
1.908000000000000000e+03 3.240000000000000000e+02
8.410000000000000000e+02 1.653000000000000000e+03
1.835000000000000000e+03 7.530000000000000000e+02
8.790000000000000000e+02 9.300000000000000000e+02
7.120000000000000000e+02 1.262000000000000000e+03
6.920000000000000000e+02 1.066000000000000000e+03
6.820000000000000000e+02 1.070000000000000000e+03
5.970000000000000000e+02 1.280000000000000000e+03
7.690000000000000000e+02 1.134000000000000000e+03
1.299000000000000000e+03 1.097000000000000000e+03
1.153000000000000000e+03 2.093000000000000000e+03
1.579000000000000000e+03 1.161000000000000000e+03
1.457000000000000000e+03 1.190000000000000000e+03
5.150000000000000000e+02 1.536000000000000000e+03
1.135000000000000000e+03 1.175000000000000000e+03
5.500000000000000000e+02 1.183000000000000000e+03
8.950000000000000000e+02 9.330000000000000000e+02
5.370000000000000000e+02 1.343000000000000000e+03
5.380000000000000000e+02 2.250000000000000000e+03
1.565000000000000000e+03 1.192000000000000000e+03
2.663000000000000000e+03 1.491000000000000000e+03
1.577000000000000000e+03 1.293000000000000000e+03
1.854000000000000000e+03 1.165000000000000000e+03
3.964000000000000000e+03 3.039000000000000000e+03
3.915000000000000000e+03 3.087000000000000000e+03
3.933000000000000000e+03 2.970000000000000000e+03
3.915000000000000000e+03 2.936000000000000000e+03
2.116000000000000000e+03 1.660000000000000000e+03
2.489000000000000000e+03 2.677000000000000000e+03
2.360000000000000000e+03 1.916000000000000000e+03
1.787000000000000000e+03 1.071000000000000000e+03
1.746000000000000000e+03 1.232000000000000000e+03
1.856000000000000000e+03 1.198000000000000000e+03
1.539000000000000000e+03 1.251000000000000000e+03
2.561000000000000000e+03 2.582000000000000000e+03
2.550000000000000000e+03 2.685000000000000000e+03
2.394000000000000000e+03 1.981000000000000000e+03
2.531000000000000000e+03 2.641000000000000000e+03
2.372000000000000000e+03 1.966000000000000000e+03
2.463000000000000000e+03 2.670000000000000000e+03
2.643000000000000000e+03 2.500000000000000000e+03
2.687000000000000000e+03 2.427000000000000000e+03
2.456000000000000000e+03 2.386000000000000000e+03
2.457000000000000000e+03 2.299000000000000000e+03
2.221000000000000000e+03 1.909000000000000000e+03
2.055000000000000000e+03 2.222000000000000000e+03
2.260000000000000000e+03 2.261000000000000000e+03
8.720000000000000000e+02 2.975000000000000000e+03
2.391000000000000000e+03 2.320000000000000000e+03
2.055000000000000000e+03 1.316000000000000000e+03
7.070000000000000000e+02 3.555000000000000000e+03
1.350000000000000000e+02 3.941000000000000000e+03
2.615000000000000000e+03 2.372000000000000000e+03
2.597000000000000000e+03 2.372000000000000000e+03
2.565000000000000000e+03 2.391000000000000000e+03
2.654000000000000000e+03 2.404000000000000000e+03
2.661000000000000000e+03 2.489000000000000000e+03
2.564000000000000000e+03 2.437000000000000000e+03
1.841000000000000000e+03 2.413000000000000000e+03
1.789000000000000000e+03 2.254000000000000000e+03
1.858000000000000000e+03 1.577000000000000000e+03
2.142000000000000000e+03 2.213000000000000000e+03
1.918000000000000000e+03 2.234000000000000000e+03
2.046000000000000000e+03 2.086000000000000000e+03
1.924000000000000000e+03 2.011000000000000000e+03
1.987000000000000000e+03 2.004000000000000000e+03
7.680000000000000000e+02 2.461000000000000000e+03
5.100000000000000000e+02 2.446000000000000000e+03
2.050000000000000000e+03 1.872000000000000000e+03
1.498000000000000000e+03 2.013000000000000000e+03
5.450000000000000000e+02 2.060000000000000000e+03
1.134000000000000000e+03 1.794000000000000000e+03
5.670000000000000000e+02 2.449000000000000000e+03
5.630000000000000000e+02 2.384000000000000000e+03
3.620000000000000000e+02 3.001000000000000000e+03
3.980000000000000000e+02 3.054000000000000000e+03
6.230000000000000000e+02 2.844000000000000000e+03
4.190000000000000000e+02 2.980000000000000000e+03
1.508000000000000000e+03 1.373000000000000000e+03
1.596000000000000000e+03 1.367000000000000000e+03
8.740000000000000000e+02 2.336000000000000000e+03
9.890000000000000000e+02 2.212000000000000000e+03
5.500000000000000000e+02 2.700000000000000000e+03
3.770000000000000000e+02 2.734000000000000000e+03
2.960000000000000000e+02 2.622000000000000000e+03
6.300000000000000000e+01 2.590000000000000000e+03
4.400000000000000000e+02 2.673000000000000000e+03
3.080000000000000000e+02 2.692000000000000000e+03
4.560000000000000000e+02 2.760000000000000000e+03
3.760000000000000000e+02 2.688000000000000000e+03
2.100000000000000000e+03 2.367000000000000000e+03
3.194000000000000000e+03 2.358000000000000000e+03
2.905000000000000000e+03 2.112000000000000000e+03
7.440000000000000000e+02 1.170000000000000000e+03
2.865000000000000000e+03 2.042000000000000000e+03
2.971000000000000000e+03 2.215000000000000000e+03
3.001000000000000000e+03 2.200000000000000000e+03
2.203000000000000000e+03 1.880000000000000000e+03
2.246000000000000000e+03 1.873000000000000000e+03
1.409000000000000000e+03 1.579000000000000000e+03
1.341000000000000000e+03 2.091000000000000000e+03
2.520000000000000000e+03 1.961000000000000000e+03
2.364000000000000000e+03 2.110000000000000000e+03
2.366000000000000000e+03 1.935000000000000000e+03
2.653000000000000000e+03 1.969000000000000000e+03
2.869000000000000000e+03 2.311000000000000000e+03
1.698000000000000000e+03 2.066000000000000000e+03
1.711000000000000000e+03 2.097000000000000000e+03
2.560000000000000000e+03 2.118000000000000000e+03
2.828000000000000000e+03 2.070000000000000000e+03
2.463000000000000000e+03 2.017000000000000000e+03
2.678000000000000000e+03 2.068000000000000000e+03
2.386000000000000000e+03 1.687000000000000000e+03
2.413000000000000000e+03 1.904000000000000000e+03
2.391000000000000000e+03 1.908000000000000000e+03
2.379000000000000000e+03 1.990000000000000000e+03
2.323000000000000000e+03 1.984000000000000000e+03
1.788000000000000000e+03 1.972000000000000000e+03
2.487000000000000000e+03 2.074000000000000000e+03
2.489000000000000000e+03 2.101000000000000000e+03
1.819000000000000000e+03 1.844000000000000000e+03
2.381000000000000000e+03 1.585000000000000000e+03
2.817000000000000000e+03 1.873000000000000000e+03
2.784000000000000000e+03 1.750000000000000000e+03
2.600000000000000000e+03 1.477000000000000000e+03
2.196000000000000000e+03 1.653000000000000000e+03
2.691000000000000000e+03 1.833000000000000000e+03
2.496000000000000000e+03 1.779000000000000000e+03
2.871000000000000000e+03 1.867000000000000000e+03
2.813000000000000000e+03 2.047000000000000000e+03
2.850000000000000000e+03 2.674000000000000000e+03
2.198000000000000000e+03 1.553000000000000000e+03
2.830000000000000000e+03 2.061000000000000000e+03
2.806000000000000000e+03 1.882000000000000000e+03
2.779000000000000000e+03 2.678000000000000000e+03
2.207000000000000000e+03 1.576000000000000000e+03
2.788000000000000000e+03 1.838000000000000000e+03
2.911000000000000000e+03 2.020000000000000000e+03
2.833000000000000000e+03 1.911000000000000000e+03
2.850000000000000000e+03 1.729000000000000000e+03
2.209000000000000000e+03 1.446000000000000000e+03
2.701000000000000000e+03 1.872000000000000000e+03
2.173000000000000000e+03 1.632000000000000000e+03
2.068000000000000000e+03 1.462000000000000000e+03
2.726000000000000000e+03 2.502000000000000000e+03
2.868000000000000000e+03 1.947000000000000000e+03
2.115000000000000000e+03 2.468000000000000000e+03
3.136000000000000000e+03 2.245000000000000000e+03
2.661000000000000000e+03 2.711000000000000000e+03
2.662000000000000000e+03 2.763000000000000000e+03
2.444000000000000000e+03 2.625000000000000000e+03
1.983000000000000000e+03 1.200000000000000000e+03
2.379000000000000000e+03 2.085000000000000000e+03
2.459000000000000000e+03 1.666000000000000000e+03
1.986000000000000000e+03 1.512000000000000000e+03
2.280000000000000000e+03 1.597000000000000000e+03
2.058000000000000000e+03 1.495000000000000000e+03
3.197000000000000000e+03 2.340000000000000000e+03
1.656000000000000000e+03 1.364000000000000000e+03
1.908000000000000000e+03 1.372000000000000000e+03
2.624000000000000000e+03 1.682000000000000000e+03
2.032000000000000000e+03 1.447000000000000000e+03
2.041000000000000000e+03 1.467000000000000000e+03
2.333000000000000000e+03 1.557000000000000000e+03
2.239000000000000000e+03 1.432000000000000000e+03
1.542000000000000000e+03 1.008000000000000000e+03
2.797000000000000000e+03 2.540000000000000000e+03
2.026000000000000000e+03 1.879000000000000000e+03
2.526000000000000000e+03 1.556000000000000000e+03
2.364000000000000000e+03 1.704000000000000000e+03
1.928000000000000000e+03 1.648000000000000000e+03
2.739000000000000000e+03 1.876000000000000000e+03
2.463000000000000000e+03 2.462000000000000000e+03
2.102000000000000000e+03 1.603000000000000000e+03
1.880000000000000000e+03 1.451000000000000000e+03
2.574000000000000000e+03 1.429000000000000000e+03
1.844000000000000000e+03 5.550000000000000000e+02
2.512000000000000000e+03 1.781000000000000000e+03
1.593000000000000000e+03 1.247000000000000000e+03
2.213000000000000000e+03 1.699000000000000000e+03
2.249000000000000000e+03 1.655000000000000000e+03
2.810000000000000000e+03 2.697000000000000000e+03
1.900000000000000000e+03 1.448000000000000000e+03
3.232000000000000000e+03 2.788000000000000000e+03
3.211000000000000000e+03 2.768000000000000000e+03
3.182000000000000000e+03 2.761000000000000000e+03
3.235000000000000000e+03 2.744000000000000000e+03
3.160000000000000000e+03 2.803000000000000000e+03
3.028000000000000000e+03 2.717000000000000000e+03
3.032000000000000000e+03 2.800000000000000000e+03
2.949000000000000000e+03 2.745000000000000000e+03
2.621000000000000000e+03 1.640000000000000000e+03
1.691000000000000000e+03 1.220000000000000000e+03
2.580000000000000000e+03 1.573000000000000000e+03
2.229000000000000000e+03 1.114000000000000000e+03
2.538000000000000000e+03 1.588000000000000000e+03
2.322000000000000000e+03 1.148000000000000000e+03
2.458000000000000000e+03 1.626000000000000000e+03
2.053000000000000000e+03 1.415000000000000000e+03
2.567000000000000000e+03 1.650000000000000000e+03
2.010000000000000000e+03 8.780000000000000000e+02
1.662000000000000000e+03 1.590000000000000000e+03
2.853000000000000000e+03 2.178000000000000000e+03
2.878000000000000000e+03 1.594000000000000000e+03
2.639000000000000000e+03 1.655000000000000000e+03
2.390000000000000000e+03 1.642000000000000000e+03
1.383000000000000000e+03 6.360000000000000000e+02
3.013000000000000000e+03 1.826000000000000000e+03
3.077000000000000000e+03 2.515000000000000000e+03
1.782000000000000000e+03 1.223000000000000000e+03
2.555000000000000000e+03 1.408000000000000000e+03
3.175000000000000000e+03 2.386000000000000000e+03
2.896000000000000000e+03 1.502000000000000000e+03
2.588000000000000000e+03 1.594000000000000000e+03
2.181000000000000000e+03 1.180000000000000000e+03
2.100000000000000000e+02 1.420000000000000000e+03
6.350000000000000000e+02 2.310000000000000000e+03
2.080000000000000000e+03 6.500000000000000000e+02
6.270000000000000000e+02 3.200000000000000000e+03
1.650000000000000000e+03 4.000000000000000000e+02
7.810000000000000000e+02 5.000000000000000000e+01
1.000000000000000000e+00 0.000000000000000000e+00
3.875000000000000000e+03 0.000000000000000000e+00
