2.967000000000000000e+03 1.840000000000000000e+02
2.824000000000000000e+03 1.000000000000000000e+02
2.772000000000000000e+03 1.110000000000000000e+02
2.925000000000000000e+03 8.600000000000000000e+01
3.091000000000000000e+03 6.100000000000000000e+01
2.888000000000000000e+03 7.800000000000000000e+01
2.776000000000000000e+03 1.160000000000000000e+02
3.209000000000000000e+03 5.180000000000000000e+02
2.851000000000000000e+03 9.200000000000000000e+01
3.300000000000000000e+03 5.680000000000000000e+02
3.173000000000000000e+03 7.560000000000000000e+02
2.722000000000000000e+03 7.700000000000000000e+01
2.835000000000000000e+03 4.600000000000000000e+01
3.032000000000000000e+03 8.000000000000000000e+01
3.031000000000000000e+03 9.600000000000000000e+01
3.126000000000000000e+03 8.130000000000000000e+02
3.122000000000000000e+03 7.710000000000000000e+02
3.026000000000000000e+03 6.730000000000000000e+02
3.093000000000000000e+03 7.100000000000000000e+02
3.386000000000000000e+03 2.240000000000000000e+02
3.422000000000000000e+03 2.130000000000000000e+02
3.312000000000000000e+03 2.800000000000000000e+02
3.509000000000000000e+03 6.850000000000000000e+02
2.626000000000000000e+03 6.390000000000000000e+02
2.754000000000000000e+03 1.450000000000000000e+02
2.490000000000000000e+03 1.190000000000000000e+02
2.554000000000000000e+03 6.200000000000000000e+01
2.932000000000000000e+03 6.470000000000000000e+02
2.811000000000000000e+03 6.980000000000000000e+02
3.082000000000000000e+03 7.260000000000000000e+02
2.964000000000000000e+03 8.410000000000000000e+02
1.260000000000000000e+02 2.871000000000000000e+03
5.300000000000000000e+01 2.835000000000000000e+03
3.400000000000000000e+01 2.871000000000000000e+03
5.300000000000000000e+01 2.728000000000000000e+03
5.900000000000000000e+01 2.713000000000000000e+03
4.570000000000000000e+02 2.929000000000000000e+03
4.400000000000000000e+01 2.700000000000000000e+03
2.408000000000000000e+03 3.188000000000000000e+03
1.997000000000000000e+03 3.661000000000000000e+03
2.500000000000000000e+01 3.200000000000000000e+03
1.913000000000000000e+03 3.594000000000000000e+03
3.000000000000000000e+01 3.100000000000000000e+03
1.860000000000000000e+02 3.080000000000000000e+03
1.220000000000000000e+02 2.997000000000000000e+03
5.200000000000000000e+01 2.991000000000000000e+03
1.631000000000000000e+03 2.090000000000000000e+03
1.638000000000000000e+03 1.987000000000000000e+03
1.575000000000000000e+03 2.141000000000000000e+03
1.582000000000000000e+03 1.958000000000000000e+03
1.512000000000000000e+03 2.000000000000000000e+03
1.658000000000000000e+03 1.913000000000000000e+03
1.452000000000000000e+03 2.182000000000000000e+03
1.591000000000000000e+03 1.956000000000000000e+03
1.419000000000000000e+03 1.999000000000000000e+03
3.348000000000000000e+03 4.650000000000000000e+02
1.273000000000000000e+03 2.073000000000000000e+03
1.208000000000000000e+03 2.025000000000000000e+03
1.909000000000000000e+03 2.036000000000000000e+03
2.080000000000000000e+03 1.844000000000000000e+03
1.721000000000000000e+03 2.042000000000000000e+03
3.047000000000000000e+03 5.710000000000000000e+02
3.549000000000000000e+03 2.700000000000000000e+02
3.774000000000000000e+03 3.690000000000000000e+02
3.791000000000000000e+03 4.160000000000000000e+02
3.792000000000000000e+03 7.410000000000000000e+02
3.685000000000000000e+03 7.030000000000000000e+02
3.808000000000000000e+03 4.820000000000000000e+02
3.650000000000000000e+03 4.810000000000000000e+02
3.418000000000000000e+03 6.020000000000000000e+02
3.614000000000000000e+03 5.660000000000000000e+02
3.715000000000000000e+03 5.570000000000000000e+02
3.675000000000000000e+03 1.820000000000000000e+02
3.213000000000000000e+03 5.440000000000000000e+02
3.032000000000000000e+03 5.240000000000000000e+02
3.137000000000000000e+03 4.910000000000000000e+02
3.012000000000000000e+03 3.780000000000000000e+02
3.605000000000000000e+03 2.610000000000000000e+02
3.613000000000000000e+03 3.810000000000000000e+02
3.748000000000000000e+03 6.800000000000000000e+02
3.567000000000000000e+03 6.810000000000000000e+02
3.674000000000000000e+03 5.520000000000000000e+02
3.631000000000000000e+03 7.010000000000000000e+02
3.663000000000000000e+03 1.730000000000000000e+02
3.812000000000000000e+03 2.170000000000000000e+02
3.804000000000000000e+03 3.150000000000000000e+02
3.722000000000000000e+03 2.760000000000000000e+02
3.649000000000000000e+03 2.690000000000000000e+02
3.611000000000000000e+03 3.130000000000000000e+02
3.747000000000000000e+03 7.140000000000000000e+02
3.449000000000000000e+03 7.340000000000000000e+02
3.673000000000000000e+03 1.980000000000000000e+02
3.336000000000000000e+03 6.530000000000000000e+02
3.366000000000000000e+03 1.660000000000000000e+02
3.038000000000000000e+03 1.190000000000000000e+02
3.379000000000000000e+03 2.900000000000000000e+01
3.041000000000000000e+03 2.080000000000000000e+02
3.306000000000000000e+03 6.660000000000000000e+02
3.399000000000000000e+03 6.580000000000000000e+02
3.552000000000000000e+03 6.830000000000000000e+02
3.500000000000000000e+03 7.500000000000000000e+02
3.452000000000000000e+03 2.270000000000000000e+02
3.615000000000000000e+03 4.860000000000000000e+02
3.440000000000000000e+03 3.460000000000000000e+02
3.531000000000000000e+03 3.310000000000000000e+02
3.631000000000000000e+03 5.030000000000000000e+02
3.684000000000000000e+03 4.870000000000000000e+02
3.764000000000000000e+03 6.380000000000000000e+02
3.528000000000000000e+03 3.580000000000000000e+02
3.455000000000000000e+03 1.350000000000000000e+02
3.278000000000000000e+03 1.010000000000000000e+02
3.410000000000000000e+03 9.600000000000000000e+01
3.293000000000000000e+03 9.500000000000000000e+01
3.436000000000000000e+03 5.760000000000000000e+02
3.448000000000000000e+03 6.820000000000000000e+02
3.395000000000000000e+03 2.320000000000000000e+02
3.144000000000000000e+03 1.640000000000000000e+02
3.448000000000000000e+03 3.820000000000000000e+02
3.367000000000000000e+03 7.760000000000000000e+02
3.424000000000000000e+03 6.540000000000000000e+02
3.183000000000000000e+03 4.280000000000000000e+02
3.320000000000000000e+03 9.700000000000000000e+01
3.255000000000000000e+03 9.100000000000000000e+01
3.324000000000000000e+03 6.920000000000000000e+02
3.321000000000000000e+03 7.850000000000000000e+02
1.654000000000000000e+03 3.920000000000000000e+02
1.571000000000000000e+03 6.900000000000000000e+02
1.438000000000000000e+03 6.920000000000000000e+02
2.096000000000000000e+03 2.960000000000000000e+02
1.973000000000000000e+03 3.120000000000000000e+02
1.487000000000000000e+03 7.350000000000000000e+02
1.509000000000000000e+03 8.230000000000000000e+02
1.980000000000000000e+03 5.650000000000000000e+02
1.968000000000000000e+03 5.990000000000000000e+02
1.626000000000000000e+03 6.180000000000000000e+02
1.591000000000000000e+03 4.560000000000000000e+02
1.488000000000000000e+03 7.380000000000000000e+02
1.816000000000000000e+03 3.970000000000000000e+02
1.779000000000000000e+03 5.640000000000000000e+02
1.928000000000000000e+03 5.560000000000000000e+02
1.455000000000000000e+03 8.680000000000000000e+02
1.453000000000000000e+03 7.660000000000000000e+02
2.246000000000000000e+03 1.320000000000000000e+02
2.257000000000000000e+03 3.830000000000000000e+02
1.538000000000000000e+03 5.690000000000000000e+02
1.838000000000000000e+03 4.630000000000000000e+02
1.809000000000000000e+03 6.510000000000000000e+02
1.980000000000000000e+03 6.210000000000000000e+02
2.025000000000000000e+03 3.880000000000000000e+02
1.825000000000000000e+03 6.010000000000000000e+02
1.909000000000000000e+03 5.050000000000000000e+02
2.184000000000000000e+03 5.950000000000000000e+02
1.503000000000000000e+03 9.600000000000000000e+02
1.512000000000000000e+03 9.290000000000000000e+02
1.564000000000000000e+03 6.710000000000000000e+02
1.606000000000000000e+03 6.600000000000000000e+02
2.467000000000000000e+03 3.870000000000000000e+02
2.486000000000000000e+03 3.820000000000000000e+02
2.365000000000000000e+03 1.590000000000000000e+02
2.921000000000000000e+03 5.520000000000000000e+02
3.031000000000000000e+03 5.500000000000000000e+02
2.564000000000000000e+03 7.150000000000000000e+02
2.869000000000000000e+03 7.430000000000000000e+02
2.574000000000000000e+03 1.270000000000000000e+02
2.393000000000000000e+03 8.600000000000000000e+01
2.552000000000000000e+03 3.620000000000000000e+02
2.326000000000000000e+03 5.390000000000000000e+02
2.343000000000000000e+03 3.720000000000000000e+02
2.384000000000000000e+03 5.130000000000000000e+02
2.034000000000000000e+03 6.200000000000000000e+02
2.284000000000000000e+03 6.110000000000000000e+02
1.868000000000000000e+03 1.454000000000000000e+03
1.862000000000000000e+03 1.479000000000000000e+03
1.930000000000000000e+03 1.533000000000000000e+03
1.941000000000000000e+03 1.488000000000000000e+03
2.165000000000000000e+03 9.380000000000000000e+02
2.182000000000000000e+03 9.030000000000000000e+02
2.017000000000000000e+03 1.469000000000000000e+03
2.010000000000000000e+03 1.580000000000000000e+03
2.616000000000000000e+03 3.080000000000000000e+02
2.503000000000000000e+03 5.210000000000000000e+02
2.578000000000000000e+03 5.920000000000000000e+02
2.537000000000000000e+03 6.620000000000000000e+02
2.233000000000000000e+03 6.740000000000000000e+02
2.156000000000000000e+03 9.210000000000000000e+02
2.330000000000000000e+03 8.380000000000000000e+02
2.141000000000000000e+03 4.270000000000000000e+02
3.478000000000000000e+03 7.890000000000000000e+02
3.402000000000000000e+03 6.950000000000000000e+02
3.495000000000000000e+03 4.950000000000000000e+02
2.282000000000000000e+03 6.840000000000000000e+02
2.359000000000000000e+03 7.820000000000000000e+02
2.660000000000000000e+03 5.810000000000000000e+02
2.667000000000000000e+03 6.270000000000000000e+02
2.903000000000000000e+03 7.400000000000000000e+02
2.819000000000000000e+03 7.450000000000000000e+02
2.836000000000000000e+03 7.490000000000000000e+02
2.950000000000000000e+03 7.250000000000000000e+02
1.978000000000000000e+03 1.162000000000000000e+03
1.887000000000000000e+03 1.194000000000000000e+03
2.217000000000000000e+03 1.023000000000000000e+03
1.962000000000000000e+03 1.244000000000000000e+03
2.429000000000000000e+03 5.790000000000000000e+02
1.767000000000000000e+03 7.570000000000000000e+02
1.765000000000000000e+03 1.172000000000000000e+03
1.632000000000000000e+03 1.159000000000000000e+03
2.822000000000000000e+03 5.730000000000000000e+02
2.681000000000000000e+03 6.610000000000000000e+02
2.514000000000000000e+03 4.940000000000000000e+02
2.517000000000000000e+03 5.970000000000000000e+02
2.681000000000000000e+03 7.080000000000000000e+02
2.176000000000000000e+03 8.230000000000000000e+02
1.651000000000000000e+03 1.076000000000000000e+03
1.716000000000000000e+03 1.085000000000000000e+03
2.503000000000000000e+03 4.060000000000000000e+02
2.454000000000000000e+03 6.480000000000000000e+02
2.632000000000000000e+03 6.810000000000000000e+02
2.776000000000000000e+03 5.270000000000000000e+02
1.913000000000000000e+03 8.260000000000000000e+02
1.899000000000000000e+03 9.400000000000000000e+02
2.294000000000000000e+03 7.280000000000000000e+02
1.886000000000000000e+03 9.360000000000000000e+02
2.386000000000000000e+03 6.400000000000000000e+02
2.093000000000000000e+03 7.100000000000000000e+02
2.273000000000000000e+03 6.910000000000000000e+02
1.921000000000000000e+03 9.180000000000000000e+02
2.267000000000000000e+03 6.670000000000000000e+02
2.112000000000000000e+03 9.750000000000000000e+02
2.139000000000000000e+03 9.200000000000000000e+02
2.201000000000000000e+03 9.540000000000000000e+02
2.447000000000000000e+03 6.820000000000000000e+02
1.867000000000000000e+03 1.088000000000000000e+03
1.949000000000000000e+03 6.150000000000000000e+02
1.896000000000000000e+03 7.590000000000000000e+02
1.905000000000000000e+03 8.890000000000000000e+02
1.702000000000000000e+03 1.053000000000000000e+03
2.139000000000000000e+03 8.470000000000000000e+02
2.515000000000000000e+03 7.930000000000000000e+02
1.908000000000000000e+03 7.250000000000000000e+02
1.922000000000000000e+03 6.710000000000000000e+02
1.851000000000000000e+03 7.810000000000000000e+02
1.897000000000000000e+03 7.930000000000000000e+02
1.684000000000000000e+03 1.221000000000000000e+03
1.667000000000000000e+03 1.043000000000000000e+03
1.760000000000000000e+03 9.230000000000000000e+02
1.774000000000000000e+03 9.000000000000000000e+02
1.698000000000000000e+03 8.620000000000000000e+02
1.772000000000000000e+03 9.110000000000000000e+02
1.937000000000000000e+03 8.480000000000000000e+02
2.012000000000000000e+03 7.150000000000000000e+02
1.430000000000000000e+03 3.533000000000000000e+03
1.588000000000000000e+03 3.574000000000000000e+03
1.616000000000000000e+03 3.598000000000000000e+03
1.374000000000000000e+03 3.867000000000000000e+03
1.069000000000000000e+03 3.757000000000000000e+03
1.292000000000000000e+03 3.889000000000000000e+03
1.317000000000000000e+03 3.937000000000000000e+03
1.658000000000000000e+03 3.652000000000000000e+03
1.577000000000000000e+03 3.944000000000000000e+03
1.617000000000000000e+03 3.783000000000000000e+03
1.530000000000000000e+03 3.898000000000000000e+03
1.151000000000000000e+03 3.703000000000000000e+03
1.075000000000000000e+03 3.761000000000000000e+03
1.609000000000000000e+03 3.145000000000000000e+03
1.554000000000000000e+03 3.060000000000000000e+03
1.153000000000000000e+03 3.832000000000000000e+03
1.133000000000000000e+03 3.819000000000000000e+03
1.634000000000000000e+03 3.481000000000000000e+03
1.487000000000000000e+03 3.540000000000000000e+03
1.220000000000000000e+03 3.913000000000000000e+03
1.185000000000000000e+03 3.884000000000000000e+03
1.286000000000000000e+03 3.533000000000000000e+03
1.167000000000000000e+03 3.728000000000000000e+03
1.374000000000000000e+03 3.701000000000000000e+03
1.348000000000000000e+03 3.656000000000000000e+03
1.316000000000000000e+03 3.740000000000000000e+03
1.247000000000000000e+03 3.840000000000000000e+03
1.395000000000000000e+03 3.481000000000000000e+03
1.597000000000000000e+03 3.580000000000000000e+03
1.429000000000000000e+03 3.548000000000000000e+03
1.323000000000000000e+03 3.535000000000000000e+03
1.535000000000000000e+03 3.726000000000000000e+03
1.488000000000000000e+03 3.635000000000000000e+03
1.496000000000000000e+03 3.383000000000000000e+03
1.514000000000000000e+03 3.340000000000000000e+03
1.591000000000000000e+03 3.729000000000000000e+03
1.547000000000000000e+03 3.557000000000000000e+03
1.294000000000000000e+03 3.177000000000000000e+03
1.434000000000000000e+03 3.820000000000000000e+03
1.432000000000000000e+03 3.768000000000000000e+03
1.454000000000000000e+03 3.727000000000000000e+03
1.559000000000000000e+03 3.318000000000000000e+03
1.522000000000000000e+03 3.891000000000000000e+03
1.621000000000000000e+03 3.803000000000000000e+03
1.579000000000000000e+03 3.724000000000000000e+03
1.435000000000000000e+03 3.230000000000000000e+03
5.120000000000000000e+02 3.597000000000000000e+03
3.080000000000000000e+02 3.821000000000000000e+03
1.260000000000000000e+02 3.804000000000000000e+03
6.000000000000000000e+01 3.770000000000000000e+03
8.500000000000000000e+01 3.717000000000000000e+03
5.040000000000000000e+02 3.717000000000000000e+03
6.460000000000000000e+02 3.675000000000000000e+03
2.740000000000000000e+02 3.655000000000000000e+03
1.041000000000000000e+03 3.480000000000000000e+03
1.062000000000000000e+03 3.604000000000000000e+03
1.049000000000000000e+03 3.439000000000000000e+03
1.065000000000000000e+03 3.581000000000000000e+03
1.562000000000000000e+03 3.207000000000000000e+03
1.585000000000000000e+03 3.205000000000000000e+03
9.280000000000000000e+02 3.835000000000000000e+03
1.032000000000000000e+03 3.948000000000000000e+03
1.027000000000000000e+03 3.600000000000000000e+03
1.074000000000000000e+03 3.479000000000000000e+03
1.214000000000000000e+03 3.442000000000000000e+03
1.347000000000000000e+03 3.072000000000000000e+03
1.395000000000000000e+03 3.065000000000000000e+03
8.650000000000000000e+02 3.404000000000000000e+03
8.740000000000000000e+02 3.369000000000000000e+03
7.160000000000000000e+02 3.311000000000000000e+03
8.090000000000000000e+02 3.368000000000000000e+03
7.020000000000000000e+02 3.352000000000000000e+03
7.740000000000000000e+02 3.300000000000000000e+03
6.220000000000000000e+02 3.364000000000000000e+03
9.070000000000000000e+02 3.190000000000000000e+03
9.640000000000000000e+02 3.169000000000000000e+03
8.970000000000000000e+02 3.191000000000000000e+03
3.720000000000000000e+02 3.438000000000000000e+03
3.280000000000000000e+02 3.468000000000000000e+03
5.140000000000000000e+02 3.340000000000000000e+03
5.350000000000000000e+02 3.270000000000000000e+03
8.100000000000000000e+02 3.400000000000000000e+03
5.780000000000000000e+02 3.431000000000000000e+03
4.320000000000000000e+02 3.237000000000000000e+03
4.240000000000000000e+02 3.203000000000000000e+03
8.830000000000000000e+02 3.329000000000000000e+03
6.380000000000000000e+02 3.418000000000000000e+03
4.470000000000000000e+02 3.521000000000000000e+03
4.800000000000000000e+02 3.456000000000000000e+03
5.790000000000000000e+02 3.422000000000000000e+03
6.140000000000000000e+02 3.431000000000000000e+03
6.740000000000000000e+02 3.229000000000000000e+03
6.880000000000000000e+02 3.182000000000000000e+03
1.229000000000000000e+03 3.333000000000000000e+03
1.110000000000000000e+03 3.246000000000000000e+03
1.030000000000000000e+03 3.431000000000000000e+03
1.102000000000000000e+03 3.330000000000000000e+03
1.027000000000000000e+03 3.541000000000000000e+03
7.880000000000000000e+02 3.665000000000000000e+03
1.097000000000000000e+03 3.458000000000000000e+03
1.258000000000000000e+03 3.399000000000000000e+03
1.071000000000000000e+03 3.394000000000000000e+03
1.202000000000000000e+03 3.370000000000000000e+03
1.186000000000000000e+03 3.264000000000000000e+03
1.089000000000000000e+03 3.211000000000000000e+03
6.840000000000000000e+02 3.527000000000000000e+03
7.350000000000000000e+02 3.545000000000000000e+03
6.860000000000000000e+02 3.647000000000000000e+03
6.970000000000000000e+02 3.531000000000000000e+03
1.675000000000000000e+03 3.423000000000000000e+03
1.583000000000000000e+03 3.363000000000000000e+03
1.214000000000000000e+03 3.065000000000000000e+03
1.183000000000000000e+03 3.069000000000000000e+03
1.227000000000000000e+03 3.159000000000000000e+03
2.048000000000000000e+03 3.115000000000000000e+03
2.861000000000000000e+03 2.552000000000000000e+03
1.925000000000000000e+03 2.951000000000000000e+03
1.241000000000000000e+03 3.458000000000000000e+03
1.617000000000000000e+03 3.278000000000000000e+03
1.015000000000000000e+03 3.679000000000000000e+03
9.580000000000000000e+02 3.580000000000000000e+03
1.080000000000000000e+03 3.466000000000000000e+03
9.910000000000000000e+02 3.544000000000000000e+03
1.150000000000000000e+03 3.413000000000000000e+03
9.350000000000000000e+02 3.436000000000000000e+03
6.100000000000000000e+02 2.588000000000000000e+03
8.650000000000000000e+02 2.648000000000000000e+03
3.970000000000000000e+02 2.342000000000000000e+03
3.640000000000000000e+02 2.246000000000000000e+03
6.560000000000000000e+02 2.466000000000000000e+03
9.490000000000000000e+02 2.782000000000000000e+03
1.128000000000000000e+03 2.971000000000000000e+03
1.023000000000000000e+03 2.658000000000000000e+03
8.430000000000000000e+02 2.460000000000000000e+03
3.630000000000000000e+02 2.047000000000000000e+03
1.224000000000000000e+03 2.940000000000000000e+03
1.123000000000000000e+03 2.775000000000000000e+03
9.020000000000000000e+02 2.751000000000000000e+03
3.910000000000000000e+02 1.848000000000000000e+03
4.900000000000000000e+02 1.873000000000000000e+03
1.760000000000000000e+03 3.582000000000000000e+03
1.119000000000000000e+03 3.035000000000000000e+03
1.488000000000000000e+03 3.239000000000000000e+03
8.780000000000000000e+02 2.906000000000000000e+03
1.220000000000000000e+03 2.991000000000000000e+03
1.174000000000000000e+03 3.012000000000000000e+03
7.200000000000000000e+02 2.669000000000000000e+03
7.120000000000000000e+02 2.666000000000000000e+03
7.300000000000000000e+02 2.811000000000000000e+03
1.654000000000000000e+03 3.591000000000000000e+03
1.894000000000000000e+03 3.673000000000000000e+03
1.851000000000000000e+03 3.791000000000000000e+03
1.417000000000000000e+03 3.292000000000000000e+03
1.263000000000000000e+03 2.845000000000000000e+03
1.768000000000000000e+03 3.741000000000000000e+03
1.656000000000000000e+03 3.712000000000000000e+03
2.037000000000000000e+03 3.723000000000000000e+03
2.017000000000000000e+03 3.774000000000000000e+03
2.023000000000000000e+03 3.752000000000000000e+03
2.145000000000000000e+03 3.756000000000000000e+03
1.941000000000000000e+03 3.810000000000000000e+03
1.987000000000000000e+03 3.815000000000000000e+03
1.971000000000000000e+03 3.639000000000000000e+03
1.449000000000000000e+03 3.606000000000000000e+03
7.600000000000000000e+01 3.440000000000000000e+03
1.140000000000000000e+02 3.364000000000000000e+03
1.355000000000000000e+03 3.533000000000000000e+03
1.956000000000000000e+03 3.815000000000000000e+03
7.740000000000000000e+02 3.265000000000000000e+03
1.890000000000000000e+02 2.970000000000000000e+03
9.680000000000000000e+02 3.305000000000000000e+03
2.101000000000000000e+03 3.298000000000000000e+03
2.037000000000000000e+03 3.584000000000000000e+03
2.021000000000000000e+03 3.378000000000000000e+03
1.925000000000000000e+03 3.444000000000000000e+03
2.101000000000000000e+03 3.337000000000000000e+03
2.191000000000000000e+03 3.243000000000000000e+03
2.085000000000000000e+03 3.724000000000000000e+03
2.109000000000000000e+03 3.727000000000000000e+03
2.066000000000000000e+03 3.624000000000000000e+03
2.101000000000000000e+03 3.396000000000000000e+03
2.166000000000000000e+03 3.444000000000000000e+03
2.199000000000000000e+03 3.432000000000000000e+03
2.252000000000000000e+03 3.279000000000000000e+03
2.094000000000000000e+03 3.500000000000000000e+03
2.014000000000000000e+03 3.412000000000000000e+03
2.247000000000000000e+03 3.282000000000000000e+03
1.049000000000000000e+03 3.136000000000000000e+03
1.075000000000000000e+03 3.089000000000000000e+03
9.620000000000000000e+02 3.435000000000000000e+03
2.440000000000000000e+02 3.508000000000000000e+03
2.420000000000000000e+02 3.343000000000000000e+03
2.100000000000000000e+02 3.107000000000000000e+03
2.230000000000000000e+02 3.158000000000000000e+03
4.700000000000000000e+01 3.350000000000000000e+03
1.250000000000000000e+02 3.351000000000000000e+03
8.400000000000000000e+01 3.366000000000000000e+03
6.600000000000000000e+01 3.338000000000000000e+03
1.930000000000000000e+02 3.104000000000000000e+03
2.410000000000000000e+02 2.891000000000000000e+03
3.190000000000000000e+02 3.096000000000000000e+03
3.190000000000000000e+02 3.407000000000000000e+03
1.830000000000000000e+02 3.474000000000000000e+03
1.640000000000000000e+02 3.573000000000000000e+03
5.120000000000000000e+02 3.143000000000000000e+03
4.330000000000000000e+02 3.441000000000000000e+03
6.120000000000000000e+02 3.084000000000000000e+03
6.100000000000000000e+02 3.084000000000000000e+03
8.910000000000000000e+02 3.083000000000000000e+03
7.390000000000000000e+02 3.101000000000000000e+03
5.280000000000000000e+02 2.998000000000000000e+03
1.221000000000000000e+03 3.076000000000000000e+03
9.350000000000000000e+02 2.916000000000000000e+03
1.253000000000000000e+03 2.775000000000000000e+03
3.580000000000000000e+02 3.242000000000000000e+03
5.890000000000000000e+02 3.532000000000000000e+03
3.530000000000000000e+02 3.017000000000000000e+03
3.030000000000000000e+02 3.205000000000000000e+03
1.508000000000000000e+03 3.377000000000000000e+03
1.531000000000000000e+03 3.389000000000000000e+03
2.131000000000000000e+03 3.275000000000000000e+03
1.855000000000000000e+03 3.330000000000000000e+03
1.949000000000000000e+03 3.514000000000000000e+03
1.779000000000000000e+03 3.551000000000000000e+03
1.732000000000000000e+03 2.919000000000000000e+03
1.788000000000000000e+03 3.266000000000000000e+03
9.040000000000000000e+02 3.942000000000000000e+03
8.740000000000000000e+02 3.861000000000000000e+03
1.700000000000000000e+03 3.924000000000000000e+03
1.745000000000000000e+03 3.860000000000000000e+03
8.340000000000000000e+02 3.851000000000000000e+03
7.600000000000000000e+02 3.880000000000000000e+03
5.760000000000000000e+02 3.790000000000000000e+03
6.010000000000000000e+02 3.785000000000000000e+03
5.330000000000000000e+02 3.801000000000000000e+03
6.090000000000000000e+02 3.954000000000000000e+03
3.100000000000000000e+02 3.685000000000000000e+03
3.890000000000000000e+02 3.668000000000000000e+03
2.370000000000000000e+02 3.754000000000000000e+03
3.600000000000000000e+02 3.737000000000000000e+03
5.190000000000000000e+02 3.712000000000000000e+03
5.770000000000000000e+02 3.726000000000000000e+03
3.740000000000000000e+02 3.907000000000000000e+03
4.190000000000000000e+02 3.870000000000000000e+03
5.060000000000000000e+02 3.874000000000000000e+03
2.960000000000000000e+02 3.910000000000000000e+03
5.190000000000000000e+02 3.868000000000000000e+03
2.390000000000000000e+02 3.869000000000000000e+03
6.420000000000000000e+02 3.780000000000000000e+03
5.860000000000000000e+02 3.751000000000000000e+03
3.820000000000000000e+02 9.470000000000000000e+02
3.590000000000000000e+02 1.145000000000000000e+03
3.870000000000000000e+02 1.268000000000000000e+03
6.460000000000000000e+02 1.168000000000000000e+03
3.960000000000000000e+02 1.143000000000000000e+03
4.140000000000000000e+02 1.111000000000000000e+03
4.560000000000000000e+02 1.194000000000000000e+03
3.400000000000000000e+02 1.067000000000000000e+03
3.830000000000000000e+02 8.380000000000000000e+02
4.200000000000000000e+02 9.870000000000000000e+02
2.880000000000000000e+02 9.770000000000000000e+02
2.550000000000000000e+02 1.066000000000000000e+03
3.570000000000000000e+02 1.181000000000000000e+03
2.740000000000000000e+02 1.013000000000000000e+03
2.410000000000000000e+02 1.169000000000000000e+03
4.550000000000000000e+02 1.436000000000000000e+03
3.540000000000000000e+02 1.511000000000000000e+03
2.480000000000000000e+02 1.407000000000000000e+03
3.130000000000000000e+02 1.457000000000000000e+03
3.540000000000000000e+02 6.600000000000000000e+02
4.070000000000000000e+02 5.150000000000000000e+02
3.120000000000000000e+02 1.585000000000000000e+03
3.850000000000000000e+02 1.523000000000000000e+03
2.580000000000000000e+02 1.437000000000000000e+03
3.090000000000000000e+02 1.500000000000000000e+03
4.000000000000000000e+01 2.531000000000000000e+03
3.000000000000000000e+01 2.476000000000000000e+03
2.450000000000000000e+02 1.731000000000000000e+03
2.470000000000000000e+02 1.536000000000000000e+03
2.970000000000000000e+02 1.679000000000000000e+03
3.040000000000000000e+02 1.648000000000000000e+03
3.190000000000000000e+02 7.990000000000000000e+02
3.600000000000000000e+02 9.260000000000000000e+02
9.300000000000000000e+02 1.084000000000000000e+03
3.840000000000000000e+02 5.860000000000000000e+02
2.640000000000000000e+02 7.570000000000000000e+02
3.260000000000000000e+02 7.320000000000000000e+02
3.750000000000000000e+02 7.080000000000000000e+02
3.160000000000000000e+02 3.400000000000000000e+02
2.470000000000000000e+02 3.440000000000000000e+02
3.010000000000000000e+02 6.330000000000000000e+02
2.560000000000000000e+02 4.850000000000000000e+02
3.400000000000000000e+02 5.040000000000000000e+02
3.590000000000000000e+02 4.150000000000000000e+02
2.460000000000000000e+02 5.560000000000000000e+02
2.410000000000000000e+02 5.660000000000000000e+02
2.690000000000000000e+02 2.240000000000000000e+02
2.310000000000000000e+02 3.100000000000000000e+02
3.930000000000000000e+02 3.740000000000000000e+02
3.210000000000000000e+02 1.720000000000000000e+02
3.410000000000000000e+02 2.250000000000000000e+02
2.750000000000000000e+02 9.000000000000000000e+01
3.380000000000000000e+02 3.400000000000000000e+01
3.810000000000000000e+02 3.590000000000000000e+02
5.360000000000000000e+02 2.430000000000000000e+02
4.750000000000000000e+02 2.620000000000000000e+02
4.970000000000000000e+02 2.940000000000000000e+02
4.860000000000000000e+02 3.130000000000000000e+02
4.300000000000000000e+02 6.000000000000000000e+01
4.550000000000000000e+02 2.760000000000000000e+02
4.710000000000000000e+02 1.050000000000000000e+02
4.750000000000000000e+02 1.180000000000000000e+02
1.164000000000000000e+03 2.350000000000000000e+02
1.356000000000000000e+03 6.400000000000000000e+01
1.345000000000000000e+03 1.110000000000000000e+02
5.620000000000000000e+02 4.800000000000000000e+02
4.740000000000000000e+02 6.100000000000000000e+02
3.260000000000000000e+02 7.700000000000000000e+02
5.500000000000000000e+02 5.560000000000000000e+02
4.320000000000000000e+02 8.290000000000000000e+02
4.720000000000000000e+02 7.690000000000000000e+02
5.000000000000000000e+02 6.890000000000000000e+02
4.980000000000000000e+02 6.370000000000000000e+02
4.720000000000000000e+02 6.560000000000000000e+02
6.370000000000000000e+02 5.340000000000000000e+02
6.160000000000000000e+02 5.120000000000000000e+02
5.030000000000000000e+02 5.740000000000000000e+02
6.180000000000000000e+02 1.830000000000000000e+02
6.420000000000000000e+02 3.520000000000000000e+02
6.310000000000000000e+02 3.500000000000000000e+01
6.070000000000000000e+02 1.710000000000000000e+02
7.920000000000000000e+02 1.030000000000000000e+02
7.610000000000000000e+02 2.340000000000000000e+02
7.060000000000000000e+02 2.820000000000000000e+02
7.560000000000000000e+02 6.600000000000000000e+01
6.900000000000000000e+02 1.600000000000000000e+02
6.950000000000000000e+02 1.340000000000000000e+02
5.800000000000000000e+02 4.760000000000000000e+02
6.300000000000000000e+02 1.660000000000000000e+02
1.279000000000000000e+03 2.310000000000000000e+02
9.770000000000000000e+02 2.230000000000000000e+02
8.960000000000000000e+02 8.000000000000000000e+01
8.870000000000000000e+02 1.690000000000000000e+02
9.550000000000000000e+02 3.670000000000000000e+02
9.960000000000000000e+02 3.260000000000000000e+02
7.240000000000000000e+02 4.580000000000000000e+02
8.690000000000000000e+02 3.610000000000000000e+02
1.406000000000000000e+03 1.520000000000000000e+02
9.850000000000000000e+02 3.600000000000000000e+02
1.505000000000000000e+03 1.690000000000000000e+02
1.526000000000000000e+03 9.900000000000000000e+01
1.686000000000000000e+03 1.310000000000000000e+02
1.624000000000000000e+03 1.360000000000000000e+02
1.615000000000000000e+03 1.840000000000000000e+02
1.462000000000000000e+03 3.400000000000000000e+02
1.580000000000000000e+03 4.390000000000000000e+02
1.619000000000000000e+03 4.270000000000000000e+02
1.563000000000000000e+03 3.010000000000000000e+02
1.489000000000000000e+03 4.220000000000000000e+02
9.760000000000000000e+02 7.200000000000000000e+01
8.980000000000000000e+02 2.260000000000000000e+02
8.910000000000000000e+02 1.890000000000000000e+02
1.044000000000000000e+03 1.070000000000000000e+02
1.282000000000000000e+03 2.470000000000000000e+02
8.690000000000000000e+02 5.530000000000000000e+02
1.144000000000000000e+03 3.210000000000000000e+02
1.053000000000000000e+03 2.630000000000000000e+02
9.560000000000000000e+02 2.240000000000000000e+02
1.090000000000000000e+03 1.520000000000000000e+02
1.088000000000000000e+03 1.750000000000000000e+02
1.131000000000000000e+03 1.040000000000000000e+02
1.235000000000000000e+03 1.360000000000000000e+02
1.145000000000000000e+03 2.340000000000000000e+02
1.302000000000000000e+03 1.310000000000000000e+02
1.203000000000000000e+03 8.600000000000000000e+01
2.981000000000000000e+03 2.200000000000000000e+03
3.053000000000000000e+03 2.153000000000000000e+03
2.876000000000000000e+03 2.162000000000000000e+03
2.698000000000000000e+03 2.133000000000000000e+03
2.279000000000000000e+03 2.008000000000000000e+03
2.500000000000000000e+03 2.045000000000000000e+03
2.179000000000000000e+03 1.935000000000000000e+03
2.490000000000000000e+03 2.164000000000000000e+03
2.681000000000000000e+03 2.105000000000000000e+03
2.360000000000000000e+03 2.179000000000000000e+03
2.326000000000000000e+03 2.160000000000000000e+03
3.255000000000000000e+03 2.165000000000000000e+03
2.631000000000000000e+03 1.931000000000000000e+03
3.092000000000000000e+03 2.188000000000000000e+03
3.217000000000000000e+03 2.156000000000000000e+03
2.633000000000000000e+03 1.919000000000000000e+03
3.173000000000000000e+03 2.046000000000000000e+03
3.065000000000000000e+03 2.029000000000000000e+03
3.067000000000000000e+03 2.097000000000000000e+03
2.432000000000000000e+03 2.140000000000000000e+03
2.404000000000000000e+03 2.032000000000000000e+03
2.383000000000000000e+03 2.071000000000000000e+03
2.215000000000000000e+03 2.031000000000000000e+03
2.695000000000000000e+03 2.048000000000000000e+03
2.745000000000000000e+03 2.114000000000000000e+03
2.674000000000000000e+03 2.078000000000000000e+03
2.475000000000000000e+03 1.903000000000000000e+03
2.849000000000000000e+03 2.074000000000000000e+03
2.864000000000000000e+03 2.101000000000000000e+03
2.596000000000000000e+03 1.887000000000000000e+03
2.818000000000000000e+03 2.059000000000000000e+03
2.349000000000000000e+03 1.809000000000000000e+03
1.979000000000000000e+03 1.984000000000000000e+03
2.004000000000000000e+03 1.892000000000000000e+03
2.216000000000000000e+03 2.050000000000000000e+03
2.152000000000000000e+03 1.933000000000000000e+03
2.292000000000000000e+03 1.827000000000000000e+03
2.475000000000000000e+03 2.175000000000000000e+03
2.012000000000000000e+03 1.977000000000000000e+03
1.925000000000000000e+03 1.877000000000000000e+03
2.030000000000000000e+03 1.754000000000000000e+03
2.049000000000000000e+03 2.071000000000000000e+03
2.293000000000000000e+03 2.305000000000000000e+03
2.000000000000000000e+03 2.149000000000000000e+03
2.139000000000000000e+03 2.115000000000000000e+03
2.328000000000000000e+03 2.316000000000000000e+03
2.954000000000000000e+03 2.299000000000000000e+03
2.343000000000000000e+03 2.122000000000000000e+03
2.651000000000000000e+03 2.346000000000000000e+03
2.119000000000000000e+03 2.087000000000000000e+03
2.334000000000000000e+03 2.063000000000000000e+03
2.676000000000000000e+03 2.262000000000000000e+03
2.342000000000000000e+03 2.175000000000000000e+03
2.690000000000000000e+03 2.253000000000000000e+03
2.800000000000000000e+03 2.248000000000000000e+03
2.095000000000000000e+03 2.094000000000000000e+03
2.839000000000000000e+03 2.208000000000000000e+03
2.540000000000000000e+03 2.089000000000000000e+03
2.564000000000000000e+03 2.251000000000000000e+03
2.486000000000000000e+03 2.259000000000000000e+03
2.143000000000000000e+03 2.128000000000000000e+03
2.337000000000000000e+03 2.216000000000000000e+03
2.476000000000000000e+03 2.513000000000000000e+03
2.418000000000000000e+03 2.499000000000000000e+03
2.810000000000000000e+03 2.371000000000000000e+03
3.248000000000000000e+03 2.334000000000000000e+03
2.738000000000000000e+03 2.186000000000000000e+03
3.408000000000000000e+03 2.256000000000000000e+03
3.396000000000000000e+03 2.306000000000000000e+03
2.094000000000000000e+03 3.125000000000000000e+03
2.024000000000000000e+03 2.602000000000000000e+03
2.050000000000000000e+03 2.965000000000000000e+03
2.561000000000000000e+03 2.488000000000000000e+03
2.007000000000000000e+03 2.977000000000000000e+03
1.957000000000000000e+03 3.127000000000000000e+03
2.050000000000000000e+03 3.098000000000000000e+03
1.922000000000000000e+03 3.079000000000000000e+03
2.375000000000000000e+03 2.080000000000000000e+03
3.456000000000000000e+03 2.175000000000000000e+03
3.247000000000000000e+03 2.213000000000000000e+03
3.083000000000000000e+03 2.285000000000000000e+03
3.264000000000000000e+03 2.382000000000000000e+03
3.389000000000000000e+03 2.376000000000000000e+03
2.426000000000000000e+03 2.130000000000000000e+03
3.266000000000000000e+03 2.354000000000000000e+03
3.071000000000000000e+03 2.324000000000000000e+03
3.064000000000000000e+03 2.334000000000000000e+03
3.317000000000000000e+03 2.357000000000000000e+03
2.950000000000000000e+03 2.312000000000000000e+03
3.289000000000000000e+03 2.256000000000000000e+03
3.086000000000000000e+03 2.351000000000000000e+03
3.154000000000000000e+03 2.302000000000000000e+03
2.464000000000000000e+03 2.042000000000000000e+03
3.574000000000000000e+03 2.305000000000000000e+03
3.753000000000000000e+03 2.358000000000000000e+03
3.640000000000000000e+03 2.338000000000000000e+03
2.970000000000000000e+03 2.181000000000000000e+03
3.913000000000000000e+03 2.340000000000000000e+03
2.814000000000000000e+03 2.081000000000000000e+03
3.927000000000000000e+03 2.357000000000000000e+03
3.627000000000000000e+03 2.294000000000000000e+03
3.785000000000000000e+03 2.254000000000000000e+03
3.736000000000000000e+03 2.184000000000000000e+03
3.879000000000000000e+03 2.161000000000000000e+03
2.912000000000000000e+03 2.090000000000000000e+03
3.386000000000000000e+03 2.129000000000000000e+03
3.381000000000000000e+03 2.130000000000000000e+03
3.345000000000000000e+03 2.031000000000000000e+03
2.399000000000000000e+03 1.968000000000000000e+03
3.576000000000000000e+03 2.045000000000000000e+03
3.561000000000000000e+03 2.088000000000000000e+03
3.875000000000000000e+03 2.036000000000000000e+03
2.775000000000000000e+03 1.957000000000000000e+03
2.706000000000000000e+03 1.935000000000000000e+03
3.608000000000000000e+03 2.053000000000000000e+03
3.583000000000000000e+03 2.101000000000000000e+03
3.734000000000000000e+03 2.111000000000000000e+03
2.896000000000000000e+03 2.000000000000000000e+03
3.784000000000000000e+03 2.202000000000000000e+03
3.085000000000000000e+03 2.040000000000000000e+03
3.900000000000000000e+03 2.153000000000000000e+03
2.959000000000000000e+03 2.083000000000000000e+03
3.721000000000000000e+03 2.259000000000000000e+03
3.564000000000000000e+03 2.174000000000000000e+03
3.510000000000000000e+03 2.085000000000000000e+03
1.053000000000000000e+03 7.080000000000000000e+02
1.253000000000000000e+03 6.310000000000000000e+02
1.331000000000000000e+03 5.590000000000000000e+02
1.333000000000000000e+03 4.050000000000000000e+02
1.225000000000000000e+03 6.880000000000000000e+02
1.192000000000000000e+03 4.590000000000000000e+02
1.146000000000000000e+03 4.860000000000000000e+02
1.155000000000000000e+03 6.220000000000000000e+02
1.288000000000000000e+03 7.110000000000000000e+02
1.236000000000000000e+03 6.090000000000000000e+02
1.291000000000000000e+03 5.390000000000000000e+02
1.274000000000000000e+03 3.700000000000000000e+02
1.187000000000000000e+03 5.590000000000000000e+02
1.099000000000000000e+03 6.360000000000000000e+02
1.344000000000000000e+03 5.200000000000000000e+02
6.660000000000000000e+02 9.960000000000000000e+02
5.700000000000000000e+02 8.820000000000000000e+02
5.790000000000000000e+02 7.580000000000000000e+02
5.250000000000000000e+02 9.300000000000000000e+02
8.010000000000000000e+02 8.020000000000000000e+02
8.140000000000000000e+02 5.760000000000000000e+02
8.650000000000000000e+02 6.840000000000000000e+02
9.170000000000000000e+02 7.430000000000000000e+02
9.430000000000000000e+02 5.710000000000000000e+02
5.430000000000000000e+02 9.810000000000000000e+02
6.470000000000000000e+02 9.110000000000000000e+02
7.360000000000000000e+02 9.140000000000000000e+02
8.500000000000000000e+02 7.380000000000000000e+02
9.380000000000000000e+02 7.750000000000000000e+02
6.880000000000000000e+02 7.340000000000000000e+02
7.910000000000000000e+02 7.670000000000000000e+02
8.980000000000000000e+02 1.112000000000000000e+03
8.170000000000000000e+02 7.190000000000000000e+02
1.116000000000000000e+03 1.187000000000000000e+03
1.878000000000000000e+03 6.100000000000000000e+01
1.830000000000000000e+03 1.540000000000000000e+02
6.300000000000000000e+02 9.380000000000000000e+02
1.694000000000000000e+03 5.060000000000000000e+02
1.198000000000000000e+03 5.510000000000000000e+02
1.081000000000000000e+03 7.590000000000000000e+02
1.039000000000000000e+03 6.020000000000000000e+02
1.117000000000000000e+03 6.420000000000000000e+02
7.470000000000000000e+02 8.510000000000000000e+02
9.920000000000000000e+02 6.720000000000000000e+02
1.216000000000000000e+03 6.900000000000000000e+02
7.500000000000000000e+02 1.022000000000000000e+03
1.625000000000000000e+03 1.106000000000000000e+03
1.468000000000000000e+03 8.500000000000000000e+02
6.440000000000000000e+02 8.730000000000000000e+02
1.084000000000000000e+03 8.410000000000000000e+02
7.020000000000000000e+02 6.140000000000000000e+02
1.083000000000000000e+03 5.720000000000000000e+02
7.170000000000000000e+02 7.580000000000000000e+02
6.450000000000000000e+02 9.880000000000000000e+02
1.491000000000000000e+03 4.820000000000000000e+02
2.631000000000000000e+03 2.930000000000000000e+02
1.413000000000000000e+03 1.028000000000000000e+03
1.523000000000000000e+03 9.150000000000000000e+02
3.808000000000000000e+03 1.180000000000000000e+02
3.834000000000000000e+03 4.600000000000000000e+01
3.736000000000000000e+03 7.300000000000000000e+01
3.703000000000000000e+03 4.700000000000000000e+01
1.411000000000000000e+03 1.402000000000000000e+03
8.650000000000000000e+02 1.999000000000000000e+03
1.203000000000000000e+03 1.670000000000000000e+03
1.640000000000000000e+03 1.000000000000000000e+03
1.549000000000000000e+03 1.207000000000000000e+03
1.545000000000000000e+03 1.219000000000000000e+03
1.030000000000000000e+03 1.159000000000000000e+03
7.600000000000000000e+02 1.901000000000000000e+03
8.040000000000000000e+02 2.023000000000000000e+03
1.148000000000000000e+03 1.743000000000000000e+03
9.170000000000000000e+02 1.978000000000000000e+03
1.141000000000000000e+03 1.639000000000000000e+03
9.270000000000000000e+02 1.990000000000000000e+03
9.910000000000000000e+02 1.998000000000000000e+03
1.029000000000000000e+03 1.952000000000000000e+03
1.348000000000000000e+03 1.826000000000000000e+03
1.339000000000000000e+03 1.753000000000000000e+03
1.502000000000000000e+03 1.497000000000000000e+03
1.203000000000000000e+03 1.817000000000000000e+03
1.474000000000000000e+03 1.765000000000000000e+03
5.890000000000000000e+02 2.834000000000000000e+03
1.194000000000000000e+03 1.812000000000000000e+03
1.675000000000000000e+03 1.209000000000000000e+03
3.810000000000000000e+02 3.434000000000000000e+03
1.440000000000000000e+02 3.950000000000000000e+03
1.056000000000000000e+03 1.892000000000000000e+03
1.141000000000000000e+03 1.882000000000000000e+03
1.153000000000000000e+03 1.899000000000000000e+03
1.131000000000000000e+03 1.887000000000000000e+03
1.047000000000000000e+03 1.979000000000000000e+03
1.148000000000000000e+03 1.961000000000000000e+03
1.726000000000000000e+03 1.726000000000000000e+03
1.456000000000000000e+03 1.989000000000000000e+03
1.670000000000000000e+03 1.402000000000000000e+03
1.758000000000000000e+03 1.705000000000000000e+03
1.761000000000000000e+03 1.576000000000000000e+03
1.867000000000000000e+03 1.649000000000000000e+03
1.634000000000000000e+03 1.647000000000000000e+03
1.641000000000000000e+03 1.680000000000000000e+03
1.895000000000000000e+03 1.328000000000000000e+03
1.818000000000000000e+03 1.233000000000000000e+03
3.837000000000000000e+03 2.025000000000000000e+03
2.062000000000000000e+03 1.563000000000000000e+03
2.015000000000000000e+03 1.531000000000000000e+03
2.411000000000000000e+03 1.320000000000000000e+03
2.064000000000000000e+03 1.825000000000000000e+03
1.869000000000000000e+03 1.326000000000000000e+03
4.700000000000000000e+01 2.246000000000000000e+03
7.900000000000000000e+01 2.292000000000000000e+03
1.363000000000000000e+03 1.907000000000000000e+03
1.070000000000000000e+02 2.208000000000000000e+03
1.722000000000000000e+03 1.415000000000000000e+03
1.626000000000000000e+03 1.366000000000000000e+03
1.844000000000000000e+03 1.587000000000000000e+03
1.404000000000000000e+03 1.736000000000000000e+03
2.550000000000000000e+02 2.043000000000000000e+03
2.300000000000000000e+02 1.930000000000000000e+03
1.940000000000000000e+02 1.952000000000000000e+03
4.600000000000000000e+01 2.037000000000000000e+03
1.460000000000000000e+02 2.102000000000000000e+03
1.290000000000000000e+02 2.078000000000000000e+03
2.000000000000000000e+02 2.199000000000000000e+03
1.880000000000000000e+02 1.991000000000000000e+03
2.700000000000000000e+02 2.060000000000000000e+03
4.300000000000000000e+02 2.185000000000000000e+03
8.280000000000000000e+02 1.716000000000000000e+03
5.880000000000000000e+02 8.440000000000000000e+02
8.290000000000000000e+02 1.689000000000000000e+03
6.720000000000000000e+02 1.924000000000000000e+03
5.690000000000000000e+02 1.909000000000000000e+03
5.440000000000000000e+02 1.510000000000000000e+03
5.430000000000000000e+02 1.596000000000000000e+03
6.650000000000000000e+02 1.147000000000000000e+03
4.380000000000000000e+02 1.554000000000000000e+03
9.010000000000000000e+02 1.579000000000000000e+03
5.280000000000000000e+02 1.440000000000000000e+03
7.800000000000000000e+02 1.578000000000000000e+03
9.060000000000000000e+02 1.589000000000000000e+03
1.132000000000000000e+03 1.938000000000000000e+03
6.380000000000000000e+02 1.551000000000000000e+03
6.700000000000000000e+02 1.596000000000000000e+03
7.430000000000000000e+02 1.615000000000000000e+03
8.470000000000000000e+02 1.636000000000000000e+03
6.260000000000000000e+02 1.410000000000000000e+03
8.780000000000000000e+02 1.621000000000000000e+03
9.730000000000000000e+02 1.173000000000000000e+03
8.210000000000000000e+02 1.292000000000000000e+03
7.850000000000000000e+02 1.276000000000000000e+03
6.860000000000000000e+02 1.358000000000000000e+03
7.070000000000000000e+02 1.295000000000000000e+03
7.460000000000000000e+02 1.460000000000000000e+03
8.070000000000000000e+02 1.431000000000000000e+03
7.910000000000000000e+02 1.435000000000000000e+03
7.370000000000000000e+02 1.211000000000000000e+03
1.277000000000000000e+03 1.312000000000000000e+03
1.146000000000000000e+03 1.524000000000000000e+03
1.247000000000000000e+03 1.393000000000000000e+03
1.427000000000000000e+03 1.317000000000000000e+03
1.149000000000000000e+03 1.268000000000000000e+03
1.096000000000000000e+03 1.420000000000000000e+03
1.187000000000000000e+03 1.410000000000000000e+03
1.198000000000000000e+03 1.439000000000000000e+03
1.032000000000000000e+03 1.539000000000000000e+03
4.560000000000000000e+02 2.507000000000000000e+03
1.232000000000000000e+03 1.218000000000000000e+03
9.920000000000000000e+02 1.582000000000000000e+03
1.102000000000000000e+03 1.403000000000000000e+03
4.350000000000000000e+02 2.435000000000000000e+03
1.227000000000000000e+03 1.255000000000000000e+03
1.269000000000000000e+03 1.378000000000000000e+03
1.140000000000000000e+03 1.602000000000000000e+03
1.203000000000000000e+03 1.574000000000000000e+03
1.277000000000000000e+03 1.356000000000000000e+03
1.078000000000000000e+03 1.045000000000000000e+03
1.039000000000000000e+03 1.456000000000000000e+03
1.075000000000000000e+03 1.197000000000000000e+03
1.198000000000000000e+03 1.034000000000000000e+03
4.990000000000000000e+02 2.218000000000000000e+03
1.093000000000000000e+03 1.532000000000000000e+03
7.010000000000000000e+02 1.586000000000000000e+03
6.490000000000000000e+02 2.092000000000000000e+03
1.870000000000000000e+02 2.310000000000000000e+03
1.440000000000000000e+02 2.390000000000000000e+03
2.640000000000000000e+02 2.241000000000000000e+03
1.572000000000000000e+03 1.188000000000000000e+03
6.840000000000000000e+02 1.903000000000000000e+03
9.940000000000000000e+02 1.331000000000000000e+03
9.140000000000000000e+02 1.030000000000000000e+03
1.006000000000000000e+03 1.110000000000000000e+03
1.006000000000000000e+03 1.049000000000000000e+03
4.320000000000000000e+02 2.243000000000000000e+03
1.030000000000000000e+03 1.018000000000000000e+03
8.650000000000000000e+02 1.031000000000000000e+03
9.710000000000000000e+02 1.385000000000000000e+03
5.570000000000000000e+02 1.207000000000000000e+03
5.460000000000000000e+02 1.197000000000000000e+03
8.380000000000000000e+02 1.167000000000000000e+03
1.087000000000000000e+03 9.680000000000000000e+02
1.182000000000000000e+03 6.990000000000000000e+02
5.280000000000000000e+02 2.360000000000000000e+03
7.300000000000000000e+02 1.489000000000000000e+03
1.166000000000000000e+03 1.184000000000000000e+03
9.240000000000000000e+02 1.204000000000000000e+03
8.670000000000000000e+02 1.082000000000000000e+03
9.820000000000000000e+02 1.641000000000000000e+03
3.890000000000000000e+02 2.151000000000000000e+03
8.680000000000000000e+02 1.142000000000000000e+03
9.060000000000000000e+02 9.660000000000000000e+02
1.234000000000000000e+03 1.187000000000000000e+03
1.749000000000000000e+03 3.630000000000000000e+02
9.010000000000000000e+02 1.352000000000000000e+03
9.280000000000000000e+02 8.350000000000000000e+02
8.170000000000000000e+02 1.241000000000000000e+03
8.670000000000000000e+02 1.090000000000000000e+03
3.280000000000000000e+02 2.561000000000000000e+03
9.420000000000000000e+02 1.150000000000000000e+03
4.990000000000000000e+02 2.120000000000000000e+03
4.660000000000000000e+02 2.141000000000000000e+03
4.010000000000000000e+02 2.258000000000000000e+03
5.670000000000000000e+02 2.183000000000000000e+03
6.070000000000000000e+02 2.110000000000000000e+03
5.150000000000000000e+02 2.594000000000000000e+03
3.950000000000000000e+02 2.504000000000000000e+03
3.790000000000000000e+02 2.616000000000000000e+03
1.134000000000000000e+03 1.183000000000000000e+03
1.189000000000000000e+03 7.370000000000000000e+02
1.148000000000000000e+03 1.146000000000000000e+03
1.339000000000000000e+03 7.900000000000000000e+02
1.169000000000000000e+03 1.148000000000000000e+03
1.350000000000000000e+03 9.130000000000000000e+02
1.139000000000000000e+03 1.081000000000000000e+03
1.010000000000000000e+03 9.810000000000000000e+02
1.055000000000000000e+03 1.323000000000000000e+03
1.470000000000000000e+03 5.760000000000000000e+02
6.940000000000000000e+02 1.249000000000000000e+03
7.610000000000000000e+02 2.097000000000000000e+03
1.349000000000000000e+03 1.416000000000000000e+03
1.216000000000000000e+03 1.246000000000000000e+03
8.780000000000000000e+02 1.247000000000000000e+03
1.441000000000000000e+03 3.810000000000000000e+02
1.037000000000000000e+03 1.500000000000000000e+03
7.550000000000000000e+02 1.921000000000000000e+03
1.169000000000000000e+03 7.860000000000000000e+02
1.273000000000000000e+03 9.710000000000000000e+02
4.510000000000000000e+02 2.270000000000000000e+03
1.421000000000000000e+03 1.200000000000000000e+03
1.109000000000000000e+03 1.189000000000000000e+03
1.270000000000000000e+03 8.400000000000000000e+02
2.072000000000000000e+03 1.100000000000000000e+03
4.230000000000000000e+02 2.100000000000000000e+03
2.205000000000000000e+03 2.430000000000000000e+03
2.237000000000000000e+03 3.200000000000000000e+03
2.083000000000000000e+03 8.500000000000000000e+02
1.635000000000000000e+03 1.900000000000000000e+02
1.000000000000000000e+00 0.000000000000000000e+00
3.875000000000000000e+03 0.000000000000000000e+00
