3.380000000000000000e+03 1.244000000000000000e+03
3.930000000000000000e+03 1.169000000000000000e+03
3.965000000000000000e+03 1.156000000000000000e+03
3.960000000000000000e+03 1.316000000000000000e+03
3.965000000000000000e+03 1.269000000000000000e+03
3.459000000000000000e+03 1.505000000000000000e+03
3.984000000000000000e+03 1.591000000000000000e+03
3.546000000000000000e+03 1.222000000000000000e+03
3.706000000000000000e+03 1.138000000000000000e+03
3.763000000000000000e+03 1.157000000000000000e+03
3.752000000000000000e+03 1.134000000000000000e+03
3.759000000000000000e+03 1.198000000000000000e+03
3.956000000000000000e+03 1.350000000000000000e+03
3.885000000000000000e+03 1.172000000000000000e+03
3.903000000000000000e+03 1.211000000000000000e+03
3.826000000000000000e+03 1.976000000000000000e+03
3.847000000000000000e+03 2.003000000000000000e+03
3.775000000000000000e+03 1.656000000000000000e+03
3.913000000000000000e+03 1.783000000000000000e+03
3.940000000000000000e+03 1.840000000000000000e+03
3.970000000000000000e+03 1.781000000000000000e+03
3.942000000000000000e+03 1.917000000000000000e+03
3.970000000000000000e+03 1.978000000000000000e+03
8.990000000000000000e+02 1.322000000000000000e+03
2.760000000000000000e+02 1.107000000000000000e+03
3.207000000000000000e+03 1.894000000000000000e+03
2.981000000000000000e+03 1.799000000000000000e+03
3.883000000000000000e+03 2.053000000000000000e+03
3.916000000000000000e+03 2.125000000000000000e+03
3.862000000000000000e+03 2.039000000000000000e+03
3.830000000000000000e+03 2.024000000000000000e+03
2.900000000000000000e+01 1.077000000000000000e+03
2.600000000000000000e+01 9.870000000000000000e+02
3.200000000000000000e+01 1.044000000000000000e+03
7.400000000000000000e+01 8.240000000000000000e+02
4.400000000000000000e+01 8.660000000000000000e+02
2.500000000000000000e+01 8.650000000000000000e+02
1.100000000000000000e+01 8.870000000000000000e+02
8.500000000000000000e+01 8.760000000000000000e+02
1.210000000000000000e+02 8.540000000000000000e+02
1.230000000000000000e+02 9.200000000000000000e+02
8.800000000000000000e+01 1.127000000000000000e+03
7.100000000000000000e+01 1.239000000000000000e+03
8.500000000000000000e+01 9.950000000000000000e+02
8.500000000000000000e+01 9.450000000000000000e+02
9.900000000000000000e+01 1.033000000000000000e+03
1.350000000000000000e+02 6.400000000000000000e+02
5.600000000000000000e+01 7.410000000000000000e+02
1.460000000000000000e+02 7.390000000000000000e+02
3.500000000000000000e+01 8.140000000000000000e+02
1.190000000000000000e+02 8.490000000000000000e+02
5.100000000000000000e+01 1.135000000000000000e+03
8.200000000000000000e+01 7.240000000000000000e+02
1.070000000000000000e+02 6.920000000000000000e+02
2.090000000000000000e+02 7.120000000000000000e+02
2.200000000000000000e+02 7.640000000000000000e+02
1.620000000000000000e+02 9.000000000000000000e+02
1.790000000000000000e+02 8.410000000000000000e+02
1.680000000000000000e+02 6.610000000000000000e+02
1.530000000000000000e+02 7.120000000000000000e+02
1.770000000000000000e+02 7.180000000000000000e+02
1.900000000000000000e+02 7.620000000000000000e+02
3.784000000000000000e+03 1.074000000000000000e+03
3.864000000000000000e+03 1.087000000000000000e+03
3.841000000000000000e+03 1.082000000000000000e+03
3.738000000000000000e+03 1.052000000000000000e+03
3.670000000000000000e+03 1.044000000000000000e+03
3.737000000000000000e+03 1.081000000000000000e+03
3.804000000000000000e+03 1.073000000000000000e+03
3.639000000000000000e+03 1.138000000000000000e+03
3.587000000000000000e+03 1.132000000000000000e+03
3.660000000000000000e+03 1.113000000000000000e+03
3.636000000000000000e+03 1.142000000000000000e+03
3.449000000000000000e+03 1.126000000000000000e+03
3.817000000000000000e+03 1.132000000000000000e+03
3.511000000000000000e+03 1.116000000000000000e+03
3.489000000000000000e+03 1.130000000000000000e+03
3.514000000000000000e+03 1.049000000000000000e+03
3.569000000000000000e+03 1.033000000000000000e+03
3.432000000000000000e+03 1.061000000000000000e+03
2.938000000000000000e+03 1.194000000000000000e+03
3.564000000000000000e+03 9.690000000000000000e+02
3.752000000000000000e+03 9.480000000000000000e+02
3.106000000000000000e+03 9.940000000000000000e+02
3.101000000000000000e+03 1.257000000000000000e+03
3.538000000000000000e+03 1.062000000000000000e+03
3.431000000000000000e+03 1.038000000000000000e+03
3.445000000000000000e+03 1.067000000000000000e+03
3.321000000000000000e+03 1.020000000000000000e+03
3.463000000000000000e+03 9.940000000000000000e+02
3.378000000000000000e+03 9.760000000000000000e+02
3.381000000000000000e+03 1.015000000000000000e+03
3.422000000000000000e+03 9.820000000000000000e+02
3.741000000000000000e+03 6.500000000000000000e+01
3.831000000000000000e+03 5.000000000000000000e+01
3.604000000000000000e+03 4.400000000000000000e+01
3.651000000000000000e+03 5.500000000000000000e+01
3.883000000000000000e+03 1.310000000000000000e+02
3.919000000000000000e+03 3.670000000000000000e+02
3.825000000000000000e+03 4.600000000000000000e+01
3.877000000000000000e+03 1.840000000000000000e+02
3.412000000000000000e+03 8.000000000000000000e+00
3.530000000000000000e+03 1.670000000000000000e+02
3.427000000000000000e+03 2.200000000000000000e+01
3.394000000000000000e+03 3.300000000000000000e+01
3.701000000000000000e+03 6.000000000000000000e+00
3.815000000000000000e+03 2.300000000000000000e+01
3.670000000000000000e+03 3.300000000000000000e+01
3.713000000000000000e+03 2.100000000000000000e+01
3.939000000000000000e+03 9.600000000000000000e+01
3.970000000000000000e+03 1.560000000000000000e+02
3.922000000000000000e+03 5.400000000000000000e+01
3.926000000000000000e+03 1.000000000000000000e+02
3.961000000000000000e+03 4.330000000000000000e+02
3.947000000000000000e+03 3.810000000000000000e+02
3.905000000000000000e+03 2.710000000000000000e+02
3.928000000000000000e+03 2.460000000000000000e+02
3.966000000000000000e+03 4.100000000000000000e+02
3.962000000000000000e+03 2.000000000000000000e+02
3.922000000000000000e+03 2.230000000000000000e+02
3.885000000000000000e+03 1.900000000000000000e+02
3.964000000000000000e+03 5.210000000000000000e+02
3.967000000000000000e+03 5.730000000000000000e+02
3.698000000000000000e+03 1.240000000000000000e+02
3.936000000000000000e+03 2.820000000000000000e+02
3.970000000000000000e+02 9.000000000000000000e+01
3.050000000000000000e+02 1.190000000000000000e+02
5.940000000000000000e+02 7.400000000000000000e+01
5.090000000000000000e+02 1.000000000000000000e+02
4.700000000000000000e+02 4.300000000000000000e+01
4.750000000000000000e+02 4.800000000000000000e+01
4.220000000000000000e+02 1.550000000000000000e+02
4.880000000000000000e+02 2.400000000000000000e+01
6.410000000000000000e+02 1.400000000000000000e+01
5.240000000000000000e+02 3.600000000000000000e+01
4.860000000000000000e+02 1.120000000000000000e+02
6.390000000000000000e+02 4.200000000000000000e+01
3.959000000000000000e+03 7.990000000000000000e+02
6.320000000000000000e+02 2.000000000000000000e+01
5.660000000000000000e+02 2.800000000000000000e+01
2.470000000000000000e+02 5.300000000000000000e+01
5.150000000000000000e+02 5.500000000000000000e+01
7.960000000000000000e+02 1.680000000000000000e+02
8.590000000000000000e+02 8.000000000000000000e+00
6.980000000000000000e+02 1.110000000000000000e+02
7.370000000000000000e+02 1.760000000000000000e+02
9.820000000000000000e+02 1.350000000000000000e+02
3.217000000000000000e+03 6.800000000000000000e+02
1.410000000000000000e+02 1.550000000000000000e+02
2.110000000000000000e+02 1.530000000000000000e+02
1.950000000000000000e+02 1.920000000000000000e+02
1.380000000000000000e+02 2.560000000000000000e+02
1.950000000000000000e+02 9.100000000000000000e+01
2.570000000000000000e+02 9.500000000000000000e+01
1.490000000000000000e+02 1.000000000000000000e+02
1.450000000000000000e+02 2.460000000000000000e+02
3.939000000000000000e+03 9.530000000000000000e+02
3.774000000000000000e+03 9.810000000000000000e+02
3.906000000000000000e+03 9.710000000000000000e+02
3.949000000000000000e+03 1.041000000000000000e+03
3.931000000000000000e+03 9.200000000000000000e+02
3.937000000000000000e+03 1.019000000000000000e+03
3.908000000000000000e+03 1.020000000000000000e+03
3.968000000000000000e+03 6.470000000000000000e+02
3.687000000000000000e+03 9.810000000000000000e+02
3.665000000000000000e+03 9.200000000000000000e+02
3.863000000000000000e+03 7.630000000000000000e+02
3.732000000000000000e+03 1.030000000000000000e+03
3.660000000000000000e+03 1.038000000000000000e+03
3.562000000000000000e+03 9.850000000000000000e+02
3.576000000000000000e+03 1.039000000000000000e+03
3.939000000000000000e+03 8.990000000000000000e+02
3.954000000000000000e+03 8.790000000000000000e+02
3.935000000000000000e+03 8.360000000000000000e+02
3.913000000000000000e+03 8.320000000000000000e+02
3.937000000000000000e+03 5.920000000000000000e+02
3.974000000000000000e+03 6.660000000000000000e+02
3.944000000000000000e+03 7.500000000000000000e+02
3.919000000000000000e+03 6.520000000000000000e+02
3.871000000000000000e+03 6.920000000000000000e+02
3.881000000000000000e+03 7.580000000000000000e+02
3.908000000000000000e+03 7.190000000000000000e+02
3.917000000000000000e+03 6.570000000000000000e+02
3.852000000000000000e+03 9.380000000000000000e+02
3.836000000000000000e+03 9.030000000000000000e+02
3.870000000000000000e+03 9.310000000000000000e+02
3.772000000000000000e+03 9.800000000000000000e+02
1.526000000000000000e+03 1.270000000000000000e+02
2.995000000000000000e+03 2.000000000000000000e+01
3.128000000000000000e+03 3.100000000000000000e+01
2.357000000000000000e+03 2.200000000000000000e+02
3.207000000000000000e+03 5.000000000000000000e+01
3.031000000000000000e+03 1.700000000000000000e+01
3.182000000000000000e+03 2.500000000000000000e+01
2.997000000000000000e+03 4.900000000000000000e+01
2.913000000000000000e+03 2.100000000000000000e+01
3.120000000000000000e+03 3.900000000000000000e+01
2.975000000000000000e+03 5.100000000000000000e+01
2.855000000000000000e+03 5.800000000000000000e+01
2.851000000000000000e+03 2.600000000000000000e+01
2.773000000000000000e+03 3.000000000000000000e+01
2.839000000000000000e+03 2.700000000000000000e+01
3.100000000000000000e+02 2.570000000000000000e+02
3.510000000000000000e+02 2.900000000000000000e+02
3.190000000000000000e+02 3.320000000000000000e+02
3.120000000000000000e+02 3.510000000000000000e+02
3.180000000000000000e+02 1.700000000000000000e+01
2.980000000000000000e+02 1.000000000000000000e+02
2.800000000000000000e+02 2.010000000000000000e+02
3.230000000000000000e+02 1.100000000000000000e+02
2.790000000000000000e+02 5.480000000000000000e+02
3.530000000000000000e+02 3.560000000000000000e+02
2.550000000000000000e+02 5.030000000000000000e+02
3.290000000000000000e+02 5.340000000000000000e+02
3.590000000000000000e+02 2.810000000000000000e+02
4.230000000000000000e+02 4.090000000000000000e+02
3.130000000000000000e+02 4.700000000000000000e+02
3.410000000000000000e+02 5.670000000000000000e+02
3.461000000000000000e+03 4.200000000000000000e+01
3.502000000000000000e+03 3.800000000000000000e+01
2.930000000000000000e+02 6.820000000000000000e+02
2.020000000000000000e+02 7.180000000000000000e+02
3.190000000000000000e+03 4.100000000000000000e+01
3.269000000000000000e+03 1.670000000000000000e+02
3.356000000000000000e+03 2.470000000000000000e+02
3.373000000000000000e+03 4.600000000000000000e+01
8.660000000000000000e+02 1.070000000000000000e+02
7.860000000000000000e+02 1.790000000000000000e+02
1.771000000000000000e+03 2.890000000000000000e+02
3.298000000000000000e+03 8.800000000000000000e+02
9.160000000000000000e+02 9.500000000000000000e+01
8.430000000000000000e+02 5.300000000000000000e+01
7.600000000000000000e+02 6.100000000000000000e+01
6.840000000000000000e+02 6.200000000000000000e+01
2.250000000000000000e+03 7.430000000000000000e+02
1.768000000000000000e+03 4.380000000000000000e+02
2.787000000000000000e+03 7.660000000000000000e+02
2.316000000000000000e+03 7.830000000000000000e+02
2.620000000000000000e+02 6.490000000000000000e+02
1.066000000000000000e+03 7.600000000000000000e+02
2.378000000000000000e+03 9.380000000000000000e+02
2.959000000000000000e+03 6.570000000000000000e+02
3.490000000000000000e+02 8.660000000000000000e+02
3.700000000000000000e+01 6.700000000000000000e+02
2.408000000000000000e+03 6.710000000000000000e+02
2.922000000000000000e+03 1.050000000000000000e+02
5.700000000000000000e+02 9.600000000000000000e+02
6.590000000000000000e+02 9.770000000000000000e+02
6.380000000000000000e+02 8.510000000000000000e+02
5.210000000000000000e+02 1.001000000000000000e+03
3.240000000000000000e+03 1.195000000000000000e+03
3.185000000000000000e+03 1.145000000000000000e+03
3.216000000000000000e+03 1.149000000000000000e+03
3.583000000000000000e+03 1.162000000000000000e+03
3.373000000000000000e+03 1.196000000000000000e+03
3.320000000000000000e+03 1.180000000000000000e+03
3.307000000000000000e+03 1.177000000000000000e+03
3.019000000000000000e+03 1.125000000000000000e+03
2.986000000000000000e+03 1.141000000000000000e+03
2.922000000000000000e+03 1.128000000000000000e+03
2.975000000000000000e+03 1.114000000000000000e+03
3.006000000000000000e+03 1.070000000000000000e+03
3.389000000000000000e+03 1.124000000000000000e+03
2.936000000000000000e+03 1.047000000000000000e+03
3.237000000000000000e+03 8.430000000000000000e+02
3.244000000000000000e+03 1.015000000000000000e+03
3.380000000000000000e+03 1.134000000000000000e+03
3.207000000000000000e+03 9.840000000000000000e+02
3.189000000000000000e+03 9.800000000000000000e+02
3.444000000000000000e+03 1.159000000000000000e+03
3.143000000000000000e+03 1.040000000000000000e+03
3.243000000000000000e+03 1.049000000000000000e+03
3.372000000000000000e+03 1.130000000000000000e+03
3.354000000000000000e+03 1.115000000000000000e+03
3.059000000000000000e+03 1.052000000000000000e+03
3.422000000000000000e+03 9.410000000000000000e+02
3.098000000000000000e+03 1.045000000000000000e+03
3.066000000000000000e+03 9.810000000000000000e+02
3.028000000000000000e+03 1.011000000000000000e+03
3.111000000000000000e+03 9.660000000000000000e+02
3.436000000000000000e+03 1.112000000000000000e+03
3.173000000000000000e+03 9.710000000000000000e+02
3.228000000000000000e+03 1.018000000000000000e+03
3.331000000000000000e+03 1.103000000000000000e+03
3.231000000000000000e+03 1.135000000000000000e+03
3.263000000000000000e+03 1.117000000000000000e+03
3.277000000000000000e+03 1.084000000000000000e+03
3.329000000000000000e+03 1.107000000000000000e+03
3.710000000000000000e+03 1.228000000000000000e+03
3.846000000000000000e+03 1.230000000000000000e+03
3.640000000000000000e+03 1.211000000000000000e+03
3.631000000000000000e+03 1.226000000000000000e+03
3.509000000000000000e+03 1.199000000000000000e+03
3.142000000000000000e+03 1.200000000000000000e+03
3.258000000000000000e+03 1.210000000000000000e+03
3.359000000000000000e+03 1.208000000000000000e+03
3.986000000000000000e+03 1.780000000000000000e+03
3.892000000000000000e+03 1.667000000000000000e+03
2.252000000000000000e+03 2.087000000000000000e+03
3.966000000000000000e+03 1.680000000000000000e+03
3.684000000000000000e+03 1.590000000000000000e+03
3.891000000000000000e+03 1.481000000000000000e+03
3.072000000000000000e+03 1.206000000000000000e+03
3.603000000000000000e+03 1.596000000000000000e+03
3.562000000000000000e+03 1.693000000000000000e+03
3.359000000000000000e+03 1.495000000000000000e+03
3.192000000000000000e+03 1.334000000000000000e+03
2.921000000000000000e+03 1.921000000000000000e+03
2.562000000000000000e+03 1.741000000000000000e+03
2.675000000000000000e+03 1.860000000000000000e+03
2.786000000000000000e+03 1.985000000000000000e+03
2.753000000000000000e+03 1.977000000000000000e+03
1.945000000000000000e+03 1.276000000000000000e+03
2.065000000000000000e+03 1.289000000000000000e+03
2.147000000000000000e+03 1.304000000000000000e+03
1.926000000000000000e+03 1.403000000000000000e+03
2.139000000000000000e+03 1.797000000000000000e+03
1.521000000000000000e+03 8.870000000000000000e+02
1.505000000000000000e+03 1.911000000000000000e+03
1.923000000000000000e+03 1.281000000000000000e+03
1.892000000000000000e+03 1.302000000000000000e+03
1.702000000000000000e+03 1.348000000000000000e+03
1.723000000000000000e+03 1.382000000000000000e+03
2.099000000000000000e+03 1.861000000000000000e+03
2.075000000000000000e+03 1.694000000000000000e+03
2.028000000000000000e+03 2.160000000000000000e+03
2.180000000000000000e+03 1.899000000000000000e+03
3.704000000000000000e+03 1.474000000000000000e+03
3.133000000000000000e+03 1.206000000000000000e+03
2.278000000000000000e+03 1.271000000000000000e+03
2.084000000000000000e+03 1.299000000000000000e+03
1.961000000000000000e+03 1.236000000000000000e+03
2.399000000000000000e+03 1.231000000000000000e+03
3.058000000000000000e+03 1.346000000000000000e+03
3.034000000000000000e+03 1.226000000000000000e+03
3.229000000000000000e+03 1.186000000000000000e+03
3.395000000000000000e+03 1.243000000000000000e+03
9.220000000000000000e+02 1.197000000000000000e+03
2.074000000000000000e+03 1.239000000000000000e+03
8.950000000000000000e+02 1.259000000000000000e+03
7.050000000000000000e+02 1.265000000000000000e+03
6.540000000000000000e+02 1.260000000000000000e+03
6.230000000000000000e+02 1.252000000000000000e+03
1.029000000000000000e+03 1.284000000000000000e+03
9.090000000000000000e+02 1.285000000000000000e+03
1.732000000000000000e+03 1.241000000000000000e+03
2.953000000000000000e+03 1.195000000000000000e+03
8.900000000000000000e+02 1.257000000000000000e+03
9.120000000000000000e+02 1.253000000000000000e+03
1.275000000000000000e+03 1.222000000000000000e+03
2.279000000000000000e+03 1.184000000000000000e+03
6.400000000000000000e+02 1.197000000000000000e+03
7.850000000000000000e+02 1.215000000000000000e+03
6.830000000000000000e+02 1.177000000000000000e+03
7.280000000000000000e+02 1.144000000000000000e+03
9.310000000000000000e+02 1.148000000000000000e+03
9.180000000000000000e+02 1.177000000000000000e+03
9.500000000000000000e+02 1.191000000000000000e+03
2.071000000000000000e+03 1.116000000000000000e+03
8.300000000000000000e+02 1.049000000000000000e+03
7.980000000000000000e+02 1.002000000000000000e+03
7.960000000000000000e+02 1.013000000000000000e+03
8.680000000000000000e+02 1.048000000000000000e+03
6.370000000000000000e+02 1.118000000000000000e+03
7.940000000000000000e+02 1.080000000000000000e+03
8.070000000000000000e+02 1.090000000000000000e+03
8.090000000000000000e+02 1.041000000000000000e+03
7.970000000000000000e+02 1.100000000000000000e+03
9.610000000000000000e+02 7.820000000000000000e+02
7.350000000000000000e+02 1.142000000000000000e+03
6.980000000000000000e+02 1.156000000000000000e+03
6.630000000000000000e+02 1.017000000000000000e+03
6.450000000000000000e+02 1.035000000000000000e+03
6.420000000000000000e+02 1.082000000000000000e+03
6.670000000000000000e+02 1.071000000000000000e+03
1.440000000000000000e+02 1.408000000000000000e+03
1.640000000000000000e+02 1.361000000000000000e+03
5.900000000000000000e+01 1.541000000000000000e+03
5.280000000000000000e+02 1.188000000000000000e+03
2.410000000000000000e+02 1.337000000000000000e+03
5.920000000000000000e+02 1.167000000000000000e+03
2.010000000000000000e+02 1.336000000000000000e+03
5.770000000000000000e+02 1.181000000000000000e+03
6.270000000000000000e+02 1.082000000000000000e+03
6.440000000000000000e+02 1.035000000000000000e+03
6.360000000000000000e+02 1.064000000000000000e+03
5.790000000000000000e+02 1.046000000000000000e+03
5.370000000000000000e+02 1.079000000000000000e+03
5.540000000000000000e+02 1.093000000000000000e+03
6.180000000000000000e+02 1.141000000000000000e+03
2.450000000000000000e+02 1.325000000000000000e+03
3.620000000000000000e+02 1.158000000000000000e+03
2.750000000000000000e+02 1.317000000000000000e+03
4.470000000000000000e+02 1.166000000000000000e+03
4.050000000000000000e+02 1.140000000000000000e+03
4.710000000000000000e+02 1.114000000000000000e+03
4.230000000000000000e+02 1.156000000000000000e+03
4.960000000000000000e+02 1.052000000000000000e+03
3.510000000000000000e+02 1.247000000000000000e+03
3.240000000000000000e+02 1.211000000000000000e+03
2.420000000000000000e+02 1.159000000000000000e+03
2.670000000000000000e+02 1.172000000000000000e+03
4.840000000000000000e+02 1.234000000000000000e+03
3.140000000000000000e+02 1.188000000000000000e+03
2.480000000000000000e+02 1.244000000000000000e+03
1.900000000000000000e+02 1.296000000000000000e+03
2.099000000000000000e+03 1.574000000000000000e+03
1.668000000000000000e+03 1.427000000000000000e+03
1.297000000000000000e+03 1.285000000000000000e+03
4.520000000000000000e+02 1.274000000000000000e+03
4.280000000000000000e+02 1.263000000000000000e+03
4.120000000000000000e+02 1.240000000000000000e+03
3.620000000000000000e+02 1.300000000000000000e+03
1.491000000000000000e+03 7.800000000000000000e+01
1.841000000000000000e+03 2.410000000000000000e+02
1.133000000000000000e+03 9.480000000000000000e+02
1.854000000000000000e+03 2.340000000000000000e+02
4.590000000000000000e+02 1.245000000000000000e+03
4.820000000000000000e+02 1.261000000000000000e+03
4.160000000000000000e+02 1.226000000000000000e+03
4.300000000000000000e+02 1.263000000000000000e+03
1.642000000000000000e+03 1.700000000000000000e+01
1.726000000000000000e+03 1.900000000000000000e+01
1.763000000000000000e+03 1.500000000000000000e+01
1.890000000000000000e+03 2.400000000000000000e+01
1.945000000000000000e+03 1.600000000000000000e+01
1.986000000000000000e+03 1.000000000000000000e+01
1.825000000000000000e+03 1.200000000000000000e+01
1.854000000000000000e+03 8.000000000000000000e+00
1.818000000000000000e+03 4.400000000000000000e+01
1.913000000000000000e+03 5.200000000000000000e+01
1.964000000000000000e+03 4.900000000000000000e+01
1.861000000000000000e+03 7.200000000000000000e+01
1.680000000000000000e+03 6.400000000000000000e+01
1.696000000000000000e+03 5.100000000000000000e+01
1.753000000000000000e+03 7.100000000000000000e+01
1.621000000000000000e+03 6.800000000000000000e+01
1.589000000000000000e+03 1.488000000000000000e+03
1.422000000000000000e+03 2.210000000000000000e+02
1.865000000000000000e+03 1.108000000000000000e+03
1.054000000000000000e+03 1.060000000000000000e+02
1.032000000000000000e+03 2.900000000000000000e+01
1.096000000000000000e+03 3.700000000000000000e+01
1.416000000000000000e+03 5.380000000000000000e+02
2.950000000000000000e+02 1.056000000000000000e+03
3.030000000000000000e+02 1.032000000000000000e+03
3.590000000000000000e+02 1.019000000000000000e+03
3.610000000000000000e+02 1.037000000000000000e+03
3.260000000000000000e+02 1.071000000000000000e+03
8.840000000000000000e+02 1.017000000000000000e+03
3.310000000000000000e+02 1.111000000000000000e+03
3.720000000000000000e+02 1.070000000000000000e+03
1.405000000000000000e+03 4.800000000000000000e+01
1.272000000000000000e+03 5.700000000000000000e+01
1.550000000000000000e+03 5.800000000000000000e+01
1.437000000000000000e+03 5.100000000000000000e+01
1.366000000000000000e+03 1.700000000000000000e+01
1.459000000000000000e+03 1.800000000000000000e+01
1.584000000000000000e+03 1.800000000000000000e+02
1.553000000000000000e+03 1.300000000000000000e+01
1.275000000000000000e+03 6.800000000000000000e+01
1.172000000000000000e+03 3.200000000000000000e+01
1.218000000000000000e+03 4.500000000000000000e+01
1.246000000000000000e+03 3.700000000000000000e+01
1.305000000000000000e+03 3.500000000000000000e+01
1.234000000000000000e+03 1.980000000000000000e+02
1.431000000000000000e+03 7.400000000000000000e+01
1.381000000000000000e+03 1.490000000000000000e+02
3.380000000000000000e+02 8.080000000000000000e+02
6.760000000000000000e+02 9.120000000000000000e+02
2.660000000000000000e+02 8.050000000000000000e+02
2.480000000000000000e+02 8.260000000000000000e+02
2.660000000000000000e+02 8.200000000000000000e+02
2.820000000000000000e+02 8.020000000000000000e+02
3.840000000000000000e+02 9.070000000000000000e+02
8.840000000000000000e+02 6.070000000000000000e+02
3.480000000000000000e+02 9.590000000000000000e+02
3.230000000000000000e+02 9.490000000000000000e+02
2.930000000000000000e+02 9.550000000000000000e+02
2.950000000000000000e+02 9.490000000000000000e+02
1.970000000000000000e+02 8.900000000000000000e+02
3.290000000000000000e+02 8.690000000000000000e+02
3.600000000000000000e+02 9.160000000000000000e+02
3.010000000000000000e+02 8.450000000000000000e+02
2.250000000000000000e+02 9.910000000000000000e+02
2.300000000000000000e+01 1.284000000000000000e+03
1.860000000000000000e+02 9.730000000000000000e+02
2.010000000000000000e+02 9.560000000000000000e+02
2.600000000000000000e+02 9.730000000000000000e+02
2.450000000000000000e+02 1.008000000000000000e+03
1.880000000000000000e+02 1.005000000000000000e+03
1.200000000000000000e+02 9.550000000000000000e+02
1.980000000000000000e+02 1.116000000000000000e+03
1.740000000000000000e+02 1.115000000000000000e+03
1.490000000000000000e+02 1.072000000000000000e+03
1.440000000000000000e+02 1.057000000000000000e+03
3.060000000000000000e+02 1.112000000000000000e+03
4.220000000000000000e+02 1.164000000000000000e+03
2.200000000000000000e+02 1.111000000000000000e+03
2.430000000000000000e+02 1.114000000000000000e+03
2.350000000000000000e+02 1.853000000000000000e+03
4.840000000000000000e+02 1.278000000000000000e+03
5.340000000000000000e+02 1.269000000000000000e+03
5.290000000000000000e+02 1.294000000000000000e+03
5.090000000000000000e+02 1.439000000000000000e+03
5.490000000000000000e+02 1.500000000000000000e+03
6.140000000000000000e+02 1.380000000000000000e+03
7.270000000000000000e+02 1.578000000000000000e+03
6.620000000000000000e+02 2.402000000000000000e+03
5.840000000000000000e+02 2.381000000000000000e+03
4.570000000000000000e+02 1.331000000000000000e+03
1.020000000000000000e+02 1.666000000000000000e+03
8.340000000000000000e+02 1.324000000000000000e+03
5.480000000000000000e+02 1.516000000000000000e+03
7.220000000000000000e+02 1.411000000000000000e+03
4.600000000000000000e+02 2.365000000000000000e+03
8.330000000000000000e+02 2.786000000000000000e+03
4.370000000000000000e+02 2.442000000000000000e+03
4.500000000000000000e+02 2.412000000000000000e+03
3.900000000000000000e+02 2.422000000000000000e+03
3.740000000000000000e+02 2.448000000000000000e+03
3.340000000000000000e+02 2.454000000000000000e+03
3.130000000000000000e+02 2.426000000000000000e+03
2.310000000000000000e+02 2.428000000000000000e+03
2.370000000000000000e+02 2.351000000000000000e+03
1.760000000000000000e+02 2.407000000000000000e+03
2.160000000000000000e+02 2.426000000000000000e+03
3.920000000000000000e+02 1.420000000000000000e+03
4.820000000000000000e+02 1.348000000000000000e+03
3.010000000000000000e+02 2.265000000000000000e+03
2.630000000000000000e+02 2.351000000000000000e+03
9.800000000000000000e+01 2.889000000000000000e+03
2.400000000000000000e+02 2.978000000000000000e+03
2.350000000000000000e+02 2.917000000000000000e+03
1.930000000000000000e+02 2.988000000000000000e+03
1.650000000000000000e+02 2.981000000000000000e+03
8.900000000000000000e+01 2.896000000000000000e+03
1.530000000000000000e+02 2.985000000000000000e+03
3.100000000000000000e+01 2.991000000000000000e+03
3.300000000000000000e+01 2.953000000000000000e+03
6.300000000000000000e+01 2.895000000000000000e+03
6.000000000000000000e+01 2.920000000000000000e+03
1.090000000000000000e+02 2.753000000000000000e+03
7.600000000000000000e+01 2.779000000000000000e+03
9.800000000000000000e+01 2.810000000000000000e+03
7.400000000000000000e+01 2.880000000000000000e+03
1.870000000000000000e+02 2.777000000000000000e+03
1.530000000000000000e+02 2.789000000000000000e+03
1.770000000000000000e+02 2.885000000000000000e+03
1.600000000000000000e+02 2.839000000000000000e+03
1.030000000000000000e+02 2.787000000000000000e+03
1.390000000000000000e+02 2.753000000000000000e+03
2.700000000000000000e+01 2.777000000000000000e+03
3.500000000000000000e+01 2.673000000000000000e+03
4.400000000000000000e+01 2.761000000000000000e+03
8.000000000000000000e+01 2.686000000000000000e+03
8.300000000000000000e+01 2.766000000000000000e+03
6.900000000000000000e+01 2.685000000000000000e+03
1.040000000000000000e+02 2.557000000000000000e+03
7.700000000000000000e+01 2.653000000000000000e+03
9.700000000000000000e+01 2.676000000000000000e+03
1.200000000000000000e+02 2.620000000000000000e+03
6.210000000000000000e+02 2.769000000000000000e+03
7.100000000000000000e+01 2.939000000000000000e+03
7.600000000000000000e+01 2.917000000000000000e+03
1.590000000000000000e+02 2.912000000000000000e+03
1.240000000000000000e+02 2.916000000000000000e+03
4.600000000000000000e+01 3.067000000000000000e+03
4.600000000000000000e+01 3.001000000000000000e+03
6.970000000000000000e+02 2.478000000000000000e+03
7.720000000000000000e+02 2.467000000000000000e+03
6.190000000000000000e+02 2.457000000000000000e+03
6.680000000000000000e+02 2.455000000000000000e+03
4.490000000000000000e+02 2.461000000000000000e+03
5.010000000000000000e+02 2.463000000000000000e+03
6.360000000000000000e+02 2.593000000000000000e+03
5.200000000000000000e+02 2.482000000000000000e+03
3.300000000000000000e+01 3.342000000000000000e+03
3.000000000000000000e+01 3.278000000000000000e+03
4.700000000000000000e+01 3.175000000000000000e+03
3.400000000000000000e+01 3.178000000000000000e+03
9.100000000000000000e+01 3.266000000000000000e+03
1.010000000000000000e+02 3.228000000000000000e+03
1.270000000000000000e+02 3.190000000000000000e+03
1.430000000000000000e+02 3.238000000000000000e+03
2.150000000000000000e+02 3.081000000000000000e+03
2.180000000000000000e+02 3.136000000000000000e+03
1.360000000000000000e+02 3.092000000000000000e+03
1.660000000000000000e+02 3.060000000000000000e+03
6.600000000000000000e+01 3.122000000000000000e+03
2.900000000000000000e+01 3.114000000000000000e+03
1.640000000000000000e+02 3.157000000000000000e+03
1.480000000000000000e+02 3.156000000000000000e+03
5.760000000000000000e+02 2.355000000000000000e+03
6.510000000000000000e+02 2.370000000000000000e+03
3.980000000000000000e+02 2.155000000000000000e+03
6.090000000000000000e+02 2.422000000000000000e+03
8.510000000000000000e+02 2.461000000000000000e+03
8.190000000000000000e+02 2.470000000000000000e+03
9.190000000000000000e+02 2.454000000000000000e+03
8.780000000000000000e+02 2.452000000000000000e+03
1.060000000000000000e+02 1.170000000000000000e+03
4.400000000000000000e+01 1.195000000000000000e+03
2.900000000000000000e+01 1.276000000000000000e+03
7.900000000000000000e+01 1.246000000000000000e+03
1.850000000000000000e+02 1.184000000000000000e+03
1.260000000000000000e+02 1.276000000000000000e+03
1.800000000000000000e+02 1.256000000000000000e+03
1.750000000000000000e+02 1.224000000000000000e+03
1.900000000000000000e+01 2.040000000000000000e+03
9.400000000000000000e+01 2.154000000000000000e+03
9.270000000000000000e+02 2.221000000000000000e+03
1.360000000000000000e+02 2.168000000000000000e+03
5.800000000000000000e+01 2.415000000000000000e+03
1.900000000000000000e+01 2.387000000000000000e+03
6.800000000000000000e+01 2.417000000000000000e+03
1.660000000000000000e+02 2.197000000000000000e+03
6.060000000000000000e+02 2.235000000000000000e+03
9.990000000000000000e+02 2.440000000000000000e+03
6.930000000000000000e+02 2.343000000000000000e+03
8.700000000000000000e+02 2.393000000000000000e+03
5.000000000000000000e+00 2.018000000000000000e+03
7.400000000000000000e+01 2.388000000000000000e+03
1.360000000000000000e+02 2.434000000000000000e+03
1.110000000000000000e+02 2.461000000000000000e+03
2.370000000000000000e+02 2.516000000000000000e+03
1.530000000000000000e+02 2.523000000000000000e+03
1.220000000000000000e+02 2.569000000000000000e+03
5.060000000000000000e+02 2.531000000000000000e+03
5.070000000000000000e+02 2.503000000000000000e+03
5.870000000000000000e+02 2.542000000000000000e+03
4.790000000000000000e+02 2.767000000000000000e+03
2.580000000000000000e+02 2.588000000000000000e+03
2.480000000000000000e+02 2.565000000000000000e+03
3.160000000000000000e+02 2.526000000000000000e+03
3.560000000000000000e+02 2.525000000000000000e+03
4.350000000000000000e+02 2.529000000000000000e+03
3.910000000000000000e+02 2.566000000000000000e+03
1.620000000000000000e+02 2.686000000000000000e+03
1.270000000000000000e+02 2.670000000000000000e+03
9.420000000000000000e+02 2.660000000000000000e+03
4.220000000000000000e+02 2.615000000000000000e+03
7.570000000000000000e+02 2.530000000000000000e+03
8.240000000000000000e+02 2.531000000000000000e+03
9.870000000000000000e+02 2.508000000000000000e+03
9.110000000000000000e+02 2.533000000000000000e+03
1.282000000000000000e+03 3.186000000000000000e+03
9.080000000000000000e+02 2.528000000000000000e+03
3.730000000000000000e+02 2.694000000000000000e+03
1.850000000000000000e+02 2.617000000000000000e+03
6.830000000000000000e+02 2.549000000000000000e+03
3.450000000000000000e+02 2.642000000000000000e+03
2.200000000000000000e+02 2.804000000000000000e+03
1.113000000000000000e+03 3.031000000000000000e+03
1.955000000000000000e+03 3.275000000000000000e+03
1.307000000000000000e+03 3.110000000000000000e+03
1.580000000000000000e+03 3.965000000000000000e+03
1.474000000000000000e+03 3.936000000000000000e+03
1.415000000000000000e+03 3.713000000000000000e+03
1.703000000000000000e+03 3.949000000000000000e+03
1.758000000000000000e+03 3.956000000000000000e+03
1.670000000000000000e+03 3.932000000000000000e+03
1.607000000000000000e+03 3.945000000000000000e+03
1.453000000000000000e+03 3.883000000000000000e+03
1.506000000000000000e+03 3.876000000000000000e+03
1.530000000000000000e+03 3.923000000000000000e+03
1.534000000000000000e+03 3.970000000000000000e+03
1.602000000000000000e+03 3.891000000000000000e+03
1.601000000000000000e+03 3.900000000000000000e+03
1.678000000000000000e+03 3.953000000000000000e+03
1.655000000000000000e+03 3.887000000000000000e+03
1.441000000000000000e+03 3.753000000000000000e+03
1.363000000000000000e+03 3.890000000000000000e+03
1.260000000000000000e+03 3.858000000000000000e+03
1.373000000000000000e+03 3.875000000000000000e+03
1.246000000000000000e+03 3.904000000000000000e+03
1.217000000000000000e+03 3.916000000000000000e+03
1.321000000000000000e+03 3.908000000000000000e+03
1.231000000000000000e+03 3.845000000000000000e+03
1.188000000000000000e+03 3.923000000000000000e+03
1.091000000000000000e+03 3.863000000000000000e+03
1.319000000000000000e+03 3.926000000000000000e+03
1.345000000000000000e+03 3.925000000000000000e+03
6.640000000000000000e+02 3.396000000000000000e+03
1.051000000000000000e+03 3.904000000000000000e+03
1.034000000000000000e+03 3.712000000000000000e+03
1.073000000000000000e+03 3.917000000000000000e+03
6.590000000000000000e+02 3.859000000000000000e+03
7.730000000000000000e+02 3.918000000000000000e+03
7.200000000000000000e+02 3.363000000000000000e+03
6.360000000000000000e+02 3.921000000000000000e+03
4.690000000000000000e+02 3.655000000000000000e+03
6.380000000000000000e+02 3.948000000000000000e+03
6.180000000000000000e+02 3.965000000000000000e+03
1.710000000000000000e+02 3.315000000000000000e+03
1.750000000000000000e+02 3.308000000000000000e+03
2.350000000000000000e+02 3.326000000000000000e+03
2.230000000000000000e+02 3.338000000000000000e+03
5.900000000000000000e+01 3.323000000000000000e+03
1.210000000000000000e+02 3.320000000000000000e+03
2.030000000000000000e+02 3.273000000000000000e+03
2.270000000000000000e+02 3.394000000000000000e+03
6.480000000000000000e+02 3.810000000000000000e+03
1.130000000000000000e+02 3.334000000000000000e+03
4.690000000000000000e+02 3.784000000000000000e+03
4.820000000000000000e+02 3.609000000000000000e+03
4.790000000000000000e+02 3.787000000000000000e+03
4.230000000000000000e+02 3.865000000000000000e+03
7.060000000000000000e+02 3.898000000000000000e+03
6.280000000000000000e+02 3.816000000000000000e+03
1.840000000000000000e+02 3.529000000000000000e+03
1.980000000000000000e+02 3.493000000000000000e+03
1.070000000000000000e+02 3.413000000000000000e+03
1.600000000000000000e+02 3.395000000000000000e+03
1.190000000000000000e+02 3.395000000000000000e+03
5.900000000000000000e+01 3.428000000000000000e+03
1.690000000000000000e+02 3.466000000000000000e+03
1.400000000000000000e+02 3.402000000000000000e+03
1.431000000000000000e+03 3.900000000000000000e+03
1.391000000000000000e+03 3.104000000000000000e+03
1.334000000000000000e+03 3.966000000000000000e+03
1.288000000000000000e+03 3.908000000000000000e+03
1.124000000000000000e+03 3.963000000000000000e+03
1.165000000000000000e+03 3.970000000000000000e+03
1.265000000000000000e+03 3.969000000000000000e+03
1.223000000000000000e+03 3.975000000000000000e+03
9.340000000000000000e+02 3.937000000000000000e+03
8.000000000000000000e+02 3.775000000000000000e+03
8.670000000000000000e+02 3.833000000000000000e+03
9.240000000000000000e+02 3.946000000000000000e+03
1.078000000000000000e+03 3.972000000000000000e+03
1.079000000000000000e+03 3.965000000000000000e+03
8.090000000000000000e+02 3.420000000000000000e+03
1.012000000000000000e+03 3.964000000000000000e+03
4.400000000000000000e+01 3.589000000000000000e+03
8.600000000000000000e+01 3.565000000000000000e+03
9.700000000000000000e+01 3.520000000000000000e+03
6.000000000000000000e+01 3.529000000000000000e+03
1.660000000000000000e+02 3.572000000000000000e+03
1.090000000000000000e+02 3.601000000000000000e+03
1.450000000000000000e+02 3.572000000000000000e+03
1.380000000000000000e+02 3.558000000000000000e+03
8.700000000000000000e+01 2.854000000000000000e+03
3.000000000000000000e+01 2.767000000000000000e+03
2.990000000000000000e+02 2.751000000000000000e+03
7.000000000000000000e+01 2.652000000000000000e+03
2.120000000000000000e+02 3.154000000000000000e+03
3.300000000000000000e+01 3.409000000000000000e+03
3.040000000000000000e+02 3.302000000000000000e+03
2.200000000000000000e+01 3.368000000000000000e+03
1.757000000000000000e+03 3.953000000000000000e+03
2.147000000000000000e+03 3.788000000000000000e+03
2.128000000000000000e+03 3.748000000000000000e+03
2.075000000000000000e+03 3.874000000000000000e+03
2.068000000000000000e+03 3.867000000000000000e+03
2.100000000000000000e+03 3.832000000000000000e+03
2.095000000000000000e+03 3.834000000000000000e+03
2.012000000000000000e+03 3.853000000000000000e+03
1.980000000000000000e+03 3.824000000000000000e+03
1.938000000000000000e+03 3.952000000000000000e+03
2.222000000000000000e+03 3.886000000000000000e+03
1.767000000000000000e+03 3.900000000000000000e+03
1.821000000000000000e+03 3.901000000000000000e+03
1.942000000000000000e+03 3.789000000000000000e+03
1.937000000000000000e+03 3.846000000000000000e+03
2.094000000000000000e+03 3.850000000000000000e+03
2.171000000000000000e+03 3.884000000000000000e+03
2.364000000000000000e+03 3.626000000000000000e+03
2.183000000000000000e+03 3.815000000000000000e+03
2.275000000000000000e+03 3.795000000000000000e+03
1.808000000000000000e+03 3.967000000000000000e+03
2.064000000000000000e+03 3.925000000000000000e+03
1.998000000000000000e+03 3.927000000000000000e+03
1.966000000000000000e+03 3.944000000000000000e+03
1.944000000000000000e+03 3.940000000000000000e+03
1.980000000000000000e+03 3.890000000000000000e+03
2.011000000000000000e+03 3.917000000000000000e+03
1.853000000000000000e+03 3.897000000000000000e+03
1.908000000000000000e+03 3.880000000000000000e+03
1.849000000000000000e+03 3.932000000000000000e+03
1.802000000000000000e+03 3.890000000000000000e+03
2.099000000000000000e+03 3.631000000000000000e+03
2.107000000000000000e+03 3.419000000000000000e+03
2.084000000000000000e+03 3.657000000000000000e+03
1.971000000000000000e+03 3.681000000000000000e+03
1.973000000000000000e+03 3.675000000000000000e+03
1.953000000000000000e+03 3.729000000000000000e+03
1.960000000000000000e+03 3.750000000000000000e+03
2.059000000000000000e+03 3.651000000000000000e+03
2.086000000000000000e+03 3.711000000000000000e+03
2.064000000000000000e+03 3.629000000000000000e+03
2.044000000000000000e+03 3.684000000000000000e+03
2.109000000000000000e+03 3.729000000000000000e+03
2.055000000000000000e+03 3.785000000000000000e+03
2.021000000000000000e+03 3.723000000000000000e+03
2.038000000000000000e+03 3.799000000000000000e+03
2.117000000000000000e+03 3.447000000000000000e+03
2.171000000000000000e+03 3.518000000000000000e+03
2.141000000000000000e+03 3.584000000000000000e+03
2.732000000000000000e+03 3.457000000000000000e+03
2.159000000000000000e+03 3.461000000000000000e+03
2.158000000000000000e+03 3.430000000000000000e+03
2.169000000000000000e+03 3.402000000000000000e+03
2.181000000000000000e+03 3.347000000000000000e+03
2.113000000000000000e+03 3.598000000000000000e+03
2.075000000000000000e+03 3.523000000000000000e+03
2.123000000000000000e+03 3.499000000000000000e+03
2.094000000000000000e+03 3.502000000000000000e+03
2.142000000000000000e+03 3.788000000000000000e+03
2.163000000000000000e+03 3.618000000000000000e+03
2.156000000000000000e+03 3.505000000000000000e+03
2.182000000000000000e+03 3.550000000000000000e+03
3.784000000000000000e+03 2.705000000000000000e+03
3.804000000000000000e+03 2.613000000000000000e+03
3.905000000000000000e+03 2.313000000000000000e+03
3.774000000000000000e+03 2.468000000000000000e+03
3.950000000000000000e+03 2.303000000000000000e+03
3.976000000000000000e+03 2.327000000000000000e+03
3.905000000000000000e+03 2.247000000000000000e+03
3.945000000000000000e+03 2.544000000000000000e+03
3.555000000000000000e+03 2.901000000000000000e+03
3.368000000000000000e+03 3.036000000000000000e+03
3.321000000000000000e+03 3.054000000000000000e+03
3.477000000000000000e+03 3.071000000000000000e+03
3.505000000000000000e+03 3.033000000000000000e+03
3.477000000000000000e+03 3.068000000000000000e+03
3.374000000000000000e+03 3.084000000000000000e+03
3.924000000000000000e+03 2.178000000000000000e+03
3.913000000000000000e+03 2.167000000000000000e+03
3.953000000000000000e+03 2.253000000000000000e+03
3.863000000000000000e+03 2.284000000000000000e+03
3.872000000000000000e+03 2.220000000000000000e+03
3.939000000000000000e+03 2.211000000000000000e+03
3.049000000000000000e+03 3.007000000000000000e+03
3.736000000000000000e+03 2.338000000000000000e+03
3.290000000000000000e+03 3.004000000000000000e+03
3.268000000000000000e+03 2.922000000000000000e+03
3.115000000000000000e+03 3.004000000000000000e+03
3.076000000000000000e+03 2.986000000000000000e+03
3.248000000000000000e+03 3.076000000000000000e+03
3.226000000000000000e+03 3.072000000000000000e+03
3.216000000000000000e+03 3.007000000000000000e+03
3.178000000000000000e+03 3.037000000000000000e+03
3.852000000000000000e+03 3.200000000000000000e+03
3.240000000000000000e+03 3.654000000000000000e+03
3.873000000000000000e+03 3.122000000000000000e+03
3.743000000000000000e+03 3.090000000000000000e+03
3.568000000000000000e+03 3.329000000000000000e+03
3.809000000000000000e+03 3.098000000000000000e+03
2.882000000000000000e+03 3.856000000000000000e+03
3.717000000000000000e+03 3.104000000000000000e+03
2.752000000000000000e+03 3.596000000000000000e+03
2.740000000000000000e+03 3.440000000000000000e+03
2.903000000000000000e+03 3.155000000000000000e+03
2.999000000000000000e+03 3.093000000000000000e+03
2.730000000000000000e+03 3.933000000000000000e+03
2.738000000000000000e+03 3.741000000000000000e+03
2.453000000000000000e+03 3.974000000000000000e+03
2.714000000000000000e+03 3.971000000000000000e+03
2.630000000000000000e+03 3.949000000000000000e+03
2.368000000000000000e+03 3.984000000000000000e+03
2.570000000000000000e+03 3.969000000000000000e+03
2.210000000000000000e+03 3.906000000000000000e+03
2.332000000000000000e+03 3.944000000000000000e+03
2.181000000000000000e+03 3.953000000000000000e+03
2.418000000000000000e+03 3.962000000000000000e+03
2.462000000000000000e+03 3.976000000000000000e+03
3.468000000000000000e+03 3.311000000000000000e+03
3.360000000000000000e+03 3.295000000000000000e+03
2.531000000000000000e+03 3.932000000000000000e+03
2.794000000000000000e+03 3.963000000000000000e+03
2.367000000000000000e+03 3.527000000000000000e+03
2.389000000000000000e+03 3.857000000000000000e+03
2.247000000000000000e+03 3.976000000000000000e+03
2.285000000000000000e+03 3.954000000000000000e+03
3.575000000000000000e+03 2.112000000000000000e+03
3.530000000000000000e+03 2.019000000000000000e+03
3.535000000000000000e+03 2.010000000000000000e+03
3.494000000000000000e+03 2.079000000000000000e+03
3.475000000000000000e+03 2.144000000000000000e+03
3.034000000000000000e+03 3.191000000000000000e+03
3.248000000000000000e+03 3.150000000000000000e+03
3.711000000000000000e+03 2.085000000000000000e+03
3.653000000000000000e+03 2.154000000000000000e+03
3.463000000000000000e+03 2.745000000000000000e+03
3.483000000000000000e+03 2.098000000000000000e+03
3.694000000000000000e+03 2.033000000000000000e+03
3.504000000000000000e+03 2.026000000000000000e+03
3.376000000000000000e+03 1.979000000000000000e+03
3.382000000000000000e+03 2.027000000000000000e+03
3.890000000000000000e+03 2.876000000000000000e+03
3.873000000000000000e+03 2.933000000000000000e+03
3.914000000000000000e+03 2.761000000000000000e+03
3.702000000000000000e+03 2.726000000000000000e+03
3.716000000000000000e+03 3.027000000000000000e+03
3.711000000000000000e+03 3.010000000000000000e+03
3.913000000000000000e+03 2.718000000000000000e+03
3.835000000000000000e+03 3.020000000000000000e+03
3.793000000000000000e+03 3.049000000000000000e+03
3.717000000000000000e+03 3.031000000000000000e+03
3.657000000000000000e+03 3.074000000000000000e+03
3.716000000000000000e+03 3.077000000000000000e+03
3.548000000000000000e+03 3.064000000000000000e+03
3.561000000000000000e+03 3.009000000000000000e+03
3.822000000000000000e+03 2.464000000000000000e+03
3.776000000000000000e+03 2.753000000000000000e+03
2.646000000000000000e+03 2.833000000000000000e+03
2.229000000000000000e+03 3.366000000000000000e+03
2.192000000000000000e+03 3.481000000000000000e+03
2.134000000000000000e+03 3.339000000000000000e+03
2.079000000000000000e+03 3.441000000000000000e+03
2.005000000000000000e+03 3.526000000000000000e+03
2.035000000000000000e+03 3.501000000000000000e+03
1.955000000000000000e+03 3.665000000000000000e+03
1.977000000000000000e+03 3.474000000000000000e+03
1.953000000000000000e+03 3.441000000000000000e+03
1.976000000000000000e+03 3.737000000000000000e+03
1.987000000000000000e+03 3.403000000000000000e+03
1.981000000000000000e+03 3.423000000000000000e+03
2.024000000000000000e+03 3.313000000000000000e+03
2.007000000000000000e+03 3.414000000000000000e+03
2.101000000000000000e+03 3.371000000000000000e+03
2.097000000000000000e+03 3.430000000000000000e+03
3.062000000000000000e+03 2.102000000000000000e+03
2.180000000000000000e+03 3.238000000000000000e+03
3.126000000000000000e+03 2.040000000000000000e+03
3.354000000000000000e+03 2.033000000000000000e+03
3.091000000000000000e+03 2.075000000000000000e+03
3.077000000000000000e+03 2.053000000000000000e+03
2.048000000000000000e+03 3.437000000000000000e+03
2.065000000000000000e+03 3.326000000000000000e+03
2.068000000000000000e+03 3.286000000000000000e+03
2.070000000000000000e+03 3.213000000000000000e+03
2.145000000000000000e+03 3.209000000000000000e+03
2.171000000000000000e+03 3.210000000000000000e+03
2.100000000000000000e+03 3.288000000000000000e+03
2.105000000000000000e+03 3.171000000000000000e+03
3.950000000000000000e+03 3.199000000000000000e+03
3.914000000000000000e+03 3.343000000000000000e+03
3.931000000000000000e+03 3.265000000000000000e+03
3.897000000000000000e+03 3.250000000000000000e+03
3.890000000000000000e+03 3.207000000000000000e+03
3.888000000000000000e+03 3.272000000000000000e+03
3.870000000000000000e+03 3.332000000000000000e+03
3.942000000000000000e+03 3.194000000000000000e+03
3.973000000000000000e+03 3.182000000000000000e+03
3.963000000000000000e+03 3.300000000000000000e+03
3.979000000000000000e+03 3.263000000000000000e+03
3.931000000000000000e+03 3.056000000000000000e+03
3.978000000000000000e+03 2.819000000000000000e+03
3.937000000000000000e+03 3.113000000000000000e+03
3.970000000000000000e+03 3.108000000000000000e+03
3.941000000000000000e+03 2.686000000000000000e+03
3.924000000000000000e+03 2.731000000000000000e+03
3.966000000000000000e+03 2.748000000000000000e+03
3.955000000000000000e+03 2.667000000000000000e+03
3.929000000000000000e+03 2.917000000000000000e+03
3.935000000000000000e+03 2.811000000000000000e+03
3.950000000000000000e+03 3.065000000000000000e+03
3.943000000000000000e+03 3.089000000000000000e+03
3.945000000000000000e+03 2.858000000000000000e+03
3.924000000000000000e+03 2.906000000000000000e+03
3.935000000000000000e+03 2.958000000000000000e+03
3.921000000000000000e+03 2.899000000000000000e+03
3.979000000000000000e+03 2.903000000000000000e+03
3.966000000000000000e+03 2.825000000000000000e+03
3.977000000000000000e+03 3.013000000000000000e+03
3.969000000000000000e+03 2.924000000000000000e+03
3.977000000000000000e+03 2.446000000000000000e+03
3.946000000000000000e+03 2.465000000000000000e+03
3.963000000000000000e+03 2.445000000000000000e+03
3.916000000000000000e+03 2.401000000000000000e+03
3.734000000000000000e+03 2.112000000000000000e+03
3.746000000000000000e+03 2.131000000000000000e+03
3.672000000000000000e+03 2.109000000000000000e+03
3.674000000000000000e+03 2.097000000000000000e+03
3.352000000000000000e+03 2.007000000000000000e+03
3.285000000000000000e+03 1.987000000000000000e+03
3.253000000000000000e+03 2.066000000000000000e+03
3.208000000000000000e+03 2.053000000000000000e+03
3.395000000000000000e+03 2.100000000000000000e+03
3.763000000000000000e+03 2.390000000000000000e+03
3.364000000000000000e+03 2.078000000000000000e+03
3.383000000000000000e+03 2.126000000000000000e+03
3.545000000000000000e+03 1.994000000000000000e+03
3.531000000000000000e+03 1.974000000000000000e+03
3.096000000000000000e+03 2.027000000000000000e+03
3.070000000000000000e+03 1.995000000000000000e+03
3.555000000000000000e+03 2.067000000000000000e+03
3.619000000000000000e+03 2.058000000000000000e+03
3.119000000000000000e+03 2.073000000000000000e+03
3.128000000000000000e+03 2.092000000000000000e+03
3.786000000000000000e+03 2.061000000000000000e+03
3.622000000000000000e+03 2.011000000000000000e+03
3.169000000000000000e+03 1.987000000000000000e+03
3.232000000000000000e+03 1.987000000000000000e+03
3.511000000000000000e+03 2.006000000000000000e+03
3.174000000000000000e+03 2.055000000000000000e+03
3.330000000000000000e+03 2.153000000000000000e+03
3.854000000000000000e+03 2.272000000000000000e+03
2.197000000000000000e+03 3.130000000000000000e+03
2.356000000000000000e+03 2.130000000000000000e+03
2.660000000000000000e+02 2.580000000000000000e+03
3.800000000000000000e+02 9.000000000000000000e+01
2.100000000000000000e+01 1.320000000000000000e+03
2.447000000000000000e+03 1.240000000000000000e+03
