3.398000000000000000e+03 1.353000000000000000e+03
3.948000000000000000e+03 1.323000000000000000e+03
3.960000000000000000e+03 1.269000000000000000e+03
3.974000000000000000e+03 1.497000000000000000e+03
3.977000000000000000e+03 1.439000000000000000e+03
3.459000000000000000e+03 1.536000000000000000e+03
3.960000000000000000e+03 1.618000000000000000e+03
3.905000000000000000e+03 1.406000000000000000e+03
3.870000000000000000e+03 1.271000000000000000e+03
3.913000000000000000e+03 1.485000000000000000e+03
3.898000000000000000e+03 1.442000000000000000e+03
3.913000000000000000e+03 1.555000000000000000e+03
3.953000000000000000e+03 1.479000000000000000e+03
3.969000000000000000e+03 1.383000000000000000e+03
3.936000000000000000e+03 1.364000000000000000e+03
3.917000000000000000e+03 1.745000000000000000e+03
3.928000000000000000e+03 1.806000000000000000e+03
3.910000000000000000e+03 1.602000000000000000e+03
3.939000000000000000e+03 1.664000000000000000e+03
3.943000000000000000e+03 1.681000000000000000e+03
3.959000000000000000e+03 1.707000000000000000e+03
3.945000000000000000e+03 1.768000000000000000e+03
3.971000000000000000e+03 1.874000000000000000e+03
9.070000000000000000e+02 1.365000000000000000e+03
2.530000000000000000e+02 1.172000000000000000e+03
3.300000000000000000e+03 1.701000000000000000e+03
3.013000000000000000e+03 1.744000000000000000e+03
3.939000000000000000e+03 1.944000000000000000e+03
3.962000000000000000e+03 2.118000000000000000e+03
3.919000000000000000e+03 1.894000000000000000e+03
3.905000000000000000e+03 1.849000000000000000e+03
3.200000000000000000e+01 1.128000000000000000e+03
2.100000000000000000e+01 1.007000000000000000e+03
1.600000000000000000e+01 1.091000000000000000e+03
1.490000000000000000e+02 9.270000000000000000e+02
9.900000000000000000e+01 9.280000000000000000e+02
3.900000000000000000e+01 9.040000000000000000e+02
2.400000000000000000e+01 9.180000000000000000e+02
1.120000000000000000e+02 9.640000000000000000e+02
1.570000000000000000e+02 9.860000000000000000e+02
1.380000000000000000e+02 1.075000000000000000e+03
4.100000000000000000e+01 1.293000000000000000e+03
4.500000000000000000e+01 1.373000000000000000e+03
9.300000000000000000e+01 1.071000000000000000e+03
9.700000000000000000e+01 1.038000000000000000e+03
9.900000000000000000e+01 1.171000000000000000e+03
2.490000000000000000e+02 9.870000000000000000e+02
1.740000000000000000e+02 9.460000000000000000e+02
1.680000000000000000e+02 8.460000000000000000e+02
6.400000000000000000e+01 8.610000000000000000e+02
1.700000000000000000e+02 1.089000000000000000e+03
2.700000000000000000e+01 1.330000000000000000e+03
2.150000000000000000e+02 9.620000000000000000e+02
2.110000000000000000e+02 1.063000000000000000e+03
2.330000000000000000e+02 9.710000000000000000e+02
1.950000000000000000e+02 8.880000000000000000e+02
5.700000000000000000e+01 9.880000000000000000e+02
9.800000000000000000e+01 9.290000000000000000e+02
2.600000000000000000e+02 1.088000000000000000e+03
2.400000000000000000e+02 1.125000000000000000e+03
3.090000000000000000e+02 1.131000000000000000e+03
2.830000000000000000e+02 1.087000000000000000e+03
3.954000000000000000e+03 1.034000000000000000e+03
3.975000000000000000e+03 9.720000000000000000e+02
3.939000000000000000e+03 9.430000000000000000e+02
3.931000000000000000e+03 8.690000000000000000e+02
3.887000000000000000e+03 8.560000000000000000e+02
3.937000000000000000e+03 9.370000000000000000e+02
3.946000000000000000e+03 9.210000000000000000e+02
3.940000000000000000e+03 1.058000000000000000e+03
3.912000000000000000e+03 1.016000000000000000e+03
3.938000000000000000e+03 1.084000000000000000e+03
3.927000000000000000e+03 1.067000000000000000e+03
3.844000000000000000e+03 1.026000000000000000e+03
3.958000000000000000e+03 1.129000000000000000e+03
3.867000000000000000e+03 1.056000000000000000e+03
3.866000000000000000e+03 9.720000000000000000e+02
3.842000000000000000e+03 9.110000000000000000e+02
3.862000000000000000e+03 9.190000000000000000e+02
3.804000000000000000e+03 1.000000000000000000e+03
2.903000000000000000e+03 1.093000000000000000e+03
3.803000000000000000e+03 8.930000000000000000e+02
3.798000000000000000e+03 8.520000000000000000e+02
3.257000000000000000e+03 9.630000000000000000e+02
3.327000000000000000e+03 1.252000000000000000e+03
3.869000000000000000e+03 1.057000000000000000e+03
3.793000000000000000e+03 1.036000000000000000e+03
3.790000000000000000e+03 1.081000000000000000e+03
3.702000000000000000e+03 1.053000000000000000e+03
3.775000000000000000e+03 9.800000000000000000e+02
3.734000000000000000e+03 1.008000000000000000e+03
3.741000000000000000e+03 1.053000000000000000e+03
3.743000000000000000e+03 1.021000000000000000e+03
3.603000000000000000e+03 9.700000000000000000e+01
3.671000000000000000e+03 7.000000000000000000e+01
3.514000000000000000e+03 5.800000000000000000e+01
3.553000000000000000e+03 7.600000000000000000e+01
3.728000000000000000e+03 1.270000000000000000e+02
3.905000000000000000e+03 3.350000000000000000e+02
3.711000000000000000e+03 8.000000000000000000e+01
3.794000000000000000e+03 1.550000000000000000e+02
3.385000000000000000e+03 1.200000000000000000e+01
3.447000000000000000e+03 6.500000000000000000e+01
3.362000000000000000e+03 4.900000000000000000e+01
3.320000000000000000e+03 4.500000000000000000e+01
3.613000000000000000e+03 1.000000000000000000e+01
3.671000000000000000e+03 4.300000000000000000e+01
3.571000000000000000e+03 5.500000000000000000e+01
3.597000000000000000e+03 3.200000000000000000e+01
3.810000000000000000e+03 6.300000000000000000e+01
3.896000000000000000e+03 1.330000000000000000e+02
3.760000000000000000e+03 5.500000000000000000e+01
3.864000000000000000e+03 1.000000000000000000e+02
3.963000000000000000e+03 3.910000000000000000e+02
3.940000000000000000e+03 3.500000000000000000e+02
3.839000000000000000e+03 1.520000000000000000e+02
3.844000000000000000e+03 2.000000000000000000e+02
3.915000000000000000e+03 3.460000000000000000e+02
3.877000000000000000e+03 1.310000000000000000e+02
3.873000000000000000e+03 6.300000000000000000e+01
3.839000000000000000e+03 3.800000000000000000e+01
3.972000000000000000e+03 4.800000000000000000e+02
3.974000000000000000e+03 5.330000000000000000e+02
3.678000000000000000e+03 8.800000000000000000e+01
3.903000000000000000e+03 1.160000000000000000e+02
9.410000000000000000e+02 4.000000000000000000e+01
8.200000000000000000e+02 6.400000000000000000e+01
1.017000000000000000e+03 2.700000000000000000e+01
7.420000000000000000e+02 9.800000000000000000e+01
8.390000000000000000e+02 4.500000000000000000e+01
8.900000000000000000e+02 3.600000000000000000e+01
7.670000000000000000e+02 1.440000000000000000e+02
6.620000000000000000e+02 2.800000000000000000e+01
7.250000000000000000e+02 2.000000000000000000e+01
7.150000000000000000e+02 2.900000000000000000e+01
6.290000000000000000e+02 1.150000000000000000e+02
8.030000000000000000e+02 4.600000000000000000e+01
3.945000000000000000e+03 7.850000000000000000e+02
7.770000000000000000e+02 4.200000000000000000e+01
7.450000000000000000e+02 4.400000000000000000e+01
7.320000000000000000e+02 1.180000000000000000e+02
8.120000000000000000e+02 1.100000000000000000e+02
1.008000000000000000e+03 9.200000000000000000e+01
1.093000000000000000e+03 3.400000000000000000e+01
1.070000000000000000e+03 2.040000000000000000e+02
1.007000000000000000e+03 1.980000000000000000e+02
1.171000000000000000e+03 1.540000000000000000e+02
3.258000000000000000e+03 6.820000000000000000e+02
5.360000000000000000e+02 1.100000000000000000e+02
5.160000000000000000e+02 7.500000000000000000e+01
4.610000000000000000e+02 9.100000000000000000e+01
4.440000000000000000e+02 1.800000000000000000e+02
6.030000000000000000e+02 8.100000000000000000e+01
6.660000000000000000e+02 1.200000000000000000e+02
5.800000000000000000e+02 1.130000000000000000e+02
5.360000000000000000e+02 2.510000000000000000e+02
3.853000000000000000e+03 8.410000000000000000e+02
3.804000000000000000e+03 7.840000000000000000e+02
3.869000000000000000e+03 7.850000000000000000e+02
3.915000000000000000e+03 7.630000000000000000e+02
3.910000000000000000e+03 6.720000000000000000e+02
3.874000000000000000e+03 7.800000000000000000e+02
3.879000000000000000e+03 7.320000000000000000e+02
3.966000000000000000e+03 6.370000000000000000e+02
3.837000000000000000e+03 6.320000000000000000e+02
3.823000000000000000e+03 6.550000000000000000e+02
3.920000000000000000e+03 7.010000000000000000e+02
3.771000000000000000e+03 5.820000000000000000e+02
3.772000000000000000e+03 6.340000000000000000e+02
3.761000000000000000e+03 7.380000000000000000e+02
3.765000000000000000e+03 7.040000000000000000e+02
3.952000000000000000e+03 7.740000000000000000e+02
3.941000000000000000e+03 7.920000000000000000e+02
3.923000000000000000e+03 6.750000000000000000e+02
3.919000000000000000e+03 6.170000000000000000e+02
3.961000000000000000e+03 5.560000000000000000e+02
3.986000000000000000e+03 6.660000000000000000e+02
3.945000000000000000e+03 7.150000000000000000e+02
3.943000000000000000e+03 6.080000000000000000e+02
3.880000000000000000e+03 4.960000000000000000e+02
3.852000000000000000e+03 4.790000000000000000e+02
3.896000000000000000e+03 4.710000000000000000e+02
3.931000000000000000e+03 4.680000000000000000e+02
3.813000000000000000e+03 5.180000000000000000e+02
3.813000000000000000e+03 5.060000000000000000e+02
3.856000000000000000e+03 5.420000000000000000e+02
3.834000000000000000e+03 5.720000000000000000e+02
1.512000000000000000e+03 9.000000000000000000e+01
3.035000000000000000e+03 1.200000000000000000e+01
3.207000000000000000e+03 3.600000000000000000e+01
2.506000000000000000e+03 1.760000000000000000e+02
3.229000000000000000e+03 8.300000000000000000e+01
3.081000000000000000e+03 7.300000000000000000e+01
3.167000000000000000e+03 5.600000000000000000e+01
3.097000000000000000e+03 3.800000000000000000e+01
3.082000000000000000e+03 8.000000000000000000e+01
3.185000000000000000e+03 1.900000000000000000e+01
3.016000000000000000e+03 3.700000000000000000e+01
3.002000000000000000e+03 9.800000000000000000e+01
3.032000000000000000e+03 1.160000000000000000e+02
2.951000000000000000e+03 1.090000000000000000e+02
2.978000000000000000e+03 8.500000000000000000e+01
1.910000000000000000e+02 2.600000000000000000e+01
1.820000000000000000e+02 9.000000000000000000e+01
2.630000000000000000e+02 6.200000000000000000e+01
2.510000000000000000e+02 6.700000000000000000e+01
5.480000000000000000e+02 1.500000000000000000e+01
4.200000000000000000e+02 1.300000000000000000e+01
3.330000000000000000e+02 1.100000000000000000e+01
4.010000000000000000e+02 1.400000000000000000e+01
2.690000000000000000e+02 2.430000000000000000e+02
3.730000000000000000e+02 8.500000000000000000e+01
2.630000000000000000e+02 1.740000000000000000e+02
3.370000000000000000e+02 1.150000000000000000e+02
3.970000000000000000e+02 1.100000000000000000e+02
5.640000000000000000e+02 6.700000000000000000e+01
3.410000000000000000e+02 5.600000000000000000e+01
3.770000000000000000e+02 1.040000000000000000e+02
3.409000000000000000e+03 5.500000000000000000e+01
3.463000000000000000e+03 4.200000000000000000e+01
3.800000000000000000e+01 6.030000000000000000e+02
1.900000000000000000e+01 6.790000000000000000e+02
3.138000000000000000e+03 7.900000000000000000e+01
3.222000000000000000e+03 2.160000000000000000e+02
3.345000000000000000e+03 2.950000000000000000e+02
3.341000000000000000e+03 8.700000000000000000e+01
9.770000000000000000e+02 1.390000000000000000e+02
9.050000000000000000e+02 2.270000000000000000e+02
1.887000000000000000e+03 2.830000000000000000e+02
3.240000000000000000e+03 8.090000000000000000e+02
1.034000000000000000e+03 1.400000000000000000e+02
1.032000000000000000e+03 9.900000000000000000e+01
9.870000000000000000e+02 1.060000000000000000e+02
8.540000000000000000e+02 1.250000000000000000e+02
2.158000000000000000e+03 7.580000000000000000e+02
1.685000000000000000e+03 4.660000000000000000e+02
2.695000000000000000e+03 7.890000000000000000e+02
2.341000000000000000e+03 7.030000000000000000e+02
6.100000000000000000e+01 5.960000000000000000e+02
1.013000000000000000e+03 7.440000000000000000e+02
2.248000000000000000e+03 9.970000000000000000e+02
2.965000000000000000e+03 6.880000000000000000e+02
2.670000000000000000e+02 9.000000000000000000e+02
4.300000000000000000e+01 6.740000000000000000e+02
2.369000000000000000e+03 3.700000000000000000e+02
2.995000000000000000e+03 9.700000000000000000e+01
4.490000000000000000e+02 1.025000000000000000e+03
5.240000000000000000e+02 1.032000000000000000e+03
5.300000000000000000e+02 9.050000000000000000e+02
3.990000000000000000e+02 1.069000000000000000e+03
3.866000000000000000e+03 1.262000000000000000e+03
3.825000000000000000e+03 1.242000000000000000e+03
3.844000000000000000e+03 1.239000000000000000e+03
3.950000000000000000e+03 1.178000000000000000e+03
3.929000000000000000e+03 1.215000000000000000e+03
3.897000000000000000e+03 1.251000000000000000e+03
3.920000000000000000e+03 1.247000000000000000e+03
3.709000000000000000e+03 1.356000000000000000e+03
3.768000000000000000e+03 1.364000000000000000e+03
3.853000000000000000e+03 1.345000000000000000e+03
3.820000000000000000e+03 1.335000000000000000e+03
3.727000000000000000e+03 1.296000000000000000e+03
3.848000000000000000e+03 1.209000000000000000e+03
3.772000000000000000e+03 1.293000000000000000e+03
3.596000000000000000e+03 9.160000000000000000e+02
3.622000000000000000e+03 1.071000000000000000e+03
3.750000000000000000e+03 1.158000000000000000e+03
3.574000000000000000e+03 1.086000000000000000e+03
3.581000000000000000e+03 1.135000000000000000e+03
3.887000000000000000e+03 1.184000000000000000e+03
3.619000000000000000e+03 1.164000000000000000e+03
3.654000000000000000e+03 1.122000000000000000e+03
3.770000000000000000e+03 1.163000000000000000e+03
3.774000000000000000e+03 1.194000000000000000e+03
3.677000000000000000e+03 1.282000000000000000e+03
3.685000000000000000e+03 9.950000000000000000e+02
3.648000000000000000e+03 1.234000000000000000e+03
3.616000000000000000e+03 1.278000000000000000e+03
3.653000000000000000e+03 1.320000000000000000e+03
3.575000000000000000e+03 1.190000000000000000e+03
3.809000000000000000e+03 1.223000000000000000e+03
3.445000000000000000e+03 9.920000000000000000e+02
3.550000000000000000e+03 1.045000000000000000e+03
3.715000000000000000e+03 1.149000000000000000e+03
3.763000000000000000e+03 1.219000000000000000e+03
3.797000000000000000e+03 1.184000000000000000e+03
3.759000000000000000e+03 1.107000000000000000e+03
3.746000000000000000e+03 1.134000000000000000e+03
3.819000000000000000e+03 1.474000000000000000e+03
3.790000000000000000e+03 1.495000000000000000e+03
3.847000000000000000e+03 1.422000000000000000e+03
3.856000000000000000e+03 1.451000000000000000e+03
3.761000000000000000e+03 1.367000000000000000e+03
3.342000000000000000e+03 1.331000000000000000e+03
3.775000000000000000e+03 1.397000000000000000e+03
3.787000000000000000e+03 1.392000000000000000e+03
3.986000000000000000e+03 1.757000000000000000e+03
3.811000000000000000e+03 1.814000000000000000e+03
2.133000000000000000e+03 2.136000000000000000e+03
3.919000000000000000e+03 1.702000000000000000e+03
3.505000000000000000e+03 1.853000000000000000e+03
3.819000000000000000e+03 1.626000000000000000e+03
3.727000000000000000e+03 1.458000000000000000e+03
3.917000000000000000e+03 1.740000000000000000e+03
3.380000000000000000e+03 2.022000000000000000e+03
3.107000000000000000e+03 2.263000000000000000e+03
3.061000000000000000e+03 2.161000000000000000e+03
2.697000000000000000e+03 2.098000000000000000e+03
2.246000000000000000e+03 2.064000000000000000e+03
2.359000000000000000e+03 2.076000000000000000e+03
2.415000000000000000e+03 2.073000000000000000e+03
2.392000000000000000e+03 2.083000000000000000e+03
1.780000000000000000e+03 1.282000000000000000e+03
1.853000000000000000e+03 1.336000000000000000e+03
1.954000000000000000e+03 1.335000000000000000e+03
1.775000000000000000e+03 1.402000000000000000e+03
2.051000000000000000e+03 1.719000000000000000e+03
1.304000000000000000e+03 8.930000000000000000e+02
1.114000000000000000e+03 1.842000000000000000e+03
1.973000000000000000e+03 1.313000000000000000e+03
1.733000000000000000e+03 1.318000000000000000e+03
7.380000000000000000e+02 1.349000000000000000e+03
7.490000000000000000e+02 1.385000000000000000e+03
1.707000000000000000e+03 1.884000000000000000e+03
1.603000000000000000e+03 1.652000000000000000e+03
1.970000000000000000e+03 2.342000000000000000e+03
2.114000000000000000e+03 1.985000000000000000e+03
3.823000000000000000e+03 1.583000000000000000e+03
3.768000000000000000e+03 1.584000000000000000e+03
3.389000000000000000e+03 1.459000000000000000e+03
1.836000000000000000e+03 1.366000000000000000e+03
1.754000000000000000e+03 1.304000000000000000e+03
3.511000000000000000e+03 1.351000000000000000e+03
3.844000000000000000e+03 1.597000000000000000e+03
3.866000000000000000e+03 1.514000000000000000e+03
3.872000000000000000e+03 1.582000000000000000e+03
3.858000000000000000e+03 1.610000000000000000e+03
5.420000000000000000e+02 1.220000000000000000e+03
2.412000000000000000e+03 1.446000000000000000e+03
5.820000000000000000e+02 1.272000000000000000e+03
2.900000000000000000e+02 1.272000000000000000e+03
2.930000000000000000e+02 1.329000000000000000e+03
2.910000000000000000e+02 1.322000000000000000e+03
6.590000000000000000e+02 1.270000000000000000e+03
5.700000000000000000e+02 1.304000000000000000e+03
1.564000000000000000e+03 1.232000000000000000e+03
3.205000000000000000e+03 1.190000000000000000e+03
5.350000000000000000e+02 1.313000000000000000e+03
5.510000000000000000e+02 1.354000000000000000e+03
9.350000000000000000e+02 1.238000000000000000e+03
2.295000000000000000e+03 1.231000000000000000e+03
2.710000000000000000e+02 1.344000000000000000e+03
4.170000000000000000e+02 1.366000000000000000e+03
2.520000000000000000e+02 1.399000000000000000e+03
2.740000000000000000e+02 1.387000000000000000e+03
5.020000000000000000e+02 1.267000000000000000e+03
5.030000000000000000e+02 1.318000000000000000e+03
6.060000000000000000e+02 1.234000000000000000e+03
2.059000000000000000e+03 1.155000000000000000e+03
3.980000000000000000e+02 1.238000000000000000e+03
3.650000000000000000e+02 1.272000000000000000e+03
3.640000000000000000e+02 1.316000000000000000e+03
4.270000000000000000e+02 1.267000000000000000e+03
2.620000000000000000e+02 1.169000000000000000e+03
3.870000000000000000e+02 1.180000000000000000e+03
3.860000000000000000e+02 1.287000000000000000e+03
3.840000000000000000e+02 1.080000000000000000e+03
3.970000000000000000e+02 1.316000000000000000e+03
7.180000000000000000e+02 8.580000000000000000e+02
3.800000000000000000e+02 1.208000000000000000e+03
3.180000000000000000e+02 1.189000000000000000e+03
2.190000000000000000e+02 1.282000000000000000e+03
2.030000000000000000e+02 1.286000000000000000e+03
2.090000000000000000e+02 1.316000000000000000e+03
2.160000000000000000e+02 1.315000000000000000e+03
4.600000000000000000e+01 1.755000000000000000e+03
3.800000000000000000e+01 1.825000000000000000e+03
4.000000000000000000e+01 1.987000000000000000e+03
1.400000000000000000e+02 1.647000000000000000e+03
7.400000000000000000e+01 1.740000000000000000e+03
1.500000000000000000e+02 1.687000000000000000e+03
2.800000000000000000e+01 1.727000000000000000e+03
2.010000000000000000e+02 1.759000000000000000e+03
1.910000000000000000e+02 1.760000000000000000e+03
2.060000000000000000e+02 1.757000000000000000e+03
2.190000000000000000e+02 1.717000000000000000e+03
1.970000000000000000e+02 1.662000000000000000e+03
2.030000000000000000e+02 1.625000000000000000e+03
2.350000000000000000e+02 1.622000000000000000e+03
1.770000000000000000e+02 1.713000000000000000e+03
8.500000000000000000e+01 1.711000000000000000e+03
1.580000000000000000e+02 1.551000000000000000e+03
8.500000000000000000e+01 1.664000000000000000e+03
1.660000000000000000e+02 1.577000000000000000e+03
1.990000000000000000e+02 1.515000000000000000e+03
2.210000000000000000e+02 1.528000000000000000e+03
1.920000000000000000e+02 1.539000000000000000e+03
2.470000000000000000e+02 1.546000000000000000e+03
9.700000000000000000e+01 1.452000000000000000e+03
9.900000000000000000e+01 1.416000000000000000e+03
1.100000000000000000e+02 1.342000000000000000e+03
1.250000000000000000e+02 1.368000000000000000e+03
3.530000000000000000e+02 1.375000000000000000e+03
1.720000000000000000e+02 1.430000000000000000e+03
1.440000000000000000e+02 1.445000000000000000e+03
1.030000000000000000e+02 1.475000000000000000e+03
1.999000000000000000e+03 1.687000000000000000e+03
1.493000000000000000e+03 1.380000000000000000e+03
1.425000000000000000e+03 1.535000000000000000e+03
8.600000000000000000e+01 1.579000000000000000e+03
8.900000000000000000e+01 1.567000000000000000e+03
1.070000000000000000e+02 1.498000000000000000e+03
7.100000000000000000e+01 1.525000000000000000e+03
1.653000000000000000e+03 1.050000000000000000e+02
1.816000000000000000e+03 2.650000000000000000e+02
1.027000000000000000e+03 9.880000000000000000e+02
1.850000000000000000e+03 2.980000000000000000e+02
9.100000000000000000e+01 1.786000000000000000e+03
9.900000000000000000e+01 1.767000000000000000e+03
6.900000000000000000e+01 1.855000000000000000e+03
6.800000000000000000e+01 1.848000000000000000e+03
1.638000000000000000e+03 2.200000000000000000e+01
1.715000000000000000e+03 2.700000000000000000e+01
1.740000000000000000e+03 1.500000000000000000e+01
1.795000000000000000e+03 1.100000000000000000e+01
1.876000000000000000e+03 3.000000000000000000e+01
1.888000000000000000e+03 5.000000000000000000e+00
1.817000000000000000e+03 2.500000000000000000e+01
1.841000000000000000e+03 1.800000000000000000e+01
1.746000000000000000e+03 5.800000000000000000e+01
1.784000000000000000e+03 5.800000000000000000e+01
1.848000000000000000e+03 6.900000000000000000e+01
1.781000000000000000e+03 9.900000000000000000e+01
1.657000000000000000e+03 7.500000000000000000e+01
1.666000000000000000e+03 6.800000000000000000e+01
1.712000000000000000e+03 1.020000000000000000e+02
1.627000000000000000e+03 1.000000000000000000e+02
1.521000000000000000e+03 1.735000000000000000e+03
1.468000000000000000e+03 1.440000000000000000e+02
1.952000000000000000e+03 9.940000000000000000e+02
1.148000000000000000e+03 1.350000000000000000e+02
1.152000000000000000e+03 3.000000000000000000e+01
1.226000000000000000e+03 3.300000000000000000e+01
1.467000000000000000e+03 5.240000000000000000e+02
8.200000000000000000e+01 1.158000000000000000e+03
8.000000000000000000e+01 1.132000000000000000e+03
1.210000000000000000e+02 1.175000000000000000e+03
1.390000000000000000e+02 1.161000000000000000e+03
1.230000000000000000e+02 1.181000000000000000e+03
6.700000000000000000e+02 1.158000000000000000e+03
1.480000000000000000e+02 1.242000000000000000e+03
1.710000000000000000e+02 1.211000000000000000e+03
1.468000000000000000e+03 7.100000000000000000e+01
1.399000000000000000e+03 7.300000000000000000e+01
1.569000000000000000e+03 6.300000000000000000e+01
1.499000000000000000e+03 6.700000000000000000e+01
1.415000000000000000e+03 2.100000000000000000e+01
1.486000000000000000e+03 2.300000000000000000e+01
1.583000000000000000e+03 3.800000000000000000e+01
1.561000000000000000e+03 2.000000000000000000e+01
1.388000000000000000e+03 9.800000000000000000e+01
1.249000000000000000e+03 5.800000000000000000e+01
1.359000000000000000e+03 5.800000000000000000e+01
1.370000000000000000e+03 3.800000000000000000e+01
1.348000000000000000e+03 7.500000000000000000e+01
1.265000000000000000e+03 1.070000000000000000e+02
1.498000000000000000e+03 1.130000000000000000e+02
1.424000000000000000e+03 9.700000000000000000e+01
1.290000000000000000e+02 6.500000000000000000e+02
5.330000000000000000e+02 7.580000000000000000e+02
1.130000000000000000e+02 6.070000000000000000e+02
9.300000000000000000e+01 6.160000000000000000e+02
1.450000000000000000e+02 6.750000000000000000e+02
1.460000000000000000e+02 6.360000000000000000e+02
2.640000000000000000e+02 6.940000000000000000e+02
8.170000000000000000e+02 5.120000000000000000e+02
2.160000000000000000e+02 6.970000000000000000e+02
2.080000000000000000e+02 7.420000000000000000e+02
2.050000000000000000e+02 7.560000000000000000e+02
1.980000000000000000e+02 9.230000000000000000e+02
9.700000000000000000e+01 7.510000000000000000e+02
1.980000000000000000e+02 6.640000000000000000e+02
2.000000000000000000e+02 6.550000000000000000e+02
1.820000000000000000e+02 6.840000000000000000e+02
1.180000000000000000e+02 8.140000000000000000e+02
1.300000000000000000e+01 1.308000000000000000e+03
8.200000000000000000e+01 7.970000000000000000e+02
6.200000000000000000e+01 7.740000000000000000e+02
1.780000000000000000e+02 7.900000000000000000e+02
1.540000000000000000e+02 8.120000000000000000e+02
9.800000000000000000e+01 8.810000000000000000e+02
1.100000000000000000e+01 8.350000000000000000e+02
9.000000000000000000e+01 1.314000000000000000e+03
6.800000000000000000e+01 1.326000000000000000e+03
6.000000000000000000e+01 1.263000000000000000e+03
4.200000000000000000e+01 1.160000000000000000e+03
1.470000000000000000e+02 1.262000000000000000e+03
2.170000000000000000e+02 1.309000000000000000e+03
1.280000000000000000e+02 1.297000000000000000e+03
1.160000000000000000e+02 1.280000000000000000e+03
9.200000000000000000e+01 1.823000000000000000e+03
3.000000000000000000e+01 1.470000000000000000e+03
4.900000000000000000e+01 1.505000000000000000e+03
4.400000000000000000e+01 1.568000000000000000e+03
4.800000000000000000e+01 1.625000000000000000e+03
7.400000000000000000e+01 1.698000000000000000e+03
5.500000000000000000e+01 1.665000000000000000e+03
2.040000000000000000e+02 1.869000000000000000e+03
2.070000000000000000e+02 1.923000000000000000e+03
1.370000000000000000e+02 1.902000000000000000e+03
4.400000000000000000e+01 1.840000000000000000e+03
4.800000000000000000e+01 1.873000000000000000e+03
1.770000000000000000e+02 1.868000000000000000e+03
1.180000000000000000e+02 1.852000000000000000e+03
1.380000000000000000e+02 1.833000000000000000e+03
1.640000000000000000e+02 1.980000000000000000e+03
6.420000000000000000e+02 2.498000000000000000e+03
1.520000000000000000e+02 2.020000000000000000e+03
1.500000000000000000e+02 2.006000000000000000e+03
1.640000000000000000e+02 2.050000000000000000e+03
1.300000000000000000e+02 2.074000000000000000e+03
1.180000000000000000e+02 2.122000000000000000e+03
1.050000000000000000e+02 2.115000000000000000e+03
4.900000000000000000e+01 2.106000000000000000e+03
6.200000000000000000e+01 2.054000000000000000e+03
3.900000000000000000e+01 2.181000000000000000e+03
3.800000000000000000e+01 2.135000000000000000e+03
4.600000000000000000e+01 1.800000000000000000e+03
5.000000000000000000e+01 1.746000000000000000e+03
6.000000000000000000e+01 1.952000000000000000e+03
5.600000000000000000e+01 2.017000000000000000e+03
8.500000000000000000e+01 2.864000000000000000e+03
2.000000000000000000e+02 2.877000000000000000e+03
1.980000000000000000e+02 2.831000000000000000e+03
1.630000000000000000e+02 2.912000000000000000e+03
1.550000000000000000e+02 2.945000000000000000e+03
8.500000000000000000e+01 2.907000000000000000e+03
1.500000000000000000e+02 2.990000000000000000e+03
7.100000000000000000e+01 2.994000000000000000e+03
5.600000000000000000e+01 2.961000000000000000e+03
8.500000000000000000e+01 2.872000000000000000e+03
8.300000000000000000e+01 2.914000000000000000e+03
1.280000000000000000e+02 2.587000000000000000e+03
1.230000000000000000e+02 2.582000000000000000e+03
1.130000000000000000e+02 2.641000000000000000e+03
1.010000000000000000e+02 2.824000000000000000e+03
1.320000000000000000e+02 2.716000000000000000e+03
1.170000000000000000e+02 2.727000000000000000e+03
1.510000000000000000e+02 2.805000000000000000e+03
1.330000000000000000e+02 2.764000000000000000e+03
7.100000000000000000e+01 2.744000000000000000e+03
8.500000000000000000e+01 2.703000000000000000e+03
3.100000000000000000e+01 2.762000000000000000e+03
2.600000000000000000e+01 2.636000000000000000e+03
3.600000000000000000e+01 2.734000000000000000e+03
1.110000000000000000e+02 2.498000000000000000e+03
1.300000000000000000e+02 2.571000000000000000e+03
1.250000000000000000e+02 2.517000000000000000e+03
3.200000000000000000e+01 2.467000000000000000e+03
3.500000000000000000e+01 2.556000000000000000e+03
8.400000000000000000e+01 2.515000000000000000e+03
5.500000000000000000e+01 2.480000000000000000e+03
4.720000000000000000e+02 2.737000000000000000e+03
3.100000000000000000e+01 2.798000000000000000e+03
2.300000000000000000e+01 2.797000000000000000e+03
5.300000000000000000e+01 2.819000000000000000e+03
4.600000000000000000e+01 2.844000000000000000e+03
2.900000000000000000e+01 3.029000000000000000e+03
3.100000000000000000e+01 2.949000000000000000e+03
1.410000000000000000e+02 2.326000000000000000e+03
1.800000000000000000e+02 2.302000000000000000e+03
1.350000000000000000e+02 2.397000000000000000e+03
1.560000000000000000e+02 2.366000000000000000e+03
1.200000000000000000e+01 2.339000000000000000e+03
3.800000000000000000e+01 2.341000000000000000e+03
2.600000000000000000e+02 2.526000000000000000e+03
5.000000000000000000e+01 2.404000000000000000e+03
1.400000000000000000e+01 3.350000000000000000e+03
1.700000000000000000e+01 3.287000000000000000e+03
3.000000000000000000e+01 3.175000000000000000e+03
2.600000000000000000e+01 3.178000000000000000e+03
8.800000000000000000e+01 3.268000000000000000e+03
1.150000000000000000e+02 3.242000000000000000e+03
1.100000000000000000e+02 3.202000000000000000e+03
1.500000000000000000e+02 3.249000000000000000e+03
1.560000000000000000e+02 3.069000000000000000e+03
1.820000000000000000e+02 3.116000000000000000e+03
9.000000000000000000e+01 3.072000000000000000e+03
1.110000000000000000e+02 3.058000000000000000e+03
4.700000000000000000e+01 3.108000000000000000e+03
2.000000000000000000e+01 3.101000000000000000e+03
1.070000000000000000e+02 3.139000000000000000e+03
1.200000000000000000e+02 3.168000000000000000e+03
1.130000000000000000e+02 2.281000000000000000e+03
1.540000000000000000e+02 2.324000000000000000e+03
9.500000000000000000e+01 2.203000000000000000e+03
7.500000000000000000e+01 2.284000000000000000e+03
2.490000000000000000e+02 2.329000000000000000e+03
2.130000000000000000e+02 2.292000000000000000e+03
3.270000000000000000e+02 2.655000000000000000e+03
2.540000000000000000e+02 2.395000000000000000e+03
3.330000000000000000e+02 3.306000000000000000e+03
3.500000000000000000e+02 3.410000000000000000e+03
3.670000000000000000e+02 3.416000000000000000e+03
3.630000000000000000e+02 3.318000000000000000e+03
2.930000000000000000e+02 3.360000000000000000e+03
2.640000000000000000e+02 3.102000000000000000e+03
3.180000000000000000e+02 3.441000000000000000e+03
2.930000000000000000e+02 3.455000000000000000e+03
1.610000000000000000e+02 2.197000000000000000e+03
1.460000000000000000e+02 2.321000000000000000e+03
1.224000000000000000e+03 2.885000000000000000e+03
3.060000000000000000e+02 2.566000000000000000e+03
2.920000000000000000e+02 2.644000000000000000e+03
2.400000000000000000e+02 2.584000000000000000e+03
2.150000000000000000e+02 2.539000000000000000e+03
2.970000000000000000e+02 2.305000000000000000e+03
4.360000000000000000e+02 2.484000000000000000e+03
9.350000000000000000e+02 2.703000000000000000e+03
8.950000000000000000e+02 2.555000000000000000e+03
1.189000000000000000e+03 2.642000000000000000e+03
8.300000000000000000e+01 2.158000000000000000e+03
3.410000000000000000e+02 2.959000000000000000e+03
2.190000000000000000e+02 2.529000000000000000e+03
2.140000000000000000e+02 2.688000000000000000e+03
2.050000000000000000e+02 2.555000000000000000e+03
1.770000000000000000e+02 2.503000000000000000e+03
9.000000000000000000e+01 2.542000000000000000e+03
2.940000000000000000e+02 2.832000000000000000e+03
3.200000000000000000e+02 2.838000000000000000e+03
3.050000000000000000e+02 2.890000000000000000e+03
3.840000000000000000e+02 2.967000000000000000e+03
2.060000000000000000e+02 2.661000000000000000e+03
2.130000000000000000e+02 2.686000000000000000e+03
2.430000000000000000e+02 2.638000000000000000e+03
2.620000000000000000e+02 2.684000000000000000e+03
2.800000000000000000e+02 2.779000000000000000e+03
2.290000000000000000e+02 2.774000000000000000e+03
1.640000000000000000e+02 2.696000000000000000e+03
1.230000000000000000e+02 2.659000000000000000e+03
4.980000000000000000e+02 3.062000000000000000e+03
2.220000000000000000e+02 2.931000000000000000e+03
2.960000000000000000e+02 2.989000000000000000e+03
2.920000000000000000e+02 3.030000000000000000e+03
3.480000000000000000e+02 3.112000000000000000e+03
3.000000000000000000e+02 3.110000000000000000e+03
1.049000000000000000e+03 3.476000000000000000e+03
3.030000000000000000e+02 3.080000000000000000e+03
3.940000000000000000e+02 2.769000000000000000e+03
1.930000000000000000e+02 2.642000000000000000e+03
2.950000000000000000e+02 2.940000000000000000e+03
2.220000000000000000e+02 2.909000000000000000e+03
1.820000000000000000e+02 3.010000000000000000e+03
9.380000000000000000e+02 3.429000000000000000e+03
1.714000000000000000e+03 3.807000000000000000e+03
1.114000000000000000e+03 3.418000000000000000e+03
1.606000000000000000e+03 3.961000000000000000e+03
1.492000000000000000e+03 3.936000000000000000e+03
1.466000000000000000e+03 3.769000000000000000e+03
1.725000000000000000e+03 3.945000000000000000e+03
1.777000000000000000e+03 3.971000000000000000e+03
1.690000000000000000e+03 3.942000000000000000e+03
1.623000000000000000e+03 3.943000000000000000e+03
1.500000000000000000e+03 3.885000000000000000e+03
1.538000000000000000e+03 3.862000000000000000e+03
1.557000000000000000e+03 3.920000000000000000e+03
1.547000000000000000e+03 3.971000000000000000e+03
1.632000000000000000e+03 3.921000000000000000e+03
1.621000000000000000e+03 3.877000000000000000e+03
1.764000000000000000e+03 3.936000000000000000e+03
1.682000000000000000e+03 3.881000000000000000e+03
1.496000000000000000e+03 3.744000000000000000e+03
1.399000000000000000e+03 3.883000000000000000e+03
1.315000000000000000e+03 3.860000000000000000e+03
1.424000000000000000e+03 3.872000000000000000e+03
1.285000000000000000e+03 3.903000000000000000e+03
1.255000000000000000e+03 3.914000000000000000e+03
1.360000000000000000e+03 3.905000000000000000e+03
1.335000000000000000e+03 3.893000000000000000e+03
1.205000000000000000e+03 3.915000000000000000e+03
1.113000000000000000e+03 3.859000000000000000e+03
1.345000000000000000e+03 3.929000000000000000e+03
1.360000000000000000e+03 3.929000000000000000e+03
6.440000000000000000e+02 3.374000000000000000e+03
1.067000000000000000e+03 3.904000000000000000e+03
9.670000000000000000e+02 3.670000000000000000e+03
1.089000000000000000e+03 3.917000000000000000e+03
6.620000000000000000e+02 3.847000000000000000e+03
7.740000000000000000e+02 3.888000000000000000e+03
7.710000000000000000e+02 3.357000000000000000e+03
6.260000000000000000e+02 3.881000000000000000e+03
4.110000000000000000e+02 3.411000000000000000e+03
6.360000000000000000e+02 3.951000000000000000e+03
6.360000000000000000e+02 3.941000000000000000e+03
2.600000000000000000e+02 3.253000000000000000e+03
2.350000000000000000e+02 3.220000000000000000e+03
3.130000000000000000e+02 3.235000000000000000e+03
3.010000000000000000e+02 3.239000000000000000e+03
7.500000000000000000e+01 3.314000000000000000e+03
1.830000000000000000e+02 3.260000000000000000e+03
2.260000000000000000e+02 3.177000000000000000e+03
3.010000000000000000e+02 3.200000000000000000e+03
6.480000000000000000e+02 3.787000000000000000e+03
1.200000000000000000e+02 3.264000000000000000e+03
4.700000000000000000e+02 1.965000000000000000e+03
4.590000000000000000e+02 2.435000000000000000e+03
5.030000000000000000e+02 3.724000000000000000e+03
4.350000000000000000e+02 3.712000000000000000e+03
7.150000000000000000e+02 3.840000000000000000e+03
5.880000000000000000e+02 3.449000000000000000e+03
2.210000000000000000e+02 3.419000000000000000e+03
2.280000000000000000e+02 3.385000000000000000e+03
1.300000000000000000e+02 3.361000000000000000e+03
1.930000000000000000e+02 3.308000000000000000e+03
1.430000000000000000e+02 3.339000000000000000e+03
4.800000000000000000e+01 3.431000000000000000e+03
1.940000000000000000e+02 3.357000000000000000e+03
1.330000000000000000e+02 3.369000000000000000e+03
1.399000000000000000e+03 3.918000000000000000e+03
1.455000000000000000e+03 3.239000000000000000e+03
1.340000000000000000e+03 3.966000000000000000e+03
1.295000000000000000e+03 3.897000000000000000e+03
1.138000000000000000e+03 3.961000000000000000e+03
1.177000000000000000e+03 3.970000000000000000e+03
1.264000000000000000e+03 3.963000000000000000e+03
1.224000000000000000e+03 3.963000000000000000e+03
9.360000000000000000e+02 3.957000000000000000e+03
8.020000000000000000e+02 3.786000000000000000e+03
8.830000000000000000e+02 3.858000000000000000e+03
9.230000000000000000e+02 3.954000000000000000e+03
1.083000000000000000e+03 3.971000000000000000e+03
1.087000000000000000e+03 3.958000000000000000e+03
7.690000000000000000e+02 3.448000000000000000e+03
1.017000000000000000e+03 3.956000000000000000e+03
9.000000000000000000e+01 3.528000000000000000e+03
1.100000000000000000e+02 3.491000000000000000e+03
1.260000000000000000e+02 3.443000000000000000e+03
9.100000000000000000e+01 3.470000000000000000e+03
1.900000000000000000e+02 3.500000000000000000e+03
1.620000000000000000e+02 3.511000000000000000e+03
1.980000000000000000e+02 3.466000000000000000e+03
1.800000000000000000e+02 3.462000000000000000e+03
1.110000000000000000e+02 2.843000000000000000e+03
5.100000000000000000e+01 2.744000000000000000e+03
3.200000000000000000e+02 2.755000000000000000e+03
4.100000000000000000e+01 2.641000000000000000e+03
2.650000000000000000e+02 3.234000000000000000e+03
3.300000000000000000e+01 3.442000000000000000e+03
3.360000000000000000e+02 3.185000000000000000e+03
4.100000000000000000e+01 3.359000000000000000e+03
1.759000000000000000e+03 3.943000000000000000e+03
2.224000000000000000e+03 3.873000000000000000e+03
2.218000000000000000e+03 3.904000000000000000e+03
2.088000000000000000e+03 3.886000000000000000e+03
2.104000000000000000e+03 3.895000000000000000e+03
2.151000000000000000e+03 3.900000000000000000e+03
2.138000000000000000e+03 3.894000000000000000e+03
1.941000000000000000e+03 3.843000000000000000e+03
1.884000000000000000e+03 3.812000000000000000e+03
1.931000000000000000e+03 3.907000000000000000e+03
2.209000000000000000e+03 3.803000000000000000e+03
1.761000000000000000e+03 3.837000000000000000e+03
1.800000000000000000e+03 3.877000000000000000e+03
1.803000000000000000e+03 3.799000000000000000e+03
1.840000000000000000e+03 3.828000000000000000e+03
2.147000000000000000e+03 3.905000000000000000e+03
2.261000000000000000e+03 3.949000000000000000e+03
2.429000000000000000e+03 3.614000000000000000e+03
2.285000000000000000e+03 3.874000000000000000e+03
2.329000000000000000e+03 3.777000000000000000e+03
1.799000000000000000e+03 3.980000000000000000e+03
2.106000000000000000e+03 3.966000000000000000e+03
2.042000000000000000e+03 3.972000000000000000e+03
1.938000000000000000e+03 3.940000000000000000e+03
1.896000000000000000e+03 3.946000000000000000e+03
1.930000000000000000e+03 3.904000000000000000e+03
1.984000000000000000e+03 3.930000000000000000e+03
1.802000000000000000e+03 3.902000000000000000e+03
1.853000000000000000e+03 3.889000000000000000e+03
1.820000000000000000e+03 3.929000000000000000e+03
1.756000000000000000e+03 3.886000000000000000e+03
2.228000000000000000e+03 3.780000000000000000e+03
2.420000000000000000e+03 3.509000000000000000e+03
2.180000000000000000e+03 3.764000000000000000e+03
2.035000000000000000e+03 3.794000000000000000e+03
2.038000000000000000e+03 3.802000000000000000e+03
1.996000000000000000e+03 3.867000000000000000e+03
1.999000000000000000e+03 3.893000000000000000e+03
2.213000000000000000e+03 3.831000000000000000e+03
2.173000000000000000e+03 3.849000000000000000e+03
2.194000000000000000e+03 3.795000000000000000e+03
2.128000000000000000e+03 3.799000000000000000e+03
2.153000000000000000e+03 3.853000000000000000e+03
2.072000000000000000e+03 3.923000000000000000e+03
2.076000000000000000e+03 3.804000000000000000e+03
2.070000000000000000e+03 3.863000000000000000e+03
2.392000000000000000e+03 3.825000000000000000e+03
2.403000000000000000e+03 3.863000000000000000e+03
2.349000000000000000e+03 3.801000000000000000e+03
2.743000000000000000e+03 3.561000000000000000e+03
2.406000000000000000e+03 3.903000000000000000e+03
2.414000000000000000e+03 3.943000000000000000e+03
2.408000000000000000e+03 3.955000000000000000e+03
2.450000000000000000e+03 3.952000000000000000e+03
2.314000000000000000e+03 3.862000000000000000e+03
2.348000000000000000e+03 3.820000000000000000e+03
2.378000000000000000e+03 3.887000000000000000e+03
2.355000000000000000e+03 3.863000000000000000e+03
2.210000000000000000e+03 3.955000000000000000e+03
2.336000000000000000e+03 3.933000000000000000e+03
2.392000000000000000e+03 3.942000000000000000e+03
2.380000000000000000e+03 3.971000000000000000e+03
3.786000000000000000e+03 2.684000000000000000e+03
3.760000000000000000e+03 2.591000000000000000e+03
3.846000000000000000e+03 2.449000000000000000e+03
3.710000000000000000e+03 2.582000000000000000e+03
3.867000000000000000e+03 2.403000000000000000e+03
3.873000000000000000e+03 2.364000000000000000e+03
3.834000000000000000e+03 2.311000000000000000e+03
3.920000000000000000e+03 2.541000000000000000e+03
3.717000000000000000e+03 2.741000000000000000e+03
3.620000000000000000e+03 2.834000000000000000e+03
3.602000000000000000e+03 2.828000000000000000e+03
3.692000000000000000e+03 2.777000000000000000e+03
3.697000000000000000e+03 2.733000000000000000e+03
3.682000000000000000e+03 2.695000000000000000e+03
3.625000000000000000e+03 2.755000000000000000e+03
3.800000000000000000e+03 2.392000000000000000e+03
3.850000000000000000e+03 2.305000000000000000e+03
3.945000000000000000e+03 2.353000000000000000e+03
3.865000000000000000e+03 2.307000000000000000e+03
3.765000000000000000e+03 2.377000000000000000e+03
3.792000000000000000e+03 2.308000000000000000e+03
3.422000000000000000e+03 2.928000000000000000e+03
3.836000000000000000e+03 2.151000000000000000e+03
3.576000000000000000e+03 2.963000000000000000e+03
3.424000000000000000e+03 3.048000000000000000e+03
3.535000000000000000e+03 2.791000000000000000e+03
3.515000000000000000e+03 2.778000000000000000e+03
3.697000000000000000e+03 2.537000000000000000e+03
3.671000000000000000e+03 2.565000000000000000e+03
3.721000000000000000e+03 2.586000000000000000e+03
3.630000000000000000e+03 2.625000000000000000e+03
3.527000000000000000e+03 2.893000000000000000e+03
2.954000000000000000e+03 2.353000000000000000e+03
3.583000000000000000e+03 2.978000000000000000e+03
3.532000000000000000e+03 3.002000000000000000e+03
3.232000000000000000e+03 2.486000000000000000e+03
3.604000000000000000e+03 2.996000000000000000e+03
2.489000000000000000e+03 3.072000000000000000e+03
3.529000000000000000e+03 3.004000000000000000e+03
2.349000000000000000e+03 3.184000000000000000e+03
3.036000000000000000e+03 3.357000000000000000e+03
2.422000000000000000e+03 3.088000000000000000e+03
2.557000000000000000e+03 3.128000000000000000e+03
2.305000000000000000e+03 3.139000000000000000e+03
2.562000000000000000e+03 3.361000000000000000e+03
2.304000000000000000e+03 3.733000000000000000e+03
2.285000000000000000e+03 3.422000000000000000e+03
2.271000000000000000e+03 3.540000000000000000e+03
2.233000000000000000e+03 3.722000000000000000e+03
2.240000000000000000e+03 3.590000000000000000e+03
2.172000000000000000e+03 3.716000000000000000e+03
2.190000000000000000e+03 3.660000000000000000e+03
2.177000000000000000e+03 3.714000000000000000e+03
2.238000000000000000e+03 3.658000000000000000e+03
2.274000000000000000e+03 3.661000000000000000e+03
3.260000000000000000e+03 3.128000000000000000e+03
3.246000000000000000e+03 3.197000000000000000e+03
2.321000000000000000e+03 3.604000000000000000e+03
2.330000000000000000e+03 3.518000000000000000e+03
2.361000000000000000e+03 3.716000000000000000e+03
2.347000000000000000e+03 3.724000000000000000e+03
2.250000000000000000e+03 3.757000000000000000e+03
2.289000000000000000e+03 3.758000000000000000e+03
3.825000000000000000e+03 2.128000000000000000e+03
3.810000000000000000e+03 2.036000000000000000e+03
3.852000000000000000e+03 2.040000000000000000e+03
3.761000000000000000e+03 2.104000000000000000e+03
3.767000000000000000e+03 2.261000000000000000e+03
3.320000000000000000e+03 2.853000000000000000e+03
3.505000000000000000e+03 2.779000000000000000e+03
3.884000000000000000e+03 2.182000000000000000e+03
3.843000000000000000e+03 2.243000000000000000e+03
3.715000000000000000e+03 2.371000000000000000e+03
3.721000000000000000e+03 2.283000000000000000e+03
3.910000000000000000e+03 2.049000000000000000e+03
3.768000000000000000e+03 2.163000000000000000e+03
3.693000000000000000e+03 2.145000000000000000e+03
3.677000000000000000e+03 2.197000000000000000e+03
3.891000000000000000e+03 2.769000000000000000e+03
3.863000000000000000e+03 2.781000000000000000e+03
3.951000000000000000e+03 2.742000000000000000e+03
3.640000000000000000e+03 2.705000000000000000e+03
3.826000000000000000e+03 2.699000000000000000e+03
3.833000000000000000e+03 2.625000000000000000e+03
3.934000000000000000e+03 2.588000000000000000e+03
3.876000000000000000e+03 2.682000000000000000e+03
3.823000000000000000e+03 2.794000000000000000e+03
3.811000000000000000e+03 2.716000000000000000e+03
3.789000000000000000e+03 2.767000000000000000e+03
3.833000000000000000e+03 2.800000000000000000e+03
3.730000000000000000e+03 2.602000000000000000e+03
3.767000000000000000e+03 2.505000000000000000e+03
3.762000000000000000e+03 2.430000000000000000e+03
3.862000000000000000e+03 2.532000000000000000e+03
2.715000000000000000e+03 2.860000000000000000e+03
2.238000000000000000e+03 3.543000000000000000e+03
2.208000000000000000e+03 3.658000000000000000e+03
2.208000000000000000e+03 3.544000000000000000e+03
2.097000000000000000e+03 3.685000000000000000e+03
2.012000000000000000e+03 3.718000000000000000e+03
2.039000000000000000e+03 3.703000000000000000e+03
1.976000000000000000e+03 3.769000000000000000e+03
1.979000000000000000e+03 3.651000000000000000e+03
1.987000000000000000e+03 3.660000000000000000e+03
1.978000000000000000e+03 3.854000000000000000e+03
2.017000000000000000e+03 3.595000000000000000e+03
1.998000000000000000e+03 3.613000000000000000e+03
2.066000000000000000e+03 3.591000000000000000e+03
2.039000000000000000e+03 3.642000000000000000e+03
2.143000000000000000e+03 3.659000000000000000e+03
2.133000000000000000e+03 3.682000000000000000e+03
3.659000000000000000e+03 2.110000000000000000e+03
2.225000000000000000e+03 3.389000000000000000e+03
3.701000000000000000e+03 2.030000000000000000e+03
3.784000000000000000e+03 2.007000000000000000e+03
3.670000000000000000e+03 2.067000000000000000e+03
3.675000000000000000e+03 2.050000000000000000e+03
2.059000000000000000e+03 3.641000000000000000e+03
2.086000000000000000e+03 3.584000000000000000e+03
2.118000000000000000e+03 3.571000000000000000e+03
2.127000000000000000e+03 3.534000000000000000e+03
2.190000000000000000e+03 3.504000000000000000e+03
2.214000000000000000e+03 3.510000000000000000e+03
2.144000000000000000e+03 3.556000000000000000e+03
2.152000000000000000e+03 3.459000000000000000e+03
3.751000000000000000e+03 2.881000000000000000e+03
3.691000000000000000e+03 2.889000000000000000e+03
3.758000000000000000e+03 2.891000000000000000e+03
3.779000000000000000e+03 2.837000000000000000e+03
3.746000000000000000e+03 2.785000000000000000e+03
3.770000000000000000e+03 2.869000000000000000e+03
3.686000000000000000e+03 2.844000000000000000e+03
3.793000000000000000e+03 2.936000000000000000e+03
3.777000000000000000e+03 2.993000000000000000e+03
3.697000000000000000e+03 2.956000000000000000e+03
3.741000000000000000e+03 2.956000000000000000e+03
3.850000000000000000e+03 2.873000000000000000e+03
3.978000000000000000e+03 2.804000000000000000e+03
3.839000000000000000e+03 2.925000000000000000e+03
3.861000000000000000e+03 2.970000000000000000e+03
3.945000000000000000e+03 2.676000000000000000e+03
3.921000000000000000e+03 2.721000000000000000e+03
3.968000000000000000e+03 2.747000000000000000e+03
3.959000000000000000e+03 2.660000000000000000e+03
3.892000000000000000e+03 2.880000000000000000e+03
3.895000000000000000e+03 2.761000000000000000e+03
3.910000000000000000e+03 3.006000000000000000e+03
3.927000000000000000e+03 3.017000000000000000e+03
3.957000000000000000e+03 2.841000000000000000e+03
3.966000000000000000e+03 2.895000000000000000e+03
3.981000000000000000e+03 2.939000000000000000e+03
3.948000000000000000e+03 2.873000000000000000e+03
3.916000000000000000e+03 2.885000000000000000e+03
3.917000000000000000e+03 2.806000000000000000e+03
3.933000000000000000e+03 2.970000000000000000e+03
3.932000000000000000e+03 2.887000000000000000e+03
3.975000000000000000e+03 2.447000000000000000e+03
3.949000000000000000e+03 2.466000000000000000e+03
3.973000000000000000e+03 2.443000000000000000e+03
3.939000000000000000e+03 2.401000000000000000e+03
3.967000000000000000e+03 2.252000000000000000e+03
3.966000000000000000e+03 2.304000000000000000e+03
3.925000000000000000e+03 2.150000000000000000e+03
3.940000000000000000e+03 2.170000000000000000e+03
3.807000000000000000e+03 2.223000000000000000e+03
3.773000000000000000e+03 2.196000000000000000e+03
3.819000000000000000e+03 2.173000000000000000e+03
3.748000000000000000e+03 2.129000000000000000e+03
3.852000000000000000e+03 2.282000000000000000e+03
3.924000000000000000e+03 2.436000000000000000e+03
3.900000000000000000e+03 2.250000000000000000e+03
3.871000000000000000e+03 2.269000000000000000e+03
3.861000000000000000e+03 1.924000000000000000e+03
3.856000000000000000e+03 1.892000000000000000e+03
3.745000000000000000e+03 1.944000000000000000e+03
3.740000000000000000e+03 1.911000000000000000e+03
3.878000000000000000e+03 2.039000000000000000e+03
3.907000000000000000e+03 2.042000000000000000e+03
3.731000000000000000e+03 2.019000000000000000e+03
3.727000000000000000e+03 2.036000000000000000e+03
3.949000000000000000e+03 2.061000000000000000e+03
3.929000000000000000e+03 1.992000000000000000e+03
3.790000000000000000e+03 1.972000000000000000e+03
3.829000000000000000e+03 1.951000000000000000e+03
3.882000000000000000e+03 1.996000000000000000e+03
3.791000000000000000e+03 2.062000000000000000e+03
3.847000000000000000e+03 2.188000000000000000e+03
3.950000000000000000e+03 2.277000000000000000e+03
1.955000000000000000e+03 1.220000000000000000e+03
2.474000000000000000e+03 3.020000000000000000e+03
2.720000000000000000e+02 1.430000000000000000e+03
2.520000000000000000e+02 1.500000000000000000e+02
3.980000000000000000e+02 2.710000000000000000e+03
2.082000000000000000e+03 2.110000000000000000e+03
