3.420000000000000000e+03 1.337000000000000000e+03
3.956000000000000000e+03 1.314000000000000000e+03
3.973000000000000000e+03 1.251000000000000000e+03
3.973000000000000000e+03 1.481000000000000000e+03
3.976000000000000000e+03 1.438000000000000000e+03
3.479000000000000000e+03 1.532000000000000000e+03
3.953000000000000000e+03 1.616000000000000000e+03
3.900000000000000000e+03 1.404000000000000000e+03
3.817000000000000000e+03 1.404000000000000000e+03
3.908000000000000000e+03 1.479000000000000000e+03
3.897000000000000000e+03 1.437000000000000000e+03
3.907000000000000000e+03 1.550000000000000000e+03
3.957000000000000000e+03 1.476000000000000000e+03
3.969000000000000000e+03 1.376000000000000000e+03
3.943000000000000000e+03 1.361000000000000000e+03
3.895000000000000000e+03 1.713000000000000000e+03
3.919000000000000000e+03 1.778000000000000000e+03
3.901000000000000000e+03 1.600000000000000000e+03
3.916000000000000000e+03 1.661000000000000000e+03
3.937000000000000000e+03 1.669000000000000000e+03
3.964000000000000000e+03 1.688000000000000000e+03
3.945000000000000000e+03 1.743000000000000000e+03
3.974000000000000000e+03 1.864000000000000000e+03
9.520000000000000000e+02 1.361000000000000000e+03
3.040000000000000000e+02 1.065000000000000000e+03
3.304000000000000000e+03 1.670000000000000000e+03
3.037000000000000000e+03 1.735000000000000000e+03
3.953000000000000000e+03 1.945000000000000000e+03
3.963000000000000000e+03 2.122000000000000000e+03
3.932000000000000000e+03 1.864000000000000000e+03
3.913000000000000000e+03 1.815000000000000000e+03
6.300000000000000000e+01 1.118000000000000000e+03
3.600000000000000000e+01 1.013000000000000000e+03
4.300000000000000000e+01 1.078000000000000000e+03
1.980000000000000000e+02 9.700000000000000000e+02
1.240000000000000000e+02 9.640000000000000000e+02
5.300000000000000000e+01 9.320000000000000000e+02
4.100000000000000000e+01 9.400000000000000000e+02
1.680000000000000000e+02 1.007000000000000000e+03
2.060000000000000000e+02 1.034000000000000000e+03
1.820000000000000000e+02 1.106000000000000000e+03
8.900000000000000000e+01 1.248000000000000000e+03
6.500000000000000000e+01 1.360000000000000000e+03
1.220000000000000000e+02 1.095000000000000000e+03
1.370000000000000000e+02 1.054000000000000000e+03
1.400000000000000000e+02 1.163000000000000000e+03
3.150000000000000000e+02 9.650000000000000000e+02
2.350000000000000000e+02 9.500000000000000000e+02
2.520000000000000000e+02 8.740000000000000000e+02
7.600000000000000000e+01 8.700000000000000000e+02
2.270000000000000000e+02 1.084000000000000000e+03
6.600000000000000000e+01 1.253000000000000000e+03
2.680000000000000000e+02 9.810000000000000000e+02
2.930000000000000000e+02 1.048000000000000000e+03
2.770000000000000000e+02 9.580000000000000000e+02
2.480000000000000000e+02 9.270000000000000000e+02
9.400000000000000000e+01 1.006000000000000000e+03
1.200000000000000000e+02 9.610000000000000000e+02
3.450000000000000000e+02 1.035000000000000000e+03
3.440000000000000000e+02 1.069000000000000000e+03
4.070000000000000000e+02 1.049000000000000000e+03
3.630000000000000000e+02 1.028000000000000000e+03
3.949000000000000000e+03 1.045000000000000000e+03
3.966000000000000000e+03 1.015000000000000000e+03
3.944000000000000000e+03 9.870000000000000000e+02
3.945000000000000000e+03 9.140000000000000000e+02
3.920000000000000000e+03 9.040000000000000000e+02
3.936000000000000000e+03 9.730000000000000000e+02
3.937000000000000000e+03 9.750000000000000000e+02
3.912000000000000000e+03 1.090000000000000000e+03
3.881000000000000000e+03 1.060000000000000000e+03
3.930000000000000000e+03 1.101000000000000000e+03
3.912000000000000000e+03 1.102000000000000000e+03
3.747000000000000000e+03 1.085000000000000000e+03
3.948000000000000000e+03 1.129000000000000000e+03
3.812000000000000000e+03 1.086000000000000000e+03
3.808000000000000000e+03 1.069000000000000000e+03
3.841000000000000000e+03 9.690000000000000000e+02
3.856000000000000000e+03 9.910000000000000000e+02
3.703000000000000000e+03 1.044000000000000000e+03
2.954000000000000000e+03 1.106000000000000000e+03
3.764000000000000000e+03 9.850000000000000000e+02
3.798000000000000000e+03 9.760000000000000000e+02
3.142000000000000000e+03 1.007000000000000000e+03
3.338000000000000000e+03 1.208000000000000000e+03
3.794000000000000000e+03 1.071000000000000000e+03
3.696000000000000000e+03 1.037000000000000000e+03
3.690000000000000000e+03 1.074000000000000000e+03
3.618000000000000000e+03 1.048000000000000000e+03
3.682000000000000000e+03 9.890000000000000000e+02
3.619000000000000000e+03 9.850000000000000000e+02
3.615000000000000000e+03 1.035000000000000000e+03
3.656000000000000000e+03 9.970000000000000000e+02
3.710000000000000000e+03 7.800000000000000000e+01
3.786000000000000000e+03 6.200000000000000000e+01
3.598000000000000000e+03 4.800000000000000000e+01
3.631000000000000000e+03 6.200000000000000000e+01
3.840000000000000000e+03 1.390000000000000000e+02
3.944000000000000000e+03 3.290000000000000000e+02
3.792000000000000000e+03 7.800000000000000000e+01
3.841000000000000000e+03 1.980000000000000000e+02
3.447000000000000000e+03 1.500000000000000000e+01
3.565000000000000000e+03 1.040000000000000000e+02
3.416000000000000000e+03 3.200000000000000000e+01
3.387000000000000000e+03 3.000000000000000000e+01
3.682000000000000000e+03 1.000000000000000000e+01
3.774000000000000000e+03 3.800000000000000000e+01
3.658000000000000000e+03 3.700000000000000000e+01
3.694000000000000000e+03 2.600000000000000000e+01
3.910000000000000000e+03 7.100000000000000000e+01
3.954000000000000000e+03 1.330000000000000000e+02
3.877000000000000000e+03 4.200000000000000000e+01
3.913000000000000000e+03 1.030000000000000000e+02
3.964000000000000000e+03 4.260000000000000000e+02
3.955000000000000000e+03 3.780000000000000000e+02
3.879000000000000000e+03 2.100000000000000000e+02
3.901000000000000000e+03 2.300000000000000000e+02
3.958000000000000000e+03 4.000000000000000000e+02
3.947000000000000000e+03 1.570000000000000000e+02
3.895000000000000000e+03 1.620000000000000000e+02
3.846000000000000000e+03 1.330000000000000000e+02
3.966000000000000000e+03 5.180000000000000000e+02
3.968000000000000000e+03 5.880000000000000000e+02
3.715000000000000000e+03 1.020000000000000000e+02
3.918000000000000000e+03 2.100000000000000000e+02
8.990000000000000000e+02 4.800000000000000000e+01
7.950000000000000000e+02 1.170000000000000000e+02
9.870000000000000000e+02 4.300000000000000000e+01
7.120000000000000000e+02 9.400000000000000000e+01
7.970000000000000000e+02 8.400000000000000000e+01
8.640000000000000000e+02 3.600000000000000000e+01
7.470000000000000000e+02 1.390000000000000000e+02
6.040000000000000000e+02 3.600000000000000000e+01
6.940000000000000000e+02 1.400000000000000000e+01
6.550000000000000000e+02 3.100000000000000000e+01
5.890000000000000000e+02 1.210000000000000000e+02
7.420000000000000000e+02 4.200000000000000000e+01
3.951000000000000000e+03 7.620000000000000000e+02
7.110000000000000000e+02 3.300000000000000000e+01
6.870000000000000000e+02 4.100000000000000000e+01
9.240000000000000000e+02 1.001000000000000000e+03
9.710000000000000000e+02 1.015000000000000000e+03
9.670000000000000000e+02 3.300000000000000000e+02
1.020000000000000000e+03 1.500000000000000000e+01
9.140000000000000000e+02 3.260000000000000000e+02
1.101000000000000000e+03 6.270000000000000000e+02
1.119000000000000000e+03 2.270000000000000000e+02
3.280000000000000000e+03 6.620000000000000000e+02
8.770000000000000000e+02 1.074000000000000000e+03
8.340000000000000000e+02 1.064000000000000000e+03
9.200000000000000000e+02 1.089000000000000000e+03
8.430000000000000000e+02 1.118000000000000000e+03
8.240000000000000000e+02 9.970000000000000000e+02
8.560000000000000000e+02 9.850000000000000000e+02
8.600000000000000000e+02 1.033000000000000000e+03
7.980000000000000000e+02 1.069000000000000000e+03
3.893000000000000000e+03 8.800000000000000000e+02
3.826000000000000000e+03 5.620000000000000000e+02
3.867000000000000000e+03 8.570000000000000000e+02
3.884000000000000000e+03 8.270000000000000000e+02
3.845000000000000000e+03 7.340000000000000000e+02
3.852000000000000000e+03 8.610000000000000000e+02
3.842000000000000000e+03 8.150000000000000000e+02
3.973000000000000000e+03 6.180000000000000000e+02
3.908000000000000000e+03 4.820000000000000000e+02
3.890000000000000000e+03 4.040000000000000000e+02
3.936000000000000000e+03 5.390000000000000000e+02
3.840000000000000000e+03 5.060000000000000000e+02
3.830000000000000000e+03 4.750000000000000000e+02
3.840000000000000000e+03 3.340000000000000000e+02
3.830000000000000000e+03 4.080000000000000000e+02
3.941000000000000000e+03 8.510000000000000000e+02
3.946000000000000000e+03 8.540000000000000000e+02
3.880000000000000000e+03 7.540000000000000000e+02
3.860000000000000000e+03 7.250000000000000000e+02
3.950000000000000000e+03 6.930000000000000000e+02
3.982000000000000000e+03 7.160000000000000000e+02
3.945000000000000000e+03 7.090000000000000000e+02
3.931000000000000000e+03 7.420000000000000000e+02
3.840000000000000000e+03 6.230000000000000000e+02
3.862000000000000000e+03 6.090000000000000000e+02
3.870000000000000000e+03 6.740000000000000000e+02
3.910000000000000000e+03 6.530000000000000000e+02
3.823000000000000000e+03 5.950000000000000000e+02
3.859000000000000000e+03 5.450000000000000000e+02
3.907000000000000000e+03 5.740000000000000000e+02
3.898000000000000000e+03 5.330000000000000000e+02
1.485000000000000000e+03 5.700000000000000000e+01
3.024000000000000000e+03 4.000000000000000000e+01
3.215000000000000000e+03 5.300000000000000000e+01
2.493000000000000000e+03 1.760000000000000000e+02
3.246000000000000000e+03 2.010000000000000000e+02
3.044000000000000000e+03 4.100000000000000000e+01
3.140000000000000000e+03 3.100000000000000000e+01
3.055000000000000000e+03 5.100000000000000000e+01
2.973000000000000000e+03 7.100000000000000000e+01
3.161000000000000000e+03 1.300000000000000000e+01
2.984000000000000000e+03 1.000000000000000000e+01
2.902000000000000000e+03 3.900000000000000000e+01
2.912000000000000000e+03 6.800000000000000000e+01
2.848000000000000000e+03 3.700000000000000000e+01
2.894000000000000000e+03 3.300000000000000000e+01
1.130000000000000000e+02 2.500000000000000000e+01
8.000000000000000000e+01 7.400000000000000000e+01
1.520000000000000000e+02 1.000000000000000000e+02
1.360000000000000000e+02 1.120000000000000000e+02
3.760000000000000000e+02 2.300000000000000000e+01
2.810000000000000000e+02 2.800000000000000000e+01
2.250000000000000000e+02 4.000000000000000000e+01
2.420000000000000000e+02 1.200000000000000000e+01
2.280000000000000000e+02 3.030000000000000000e+02
2.750000000000000000e+02 1.260000000000000000e+02
2.170000000000000000e+02 1.830000000000000000e+02
2.230000000000000000e+02 1.740000000000000000e+02
2.290000000000000000e+02 5.700000000000000000e+01
4.960000000000000000e+02 5.200000000000000000e+01
2.090000000000000000e+02 1.100000000000000000e+02
2.450000000000000000e+02 1.160000000000000000e+02
3.453000000000000000e+03 5.000000000000000000e+01
3.494000000000000000e+03 3.500000000000000000e+01
1.240000000000000000e+02 5.620000000000000000e+02
3.300000000000000000e+01 6.790000000000000000e+02
3.137000000000000000e+03 3.500000000000000000e+01
3.208000000000000000e+03 2.190000000000000000e+02
3.373000000000000000e+03 2.610000000000000000e+02
3.357000000000000000e+03 5.100000000000000000e+01
1.002000000000000000e+03 5.140000000000000000e+02
9.710000000000000000e+02 9.990000000000000000e+02
1.871000000000000000e+03 3.190000000000000000e+02
3.260000000000000000e+03 9.250000000000000000e+02
1.098000000000000000e+03 9.590000000000000000e+02
1.111000000000000000e+03 1.024000000000000000e+03
1.068000000000000000e+03 9.850000000000000000e+02
9.550000000000000000e+02 9.700000000000000000e+02
2.182000000000000000e+03 5.040000000000000000e+02
1.730000000000000000e+03 3.920000000000000000e+02
2.735000000000000000e+03 1.920000000000000000e+02
2.279000000000000000e+03 3.290000000000000000e+02
1.390000000000000000e+02 4.940000000000000000e+02
1.052000000000000000e+03 6.100000000000000000e+02
2.317000000000000000e+03 7.800000000000000000e+01
2.952000000000000000e+03 5.730000000000000000e+02
2.670000000000000000e+02 3.060000000000000000e+02
3.400000000000000000e+01 6.390000000000000000e+02
2.396000000000000000e+03 2.910000000000000000e+02
2.946000000000000000e+03 3.100000000000000000e+01
2.930000000000000000e+02 1.380000000000000000e+02
4.530000000000000000e+02 8.700000000000000000e+01
5.420000000000000000e+02 4.300000000000000000e+01
4.040000000000000000e+02 6.100000000000000000e+01
3.827000000000000000e+03 1.262000000000000000e+03
3.723000000000000000e+03 1.246000000000000000e+03
3.720000000000000000e+03 1.238000000000000000e+03
3.943000000000000000e+03 1.211000000000000000e+03
3.909000000000000000e+03 1.266000000000000000e+03
3.869000000000000000e+03 1.240000000000000000e+03
3.890000000000000000e+03 1.253000000000000000e+03
3.540000000000000000e+03 1.293000000000000000e+03
3.584000000000000000e+03 1.310000000000000000e+03
3.660000000000000000e+03 1.307000000000000000e+03
3.638000000000000000e+03 1.299000000000000000e+03
3.578000000000000000e+03 1.229000000000000000e+03
3.815000000000000000e+03 1.190000000000000000e+03
3.623000000000000000e+03 1.221000000000000000e+03
3.560000000000000000e+03 9.120000000000000000e+02
3.572000000000000000e+03 1.086000000000000000e+03
3.747000000000000000e+03 1.167000000000000000e+03
3.518000000000000000e+03 1.078000000000000000e+03
3.492000000000000000e+03 1.107000000000000000e+03
3.900000000000000000e+03 1.195000000000000000e+03
3.528000000000000000e+03 1.150000000000000000e+03
3.595000000000000000e+03 1.139000000000000000e+03
3.821000000000000000e+03 1.184000000000000000e+03
3.734000000000000000e+03 1.174000000000000000e+03
3.529000000000000000e+03 1.228000000000000000e+03
3.684000000000000000e+03 7.990000000000000000e+02
3.506000000000000000e+03 1.193000000000000000e+03
3.463000000000000000e+03 1.231000000000000000e+03
3.489000000000000000e+03 1.263000000000000000e+03
3.453000000000000000e+03 1.168000000000000000e+03
3.755000000000000000e+03 1.199000000000000000e+03
3.473000000000000000e+03 1.002000000000000000e+03
3.557000000000000000e+03 1.033000000000000000e+03
3.733000000000000000e+03 1.145000000000000000e+03
3.658000000000000000e+03 1.179000000000000000e+03
3.713000000000000000e+03 1.174000000000000000e+03
3.668000000000000000e+03 1.120000000000000000e+03
3.711000000000000000e+03 1.124000000000000000e+03
3.834000000000000000e+03 1.430000000000000000e+03
3.826000000000000000e+03 1.427000000000000000e+03
3.869000000000000000e+03 1.361000000000000000e+03
3.845000000000000000e+03 1.400000000000000000e+03
3.834000000000000000e+03 1.299000000000000000e+03
3.391000000000000000e+03 1.273000000000000000e+03
3.819000000000000000e+03 1.317000000000000000e+03
3.822000000000000000e+03 1.303000000000000000e+03
3.985000000000000000e+03 1.754000000000000000e+03
3.847000000000000000e+03 1.688000000000000000e+03
2.183000000000000000e+03 2.055000000000000000e+03
3.936000000000000000e+03 1.702000000000000000e+03
3.736000000000000000e+03 1.619000000000000000e+03
3.885000000000000000e+03 1.602000000000000000e+03
3.744000000000000000e+03 1.323000000000000000e+03
3.805000000000000000e+03 1.623000000000000000e+03
3.474000000000000000e+03 1.732000000000000000e+03
3.207000000000000000e+03 1.632000000000000000e+03
3.209000000000000000e+03 1.417000000000000000e+03
2.758000000000000000e+03 1.993000000000000000e+03
2.361000000000000000e+03 1.838000000000000000e+03
2.449000000000000000e+03 1.943000000000000000e+03
2.210000000000000000e+03 2.027000000000000000e+03
2.201000000000000000e+03 2.001000000000000000e+03
1.946000000000000000e+03 1.294000000000000000e+03
2.080000000000000000e+03 1.340000000000000000e+03
2.144000000000000000e+03 1.333000000000000000e+03
1.940000000000000000e+03 1.410000000000000000e+03
2.156000000000000000e+03 1.721000000000000000e+03
1.578000000000000000e+03 8.930000000000000000e+02
1.272000000000000000e+03 1.652000000000000000e+03
1.225000000000000000e+03 1.308000000000000000e+03
1.193000000000000000e+03 1.313000000000000000e+03
1.003000000000000000e+03 1.351000000000000000e+03
1.018000000000000000e+03 1.386000000000000000e+03
1.835000000000000000e+03 1.819000000000000000e+03
1.770000000000000000e+03 1.610000000000000000e+03
2.051000000000000000e+03 2.056000000000000000e+03
2.229000000000000000e+03 1.857000000000000000e+03
3.853000000000000000e+03 1.594000000000000000e+03
3.802000000000000000e+03 1.609000000000000000e+03
3.346000000000000000e+03 1.426000000000000000e+03
2.154000000000000000e+03 1.357000000000000000e+03
1.452000000000000000e+03 1.302000000000000000e+03
3.503000000000000000e+03 1.326000000000000000e+03
3.848000000000000000e+03 1.574000000000000000e+03
3.864000000000000000e+03 1.504000000000000000e+03
3.872000000000000000e+03 1.590000000000000000e+03
3.863000000000000000e+03 1.622000000000000000e+03
6.740000000000000000e+02 1.220000000000000000e+03
2.473000000000000000e+03 1.446000000000000000e+03
6.530000000000000000e+02 1.277000000000000000e+03
4.760000000000000000e+02 1.269000000000000000e+03
4.590000000000000000e+02 1.312000000000000000e+03
4.240000000000000000e+02 1.296000000000000000e+03
7.260000000000000000e+02 1.301000000000000000e+03
6.270000000000000000e+02 1.308000000000000000e+03
1.685000000000000000e+03 1.260000000000000000e+03
3.401000000000000000e+03 1.245000000000000000e+03
5.980000000000000000e+02 1.293000000000000000e+03
5.950000000000000000e+02 1.307000000000000000e+03
1.029000000000000000e+03 1.239000000000000000e+03
2.324000000000000000e+03 1.211000000000000000e+03
3.890000000000000000e+02 1.270000000000000000e+03
5.050000000000000000e+02 1.285000000000000000e+03
3.700000000000000000e+02 1.276000000000000000e+03
3.840000000000000000e+02 1.254000000000000000e+03
6.190000000000000000e+02 1.189000000000000000e+03
6.030000000000000000e+02 1.228000000000000000e+03
7.060000000000000000e+02 1.213000000000000000e+03
2.088000000000000000e+03 1.157000000000000000e+03
4.590000000000000000e+02 1.136000000000000000e+03
4.090000000000000000e+02 1.155000000000000000e+03
4.150000000000000000e+02 1.197000000000000000e+03
5.010000000000000000e+02 1.159000000000000000e+03
2.720000000000000000e+02 1.124000000000000000e+03
4.500000000000000000e+02 1.100000000000000000e+03
4.760000000000000000e+02 1.170000000000000000e+03
4.520000000000000000e+02 1.100000000000000000e+03
4.880000000000000000e+02 1.198000000000000000e+03
7.830000000000000000e+02 7.890000000000000000e+02
4.420000000000000000e+02 1.128000000000000000e+03
3.720000000000000000e+02 1.136000000000000000e+03
3.000000000000000000e+02 1.191000000000000000e+03
2.840000000000000000e+02 1.195000000000000000e+03
3.040000000000000000e+02 1.218000000000000000e+03
2.840000000000000000e+02 1.217000000000000000e+03
1.110000000000000000e+02 1.686000000000000000e+03
1.210000000000000000e+02 1.649000000000000000e+03
4.500000000000000000e+01 1.930000000000000000e+03
5.190000000000000000e+02 1.518000000000000000e+03
1.820000000000000000e+02 1.593000000000000000e+03
6.260000000000000000e+02 1.493000000000000000e+03
1.480000000000000000e+02 1.551000000000000000e+03
5.060000000000000000e+02 1.549000000000000000e+03
5.520000000000000000e+02 1.484000000000000000e+03
5.620000000000000000e+02 1.478000000000000000e+03
5.980000000000000000e+02 1.483000000000000000e+03
5.940000000000000000e+02 1.413000000000000000e+03
5.850000000000000000e+02 1.401000000000000000e+03
5.860000000000000000e+02 1.420000000000000000e+03
6.500000000000000000e+02 1.499000000000000000e+03
2.580000000000000000e+02 1.634000000000000000e+03
4.010000000000000000e+02 1.455000000000000000e+03
3.330000000000000000e+02 1.559000000000000000e+03
4.910000000000000000e+02 1.474000000000000000e+03
4.290000000000000000e+02 1.396000000000000000e+03
5.110000000000000000e+02 1.402000000000000000e+03
4.490000000000000000e+02 1.414000000000000000e+03
5.480000000000000000e+02 1.351000000000000000e+03
2.430000000000000000e+02 1.343000000000000000e+03
2.480000000000000000e+02 1.319000000000000000e+03
2.640000000000000000e+02 1.258000000000000000e+03
2.740000000000000000e+02 1.276000000000000000e+03
5.100000000000000000e+02 1.354000000000000000e+03
3.810000000000000000e+02 1.353000000000000000e+03
3.480000000000000000e+02 1.377000000000000000e+03
2.520000000000000000e+02 1.426000000000000000e+03
2.000000000000000000e+03 1.511000000000000000e+03
1.716000000000000000e+03 1.290000000000000000e+03
1.471000000000000000e+03 1.352000000000000000e+03
2.670000000000000000e+02 1.420000000000000000e+03
2.620000000000000000e+02 1.404000000000000000e+03
2.820000000000000000e+02 1.363000000000000000e+03
2.150000000000000000e+02 1.398000000000000000e+03
1.596000000000000000e+03 7.500000000000000000e+01
1.860000000000000000e+03 2.470000000000000000e+02
1.069000000000000000e+03 9.200000000000000000e+02
1.847000000000000000e+03 2.600000000000000000e+02
2.280000000000000000e+02 1.491000000000000000e+03
2.400000000000000000e+02 1.466000000000000000e+03
2.200000000000000000e+02 1.529000000000000000e+03
2.080000000000000000e+02 1.533000000000000000e+03
1.644000000000000000e+03 1.700000000000000000e+01
1.730000000000000000e+03 2.300000000000000000e+01
1.751000000000000000e+03 7.000000000000000000e+00
1.831000000000000000e+03 2.300000000000000000e+01
1.935000000000000000e+03 1.700000000000000000e+01
1.964000000000000000e+03 3.000000000000000000e+01
1.828000000000000000e+03 1.000000000000000000e+01
1.860000000000000000e+03 7.000000000000000000e+00
1.788000000000000000e+03 5.000000000000000000e+01
1.835000000000000000e+03 4.600000000000000000e+01
1.891000000000000000e+03 4.700000000000000000e+01
1.845000000000000000e+03 8.400000000000000000e+01
1.667000000000000000e+03 6.300000000000000000e+01
1.694000000000000000e+03 6.000000000000000000e+01
1.737000000000000000e+03 8.300000000000000000e+01
1.612000000000000000e+03 7.800000000000000000e+01
1.604000000000000000e+03 1.489000000000000000e+03
1.394000000000000000e+03 2.360000000000000000e+02
2.039000000000000000e+03 1.065000000000000000e+03
1.102000000000000000e+03 1.360000000000000000e+02
1.091000000000000000e+03 3.700000000000000000e+01
1.158000000000000000e+03 4.400000000000000000e+01
1.465000000000000000e+03 4.590000000000000000e+02
3.200000000000000000e+01 1.139000000000000000e+03
3.500000000000000000e+01 1.105000000000000000e+03
8.400000000000000000e+01 1.172000000000000000e+03
1.020000000000000000e+02 1.161000000000000000e+03
1.120000000000000000e+02 1.150000000000000000e+03
6.650000000000000000e+02 1.134000000000000000e+03
1.750000000000000000e+02 1.204000000000000000e+03
1.790000000000000000e+02 1.179000000000000000e+03
1.426000000000000000e+03 5.300000000000000000e+01
1.314000000000000000e+03 6.800000000000000000e+01
1.555000000000000000e+03 5.400000000000000000e+01
1.455000000000000000e+03 5.300000000000000000e+01
1.392000000000000000e+03 1.700000000000000000e+01
1.474000000000000000e+03 1.400000000000000000e+01
1.577000000000000000e+03 1.170000000000000000e+02
1.550000000000000000e+03 1.000000000000000000e+01
1.318000000000000000e+03 6.900000000000000000e+01
1.209000000000000000e+03 2.800000000000000000e+01
1.286000000000000000e+03 4.100000000000000000e+01
1.310000000000000000e+03 3.100000000000000000e+01
1.280000000000000000e+03 4.900000000000000000e+01
1.214000000000000000e+03 2.030000000000000000e+02
1.442000000000000000e+03 8.300000000000000000e+01
1.272000000000000000e+03 1.040000000000000000e+02
8.200000000000000000e+01 6.990000000000000000e+02
5.240000000000000000e+02 8.470000000000000000e+02
6.700000000000000000e+01 7.590000000000000000e+02
3.600000000000000000e+01 7.540000000000000000e+02
1.100000000000000000e+02 7.500000000000000000e+02
9.600000000000000000e+01 7.290000000000000000e+02
2.000000000000000000e+02 7.570000000000000000e+02
7.970000000000000000e+02 5.460000000000000000e+02
2.240000000000000000e+02 7.620000000000000000e+02
2.170000000000000000e+02 7.970000000000000000e+02
2.060000000000000000e+02 8.140000000000000000e+02
1.850000000000000000e+02 8.970000000000000000e+02
7.900000000000000000e+01 8.120000000000000000e+02
1.490000000000000000e+02 7.600000000000000000e+02
1.810000000000000000e+02 7.430000000000000000e+02
1.800000000000000000e+02 7.530000000000000000e+02
1.630000000000000000e+02 8.850000000000000000e+02
1.100000000000000000e+01 1.291000000000000000e+03
1.270000000000000000e+02 8.750000000000000000e+02
1.040000000000000000e+02 8.580000000000000000e+02
1.910000000000000000e+02 8.470000000000000000e+02
1.900000000000000000e+02 8.940000000000000000e+02
1.040000000000000000e+02 9.070000000000000000e+02
2.500000000000000000e+01 8.900000000000000000e+02
1.350000000000000000e+02 1.275000000000000000e+03
1.140000000000000000e+02 1.281000000000000000e+03
7.300000000000000000e+01 1.243000000000000000e+03
5.300000000000000000e+01 1.156000000000000000e+03
1.570000000000000000e+02 1.223000000000000000e+03
2.750000000000000000e+02 1.264000000000000000e+03
1.820000000000000000e+02 1.268000000000000000e+03
1.830000000000000000e+02 1.261000000000000000e+03
8.100000000000000000e+01 1.760000000000000000e+03
2.600000000000000000e+01 1.354000000000000000e+03
5.800000000000000000e+01 1.349000000000000000e+03
5.600000000000000000e+01 1.413000000000000000e+03
6.700000000000000000e+01 1.452000000000000000e+03
8.300000000000000000e+01 1.528000000000000000e+03
5.700000000000000000e+01 1.478000000000000000e+03
1.680000000000000000e+02 1.424000000000000000e+03
1.650000000000000000e+02 1.462000000000000000e+03
8.300000000000000000e+01 1.581000000000000000e+03
1.700000000000000000e+01 1.717000000000000000e+03
2.700000000000000000e+01 1.783000000000000000e+03
1.580000000000000000e+02 1.388000000000000000e+03
8.100000000000000000e+01 1.539000000000000000e+03
1.140000000000000000e+02 1.437000000000000000e+03
1.120000000000000000e+02 1.583000000000000000e+03
6.150000000000000000e+02 2.259000000000000000e+03
1.130000000000000000e+02 1.578000000000000000e+03
9.800000000000000000e+01 1.567000000000000000e+03
1.150000000000000000e+02 1.652000000000000000e+03
1.040000000000000000e+02 1.660000000000000000e+03
1.020000000000000000e+02 1.724000000000000000e+03
1.160000000000000000e+02 1.743000000000000000e+03
5.400000000000000000e+01 1.762000000000000000e+03
3.700000000000000000e+01 1.741000000000000000e+03
8.800000000000000000e+01 1.848000000000000000e+03
6.500000000000000000e+01 1.801000000000000000e+03
3.500000000000000000e+01 1.555000000000000000e+03
4.700000000000000000e+01 1.524000000000000000e+03
1.900000000000000000e+01 1.622000000000000000e+03
2.300000000000000000e+01 1.702000000000000000e+03
8.200000000000000000e+01 2.857000000000000000e+03
2.060000000000000000e+02 2.853000000000000000e+03
1.910000000000000000e+02 2.812000000000000000e+03
1.750000000000000000e+02 2.888000000000000000e+03
1.600000000000000000e+02 2.917000000000000000e+03
8.500000000000000000e+01 2.885000000000000000e+03
1.520000000000000000e+02 2.948000000000000000e+03
7.100000000000000000e+01 2.992000000000000000e+03
5.000000000000000000e+01 2.959000000000000000e+03
7.000000000000000000e+01 2.872000000000000000e+03
7.300000000000000000e+01 2.912000000000000000e+03
1.470000000000000000e+02 2.563000000000000000e+03
1.110000000000000000e+02 2.575000000000000000e+03
8.700000000000000000e+01 2.637000000000000000e+03
9.100000000000000000e+01 2.816000000000000000e+03
1.350000000000000000e+02 2.698000000000000000e+03
1.140000000000000000e+02 2.716000000000000000e+03
1.440000000000000000e+02 2.795000000000000000e+03
1.350000000000000000e+02 2.754000000000000000e+03
7.300000000000000000e+01 2.734000000000000000e+03
9.200000000000000000e+01 2.690000000000000000e+03
3.200000000000000000e+01 2.759000000000000000e+03
2.600000000000000000e+01 2.626000000000000000e+03
3.100000000000000000e+01 2.732000000000000000e+03
6.200000000000000000e+01 2.437000000000000000e+03
6.600000000000000000e+01 2.536000000000000000e+03
5.400000000000000000e+01 2.464000000000000000e+03
2.300000000000000000e+01 2.379000000000000000e+03
2.400000000000000000e+01 2.476000000000000000e+03
6.400000000000000000e+01 2.437000000000000000e+03
4.700000000000000000e+01 2.381000000000000000e+03
4.570000000000000000e+02 2.646000000000000000e+03
2.600000000000000000e+01 2.747000000000000000e+03
1.600000000000000000e+01 2.787000000000000000e+03
3.600000000000000000e+01 2.821000000000000000e+03
3.700000000000000000e+01 2.847000000000000000e+03
3.000000000000000000e+01 3.045000000000000000e+03
2.900000000000000000e+01 2.962000000000000000e+03
6.600000000000000000e+01 2.017000000000000000e+03
7.900000000000000000e+01 1.947000000000000000e+03
1.010000000000000000e+02 2.107000000000000000e+03
8.000000000000000000e+01 2.060000000000000000e+03
2.700000000000000000e+01 2.209000000000000000e+03
2.700000000000000000e+01 2.171000000000000000e+03
2.430000000000000000e+02 2.406000000000000000e+03
4.400000000000000000e+01 2.241000000000000000e+03
2.900000000000000000e+01 3.366000000000000000e+03
3.000000000000000000e+01 3.300000000000000000e+03
3.400000000000000000e+01 3.194000000000000000e+03
2.700000000000000000e+01 3.197000000000000000e+03
1.010000000000000000e+02 3.302000000000000000e+03
1.210000000000000000e+02 3.288000000000000000e+03
1.030000000000000000e+02 3.245000000000000000e+03
1.440000000000000000e+02 3.270000000000000000e+03
1.400000000000000000e+02 3.082000000000000000e+03
1.420000000000000000e+02 3.140000000000000000e+03
8.800000000000000000e+01 3.071000000000000000e+03
1.150000000000000000e+02 3.058000000000000000e+03
4.600000000000000000e+01 3.120000000000000000e+03
2.300000000000000000e+01 3.114000000000000000e+03
9.300000000000000000e+01 3.160000000000000000e+03
1.110000000000000000e+02 3.201000000000000000e+03
6.500000000000000000e+01 2.248000000000000000e+03
1.260000000000000000e+02 2.276000000000000000e+03
1.150000000000000000e+02 2.063000000000000000e+03
5.100000000000000000e+01 2.095000000000000000e+03
1.420000000000000000e+02 1.913000000000000000e+03
1.550000000000000000e+02 1.891000000000000000e+03
1.739000000000000000e+03 2.331000000000000000e+03
1.270000000000000000e+03 1.899000000000000000e+03
4.100000000000000000e+02 1.520000000000000000e+03
3.390000000000000000e+02 1.531000000000000000e+03
2.660000000000000000e+02 1.573000000000000000e+03
3.130000000000000000e+02 1.491000000000000000e+03
4.320000000000000000e+02 1.457000000000000000e+03
3.360000000000000000e+02 1.489000000000000000e+03
3.520000000000000000e+02 1.426000000000000000e+03
3.880000000000000000e+02 1.441000000000000000e+03
8.700000000000000000e+01 2.054000000000000000e+03
1.460000000000000000e+02 2.019000000000000000e+03
1.090000000000000000e+03 2.379000000000000000e+03
1.800000000000000000e+02 2.245000000000000000e+03
1.170000000000000000e+02 2.168000000000000000e+03
1.010000000000000000e+02 2.161000000000000000e+03
9.200000000000000000e+01 2.287000000000000000e+03
2.740000000000000000e+02 2.181000000000000000e+03
1.146000000000000000e+03 2.286000000000000000e+03
1.766000000000000000e+03 2.498000000000000000e+03
1.299000000000000000e+03 2.427000000000000000e+03
1.552000000000000000e+03 2.528000000000000000e+03
3.900000000000000000e+01 1.939000000000000000e+03
1.310000000000000000e+02 1.974000000000000000e+03
9.500000000000000000e+01 2.247000000000000000e+03
8.200000000000000000e+01 2.174000000000000000e+03
1.340000000000000000e+02 2.536000000000000000e+03
9.200000000000000000e+01 2.497000000000000000e+03
6.400000000000000000e+01 2.540000000000000000e+03
2.780000000000000000e+02 2.922000000000000000e+03
2.480000000000000000e+02 2.918000000000000000e+03
2.300000000000000000e+02 2.992000000000000000e+03
3.660000000000000000e+02 3.021000000000000000e+03
2.330000000000000000e+02 2.701000000000000000e+03
2.440000000000000000e+02 2.683000000000000000e+03
2.910000000000000000e+02 2.701000000000000000e+03
2.730000000000000000e+02 2.733000000000000000e+03
2.840000000000000000e+02 2.849000000000000000e+03
2.370000000000000000e+02 2.820000000000000000e+03
1.750000000000000000e+02 2.712000000000000000e+03
1.380000000000000000e+02 2.660000000000000000e+03
4.450000000000000000e+02 3.142000000000000000e+03
1.620000000000000000e+02 3.011000000000000000e+03
2.550000000000000000e+02 3.095000000000000000e+03
2.570000000000000000e+02 3.137000000000000000e+03
2.550000000000000000e+02 3.253000000000000000e+03
2.770000000000000000e+02 3.217000000000000000e+03
1.015000000000000000e+03 3.513000000000000000e+03
2.110000000000000000e+02 3.192000000000000000e+03
3.930000000000000000e+02 2.801000000000000000e+03
1.860000000000000000e+02 2.681000000000000000e+03
2.600000000000000000e+02 3.054000000000000000e+03
1.610000000000000000e+02 2.942000000000000000e+03
2.430000000000000000e+02 3.012000000000000000e+03
1.089000000000000000e+03 3.252000000000000000e+03
1.985000000000000000e+03 3.389000000000000000e+03
1.157000000000000000e+03 3.349000000000000000e+03
1.780000000000000000e+03 3.974000000000000000e+03
1.728000000000000000e+03 3.953000000000000000e+03
1.719000000000000000e+03 3.689000000000000000e+03
1.929000000000000000e+03 3.958000000000000000e+03
1.929000000000000000e+03 3.971000000000000000e+03
1.889000000000000000e+03 3.954000000000000000e+03
1.838000000000000000e+03 3.963000000000000000e+03
1.706000000000000000e+03 3.919000000000000000e+03
1.794000000000000000e+03 3.896000000000000000e+03
1.755000000000000000e+03 3.936000000000000000e+03
1.666000000000000000e+03 3.974000000000000000e+03
1.860000000000000000e+03 3.924000000000000000e+03
1.887000000000000000e+03 3.905000000000000000e+03
1.877000000000000000e+03 3.926000000000000000e+03
1.969000000000000000e+03 3.898000000000000000e+03
1.576000000000000000e+03 3.814000000000000000e+03
1.552000000000000000e+03 3.957000000000000000e+03
1.597000000000000000e+03 3.905000000000000000e+03
1.653000000000000000e+03 3.920000000000000000e+03
1.449000000000000000e+03 3.936000000000000000e+03
1.441000000000000000e+03 3.930000000000000000e+03
1.548000000000000000e+03 3.928000000000000000e+03
1.384000000000000000e+03 3.906000000000000000e+03
1.314000000000000000e+03 3.918000000000000000e+03
1.228000000000000000e+03 3.871000000000000000e+03
1.350000000000000000e+03 3.927000000000000000e+03
1.450000000000000000e+03 3.951000000000000000e+03
6.460000000000000000e+02 3.373000000000000000e+03
1.131000000000000000e+03 3.922000000000000000e+03
1.138000000000000000e+03 3.742000000000000000e+03
1.157000000000000000e+03 3.937000000000000000e+03
6.790000000000000000e+02 3.871000000000000000e+03
7.910000000000000000e+02 3.934000000000000000e+03
8.210000000000000000e+02 3.336000000000000000e+03
6.690000000000000000e+02 3.944000000000000000e+03
4.820000000000000000e+02 3.714000000000000000e+03
6.820000000000000000e+02 3.955000000000000000e+03
6.530000000000000000e+02 3.971000000000000000e+03
2.580000000000000000e+02 3.441000000000000000e+03
2.400000000000000000e+02 3.401000000000000000e+03
2.770000000000000000e+02 3.481000000000000000e+03
2.740000000000000000e+02 3.500000000000000000e+03
5.500000000000000000e+01 3.343000000000000000e+03
1.950000000000000000e+02 3.377000000000000000e+03
2.500000000000000000e+02 3.364000000000000000e+03
2.600000000000000000e+02 3.491000000000000000e+03
6.720000000000000000e+02 3.829000000000000000e+03
1.220000000000000000e+02 3.393000000000000000e+03
4.870000000000000000e+02 3.823000000000000000e+03
5.070000000000000000e+02 3.655000000000000000e+03
4.850000000000000000e+02 3.808000000000000000e+03
4.310000000000000000e+02 3.892000000000000000e+03
7.430000000000000000e+02 3.921000000000000000e+03
6.550000000000000000e+02 3.828000000000000000e+03
1.920000000000000000e+02 3.602000000000000000e+03
2.140000000000000000e+02 3.578000000000000000e+03
1.130000000000000000e+02 3.472000000000000000e+03
1.890000000000000000e+02 3.473000000000000000e+03
1.430000000000000000e+02 3.487000000000000000e+03
5.200000000000000000e+01 3.475000000000000000e+03
1.830000000000000000e+02 3.539000000000000000e+03
1.330000000000000000e+02 3.481000000000000000e+03
1.458000000000000000e+03 3.919000000000000000e+03
1.448000000000000000e+03 3.059000000000000000e+03
1.351000000000000000e+03 3.960000000000000000e+03
1.291000000000000000e+03 3.858000000000000000e+03
1.150000000000000000e+03 3.971000000000000000e+03
1.199000000000000000e+03 3.970000000000000000e+03
1.281000000000000000e+03 3.958000000000000000e+03
1.243000000000000000e+03 3.973000000000000000e+03
9.430000000000000000e+02 3.958000000000000000e+03
7.980000000000000000e+02 3.774000000000000000e+03
8.690000000000000000e+02 3.846000000000000000e+03
9.310000000000000000e+02 3.949000000000000000e+03
1.088000000000000000e+03 3.980000000000000000e+03
1.095000000000000000e+03 3.963000000000000000e+03
8.380000000000000000e+02 3.514000000000000000e+03
1.021000000000000000e+03 3.955000000000000000e+03
3.700000000000000000e+01 3.615000000000000000e+03
6.600000000000000000e+01 3.605000000000000000e+03
9.400000000000000000e+01 3.574000000000000000e+03
4.600000000000000000e+01 3.571000000000000000e+03
1.670000000000000000e+02 3.619000000000000000e+03
1.020000000000000000e+02 3.640000000000000000e+03
1.430000000000000000e+02 3.632000000000000000e+03
1.400000000000000000e+02 3.610000000000000000e+03
9.700000000000000000e+01 2.841000000000000000e+03
4.400000000000000000e+01 2.762000000000000000e+03
3.210000000000000000e+02 2.738000000000000000e+03
3.900000000000000000e+01 2.632000000000000000e+03
2.710000000000000000e+02 3.212000000000000000e+03
2.500000000000000000e+01 3.430000000000000000e+03
3.140000000000000000e+02 3.285000000000000000e+03
2.000000000000000000e+01 3.390000000000000000e+03
1.982000000000000000e+03 3.818000000000000000e+03
2.234000000000000000e+03 3.720000000000000000e+03
2.226000000000000000e+03 3.783000000000000000e+03
2.135000000000000000e+03 3.773000000000000000e+03
2.149000000000000000e+03 3.753000000000000000e+03
2.183000000000000000e+03 3.749000000000000000e+03
2.169000000000000000e+03 3.711000000000000000e+03
2.048000000000000000e+03 3.757000000000000000e+03
2.022000000000000000e+03 3.679000000000000000e+03
2.025000000000000000e+03 3.817000000000000000e+03
2.246000000000000000e+03 3.713000000000000000e+03
2.094000000000000000e+03 3.711000000000000000e+03
2.037000000000000000e+03 3.750000000000000000e+03
2.085000000000000000e+03 3.649000000000000000e+03
2.038000000000000000e+03 3.667000000000000000e+03
2.168000000000000000e+03 3.865000000000000000e+03
2.245000000000000000e+03 3.927000000000000000e+03
2.411000000000000000e+03 3.510000000000000000e+03
2.270000000000000000e+03 3.818000000000000000e+03
2.297000000000000000e+03 3.758000000000000000e+03
1.998000000000000000e+03 3.948000000000000000e+03
2.128000000000000000e+03 3.948000000000000000e+03
2.049000000000000000e+03 3.962000000000000000e+03
2.079000000000000000e+03 3.885000000000000000e+03
2.091000000000000000e+03 3.898000000000000000e+03
2.135000000000000000e+03 3.849000000000000000e+03
2.149000000000000000e+03 3.878000000000000000e+03
2.084000000000000000e+03 3.798000000000000000e+03
2.141000000000000000e+03 3.821000000000000000e+03
2.042000000000000000e+03 3.828000000000000000e+03
2.105000000000000000e+03 3.775000000000000000e+03
2.327000000000000000e+03 3.870000000000000000e+03
2.548000000000000000e+03 3.452000000000000000e+03
2.306000000000000000e+03 3.739000000000000000e+03
2.225000000000000000e+03 3.681000000000000000e+03
2.242000000000000000e+03 3.686000000000000000e+03
2.135000000000000000e+03 3.665000000000000000e+03
2.118000000000000000e+03 3.663000000000000000e+03
2.294000000000000000e+03 3.867000000000000000e+03
2.255000000000000000e+03 3.911000000000000000e+03
2.308000000000000000e+03 3.828000000000000000e+03
2.266000000000000000e+03 3.806000000000000000e+03
2.211000000000000000e+03 3.864000000000000000e+03
2.134000000000000000e+03 3.887000000000000000e+03
2.220000000000000000e+03 3.800000000000000000e+03
2.161000000000000000e+03 3.859000000000000000e+03
2.498000000000000000e+03 3.851000000000000000e+03
2.523000000000000000e+03 3.910000000000000000e+03
2.431000000000000000e+03 3.892000000000000000e+03
2.802000000000000000e+03 3.587000000000000000e+03
2.576000000000000000e+03 3.919000000000000000e+03
2.580000000000000000e+03 3.959000000000000000e+03
2.504000000000000000e+03 3.948000000000000000e+03
2.474000000000000000e+03 3.943000000000000000e+03
2.383000000000000000e+03 3.938000000000000000e+03
2.432000000000000000e+03 3.913000000000000000e+03
2.490000000000000000e+03 3.934000000000000000e+03
2.456000000000000000e+03 3.919000000000000000e+03
2.257000000000000000e+03 3.976000000000000000e+03
2.421000000000000000e+03 3.972000000000000000e+03
2.541000000000000000e+03 3.980000000000000000e+03
2.485000000000000000e+03 3.978000000000000000e+03
3.722000000000000000e+03 2.612000000000000000e+03
3.782000000000000000e+03 2.563000000000000000e+03
3.771000000000000000e+03 2.389000000000000000e+03
3.620000000000000000e+03 2.525000000000000000e+03
3.746000000000000000e+03 2.330000000000000000e+03
3.786000000000000000e+03 2.338000000000000000e+03
3.745000000000000000e+03 2.234000000000000000e+03
3.903000000000000000e+03 2.509000000000000000e+03
3.630000000000000000e+03 2.376000000000000000e+03
3.592000000000000000e+03 2.320000000000000000e+03
3.634000000000000000e+03 2.305000000000000000e+03
3.582000000000000000e+03 2.405000000000000000e+03
3.610000000000000000e+03 2.397000000000000000e+03
3.656000000000000000e+03 2.380000000000000000e+03
3.603000000000000000e+03 2.364000000000000000e+03
3.819000000000000000e+03 2.192000000000000000e+03
3.864000000000000000e+03 2.174000000000000000e+03
3.942000000000000000e+03 2.281000000000000000e+03
3.878000000000000000e+03 2.162000000000000000e+03
3.761000000000000000e+03 2.179000000000000000e+03
3.749000000000000000e+03 2.234000000000000000e+03
3.274000000000000000e+03 2.186000000000000000e+03
3.901000000000000000e+03 2.179000000000000000e+03
3.552000000000000000e+03 2.223000000000000000e+03
3.334000000000000000e+03 2.342000000000000000e+03
3.347000000000000000e+03 2.166000000000000000e+03
3.473000000000000000e+03 2.258000000000000000e+03
3.664000000000000000e+03 2.206000000000000000e+03
3.633000000000000000e+03 2.201000000000000000e+03
3.684000000000000000e+03 2.116000000000000000e+03
3.591000000000000000e+03 2.168000000000000000e+03
3.722000000000000000e+03 3.050000000000000000e+03
3.245000000000000000e+03 3.138000000000000000e+03
3.798000000000000000e+03 3.065000000000000000e+03
3.724000000000000000e+03 3.051000000000000000e+03
3.469000000000000000e+03 3.043000000000000000e+03
3.700000000000000000e+03 3.041000000000000000e+03
2.682000000000000000e+03 3.178000000000000000e+03
3.650000000000000000e+03 3.037000000000000000e+03
2.714000000000000000e+03 3.137000000000000000e+03
2.965000000000000000e+03 3.454000000000000000e+03
2.879000000000000000e+03 3.047000000000000000e+03
2.967000000000000000e+03 3.057000000000000000e+03
2.665000000000000000e+03 3.054000000000000000e+03
2.687000000000000000e+03 3.424000000000000000e+03
2.312000000000000000e+03 3.706000000000000000e+03
2.339000000000000000e+03 3.258000000000000000e+03
2.332000000000000000e+03 3.417000000000000000e+03
2.281000000000000000e+03 3.658000000000000000e+03
2.326000000000000000e+03 3.526000000000000000e+03
2.222000000000000000e+03 3.615000000000000000e+03
2.233000000000000000e+03 3.570000000000000000e+03
2.183000000000000000e+03 3.616000000000000000e+03
2.243000000000000000e+03 3.521000000000000000e+03
2.256000000000000000e+03 3.499000000000000000e+03
3.315000000000000000e+03 3.101000000000000000e+03
3.314000000000000000e+03 3.176000000000000000e+03
2.289000000000000000e+03 3.419000000000000000e+03
2.309000000000000000e+03 3.288000000000000000e+03
2.254000000000000000e+03 3.439000000000000000e+03
2.249000000000000000e+03 3.517000000000000000e+03
2.279000000000000000e+03 3.655000000000000000e+03
2.287000000000000000e+03 3.627000000000000000e+03
3.862000000000000000e+03 2.144000000000000000e+03
3.840000000000000000e+03 2.088000000000000000e+03
3.882000000000000000e+03 2.057000000000000000e+03
3.808000000000000000e+03 2.207000000000000000e+03
3.778000000000000000e+03 2.289000000000000000e+03
3.289000000000000000e+03 2.958000000000000000e+03
3.490000000000000000e+03 2.863000000000000000e+03
3.914000000000000000e+03 2.298000000000000000e+03
3.879000000000000000e+03 2.403000000000000000e+03
3.727000000000000000e+03 2.562000000000000000e+03
3.751000000000000000e+03 2.506000000000000000e+03
3.915000000000000000e+03 2.084000000000000000e+03
3.823000000000000000e+03 2.398000000000000000e+03
3.764000000000000000e+03 2.451000000000000000e+03
3.722000000000000000e+03 2.471000000000000000e+03
3.869000000000000000e+03 2.789000000000000000e+03
3.860000000000000000e+03 2.809000000000000000e+03
3.911000000000000000e+03 2.745000000000000000e+03
3.658000000000000000e+03 2.650000000000000000e+03
3.827000000000000000e+03 2.738000000000000000e+03
3.827000000000000000e+03 2.655000000000000000e+03
3.928000000000000000e+03 2.589000000000000000e+03
3.867000000000000000e+03 2.695000000000000000e+03
3.848000000000000000e+03 2.881000000000000000e+03
3.811000000000000000e+03 2.760000000000000000e+03
3.803000000000000000e+03 2.866000000000000000e+03
3.847000000000000000e+03 2.916000000000000000e+03
3.711000000000000000e+03 2.679000000000000000e+03
3.758000000000000000e+03 2.599000000000000000e+03
3.847000000000000000e+03 2.460000000000000000e+03
3.856000000000000000e+03 2.564000000000000000e+03
2.740000000000000000e+03 2.801000000000000000e+03
2.258000000000000000e+03 3.413000000000000000e+03
2.217000000000000000e+03 3.527000000000000000e+03
2.242000000000000000e+03 3.489000000000000000e+03
2.121000000000000000e+03 3.572000000000000000e+03
2.032000000000000000e+03 3.594000000000000000e+03
2.070000000000000000e+03 3.588000000000000000e+03
2.018000000000000000e+03 3.685000000000000000e+03
2.020000000000000000e+03 3.513000000000000000e+03
2.000000000000000000e+03 3.478000000000000000e+03
2.005000000000000000e+03 3.734000000000000000e+03
2.065000000000000000e+03 3.484000000000000000e+03
2.065000000000000000e+03 3.525000000000000000e+03
2.101000000000000000e+03 3.422000000000000000e+03
2.041000000000000000e+03 3.466000000000000000e+03
2.164000000000000000e+03 3.539000000000000000e+03
2.152000000000000000e+03 3.579000000000000000e+03
3.757000000000000000e+03 2.132000000000000000e+03
2.220000000000000000e+03 3.337000000000000000e+03
3.828000000000000000e+03 2.053000000000000000e+03
3.891000000000000000e+03 2.020000000000000000e+03
3.775000000000000000e+03 2.099000000000000000e+03
3.792000000000000000e+03 2.081000000000000000e+03
2.076000000000000000e+03 3.530000000000000000e+03
2.104000000000000000e+03 3.464000000000000000e+03
2.154000000000000000e+03 3.439000000000000000e+03
2.187000000000000000e+03 3.410000000000000000e+03
2.214000000000000000e+03 3.345000000000000000e+03
2.235000000000000000e+03 3.370000000000000000e+03
2.168000000000000000e+03 3.436000000000000000e+03
2.178000000000000000e+03 3.308000000000000000e+03
3.766000000000000000e+03 2.866000000000000000e+03
3.711000000000000000e+03 2.866000000000000000e+03
3.761000000000000000e+03 2.875000000000000000e+03
3.788000000000000000e+03 2.806000000000000000e+03
3.758000000000000000e+03 2.763000000000000000e+03
3.777000000000000000e+03 2.830000000000000000e+03
3.705000000000000000e+03 2.817000000000000000e+03
3.792000000000000000e+03 2.955000000000000000e+03
3.761000000000000000e+03 2.995000000000000000e+03
3.694000000000000000e+03 2.950000000000000000e+03
3.731000000000000000e+03 2.950000000000000000e+03
3.849000000000000000e+03 2.913000000000000000e+03
3.978000000000000000e+03 2.802000000000000000e+03
3.845000000000000000e+03 2.970000000000000000e+03
3.869000000000000000e+03 3.007000000000000000e+03
3.943000000000000000e+03 2.669000000000000000e+03
3.925000000000000000e+03 2.717000000000000000e+03
3.961000000000000000e+03 2.743000000000000000e+03
3.966000000000000000e+03 2.656000000000000000e+03
3.904000000000000000e+03 2.887000000000000000e+03
3.926000000000000000e+03 2.769000000000000000e+03
3.922000000000000000e+03 3.034000000000000000e+03
3.926000000000000000e+03 3.053000000000000000e+03
3.949000000000000000e+03 2.848000000000000000e+03
3.966000000000000000e+03 2.903000000000000000e+03
3.977000000000000000e+03 2.960000000000000000e+03
3.959000000000000000e+03 2.891000000000000000e+03
3.926000000000000000e+03 2.888000000000000000e+03
3.915000000000000000e+03 2.810000000000000000e+03
3.941000000000000000e+03 2.998000000000000000e+03
3.946000000000000000e+03 2.904000000000000000e+03
3.970000000000000000e+03 2.464000000000000000e+03
3.926000000000000000e+03 2.485000000000000000e+03
3.955000000000000000e+03 2.457000000000000000e+03
3.921000000000000000e+03 2.425000000000000000e+03
3.939000000000000000e+03 2.286000000000000000e+03
3.934000000000000000e+03 2.335000000000000000e+03
3.932000000000000000e+03 2.213000000000000000e+03
3.937000000000000000e+03 2.239000000000000000e+03
3.826000000000000000e+03 2.349000000000000000e+03
3.808000000000000000e+03 2.324000000000000000e+03
3.860000000000000000e+03 2.341000000000000000e+03
3.806000000000000000e+03 2.266000000000000000e+03
3.853000000000000000e+03 2.413000000000000000e+03
3.938000000000000000e+03 2.503000000000000000e+03
3.852000000000000000e+03 2.453000000000000000e+03
3.841000000000000000e+03 2.423000000000000000e+03
3.870000000000000000e+03 1.935000000000000000e+03
3.854000000000000000e+03 1.927000000000000000e+03
3.822000000000000000e+03 1.780000000000000000e+03
3.813000000000000000e+03 1.739000000000000000e+03
3.900000000000000000e+03 2.041000000000000000e+03
3.928000000000000000e+03 2.043000000000000000e+03
3.808000000000000000e+03 1.992000000000000000e+03
3.802000000000000000e+03 1.923000000000000000e+03
3.951000000000000000e+03 2.037000000000000000e+03
3.917000000000000000e+03 1.948000000000000000e+03
3.849000000000000000e+03 1.848000000000000000e+03
3.869000000000000000e+03 1.837000000000000000e+03
3.900000000000000000e+03 1.963000000000000000e+03
3.838000000000000000e+03 2.063000000000000000e+03
3.886000000000000000e+03 2.325000000000000000e+03
3.967000000000000000e+03 2.303000000000000000e+03
2.349000000000000000e+03 3.080000000000000000e+03
2.007000000000000000e+03 2.080000000000000000e+03
3.100000000000000000e+02 2.620000000000000000e+03
3.140000000000000000e+02 1.000000000000000000e+02
1.640000000000000000e+02 1.560000000000000000e+03
2.265000000000000000e+03 1.360000000000000000e+03
