3.401000000000000000e+03 1.320000000000000000e+03
3.963000000000000000e+03 1.301000000000000000e+03
3.967000000000000000e+03 1.242000000000000000e+03
3.961000000000000000e+03 1.414000000000000000e+03
3.952000000000000000e+03 1.385000000000000000e+03
3.470000000000000000e+03 1.455000000000000000e+03
3.950000000000000000e+03 1.497000000000000000e+03
3.861000000000000000e+03 1.364000000000000000e+03
3.826000000000000000e+03 1.361000000000000000e+03
3.877000000000000000e+03 1.392000000000000000e+03
3.856000000000000000e+03 1.370000000000000000e+03
3.874000000000000000e+03 1.452000000000000000e+03
3.944000000000000000e+03 1.430000000000000000e+03
3.935000000000000000e+03 1.329000000000000000e+03
3.914000000000000000e+03 1.324000000000000000e+03
3.924000000000000000e+03 1.587000000000000000e+03
3.926000000000000000e+03 1.689000000000000000e+03
3.881000000000000000e+03 1.497000000000000000e+03
3.928000000000000000e+03 1.539000000000000000e+03
3.945000000000000000e+03 1.567000000000000000e+03
3.977000000000000000e+03 1.587000000000000000e+03
3.963000000000000000e+03 1.656000000000000000e+03
3.972000000000000000e+03 1.818000000000000000e+03
9.040000000000000000e+02 1.315000000000000000e+03
2.490000000000000000e+02 1.137000000000000000e+03
3.312000000000000000e+03 1.560000000000000000e+03
3.029000000000000000e+03 1.682000000000000000e+03
3.954000000000000000e+03 1.863000000000000000e+03
3.968000000000000000e+03 2.105000000000000000e+03
3.943000000000000000e+03 1.760000000000000000e+03
3.927000000000000000e+03 1.701000000000000000e+03
3.600000000000000000e+01 1.085000000000000000e+03
4.000000000000000000e+01 9.750000000000000000e+02
2.700000000000000000e+01 1.046000000000000000e+03
1.890000000000000000e+02 8.900000000000000000e+02
9.400000000000000000e+01 9.020000000000000000e+02
5.800000000000000000e+01 9.030000000000000000e+02
3.800000000000000000e+01 9.110000000000000000e+02
1.950000000000000000e+02 9.360000000000000000e+02
2.040000000000000000e+02 9.320000000000000000e+02
1.470000000000000000e+02 1.002000000000000000e+03
4.700000000000000000e+01 1.182000000000000000e+03
9.400000000000000000e+01 1.371000000000000000e+03
1.990000000000000000e+02 1.042000000000000000e+03
2.020000000000000000e+02 9.980000000000000000e+02
1.650000000000000000e+02 1.085000000000000000e+03
1.560000000000000000e+02 7.680000000000000000e+02
1.050000000000000000e+02 8.330000000000000000e+02
1.040000000000000000e+02 7.710000000000000000e+02
5.800000000000000000e+01 8.460000000000000000e+02
1.200000000000000000e+02 9.620000000000000000e+02
3.800000000000000000e+01 1.226000000000000000e+03
1.560000000000000000e+02 8.450000000000000000e+02
1.460000000000000000e+02 8.500000000000000000e+02
1.310000000000000000e+02 7.190000000000000000e+02
1.130000000000000000e+02 7.400000000000000000e+02
3.500000000000000000e+01 8.310000000000000000e+02
5.800000000000000000e+01 7.960000000000000000e+02
2.020000000000000000e+02 7.860000000000000000e+02
2.320000000000000000e+02 8.360000000000000000e+02
2.480000000000000000e+02 7.560000000000000000e+02
1.890000000000000000e+02 7.640000000000000000e+02
3.957000000000000000e+03 1.037000000000000000e+03
3.974000000000000000e+03 9.790000000000000000e+02
3.945000000000000000e+03 9.480000000000000000e+02
3.940000000000000000e+03 8.640000000000000000e+02
3.897000000000000000e+03 8.520000000000000000e+02
3.947000000000000000e+03 9.360000000000000000e+02
3.956000000000000000e+03 9.250000000000000000e+02
3.944000000000000000e+03 1.067000000000000000e+03
3.917000000000000000e+03 1.019000000000000000e+03
3.936000000000000000e+03 1.089000000000000000e+03
3.936000000000000000e+03 1.079000000000000000e+03
3.806000000000000000e+03 1.120000000000000000e+03
3.956000000000000000e+03 1.132000000000000000e+03
3.857000000000000000e+03 1.070000000000000000e+03
3.857000000000000000e+03 1.030000000000000000e+03
3.857000000000000000e+03 9.180000000000000000e+02
3.881000000000000000e+03 9.140000000000000000e+02
3.734000000000000000e+03 1.073000000000000000e+03
2.983000000000000000e+03 1.127000000000000000e+03
3.826000000000000000e+03 8.760000000000000000e+02
3.832000000000000000e+03 8.420000000000000000e+02
3.313000000000000000e+03 9.560000000000000000e+02
3.325000000000000000e+03 1.226000000000000000e+03
3.876000000000000000e+03 1.044000000000000000e+03
3.801000000000000000e+03 1.040000000000000000e+03
3.818000000000000000e+03 1.056000000000000000e+03
3.752000000000000000e+03 1.032000000000000000e+03
3.813000000000000000e+03 9.310000000000000000e+02
3.778000000000000000e+03 9.370000000000000000e+02
3.803000000000000000e+03 1.002000000000000000e+03
3.808000000000000000e+03 9.690000000000000000e+02
3.612000000000000000e+03 9.300000000000000000e+01
3.681000000000000000e+03 6.900000000000000000e+01
3.520000000000000000e+03 5.500000000000000000e+01
3.556000000000000000e+03 7.400000000000000000e+01
3.743000000000000000e+03 1.270000000000000000e+02
3.932000000000000000e+03 3.210000000000000000e+02
3.721000000000000000e+03 7.800000000000000000e+01
3.790000000000000000e+03 1.500000000000000000e+02
3.384000000000000000e+03 1.000000000000000000e+01
3.446000000000000000e+03 5.800000000000000000e+01
3.341000000000000000e+03 3.200000000000000000e+01
3.323000000000000000e+03 4.800000000000000000e+01
3.616000000000000000e+03 8.000000000000000000e+00
3.677000000000000000e+03 4.200000000000000000e+01
3.574000000000000000e+03 5.200000000000000000e+01
3.604000000000000000e+03 3.000000000000000000e+01
3.822000000000000000e+03 6.700000000000000000e+01
3.905000000000000000e+03 1.320000000000000000e+02
3.766000000000000000e+03 5.300000000000000000e+01
3.872000000000000000e+03 1.000000000000000000e+02
3.976000000000000000e+03 3.850000000000000000e+02
3.948000000000000000e+03 3.360000000000000000e+02
3.848000000000000000e+03 1.510000000000000000e+02
3.848000000000000000e+03 1.930000000000000000e+02
3.920000000000000000e+03 3.210000000000000000e+02
3.877000000000000000e+03 1.280000000000000000e+02
3.876000000000000000e+03 6.400000000000000000e+01
3.853000000000000000e+03 3.000000000000000000e+01
3.979000000000000000e+03 4.790000000000000000e+02
3.971000000000000000e+03 5.410000000000000000e+02
3.680000000000000000e+03 9.100000000000000000e+01
3.914000000000000000e+03 1.180000000000000000e+02
9.520000000000000000e+02 4.400000000000000000e+01
8.320000000000000000e+02 6.600000000000000000e+01
1.024000000000000000e+03 3.400000000000000000e+01
7.620000000000000000e+02 8.600000000000000000e+01
8.600000000000000000e+02 5.000000000000000000e+01
9.040000000000000000e+02 3.700000000000000000e+01
7.870000000000000000e+02 1.470000000000000000e+02
6.700000000000000000e+02 2.600000000000000000e+01
7.300000000000000000e+02 1.900000000000000000e+01
7.260000000000000000e+02 3.500000000000000000e+01
6.400000000000000000e+02 1.160000000000000000e+02
8.230000000000000000e+02 4.100000000000000000e+01
3.955000000000000000e+03 7.800000000000000000e+02
7.930000000000000000e+02 3.500000000000000000e+01
7.590000000000000000e+02 4.400000000000000000e+01
8.460000000000000000e+02 1.340000000000000000e+02
9.310000000000000000e+02 1.180000000000000000e+02
1.011000000000000000e+03 9.700000000000000000e+01
1.094000000000000000e+03 3.500000000000000000e+01
1.060000000000000000e+03 9.500000000000000000e+01
1.043000000000000000e+03 1.940000000000000000e+02
1.184000000000000000e+03 1.550000000000000000e+02
3.267000000000000000e+03 6.850000000000000000e+02
6.600000000000000000e+02 1.270000000000000000e+02
6.440000000000000000e+02 9.800000000000000000e+01
5.970000000000000000e+02 9.700000000000000000e+01
5.600000000000000000e+02 1.930000000000000000e+02
7.390000000000000000e+02 1.030000000000000000e+02
7.920000000000000000e+02 1.310000000000000000e+02
7.090000000000000000e+02 1.370000000000000000e+02
6.290000000000000000e+02 2.710000000000000000e+02
3.872000000000000000e+03 8.260000000000000000e+02
3.820000000000000000e+03 7.660000000000000000e+02
3.870000000000000000e+03 7.680000000000000000e+02
3.915000000000000000e+03 7.450000000000000000e+02
3.907000000000000000e+03 6.570000000000000000e+02
3.880000000000000000e+03 7.670000000000000000e+02
3.876000000000000000e+03 7.190000000000000000e+02
3.967000000000000000e+03 6.220000000000000000e+02
3.841000000000000000e+03 5.900000000000000000e+02
3.835000000000000000e+03 6.100000000000000000e+02
3.917000000000000000e+03 6.920000000000000000e+02
3.779000000000000000e+03 5.450000000000000000e+02
3.778000000000000000e+03 6.020000000000000000e+02
3.772000000000000000e+03 7.050000000000000000e+02
3.790000000000000000e+03 6.860000000000000000e+02
3.937000000000000000e+03 7.660000000000000000e+02
3.946000000000000000e+03 8.000000000000000000e+02
3.919000000000000000e+03 6.650000000000000000e+02
3.912000000000000000e+03 6.020000000000000000e+02
3.960000000000000000e+03 5.490000000000000000e+02
3.983000000000000000e+03 6.610000000000000000e+02
3.952000000000000000e+03 6.980000000000000000e+02
3.921000000000000000e+03 5.930000000000000000e+02
3.883000000000000000e+03 4.660000000000000000e+02
3.853000000000000000e+03 4.310000000000000000e+02
3.908000000000000000e+03 4.400000000000000000e+02
3.936000000000000000e+03 4.320000000000000000e+02
3.808000000000000000e+03 4.650000000000000000e+02
3.819000000000000000e+03 4.670000000000000000e+02
3.860000000000000000e+03 5.060000000000000000e+02
3.840000000000000000e+03 5.280000000000000000e+02
1.559000000000000000e+03 1.290000000000000000e+02
3.040000000000000000e+03 1.200000000000000000e+01
3.229000000000000000e+03 3.300000000000000000e+01
2.507000000000000000e+03 1.740000000000000000e+02
3.273000000000000000e+03 9.900000000000000000e+01
3.099000000000000000e+03 8.100000000000000000e+01
3.176000000000000000e+03 6.200000000000000000e+01
3.103000000000000000e+03 3.900000000000000000e+01
3.102000000000000000e+03 7.500000000000000000e+01
3.197000000000000000e+03 2.600000000000000000e+01
3.030000000000000000e+03 4.700000000000000000e+01
3.033000000000000000e+03 1.130000000000000000e+02
3.070000000000000000e+03 1.200000000000000000e+02
3.003000000000000000e+03 1.340000000000000000e+02
3.017000000000000000e+03 1.060000000000000000e+02
3.020000000000000000e+02 3.600000000000000000e+01
2.960000000000000000e+02 9.900000000000000000e+01
3.680000000000000000e+02 8.400000000000000000e+01
3.610000000000000000e+02 8.800000000000000000e+01
5.560000000000000000e+02 1.700000000000000000e+01
4.550000000000000000e+02 1.600000000000000000e+01
3.930000000000000000e+02 2.700000000000000000e+01
4.250000000000000000e+02 2.000000000000000000e+01
3.720000000000000000e+02 2.440000000000000000e+02
4.590000000000000000e+02 1.040000000000000000e+02
3.540000000000000000e+02 1.890000000000000000e+02
4.650000000000000000e+02 1.370000000000000000e+02
4.560000000000000000e+02 1.180000000000000000e+02
5.940000000000000000e+02 9.900000000000000000e+01
4.700000000000000000e+02 8.800000000000000000e+01
5.360000000000000000e+02 1.140000000000000000e+02
3.410000000000000000e+03 5.400000000000000000e+01
3.467000000000000000e+03 3.500000000000000000e+01
1.930000000000000000e+02 6.420000000000000000e+02
9.000000000000000000e+01 6.910000000000000000e+02
3.145000000000000000e+03 8.800000000000000000e+01
3.236000000000000000e+03 2.290000000000000000e+02
3.344000000000000000e+03 3.100000000000000000e+02
3.343000000000000000e+03 8.700000000000000000e+01
9.920000000000000000e+02 1.530000000000000000e+02
9.630000000000000000e+02 2.440000000000000000e+02
1.884000000000000000e+03 2.800000000000000000e+02
3.275000000000000000e+03 7.830000000000000000e+02
1.071000000000000000e+03 1.590000000000000000e+02
1.069000000000000000e+03 1.130000000000000000e+02
1.019000000000000000e+03 1.130000000000000000e+02
9.080000000000000000e+02 1.400000000000000000e+02
2.198000000000000000e+03 7.650000000000000000e+02
1.703000000000000000e+03 4.810000000000000000e+02
2.702000000000000000e+03 8.390000000000000000e+02
2.381000000000000000e+03 6.580000000000000000e+02
2.150000000000000000e+02 6.030000000000000000e+02
1.042000000000000000e+03 7.530000000000000000e+02
2.270000000000000000e+03 1.015000000000000000e+03
2.981000000000000000e+03 6.860000000000000000e+02
2.840000000000000000e+02 9.120000000000000000e+02
4.700000000000000000e+01 6.710000000000000000e+02
2.372000000000000000e+03 3.540000000000000000e+02
3.023000000000000000e+03 1.210000000000000000e+02
5.600000000000000000e+02 1.048000000000000000e+03
5.600000000000000000e+02 1.072000000000000000e+03
5.470000000000000000e+02 9.160000000000000000e+02
4.120000000000000000e+02 1.065000000000000000e+03
3.799000000000000000e+03 1.234000000000000000e+03
3.754000000000000000e+03 1.207000000000000000e+03
3.775000000000000000e+03 1.206000000000000000e+03
3.935000000000000000e+03 1.193000000000000000e+03
3.895000000000000000e+03 1.234000000000000000e+03
3.848000000000000000e+03 1.221000000000000000e+03
3.866000000000000000e+03 1.228000000000000000e+03
3.515000000000000000e+03 1.219000000000000000e+03
3.588000000000000000e+03 1.236000000000000000e+03
3.670000000000000000e+03 1.241000000000000000e+03
3.648000000000000000e+03 1.214000000000000000e+03
3.549000000000000000e+03 1.175000000000000000e+03
3.774000000000000000e+03 1.167000000000000000e+03
3.618000000000000000e+03 1.171000000000000000e+03
3.526000000000000000e+03 8.940000000000000000e+02
3.560000000000000000e+03 1.061000000000000000e+03
3.670000000000000000e+03 1.133000000000000000e+03
3.508000000000000000e+03 1.050000000000000000e+03
3.452000000000000000e+03 1.053000000000000000e+03
3.868000000000000000e+03 1.174000000000000000e+03
3.467000000000000000e+03 1.096000000000000000e+03
3.542000000000000000e+03 1.105000000000000000e+03
3.705000000000000000e+03 1.136000000000000000e+03
3.687000000000000000e+03 1.149000000000000000e+03
3.472000000000000000e+03 1.178000000000000000e+03
3.655000000000000000e+03 7.360000000000000000e+02
3.445000000000000000e+03 1.140000000000000000e+03
3.409000000000000000e+03 1.176000000000000000e+03
3.433000000000000000e+03 1.211000000000000000e+03
3.393000000000000000e+03 1.117000000000000000e+03
3.732000000000000000e+03 1.166000000000000000e+03
3.458000000000000000e+03 9.270000000000000000e+02
3.514000000000000000e+03 9.780000000000000000e+02
3.664000000000000000e+03 1.055000000000000000e+03
3.674000000000000000e+03 1.156000000000000000e+03
3.730000000000000000e+03 1.144000000000000000e+03
3.660000000000000000e+03 1.108000000000000000e+03
3.672000000000000000e+03 1.098000000000000000e+03
3.786000000000000000e+03 1.385000000000000000e+03
3.748000000000000000e+03 1.414000000000000000e+03
3.813000000000000000e+03 1.328000000000000000e+03
3.813000000000000000e+03 1.369000000000000000e+03
3.744000000000000000e+03 1.272000000000000000e+03
3.413000000000000000e+03 1.256000000000000000e+03
3.784000000000000000e+03 1.287000000000000000e+03
3.790000000000000000e+03 1.270000000000000000e+03
3.986000000000000000e+03 1.723000000000000000e+03
3.768000000000000000e+03 1.458000000000000000e+03
2.202000000000000000e+03 1.985000000000000000e+03
3.896000000000000000e+03 1.582000000000000000e+03
3.464000000000000000e+03 1.335000000000000000e+03
3.830000000000000000e+03 1.577000000000000000e+03
3.719000000000000000e+03 1.313000000000000000e+03
3.837000000000000000e+03 1.610000000000000000e+03
3.394000000000000000e+03 1.624000000000000000e+03
3.100000000000000000e+03 1.649000000000000000e+03
3.050000000000000000e+03 1.665000000000000000e+03
2.697000000000000000e+03 1.423000000000000000e+03
2.243000000000000000e+03 1.458000000000000000e+03
2.350000000000000000e+03 1.354000000000000000e+03
2.447000000000000000e+03 1.225000000000000000e+03
2.403000000000000000e+03 1.214000000000000000e+03
1.856000000000000000e+03 1.294000000000000000e+03
1.978000000000000000e+03 1.358000000000000000e+03
2.057000000000000000e+03 1.338000000000000000e+03
1.856000000000000000e+03 1.433000000000000000e+03
2.110000000000000000e+03 1.699000000000000000e+03
1.552000000000000000e+03 9.050000000000000000e+02
1.478000000000000000e+03 1.886000000000000000e+03
1.840000000000000000e+03 1.312000000000000000e+03
1.851000000000000000e+03 1.319000000000000000e+03
1.634000000000000000e+03 1.367000000000000000e+03
1.655000000000000000e+03 1.398000000000000000e+03
2.074000000000000000e+03 1.854000000000000000e+03
2.027000000000000000e+03 1.644000000000000000e+03
2.018000000000000000e+03 2.143000000000000000e+03
2.188000000000000000e+03 1.876000000000000000e+03
3.748000000000000000e+03 1.506000000000000000e+03
3.661000000000000000e+03 1.477000000000000000e+03
3.386000000000000000e+03 1.391000000000000000e+03
1.982000000000000000e+03 1.364000000000000000e+03
1.903000000000000000e+03 1.282000000000000000e+03
3.524000000000000000e+03 1.320000000000000000e+03
3.792000000000000000e+03 1.493000000000000000e+03
3.804000000000000000e+03 1.445000000000000000e+03
3.788000000000000000e+03 1.492000000000000000e+03
3.758000000000000000e+03 1.524000000000000000e+03
8.630000000000000000e+02 1.177000000000000000e+03
2.502000000000000000e+03 1.373000000000000000e+03
8.620000000000000000e+02 1.211000000000000000e+03
6.810000000000000000e+02 1.218000000000000000e+03
6.140000000000000000e+02 1.218000000000000000e+03
5.770000000000000000e+02 1.235000000000000000e+03
9.620000000000000000e+02 1.181000000000000000e+03
8.500000000000000000e+02 1.197000000000000000e+03
1.759000000000000000e+03 1.174000000000000000e+03
3.140000000000000000e+03 1.179000000000000000e+03
8.140000000000000000e+02 1.191000000000000000e+03
8.310000000000000000e+02 1.185000000000000000e+03
1.247000000000000000e+03 1.145000000000000000e+03
2.385000000000000000e+03 1.139000000000000000e+03
5.280000000000000000e+02 1.201000000000000000e+03
7.040000000000000000e+02 1.186000000000000000e+03
5.060000000000000000e+02 1.209000000000000000e+03
5.410000000000000000e+02 1.194000000000000000e+03
8.390000000000000000e+02 1.100000000000000000e+03
8.260000000000000000e+02 1.135000000000000000e+03
9.080000000000000000e+02 1.127000000000000000e+03
2.146000000000000000e+03 1.106000000000000000e+03
6.830000000000000000e+02 1.126000000000000000e+03
6.410000000000000000e+02 1.157000000000000000e+03
6.080000000000000000e+02 1.081000000000000000e+03
7.130000000000000000e+02 1.077000000000000000e+03
4.990000000000000000e+02 1.116000000000000000e+03
6.590000000000000000e+02 1.109000000000000000e+03
6.730000000000000000e+02 1.081000000000000000e+03
6.600000000000000000e+02 1.050000000000000000e+03
6.910000000000000000e+02 1.071000000000000000e+03
8.680000000000000000e+02 8.070000000000000000e+02
6.340000000000000000e+02 1.145000000000000000e+03
5.470000000000000000e+02 1.137000000000000000e+03
4.060000000000000000e+02 1.201000000000000000e+03
3.970000000000000000e+02 1.150000000000000000e+03
4.370000000000000000e+02 1.152000000000000000e+03
4.240000000000000000e+02 1.145000000000000000e+03
5.100000000000000000e+01 1.741000000000000000e+03
3.500000000000000000e+01 1.786000000000000000e+03
3.100000000000000000e+01 1.986000000000000000e+03
2.600000000000000000e+02 1.229000000000000000e+03
8.800000000000000000e+01 1.714000000000000000e+03
1.280000000000000000e+02 1.330000000000000000e+03
6.000000000000000000e+01 1.740000000000000000e+03
8.300000000000000000e+01 1.599000000000000000e+03
1.090000000000000000e+02 1.644000000000000000e+03
1.170000000000000000e+02 1.641000000000000000e+03
1.180000000000000000e+02 1.575000000000000000e+03
9.900000000000000000e+01 1.480000000000000000e+03
1.080000000000000000e+02 1.369000000000000000e+03
1.500000000000000000e+02 1.320000000000000000e+03
1.050000000000000000e+02 1.489000000000000000e+03
2.020000000000000000e+02 1.537000000000000000e+03
3.330000000000000000e+02 1.233000000000000000e+03
1.190000000000000000e+02 1.600000000000000000e+03
3.860000000000000000e+02 1.210000000000000000e+03
2.920000000000000000e+02 1.239000000000000000e+03
3.240000000000000000e+02 1.180000000000000000e+03
2.660000000000000000e+02 1.234000000000000000e+03
2.150000000000000000e+02 1.216000000000000000e+03
7.300000000000000000e+01 1.272000000000000000e+03
1.070000000000000000e+02 1.234000000000000000e+03
1.460000000000000000e+02 1.177000000000000000e+03
1.670000000000000000e+02 1.192000000000000000e+03
5.110000000000000000e+02 1.235000000000000000e+03
2.280000000000000000e+02 1.186000000000000000e+03
1.560000000000000000e+02 1.175000000000000000e+03
1.070000000000000000e+02 1.368000000000000000e+03
2.069000000000000000e+03 1.470000000000000000e+03
1.633000000000000000e+03 1.402000000000000000e+03
1.418000000000000000e+03 1.356000000000000000e+03
5.700000000000000000e+01 1.480000000000000000e+03
4.800000000000000000e+01 1.472000000000000000e+03
5.800000000000000000e+01 1.320000000000000000e+03
4.200000000000000000e+01 1.371000000000000000e+03
1.663000000000000000e+03 1.160000000000000000e+02
1.815000000000000000e+03 2.660000000000000000e+02
1.102000000000000000e+03 9.090000000000000000e+02
1.855000000000000000e+03 2.790000000000000000e+02
6.100000000000000000e+01 1.797000000000000000e+03
6.100000000000000000e+01 1.781000000000000000e+03
5.900000000000000000e+01 1.862000000000000000e+03
5.600000000000000000e+01 1.855000000000000000e+03
1.643000000000000000e+03 2.100000000000000000e+01
1.718000000000000000e+03 2.800000000000000000e+01
1.742000000000000000e+03 1.400000000000000000e+01
1.796000000000000000e+03 1.200000000000000000e+01
1.877000000000000000e+03 3.300000000000000000e+01
1.900000000000000000e+03 8.000000000000000000e+00
1.823000000000000000e+03 1.800000000000000000e+01
1.843000000000000000e+03 1.700000000000000000e+01
1.751000000000000000e+03 5.600000000000000000e+01
1.790000000000000000e+03 5.700000000000000000e+01
1.856000000000000000e+03 7.000000000000000000e+01
1.803000000000000000e+03 9.600000000000000000e+01
1.658000000000000000e+03 8.000000000000000000e+01
1.665000000000000000e+03 6.700000000000000000e+01
1.718000000000000000e+03 1.000000000000000000e+02
1.626000000000000000e+03 9.900000000000000000e+01
1.665000000000000000e+03 1.403000000000000000e+03
1.453000000000000000e+03 1.520000000000000000e+02
2.046000000000000000e+03 1.094000000000000000e+03
1.148000000000000000e+03 1.270000000000000000e+02
1.152000000000000000e+03 3.300000000000000000e+01
1.228000000000000000e+03 3.200000000000000000e+01
1.540000000000000000e+03 5.770000000000000000e+02
7.600000000000000000e+01 1.043000000000000000e+03
6.700000000000000000e+01 1.019000000000000000e+03
1.080000000000000000e+02 1.044000000000000000e+03
1.120000000000000000e+02 1.047000000000000000e+03
1.920000000000000000e+02 1.088000000000000000e+03
7.600000000000000000e+02 1.057000000000000000e+03
2.840000000000000000e+02 1.129000000000000000e+03
2.960000000000000000e+02 1.075000000000000000e+03
1.471000000000000000e+03 7.200000000000000000e+01
1.413000000000000000e+03 7.100000000000000000e+01
1.573000000000000000e+03 6.800000000000000000e+01
1.508000000000000000e+03 7.500000000000000000e+01
1.415000000000000000e+03 1.800000000000000000e+01
1.487000000000000000e+03 2.500000000000000000e+01
1.587000000000000000e+03 4.200000000000000000e+01
1.560000000000000000e+03 2.000000000000000000e+01
1.392000000000000000e+03 9.800000000000000000e+01
1.244000000000000000e+03 5.800000000000000000e+01
1.357000000000000000e+03 6.900000000000000000e+01
1.367000000000000000e+03 3.800000000000000000e+01
1.340000000000000000e+03 8.100000000000000000e+01
1.263000000000000000e+03 2.270000000000000000e+02
1.492000000000000000e+03 1.140000000000000000e+02
1.422000000000000000e+03 1.050000000000000000e+02
7.000000000000000000e+01 4.370000000000000000e+02
4.620000000000000000e+02 4.400000000000000000e+02
2.500000000000000000e+01 5.000000000000000000e+02
4.100000000000000000e+01 5.020000000000000000e+02
1.050000000000000000e+02 5.630000000000000000e+02
8.100000000000000000e+01 4.930000000000000000e+02
2.050000000000000000e+02 6.730000000000000000e+02
7.950000000000000000e+02 4.530000000000000000e+02
2.020000000000000000e+02 5.190000000000000000e+02
1.780000000000000000e+02 5.460000000000000000e+02
1.600000000000000000e+02 5.650000000000000000e+02
1.860000000000000000e+02 6.190000000000000000e+02
5.600000000000000000e+01 6.040000000000000000e+02
1.160000000000000000e+02 5.110000000000000000e+02
1.610000000000000000e+02 5.030000000000000000e+02
1.560000000000000000e+02 5.460000000000000000e+02
1.340000000000000000e+02 6.320000000000000000e+02
1.300000000000000000e+01 1.268000000000000000e+03
8.800000000000000000e+01 6.460000000000000000e+02
7.600000000000000000e+01 6.000000000000000000e+02
1.700000000000000000e+02 6.030000000000000000e+02
1.640000000000000000e+02 6.290000000000000000e+02
8.200000000000000000e+01 7.540000000000000000e+02
1.100000000000000000e+01 8.530000000000000000e+02
1.620000000000000000e+02 1.140000000000000000e+03
1.060000000000000000e+02 1.151000000000000000e+03
8.000000000000000000e+01 1.102000000000000000e+03
6.500000000000000000e+01 1.012000000000000000e+03
2.730000000000000000e+02 1.130000000000000000e+03
3.800000000000000000e+02 1.164000000000000000e+03
1.580000000000000000e+02 1.109000000000000000e+03
2.070000000000000000e+02 1.121000000000000000e+03
6.500000000000000000e+01 1.795000000000000000e+03
3.600000000000000000e+01 1.434000000000000000e+03
4.200000000000000000e+01 1.465000000000000000e+03
2.600000000000000000e+01 1.542000000000000000e+03
2.800000000000000000e+01 1.606000000000000000e+03
4.900000000000000000e+01 1.588000000000000000e+03
2.400000000000000000e+01 1.664000000000000000e+03
1.010000000000000000e+02 2.188000000000000000e+03
1.260000000000000000e+02 2.226000000000000000e+03
1.030000000000000000e+02 2.057000000000000000e+03
5.000000000000000000e+01 1.898000000000000000e+03
3.300000000000000000e+01 1.951000000000000000e+03
9.300000000000000000e+01 2.115000000000000000e+03
5.700000000000000000e+01 2.016000000000000000e+03
5.800000000000000000e+01 2.080000000000000000e+03
9.400000000000000000e+01 2.270000000000000000e+03
6.080000000000000000e+02 2.652000000000000000e+03
1.130000000000000000e+02 2.370000000000000000e+03
8.500000000000000000e+01 2.331000000000000000e+03
1.090000000000000000e+02 2.371000000000000000e+03
8.400000000000000000e+01 2.403000000000000000e+03
6.700000000000000000e+01 2.408000000000000000e+03
6.600000000000000000e+01 2.405000000000000000e+03
3.700000000000000000e+01 2.301000000000000000e+03
3.400000000000000000e+01 2.208000000000000000e+03
1.600000000000000000e+01 2.346000000000000000e+03
3.400000000000000000e+01 2.345000000000000000e+03
1.700000000000000000e+01 1.835000000000000000e+03
1.300000000000000000e+01 1.730000000000000000e+03
3.200000000000000000e+01 2.101000000000000000e+03
1.900000000000000000e+01 2.149000000000000000e+03
1.010000000000000000e+02 2.875000000000000000e+03
2.520000000000000000e+02 2.913000000000000000e+03
2.410000000000000000e+02 2.862000000000000000e+03
2.200000000000000000e+02 2.940000000000000000e+03
1.890000000000000000e+02 2.971000000000000000e+03
1.090000000000000000e+02 2.908000000000000000e+03
1.830000000000000000e+02 2.990000000000000000e+03
8.800000000000000000e+01 2.987000000000000000e+03
7.500000000000000000e+01 2.959000000000000000e+03
1.230000000000000000e+02 2.896000000000000000e+03
1.110000000000000000e+02 2.919000000000000000e+03
1.760000000000000000e+02 2.624000000000000000e+03
1.540000000000000000e+02 2.707000000000000000e+03
1.450000000000000000e+02 2.752000000000000000e+03
1.440000000000000000e+02 2.868000000000000000e+03
1.300000000000000000e+02 2.793000000000000000e+03
1.010000000000000000e+02 2.786000000000000000e+03
1.880000000000000000e+02 2.844000000000000000e+03
1.440000000000000000e+02 2.808000000000000000e+03
6.300000000000000000e+01 2.783000000000000000e+03
8.000000000000000000e+01 2.752000000000000000e+03
1.900000000000000000e+01 2.784000000000000000e+03
2.700000000000000000e+01 2.648000000000000000e+03
2.700000000000000000e+01 2.752000000000000000e+03
1.110000000000000000e+02 2.626000000000000000e+03
1.410000000000000000e+02 2.702000000000000000e+03
1.200000000000000000e+02 2.639000000000000000e+03
2.800000000000000000e+01 2.521000000000000000e+03
2.200000000000000000e+01 2.617000000000000000e+03
7.700000000000000000e+01 2.587000000000000000e+03
5.400000000000000000e+01 2.558000000000000000e+03
5.690000000000000000e+02 2.722000000000000000e+03
4.400000000000000000e+01 2.813000000000000000e+03
3.400000000000000000e+01 2.834000000000000000e+03
1.030000000000000000e+02 2.845000000000000000e+03
7.400000000000000000e+01 2.847000000000000000e+03
2.900000000000000000e+01 3.026000000000000000e+03
3.300000000000000000e+01 2.954000000000000000e+03
4.790000000000000000e+02 2.407000000000000000e+03
5.330000000000000000e+02 2.384000000000000000e+03
4.160000000000000000e+02 2.446000000000000000e+03
4.610000000000000000e+02 2.420000000000000000e+03
3.100000000000000000e+02 2.409000000000000000e+03
3.560000000000000000e+02 2.399000000000000000e+03
4.170000000000000000e+02 2.593000000000000000e+03
3.050000000000000000e+02 2.444000000000000000e+03
2.500000000000000000e+01 3.344000000000000000e+03
2.900000000000000000e+01 3.285000000000000000e+03
3.100000000000000000e+01 3.174000000000000000e+03
2.800000000000000000e+01 3.178000000000000000e+03
8.500000000000000000e+01 3.267000000000000000e+03
9.700000000000000000e+01 3.235000000000000000e+03
1.110000000000000000e+02 3.192000000000000000e+03
1.420000000000000000e+02 3.236000000000000000e+03
1.640000000000000000e+02 3.054000000000000000e+03
1.830000000000000000e+02 3.099000000000000000e+03
9.100000000000000000e+01 3.061000000000000000e+03
1.230000000000000000e+02 3.046000000000000000e+03
4.800000000000000000e+01 3.103000000000000000e+03
2.200000000000000000e+01 3.099000000000000000e+03
1.100000000000000000e+02 3.127000000000000000e+03
1.180000000000000000e+02 3.158000000000000000e+03
3.100000000000000000e+02 2.257000000000000000e+03
3.500000000000000000e+02 2.255000000000000000e+03
2.430000000000000000e+02 2.119000000000000000e+03
3.930000000000000000e+02 2.357000000000000000e+03
5.860000000000000000e+02 2.325000000000000000e+03
5.440000000000000000e+02 2.309000000000000000e+03
9.130000000000000000e+02 1.227000000000000000e+03
6.720000000000000000e+02 2.201000000000000000e+03
3.240000000000000000e+02 2.349000000000000000e+03
2.740000000000000000e+02 2.319000000000000000e+03
2.140000000000000000e+02 2.272000000000000000e+03
2.170000000000000000e+02 2.358000000000000000e+03
2.850000000000000000e+02 2.417000000000000000e+03
2.120000000000000000e+02 2.288000000000000000e+03
2.040000000000000000e+02 2.448000000000000000e+03
2.340000000000000000e+02 2.421000000000000000e+03
7.000000000000000000e+01 2.016000000000000000e+03
1.500000000000000000e+02 1.957000000000000000e+03
1.038000000000000000e+03 1.569000000000000000e+03
1.960000000000000000e+02 1.863000000000000000e+03
9.200000000000000000e+01 1.767000000000000000e+03
8.700000000000000000e+01 1.965000000000000000e+03
7.700000000000000000e+01 1.815000000000000000e+03
2.460000000000000000e+02 1.981000000000000000e+03
6.800000000000000000e+02 1.485000000000000000e+03
1.056000000000000000e+03 1.197000000000000000e+03
7.790000000000000000e+02 1.450000000000000000e+03
9.610000000000000000e+02 1.346000000000000000e+03
6.700000000000000000e+01 1.946000000000000000e+03
1.180000000000000000e+02 1.867000000000000000e+03
1.360000000000000000e+02 2.310000000000000000e+03
1.080000000000000000e+02 2.138000000000000000e+03
1.780000000000000000e+02 2.500000000000000000e+03
1.180000000000000000e+02 2.500000000000000000e+03
9.900000000000000000e+01 2.556000000000000000e+03
3.520000000000000000e+02 2.531000000000000000e+03
3.520000000000000000e+02 2.490000000000000000e+03
4.160000000000000000e+02 2.519000000000000000e+03
4.450000000000000000e+02 2.765000000000000000e+03
2.040000000000000000e+02 2.609000000000000000e+03
2.150000000000000000e+02 2.625000000000000000e+03
2.190000000000000000e+02 2.540000000000000000e+03
2.370000000000000000e+02 2.518000000000000000e+03
2.900000000000000000e+02 2.519000000000000000e+03
2.830000000000000000e+02 2.578000000000000000e+03
1.690000000000000000e+02 2.688000000000000000e+03
1.010000000000000000e+02 2.663000000000000000e+03
6.890000000000000000e+02 2.626000000000000000e+03
3.270000000000000000e+02 2.612000000000000000e+03
5.040000000000000000e+02 2.493000000000000000e+03
5.510000000000000000e+02 2.491000000000000000e+03
6.690000000000000000e+02 2.514000000000000000e+03
6.030000000000000000e+02 2.541000000000000000e+03
1.138000000000000000e+03 3.197000000000000000e+03
6.040000000000000000e+02 2.519000000000000000e+03
3.690000000000000000e+02 2.696000000000000000e+03
1.580000000000000000e+02 2.608000000000000000e+03
4.550000000000000000e+02 2.486000000000000000e+03
2.920000000000000000e+02 2.642000000000000000e+03
2.410000000000000000e+02 2.797000000000000000e+03
1.065000000000000000e+03 3.153000000000000000e+03
1.964000000000000000e+03 3.533000000000000000e+03
1.222000000000000000e+03 3.190000000000000000e+03
1.575000000000000000e+03 3.967000000000000000e+03
1.479000000000000000e+03 3.939000000000000000e+03
1.443000000000000000e+03 3.761000000000000000e+03
1.702000000000000000e+03 3.952000000000000000e+03
1.777000000000000000e+03 3.956000000000000000e+03
1.663000000000000000e+03 3.947000000000000000e+03
1.604000000000000000e+03 3.948000000000000000e+03
1.453000000000000000e+03 3.880000000000000000e+03
1.510000000000000000e+03 3.870000000000000000e+03
1.534000000000000000e+03 3.919000000000000000e+03
1.536000000000000000e+03 3.972000000000000000e+03
1.606000000000000000e+03 3.889000000000000000e+03
1.599000000000000000e+03 3.901000000000000000e+03
1.679000000000000000e+03 3.942000000000000000e+03
1.654000000000000000e+03 3.891000000000000000e+03
1.419000000000000000e+03 3.754000000000000000e+03
1.366000000000000000e+03 3.900000000000000000e+03
1.266000000000000000e+03 3.856000000000000000e+03
1.379000000000000000e+03 3.872000000000000000e+03
1.254000000000000000e+03 3.904000000000000000e+03
1.222000000000000000e+03 3.920000000000000000e+03
1.326000000000000000e+03 3.907000000000000000e+03
1.271000000000000000e+03 3.797000000000000000e+03
1.194000000000000000e+03 3.917000000000000000e+03
1.091000000000000000e+03 3.860000000000000000e+03
1.322000000000000000e+03 3.928000000000000000e+03
1.348000000000000000e+03 3.929000000000000000e+03
6.890000000000000000e+02 3.390000000000000000e+03
1.049000000000000000e+03 3.908000000000000000e+03
1.040000000000000000e+03 3.636000000000000000e+03
1.075000000000000000e+03 3.920000000000000000e+03
6.540000000000000000e+02 3.859000000000000000e+03
7.810000000000000000e+02 3.915000000000000000e+03
7.820000000000000000e+02 3.324000000000000000e+03
6.520000000000000000e+02 3.911000000000000000e+03
4.910000000000000000e+02 3.686000000000000000e+03
6.500000000000000000e+02 3.941000000000000000e+03
6.330000000000000000e+02 3.961000000000000000e+03
1.930000000000000000e+02 3.339000000000000000e+03
1.990000000000000000e+02 3.340000000000000000e+03
2.530000000000000000e+02 3.342000000000000000e+03
2.420000000000000000e+02 3.369000000000000000e+03
7.500000000000000000e+01 3.326000000000000000e+03
1.360000000000000000e+02 3.335000000000000000e+03
2.010000000000000000e+02 3.310000000000000000e+03
2.440000000000000000e+02 3.409000000000000000e+03
6.610000000000000000e+02 3.811000000000000000e+03
1.110000000000000000e+02 3.346000000000000000e+03
4.800000000000000000e+02 3.788000000000000000e+03
4.880000000000000000e+02 3.612000000000000000e+03
4.870000000000000000e+02 3.789000000000000000e+03
4.320000000000000000e+02 3.864000000000000000e+03
7.180000000000000000e+02 3.906000000000000000e+03
6.300000000000000000e+02 3.814000000000000000e+03
1.820000000000000000e+02 3.544000000000000000e+03
1.980000000000000000e+02 3.516000000000000000e+03
1.170000000000000000e+02 3.426000000000000000e+03
1.600000000000000000e+02 3.411000000000000000e+03
1.260000000000000000e+02 3.419000000000000000e+03
5.600000000000000000e+01 3.439000000000000000e+03
1.660000000000000000e+02 3.473000000000000000e+03
1.260000000000000000e+02 3.423000000000000000e+03
1.388000000000000000e+03 3.895000000000000000e+03
1.436000000000000000e+03 2.948000000000000000e+03
1.335000000000000000e+03 3.965000000000000000e+03
1.324000000000000000e+03 3.791000000000000000e+03
1.126000000000000000e+03 3.965000000000000000e+03
1.166000000000000000e+03 3.969000000000000000e+03
1.263000000000000000e+03 3.968000000000000000e+03
1.218000000000000000e+03 3.973000000000000000e+03
9.330000000000000000e+02 3.952000000000000000e+03
8.000000000000000000e+02 3.776000000000000000e+03
8.660000000000000000e+02 3.841000000000000000e+03
9.220000000000000000e+02 3.953000000000000000e+03
1.078000000000000000e+03 3.973000000000000000e+03
1.078000000000000000e+03 3.965000000000000000e+03
8.080000000000000000e+02 3.427000000000000000e+03
1.012000000000000000e+03 3.961000000000000000e+03
4.100000000000000000e+01 3.594000000000000000e+03
7.900000000000000000e+01 3.574000000000000000e+03
9.000000000000000000e+01 3.526000000000000000e+03
5.300000000000000000e+01 3.538000000000000000e+03
1.690000000000000000e+02 3.533000000000000000e+03
1.080000000000000000e+02 3.608000000000000000e+03
1.430000000000000000e+02 3.582000000000000000e+03
1.330000000000000000e+02 3.567000000000000000e+03
8.300000000000000000e+01 2.817000000000000000e+03
4.400000000000000000e+01 2.767000000000000000e+03
3.250000000000000000e+02 2.779000000000000000e+03
4.500000000000000000e+01 2.657000000000000000e+03
2.610000000000000000e+02 3.129000000000000000e+03
2.200000000000000000e+01 3.417000000000000000e+03
3.100000000000000000e+02 3.230000000000000000e+03
1.800000000000000000e+01 3.375000000000000000e+03
1.759000000000000000e+03 3.960000000000000000e+03
2.217000000000000000e+03 3.802000000000000000e+03
2.240000000000000000e+03 3.844000000000000000e+03
2.114000000000000000e+03 3.873000000000000000e+03
2.131000000000000000e+03 3.869000000000000000e+03
2.172000000000000000e+03 3.857000000000000000e+03
2.150000000000000000e+03 3.832000000000000000e+03
1.912000000000000000e+03 3.910000000000000000e+03
1.834000000000000000e+03 3.907000000000000000e+03
1.924000000000000000e+03 3.964000000000000000e+03
2.208000000000000000e+03 3.861000000000000000e+03
1.868000000000000000e+03 3.860000000000000000e+03
1.797000000000000000e+03 3.918000000000000000e+03
1.751000000000000000e+03 3.884000000000000000e+03
1.791000000000000000e+03 3.916000000000000000e+03
2.162000000000000000e+03 3.888000000000000000e+03
2.272000000000000000e+03 3.938000000000000000e+03
2.445000000000000000e+03 3.559000000000000000e+03
2.306000000000000000e+03 3.863000000000000000e+03
2.311000000000000000e+03 3.777000000000000000e+03
1.823000000000000000e+03 3.969000000000000000e+03
2.107000000000000000e+03 3.961000000000000000e+03
2.041000000000000000e+03 3.964000000000000000e+03
2.012000000000000000e+03 3.928000000000000000e+03
2.004000000000000000e+03 3.936000000000000000e+03
2.053000000000000000e+03 3.897000000000000000e+03
2.073000000000000000e+03 3.919000000000000000e+03
1.949000000000000000e+03 3.874000000000000000e+03
2.008000000000000000e+03 3.868000000000000000e+03
1.910000000000000000e+03 3.916000000000000000e+03
1.957000000000000000e+03 3.849000000000000000e+03
2.446000000000000000e+03 3.845000000000000000e+03
2.408000000000000000e+03 3.589000000000000000e+03
2.409000000000000000e+03 3.829000000000000000e+03
2.094000000000000000e+03 3.792000000000000000e+03
2.103000000000000000e+03 3.818000000000000000e+03
2.038000000000000000e+03 3.812000000000000000e+03
2.035000000000000000e+03 3.828000000000000000e+03
2.375000000000000000e+03 3.883000000000000000e+03
2.289000000000000000e+03 3.911000000000000000e+03
2.392000000000000000e+03 3.870000000000000000e+03
2.320000000000000000e+03 3.859000000000000000e+03
2.219000000000000000e+03 3.891000000000000000e+03
2.114000000000000000e+03 3.929000000000000000e+03
2.241000000000000000e+03 3.856000000000000000e+03
2.155000000000000000e+03 3.897000000000000000e+03
2.555000000000000000e+03 3.827000000000000000e+03
2.558000000000000000e+03 3.878000000000000000e+03
2.498000000000000000e+03 3.848000000000000000e+03
2.847000000000000000e+03 3.584000000000000000e+03
2.579000000000000000e+03 3.896000000000000000e+03
2.575000000000000000e+03 3.930000000000000000e+03
2.541000000000000000e+03 3.960000000000000000e+03
2.555000000000000000e+03 3.959000000000000000e+03
2.458000000000000000e+03 3.911000000000000000e+03
2.513000000000000000e+03 3.868000000000000000e+03
2.541000000000000000e+03 3.905000000000000000e+03
2.530000000000000000e+03 3.882000000000000000e+03
2.297000000000000000e+03 3.972000000000000000e+03
2.470000000000000000e+03 3.951000000000000000e+03
2.550000000000000000e+03 3.947000000000000000e+03
2.521000000000000000e+03 3.977000000000000000e+03
3.776000000000000000e+03 2.586000000000000000e+03
3.799000000000000000e+03 2.531000000000000000e+03
3.876000000000000000e+03 2.364000000000000000e+03
3.737000000000000000e+03 2.502000000000000000e+03
3.907000000000000000e+03 2.320000000000000000e+03
3.952000000000000000e+03 2.333000000000000000e+03
3.910000000000000000e+03 2.201000000000000000e+03
3.929000000000000000e+03 2.511000000000000000e+03
3.756000000000000000e+03 1.972000000000000000e+03
3.714000000000000000e+03 1.899000000000000000e+03
3.742000000000000000e+03 1.945000000000000000e+03
3.746000000000000000e+03 1.817000000000000000e+03
3.781000000000000000e+03 1.850000000000000000e+03
3.803000000000000000e+03 1.898000000000000000e+03
3.763000000000000000e+03 1.916000000000000000e+03
3.864000000000000000e+03 2.001000000000000000e+03
3.885000000000000000e+03 1.976000000000000000e+03
3.942000000000000000e+03 2.138000000000000000e+03
3.908000000000000000e+03 1.933000000000000000e+03
3.842000000000000000e+03 2.169000000000000000e+03
3.876000000000000000e+03 2.227000000000000000e+03
2.972000000000000000e+03 1.970000000000000000e+03
3.924000000000000000e+03 2.053000000000000000e+03
3.581000000000000000e+03 1.949000000000000000e+03
3.421000000000000000e+03 2.185000000000000000e+03
3.527000000000000000e+03 1.898000000000000000e+03
3.478000000000000000e+03 2.013000000000000000e+03
3.710000000000000000e+03 1.728000000000000000e+03
3.699000000000000000e+03 1.740000000000000000e+03
3.675000000000000000e+03 1.727000000000000000e+03
3.661000000000000000e+03 1.796000000000000000e+03
3.624000000000000000e+03 2.984000000000000000e+03
3.197000000000000000e+03 3.078000000000000000e+03
3.720000000000000000e+03 2.996000000000000000e+03
3.685000000000000000e+03 2.989000000000000000e+03
3.372000000000000000e+03 2.971000000000000000e+03
3.584000000000000000e+03 2.972000000000000000e+03
2.624000000000000000e+03 3.138000000000000000e+03
3.498000000000000000e+03 2.964000000000000000e+03
2.654000000000000000e+03 3.076000000000000000e+03
3.010000000000000000e+03 3.420000000000000000e+03
2.824000000000000000e+03 2.970000000000000000e+03
2.909000000000000000e+03 2.984000000000000000e+03
2.574000000000000000e+03 2.976000000000000000e+03
2.594000000000000000e+03 3.321000000000000000e+03
2.312000000000000000e+03 3.771000000000000000e+03
2.308000000000000000e+03 3.419000000000000000e+03
2.281000000000000000e+03 3.592000000000000000e+03
2.234000000000000000e+03 3.820000000000000000e+03
2.244000000000000000e+03 3.644000000000000000e+03
2.172000000000000000e+03 3.750000000000000000e+03
2.191000000000000000e+03 3.711000000000000000e+03
2.181000000000000000e+03 3.763000000000000000e+03
2.229000000000000000e+03 3.726000000000000000e+03
2.256000000000000000e+03 3.740000000000000000e+03
3.192000000000000000e+03 3.094000000000000000e+03
3.165000000000000000e+03 3.144000000000000000e+03
2.299000000000000000e+03 3.651000000000000000e+03
2.307000000000000000e+03 3.469000000000000000e+03
2.308000000000000000e+03 3.708000000000000000e+03
2.313000000000000000e+03 3.711000000000000000e+03
2.323000000000000000e+03 3.952000000000000000e+03
2.338000000000000000e+03 3.922000000000000000e+03
3.855000000000000000e+03 2.066000000000000000e+03
3.937000000000000000e+03 1.987000000000000000e+03
3.933000000000000000e+03 1.953000000000000000e+03
3.883000000000000000e+03 2.245000000000000000e+03
3.852000000000000000e+03 2.517000000000000000e+03
3.300000000000000000e+03 3.150000000000000000e+03
3.456000000000000000e+03 3.034000000000000000e+03
3.935000000000000000e+03 2.392000000000000000e+03
3.841000000000000000e+03 2.560000000000000000e+03
3.629000000000000000e+03 2.848000000000000000e+03
3.758000000000000000e+03 2.802000000000000000e+03
3.948000000000000000e+03 2.086000000000000000e+03
3.895000000000000000e+03 2.575000000000000000e+03
3.874000000000000000e+03 2.669000000000000000e+03
3.841000000000000000e+03 2.719000000000000000e+03
3.886000000000000000e+03 2.837000000000000000e+03
3.875000000000000000e+03 2.872000000000000000e+03
3.916000000000000000e+03 2.761000000000000000e+03
3.630000000000000000e+03 2.690000000000000000e+03
3.778000000000000000e+03 2.928000000000000000e+03
3.759000000000000000e+03 2.881000000000000000e+03
3.910000000000000000e+03 2.675000000000000000e+03
3.826000000000000000e+03 2.881000000000000000e+03
3.846000000000000000e+03 2.954000000000000000e+03
3.764000000000000000e+03 2.933000000000000000e+03
3.746000000000000000e+03 2.964000000000000000e+03
3.806000000000000000e+03 2.977000000000000000e+03
3.605000000000000000e+03 2.941000000000000000e+03
3.642000000000000000e+03 2.879000000000000000e+03
3.879000000000000000e+03 2.502000000000000000e+03
3.823000000000000000e+03 2.710000000000000000e+03
2.752000000000000000e+03 2.844000000000000000e+03
2.245000000000000000e+03 3.536000000000000000e+03
2.207000000000000000e+03 3.649000000000000000e+03
2.192000000000000000e+03 3.655000000000000000e+03
2.110000000000000000e+03 3.715000000000000000e+03
2.015000000000000000e+03 3.737000000000000000e+03
2.053000000000000000e+03 3.717000000000000000e+03
1.980000000000000000e+03 3.777000000000000000e+03
1.986000000000000000e+03 3.650000000000000000e+03
1.996000000000000000e+03 3.661000000000000000e+03
1.992000000000000000e+03 3.837000000000000000e+03
2.040000000000000000e+03 3.610000000000000000e+03
2.016000000000000000e+03 3.621000000000000000e+03
2.083000000000000000e+03 3.617000000000000000e+03
2.047000000000000000e+03 3.673000000000000000e+03
2.150000000000000000e+03 3.686000000000000000e+03
2.145000000000000000e+03 3.720000000000000000e+03
3.867000000000000000e+03 2.338000000000000000e+03
2.192000000000000000e+03 3.478000000000000000e+03
3.851000000000000000e+03 1.966000000000000000e+03
3.923000000000000000e+03 1.982000000000000000e+03
3.880000000000000000e+03 2.053000000000000000e+03
3.874000000000000000e+03 2.018000000000000000e+03
2.071000000000000000e+03 3.659000000000000000e+03
2.088000000000000000e+03 3.615000000000000000e+03
2.137000000000000000e+03 3.601000000000000000e+03
2.154000000000000000e+03 3.567000000000000000e+03
2.202000000000000000e+03 3.518000000000000000e+03
2.221000000000000000e+03 3.525000000000000000e+03
2.151000000000000000e+03 3.578000000000000000e+03
2.163000000000000000e+03 3.482000000000000000e+03
3.897000000000000000e+03 3.604000000000000000e+03
3.864000000000000000e+03 3.866000000000000000e+03
3.879000000000000000e+03 3.845000000000000000e+03
3.976000000000000000e+03 3.704000000000000000e+03
3.937000000000000000e+03 3.804000000000000000e+03
3.959000000000000000e+03 3.689000000000000000e+03
3.870000000000000000e+03 3.825000000000000000e+03
3.987000000000000000e+03 3.829000000000000000e+03
3.960000000000000000e+03 3.854000000000000000e+03
3.908000000000000000e+03 3.927000000000000000e+03
3.949000000000000000e+03 3.922000000000000000e+03
3.985000000000000000e+03 3.408000000000000000e+03
3.982000000000000000e+03 2.831000000000000000e+03
3.978000000000000000e+03 3.492000000000000000e+03
3.989000000000000000e+03 3.449000000000000000e+03
3.951000000000000000e+03 2.674000000000000000e+03
3.940000000000000000e+03 2.730000000000000000e+03
3.976000000000000000e+03 2.757000000000000000e+03
3.959000000000000000e+03 2.660000000000000000e+03
3.918000000000000000e+03 2.897000000000000000e+03
3.915000000000000000e+03 2.775000000000000000e+03
3.988000000000000000e+03 3.190000000000000000e+03
3.983000000000000000e+03 3.232000000000000000e+03
3.934000000000000000e+03 2.862000000000000000e+03
3.936000000000000000e+03 2.955000000000000000e+03
3.955000000000000000e+03 2.967000000000000000e+03
3.952000000000000000e+03 2.921000000000000000e+03
3.975000000000000000e+03 2.895000000000000000e+03
3.966000000000000000e+03 2.820000000000000000e+03
3.983000000000000000e+03 3.191000000000000000e+03
3.983000000000000000e+03 2.962000000000000000e+03
3.983000000000000000e+03 2.468000000000000000e+03
3.951000000000000000e+03 2.491000000000000000e+03
3.960000000000000000e+03 2.466000000000000000e+03
3.917000000000000000e+03 2.451000000000000000e+03
3.953000000000000000e+03 2.248000000000000000e+03
3.917000000000000000e+03 2.375000000000000000e+03
3.939000000000000000e+03 1.972000000000000000e+03
3.946000000000000000e+03 2.174000000000000000e+03
3.818000000000000000e+03 1.799000000000000000e+03
3.787000000000000000e+03 1.751000000000000000e+03
3.823000000000000000e+03 1.711000000000000000e+03
3.752000000000000000e+03 1.690000000000000000e+03
3.852000000000000000e+03 1.926000000000000000e+03
3.900000000000000000e+03 2.375000000000000000e+03
3.887000000000000000e+03 2.093000000000000000e+03
3.853000000000000000e+03 2.115000000000000000e+03
3.848000000000000000e+03 1.632000000000000000e+03
3.843000000000000000e+03 1.563000000000000000e+03
3.695000000000000000e+03 1.582000000000000000e+03
3.685000000000000000e+03 1.549000000000000000e+03
3.880000000000000000e+03 1.731000000000000000e+03
3.908000000000000000e+03 1.766000000000000000e+03
3.697000000000000000e+03 1.623000000000000000e+03
3.696000000000000000e+03 1.633000000000000000e+03
3.924000000000000000e+03 1.881000000000000000e+03
3.871000000000000000e+03 1.754000000000000000e+03
3.769000000000000000e+03 1.576000000000000000e+03
3.791000000000000000e+03 1.578000000000000000e+03
3.867000000000000000e+03 1.737000000000000000e+03
3.783000000000000000e+03 1.625000000000000000e+03
3.835000000000000000e+03 1.791000000000000000e+03
3.911000000000000000e+03 2.257000000000000000e+03
2.324000000000000000e+03 3.000000000000000000e+03
2.314000000000000000e+03 1.980000000000000000e+03
2.880000000000000000e+02 2.580000000000000000e+03
2.690000000000000000e+02 1.700000000000000000e+02
1.530000000000000000e+02 1.250000000000000000e+03
2.106000000000000000e+03 1.250000000000000000e+03
