3.388000000000000000e+03 1.298000000000000000e+03
3.951000000000000000e+03 1.247000000000000000e+03
3.961000000000000000e+03 1.204000000000000000e+03
3.885000000000000000e+03 1.296000000000000000e+03
3.863000000000000000e+03 1.283000000000000000e+03
3.454000000000000000e+03 1.354000000000000000e+03
3.933000000000000000e+03 1.333000000000000000e+03
3.635000000000000000e+03 1.338000000000000000e+03
3.611000000000000000e+03 1.280000000000000000e+03
3.671000000000000000e+03 1.273000000000000000e+03
3.640000000000000000e+03 1.268000000000000000e+03
3.722000000000000000e+03 1.291000000000000000e+03
3.779000000000000000e+03 1.339000000000000000e+03
3.835000000000000000e+03 1.243000000000000000e+03
3.891000000000000000e+03 1.262000000000000000e+03
3.906000000000000000e+03 1.416000000000000000e+03
3.943000000000000000e+03 1.565000000000000000e+03
3.796000000000000000e+03 1.326000000000000000e+03
3.858000000000000000e+03 1.394000000000000000e+03
3.962000000000000000e+03 1.442000000000000000e+03
3.981000000000000000e+03 1.496000000000000000e+03
3.976000000000000000e+03 1.563000000000000000e+03
3.986000000000000000e+03 1.801000000000000000e+03
9.040000000000000000e+02 1.330000000000000000e+03
2.430000000000000000e+02 1.027000000000000000e+03
3.355000000000000000e+03 1.640000000000000000e+03
3.021000000000000000e+03 1.764000000000000000e+03
3.949000000000000000e+03 2.077000000000000000e+03
3.962000000000000000e+03 2.161000000000000000e+03
3.971000000000000000e+03 2.074000000000000000e+03
3.969000000000000000e+03 1.998000000000000000e+03
5.500000000000000000e+01 1.053000000000000000e+03
4.000000000000000000e+01 9.710000000000000000e+02
4.700000000000000000e+01 1.012000000000000000e+03
5.700000000000000000e+01 7.450000000000000000e+02
4.500000000000000000e+01 8.130000000000000000e+02
3.000000000000000000e+01 8.860000000000000000e+02
1.400000000000000000e+01 9.030000000000000000e+02
8.700000000000000000e+01 8.110000000000000000e+02
1.130000000000000000e+02 7.850000000000000000e+02
1.220000000000000000e+02 8.720000000000000000e+02
5.500000000000000000e+01 1.230000000000000000e+03
6.400000000000000000e+01 1.322000000000000000e+03
1.150000000000000000e+02 9.250000000000000000e+02
1.130000000000000000e+02 8.760000000000000000e+02
1.140000000000000000e+02 1.010000000000000000e+03
1.710000000000000000e+02 6.220000000000000000e+02
8.200000000000000000e+01 7.020000000000000000e+02
1.300000000000000000e+02 8.440000000000000000e+02
2.900000000000000000e+01 8.340000000000000000e+02
9.300000000000000000e+01 8.100000000000000000e+02
2.900000000000000000e+01 1.265000000000000000e+03
9.900000000000000000e+01 6.610000000000000000e+02
1.330000000000000000e+02 6.600000000000000000e+02
1.990000000000000000e+02 7.790000000000000000e+02
1.990000000000000000e+02 8.970000000000000000e+02
1.360000000000000000e+02 9.790000000000000000e+02
1.580000000000000000e+02 9.330000000000000000e+02
1.900000000000000000e+02 6.890000000000000000e+02
1.660000000000000000e+02 7.290000000000000000e+02
1.880000000000000000e+02 7.570000000000000000e+02
1.840000000000000000e+02 8.290000000000000000e+02
3.959000000000000000e+03 9.910000000000000000e+02
3.979000000000000000e+03 9.620000000000000000e+02
3.953000000000000000e+03 9.340000000000000000e+02
3.969000000000000000e+03 7.620000000000000000e+02
3.957000000000000000e+03 7.340000000000000000e+02
3.950000000000000000e+03 8.670000000000000000e+02
3.979000000000000000e+03 8.970000000000000000e+02
3.921000000000000000e+03 9.090000000000000000e+02
3.886000000000000000e+03 8.680000000000000000e+02
3.942000000000000000e+03 1.027000000000000000e+03
3.940000000000000000e+03 9.420000000000000000e+02
3.886000000000000000e+03 7.100000000000000000e+02
3.960000000000000000e+03 1.061000000000000000e+03
3.903000000000000000e+03 8.320000000000000000e+02
3.906000000000000000e+03 7.540000000000000000e+02
3.866000000000000000e+03 8.570000000000000000e+02
3.874000000000000000e+03 8.440000000000000000e+02
3.843000000000000000e+03 6.740000000000000000e+02
2.930000000000000000e+03 9.390000000000000000e+02
3.854000000000000000e+03 8.970000000000000000e+02
3.831000000000000000e+03 9.760000000000000000e+02
3.098000000000000000e+03 8.820000000000000000e+02
3.363000000000000000e+03 1.201000000000000000e+03
3.893000000000000000e+03 9.480000000000000000e+02
3.838000000000000000e+03 7.360000000000000000e+02
3.837000000000000000e+03 7.650000000000000000e+02
3.763000000000000000e+03 6.950000000000000000e+02
3.796000000000000000e+03 8.140000000000000000e+02
3.757000000000000000e+03 7.750000000000000000e+02
3.796000000000000000e+03 7.520000000000000000e+02
3.798000000000000000e+03 7.980000000000000000e+02
3.599000000000000000e+03 1.030000000000000000e+02
3.673000000000000000e+03 8.400000000000000000e+01
3.517000000000000000e+03 7.400000000000000000e+01
3.550000000000000000e+03 8.000000000000000000e+01
3.727000000000000000e+03 1.360000000000000000e+02
3.907000000000000000e+03 2.990000000000000000e+02
3.715000000000000000e+03 9.300000000000000000e+01
3.774000000000000000e+03 1.520000000000000000e+02
3.371000000000000000e+03 1.000000000000000000e+01
3.443000000000000000e+03 6.000000000000000000e+01
3.354000000000000000e+03 3.100000000000000000e+01
3.328000000000000000e+03 4.700000000000000000e+01
3.610000000000000000e+03 1.900000000000000000e+01
3.672000000000000000e+03 5.200000000000000000e+01
3.574000000000000000e+03 3.700000000000000000e+01
3.589000000000000000e+03 5.400000000000000000e+01
3.810000000000000000e+03 6.700000000000000000e+01
3.898000000000000000e+03 1.340000000000000000e+02
3.756000000000000000e+03 6.200000000000000000e+01
3.866000000000000000e+03 1.030000000000000000e+02
3.960000000000000000e+03 3.320000000000000000e+02
3.938000000000000000e+03 3.100000000000000000e+02
3.821000000000000000e+03 1.530000000000000000e+02
3.839000000000000000e+03 1.870000000000000000e+02
3.909000000000000000e+03 3.210000000000000000e+02
3.875000000000000000e+03 1.290000000000000000e+02
3.871000000000000000e+03 6.000000000000000000e+01
3.832000000000000000e+03 3.300000000000000000e+01
3.983000000000000000e+03 4.280000000000000000e+02
3.981000000000000000e+03 5.410000000000000000e+02
3.675000000000000000e+03 8.900000000000000000e+01
3.896000000000000000e+03 1.190000000000000000e+02
9.410000000000000000e+02 6.400000000000000000e+01
8.190000000000000000e+02 1.000000000000000000e+02
1.009000000000000000e+03 5.800000000000000000e+01
7.670000000000000000e+02 6.700000000000000000e+01
8.620000000000000000e+02 1.010000000000000000e+02
9.030000000000000000e+02 4.900000000000000000e+01
7.850000000000000000e+02 1.620000000000000000e+02
6.880000000000000000e+02 4.500000000000000000e+01
7.400000000000000000e+02 2.000000000000000000e+01
7.520000000000000000e+02 5.000000000000000000e+01
7.110000000000000000e+02 1.190000000000000000e+02
8.300000000000000000e+02 4.800000000000000000e+01
3.921000000000000000e+03 7.090000000000000000e+02
8.050000000000000000e+02 4.300000000000000000e+01
7.760000000000000000e+02 5.200000000000000000e+01
9.350000000000000000e+02 1.196000000000000000e+03
9.600000000000000000e+02 1.226000000000000000e+03
1.019000000000000000e+03 1.900000000000000000e+02
1.097000000000000000e+03 4.800000000000000000e+01
1.034000000000000000e+03 1.250000000000000000e+02
1.115000000000000000e+03 4.020000000000000000e+02
1.191000000000000000e+03 2.310000000000000000e+02
3.263000000000000000e+03 6.040000000000000000e+02
9.700000000000000000e+02 2.670000000000000000e+02
9.230000000000000000e+02 2.200000000000000000e+02
9.640000000000000000e+02 1.990000000000000000e+02
9.270000000000000000e+02 2.880000000000000000e+02
8.880000000000000000e+02 3.150000000000000000e+02
8.520000000000000000e+02 8.030000000000000000e+02
9.240000000000000000e+02 2.960000000000000000e+02
8.560000000000000000e+02 4.090000000000000000e+02
3.817000000000000000e+03 7.110000000000000000e+02
3.742000000000000000e+03 5.340000000000000000e+02
3.795000000000000000e+03 6.420000000000000000e+02
3.829000000000000000e+03 6.460000000000000000e+02
3.839000000000000000e+03 5.600000000000000000e+02
3.795000000000000000e+03 6.430000000000000000e+02
3.795000000000000000e+03 6.020000000000000000e+02
3.938000000000000000e+03 6.110000000000000000e+02
3.821000000000000000e+03 3.800000000000000000e+02
3.792000000000000000e+03 3.800000000000000000e+02
3.860000000000000000e+03 5.490000000000000000e+02
3.826000000000000000e+03 4.230000000000000000e+02
3.791000000000000000e+03 4.310000000000000000e+02
3.748000000000000000e+03 3.460000000000000000e+02
3.745000000000000000e+03 4.260000000000000000e+02
3.932000000000000000e+03 7.520000000000000000e+02
3.941000000000000000e+03 7.290000000000000000e+02
3.890000000000000000e+03 6.310000000000000000e+02
3.871000000000000000e+03 5.380000000000000000e+02
3.950000000000000000e+03 5.460000000000000000e+02
3.985000000000000000e+03 6.200000000000000000e+02
3.958000000000000000e+03 6.190000000000000000e+02
3.920000000000000000e+03 5.750000000000000000e+02
3.898000000000000000e+03 4.420000000000000000e+02
3.907000000000000000e+03 3.960000000000000000e+02
3.932000000000000000e+03 4.410000000000000000e+02
3.971000000000000000e+03 4.310000000000000000e+02
3.862000000000000000e+03 4.470000000000000000e+02
3.882000000000000000e+03 4.060000000000000000e+02
3.907000000000000000e+03 3.480000000000000000e+02
3.870000000000000000e+03 3.250000000000000000e+02
1.533000000000000000e+03 4.000000000000000000e+01
3.028000000000000000e+03 1.300000000000000000e+01
3.217000000000000000e+03 3.700000000000000000e+01
2.498000000000000000e+03 2.110000000000000000e+02
3.220000000000000000e+03 8.200000000000000000e+01
3.082000000000000000e+03 8.100000000000000000e+01
3.157000000000000000e+03 6.000000000000000000e+01
3.083000000000000000e+03 4.800000000000000000e+01
3.074000000000000000e+03 7.900000000000000000e+01
3.149000000000000000e+03 2.600000000000000000e+01
3.020000000000000000e+03 4.500000000000000000e+01
2.997000000000000000e+03 1.060000000000000000e+02
3.036000000000000000e+03 1.290000000000000000e+02
2.961000000000000000e+03 1.420000000000000000e+02
2.979000000000000000e+03 1.070000000000000000e+02
3.670000000000000000e+02 5.000000000000000000e+01
3.290000000000000000e+02 1.050000000000000000e+02
3.900000000000000000e+02 1.170000000000000000e+02
3.910000000000000000e+02 1.280000000000000000e+02
5.520000000000000000e+02 2.200000000000000000e+01
4.690000000000000000e+02 2.700000000000000000e+01
4.250000000000000000e+02 4.800000000000000000e+01
4.400000000000000000e+02 3.100000000000000000e+01
3.630000000000000000e+02 2.980000000000000000e+02
4.730000000000000000e+02 1.320000000000000000e+02
3.480000000000000000e+02 2.300000000000000000e+02
4.490000000000000000e+02 1.950000000000000000e+02
4.440000000000000000e+02 9.600000000000000000e+01
6.030000000000000000e+02 9.700000000000000000e+01
4.780000000000000000e+02 1.370000000000000000e+02
5.130000000000000000e+02 1.860000000000000000e+02
3.414000000000000000e+03 6.200000000000000000e+01
3.470000000000000000e+03 4.300000000000000000e+01
8.500000000000000000e+01 4.690000000000000000e+02
1.700000000000000000e+01 6.050000000000000000e+02
3.131000000000000000e+03 8.500000000000000000e+01
3.228000000000000000e+03 2.810000000000000000e+02
3.337000000000000000e+03 2.950000000000000000e+02
3.337000000000000000e+03 8.500000000000000000e+01
9.970000000000000000e+02 5.930000000000000000e+02
9.840000000000000000e+02 1.177000000000000000e+03
1.882000000000000000e+03 3.220000000000000000e+02
3.300000000000000000e+03 9.390000000000000000e+02
1.083000000000000000e+03 1.165000000000000000e+03
1.087000000000000000e+03 1.226000000000000000e+03
1.029000000000000000e+03 1.245000000000000000e+03
8.900000000000000000e+02 1.215000000000000000e+03
2.163000000000000000e+03 6.740000000000000000e+02
1.686000000000000000e+03 5.430000000000000000e+02
2.704000000000000000e+03 3.540000000000000000e+02
2.279000000000000000e+03 5.140000000000000000e+02
1.810000000000000000e+02 4.860000000000000000e+02
9.780000000000000000e+02 7.680000000000000000e+02
2.241000000000000000e+03 2.840000000000000000e+02
2.966000000000000000e+03 7.300000000000000000e+02
2.460000000000000000e+02 4.040000000000000000e+02
3.500000000000000000e+01 6.370000000000000000e+02
2.348000000000000000e+03 4.130000000000000000e+02
3.022000000000000000e+03 1.560000000000000000e+02
4.710000000000000000e+02 2.470000000000000000e+02
5.080000000000000000e+02 2.760000000000000000e+02
5.100000000000000000e+02 2.430000000000000000e+02
3.690000000000000000e+02 2.750000000000000000e+02
3.795000000000000000e+03 1.180000000000000000e+03
3.780000000000000000e+03 1.163000000000000000e+03
3.770000000000000000e+03 1.207000000000000000e+03
3.948000000000000000e+03 1.125000000000000000e+03
3.888000000000000000e+03 1.131000000000000000e+03
3.836000000000000000e+03 1.154000000000000000e+03
3.854000000000000000e+03 1.125000000000000000e+03
3.752000000000000000e+03 1.016000000000000000e+03
3.746000000000000000e+03 9.220000000000000000e+02
3.777000000000000000e+03 8.420000000000000000e+02
3.770000000000000000e+03 8.690000000000000000e+02
3.794000000000000000e+03 9.870000000000000000e+02
3.899000000000000000e+03 1.086000000000000000e+03
3.802000000000000000e+03 9.030000000000000000e+02
3.631000000000000000e+03 8.130000000000000000e+02
3.378000000000000000e+03 1.280000000000000000e+03
3.637000000000000000e+03 1.235000000000000000e+03
3.328000000000000000e+03 1.264000000000000000e+03
3.334000000000000000e+03 1.201000000000000000e+03
3.833000000000000000e+03 1.190000000000000000e+03
3.386000000000000000e+03 1.188000000000000000e+03
3.421000000000000000e+03 1.225000000000000000e+03
3.722000000000000000e+03 1.205000000000000000e+03
3.882000000000000000e+03 1.104000000000000000e+03
3.764000000000000000e+03 1.089000000000000000e+03
3.671000000000000000e+03 8.050000000000000000e+02
3.538000000000000000e+03 1.189000000000000000e+03
3.643000000000000000e+03 1.190000000000000000e+03
3.729000000000000000e+03 1.124000000000000000e+03
3.453000000000000000e+03 1.218000000000000000e+03
3.800000000000000000e+03 1.153000000000000000e+03
3.291000000000000000e+03 1.053000000000000000e+03
3.403000000000000000e+03 1.108000000000000000e+03
3.524000000000000000e+03 1.249000000000000000e+03
3.663000000000000000e+03 1.220000000000000000e+03
3.713000000000000000e+03 1.208000000000000000e+03
3.576000000000000000e+03 1.208000000000000000e+03
3.569000000000000000e+03 1.227000000000000000e+03
3.614000000000000000e+03 1.315000000000000000e+03
3.767000000000000000e+03 1.295000000000000000e+03
3.600000000000000000e+03 1.297000000000000000e+03
3.557000000000000000e+03 1.320000000000000000e+03
3.446000000000000000e+03 1.284000000000000000e+03
3.212000000000000000e+03 1.244000000000000000e+03
3.299000000000000000e+03 1.277000000000000000e+03
3.365000000000000000e+03 1.268000000000000000e+03
3.983000000000000000e+03 1.744000000000000000e+03
3.941000000000000000e+03 1.661000000000000000e+03
2.242000000000000000e+03 2.062000000000000000e+03
3.980000000000000000e+03 1.688000000000000000e+03
3.739000000000000000e+03 1.647000000000000000e+03
3.883000000000000000e+03 1.504000000000000000e+03
3.242000000000000000e+03 1.282000000000000000e+03
3.655000000000000000e+03 1.582000000000000000e+03
3.567000000000000000e+03 1.744000000000000000e+03
3.272000000000000000e+03 1.585000000000000000e+03
3.351000000000000000e+03 1.418000000000000000e+03
2.857000000000000000e+03 1.989000000000000000e+03
2.526000000000000000e+03 1.841000000000000000e+03
2.587000000000000000e+03 1.942000000000000000e+03
2.371000000000000000e+03 2.035000000000000000e+03
2.382000000000000000e+03 2.014000000000000000e+03
1.928000000000000000e+03 1.298000000000000000e+03
1.952000000000000000e+03 1.315000000000000000e+03
2.060000000000000000e+03 1.316000000000000000e+03
1.863000000000000000e+03 1.403000000000000000e+03
2.106000000000000000e+03 1.774000000000000000e+03
1.534000000000000000e+03 8.940000000000000000e+02
1.492000000000000000e+03 1.939000000000000000e+03
1.837000000000000000e+03 1.304000000000000000e+03
1.757000000000000000e+03 1.313000000000000000e+03
1.582000000000000000e+03 1.353000000000000000e+03
1.593000000000000000e+03 1.387000000000000000e+03
2.039000000000000000e+03 1.858000000000000000e+03
1.993000000000000000e+03 1.669000000000000000e+03
2.014000000000000000e+03 2.134000000000000000e+03
2.224000000000000000e+03 1.927000000000000000e+03
3.811000000000000000e+03 1.381000000000000000e+03
3.359000000000000000e+03 1.318000000000000000e+03
2.743000000000000000e+03 1.324000000000000000e+03
2.175000000000000000e+03 1.329000000000000000e+03
1.805000000000000000e+03 1.277000000000000000e+03
2.781000000000000000e+03 1.288000000000000000e+03
3.326000000000000000e+03 1.402000000000000000e+03
3.349000000000000000e+03 1.348000000000000000e+03
3.406000000000000000e+03 1.345000000000000000e+03
3.482000000000000000e+03 1.365000000000000000e+03
8.070000000000000000e+02 1.223000000000000000e+03
2.248000000000000000e+03 1.333000000000000000e+03
8.280000000000000000e+02 1.266000000000000000e+03
6.360000000000000000e+02 1.246000000000000000e+03
6.450000000000000000e+02 1.309000000000000000e+03
6.100000000000000000e+02 1.302000000000000000e+03
1.188000000000000000e+03 1.312000000000000000e+03
1.057000000000000000e+03 1.323000000000000000e+03
1.860000000000000000e+03 1.264000000000000000e+03
3.078000000000000000e+03 1.221000000000000000e+03
1.010000000000000000e+03 1.316000000000000000e+03
1.050000000000000000e+03 1.330000000000000000e+03
1.400000000000000000e+03 1.262000000000000000e+03
2.383000000000000000e+03 1.244000000000000000e+03
5.840000000000000000e+02 1.292000000000000000e+03
8.400000000000000000e+02 1.332000000000000000e+03
5.640000000000000000e+02 1.328000000000000000e+03
6.120000000000000000e+02 1.335000000000000000e+03
9.460000000000000000e+02 1.287000000000000000e+03
9.700000000000000000e+02 1.312000000000000000e+03
1.032000000000000000e+03 1.261000000000000000e+03
2.046000000000000000e+03 1.107000000000000000e+03
7.890000000000000000e+02 1.260000000000000000e+03
7.490000000000000000e+02 1.276000000000000000e+03
7.260000000000000000e+02 1.323000000000000000e+03
8.200000000000000000e+02 1.289000000000000000e+03
5.810000000000000000e+02 1.190000000000000000e+03
7.660000000000000000e+02 1.212000000000000000e+03
7.610000000000000000e+02 1.286000000000000000e+03
7.310000000000000000e+02 1.116000000000000000e+03
7.750000000000000000e+02 1.310000000000000000e+03
9.720000000000000000e+02 8.620000000000000000e+02
7.250000000000000000e+02 1.227000000000000000e+03
5.990000000000000000e+02 1.211000000000000000e+03
5.200000000000000000e+02 1.260000000000000000e+03
4.950000000000000000e+02 1.257000000000000000e+03
4.930000000000000000e+02 1.289000000000000000e+03
4.750000000000000000e+02 1.281000000000000000e+03
8.000000000000000000e+01 1.733000000000000000e+03
1.020000000000000000e+02 1.742000000000000000e+03
6.000000000000000000e+01 1.989000000000000000e+03
4.020000000000000000e+02 1.289000000000000000e+03
8.500000000000000000e+01 1.677000000000000000e+03
3.720000000000000000e+02 1.280000000000000000e+03
8.700000000000000000e+01 1.726000000000000000e+03
2.230000000000000000e+02 1.314000000000000000e+03
2.200000000000000000e+02 1.227000000000000000e+03
2.330000000000000000e+02 1.220000000000000000e+03
2.770000000000000000e+02 1.227000000000000000e+03
2.960000000000000000e+02 1.197000000000000000e+03
3.410000000000000000e+02 1.218000000000000000e+03
3.850000000000000000e+02 1.228000000000000000e+03
3.270000000000000000e+02 1.265000000000000000e+03
2.050000000000000000e+02 1.609000000000000000e+03
4.220000000000000000e+02 1.400000000000000000e+03
1.320000000000000000e+02 1.542000000000000000e+03
4.290000000000000000e+02 1.330000000000000000e+03
4.190000000000000000e+02 1.305000000000000000e+03
4.590000000000000000e+02 1.238000000000000000e+03
3.770000000000000000e+02 1.273000000000000000e+03
4.140000000000000000e+02 1.195000000000000000e+03
8.900000000000000000e+01 1.264000000000000000e+03
1.410000000000000000e+02 1.226000000000000000e+03
1.690000000000000000e+02 1.173000000000000000e+03
1.720000000000000000e+02 1.178000000000000000e+03
4.820000000000000000e+02 1.296000000000000000e+03
2.970000000000000000e+02 1.263000000000000000e+03
2.630000000000000000e+02 1.343000000000000000e+03
1.500000000000000000e+02 1.399000000000000000e+03
1.944000000000000000e+03 1.484000000000000000e+03
1.582000000000000000e+03 1.328000000000000000e+03
1.275000000000000000e+03 1.387000000000000000e+03
5.900000000000000000e+01 1.421000000000000000e+03
7.400000000000000000e+01 1.412000000000000000e+03
8.100000000000000000e+01 1.302000000000000000e+03
5.200000000000000000e+01 1.380000000000000000e+03
1.652000000000000000e+03 1.150000000000000000e+02
1.810000000000000000e+03 2.780000000000000000e+02
1.055000000000000000e+03 9.870000000000000000e+02
1.849000000000000000e+03 2.860000000000000000e+02
4.200000000000000000e+01 1.667000000000000000e+03
2.900000000000000000e+01 1.639000000000000000e+03
1.900000000000000000e+01 1.742000000000000000e+03
1.600000000000000000e+01 1.738000000000000000e+03
1.641000000000000000e+03 2.700000000000000000e+01
1.716000000000000000e+03 3.200000000000000000e+01
1.736000000000000000e+03 2.100000000000000000e+01
1.803000000000000000e+03 3.000000000000000000e+01
1.882000000000000000e+03 2.100000000000000000e+01
1.906000000000000000e+03 2.900000000000000000e+01
1.819000000000000000e+03 1.900000000000000000e+01
1.838000000000000000e+03 1.000000000000000000e+01
1.754000000000000000e+03 6.800000000000000000e+01
1.800000000000000000e+03 6.700000000000000000e+01
1.856000000000000000e+03 7.000000000000000000e+01
1.803000000000000000e+03 1.070000000000000000e+02
1.659000000000000000e+03 9.500000000000000000e+01
1.670000000000000000e+03 8.000000000000000000e+01
1.722000000000000000e+03 1.130000000000000000e+02
1.613000000000000000e+03 1.160000000000000000e+02
1.558000000000000000e+03 1.548000000000000000e+03
1.469000000000000000e+03 2.320000000000000000e+02
2.051000000000000000e+03 9.980000000000000000e+02
1.172000000000000000e+03 1.170000000000000000e+02
1.146000000000000000e+03 2.700000000000000000e+01
1.220000000000000000e+03 2.600000000000000000e+01
1.466000000000000000e+03 4.610000000000000000e+02
1.380000000000000000e+02 1.064000000000000000e+03
1.350000000000000000e+02 1.015000000000000000e+03
1.660000000000000000e+02 1.025000000000000000e+03
1.760000000000000000e+02 1.037000000000000000e+03
1.510000000000000000e+02 1.090000000000000000e+03
7.130000000000000000e+02 1.073000000000000000e+03
1.560000000000000000e+02 1.165000000000000000e+03
1.840000000000000000e+02 1.089000000000000000e+03
1.463000000000000000e+03 8.200000000000000000e+01
1.391000000000000000e+03 7.800000000000000000e+01
1.568000000000000000e+03 8.300000000000000000e+01
1.490000000000000000e+03 8.200000000000000000e+01
1.411000000000000000e+03 2.200000000000000000e+01
1.490000000000000000e+03 2.600000000000000000e+01
1.586000000000000000e+03 5.100000000000000000e+01
1.564000000000000000e+03 2.500000000000000000e+01
1.377000000000000000e+03 1.000000000000000000e+02
1.248000000000000000e+03 5.800000000000000000e+01
1.349000000000000000e+03 7.000000000000000000e+01
1.364000000000000000e+03 4.500000000000000000e+01
1.344000000000000000e+03 7.600000000000000000e+01
1.181000000000000000e+03 1.240000000000000000e+02
1.473000000000000000e+03 1.290000000000000000e+02
1.415000000000000000e+03 1.070000000000000000e+02
2.060000000000000000e+02 5.780000000000000000e+02
5.280000000000000000e+02 5.240000000000000000e+02
1.500000000000000000e+02 5.720000000000000000e+02
1.460000000000000000e+02 5.750000000000000000e+02
1.600000000000000000e+02 5.930000000000000000e+02
1.710000000000000000e+02 5.550000000000000000e+02
2.530000000000000000e+02 5.870000000000000000e+02
8.080000000000000000e+02 4.350000000000000000e+02
1.570000000000000000e+02 4.370000000000000000e+02
1.240000000000000000e+02 4.310000000000000000e+02
9.800000000000000000e+01 4.270000000000000000e+02
2.110000000000000000e+02 8.550000000000000000e+02
6.200000000000000000e+01 5.600000000000000000e+02
1.510000000000000000e+02 4.950000000000000000e+02
1.720000000000000000e+02 4.750000000000000000e+02
1.310000000000000000e+02 4.800000000000000000e+02
3.500000000000000000e+01 3.840000000000000000e+02
8.000000000000000000e+00 1.317000000000000000e+03
1.500000000000000000e+01 4.430000000000000000e+02
2.300000000000000000e+01 4.120000000000000000e+02
9.000000000000000000e+01 4.070000000000000000e+02
6.200000000000000000e+01 3.660000000000000000e+02
5.500000000000000000e+01 8.120000000000000000e+02
1.200000000000000000e+01 7.920000000000000000e+02
4.800000000000000000e+01 1.126000000000000000e+03
3.000000000000000000e+01 1.137000000000000000e+03
1.000000000000000000e+01 1.106000000000000000e+03
1.300000000000000000e+01 1.014000000000000000e+03
1.390000000000000000e+02 1.122000000000000000e+03
2.480000000000000000e+02 1.180000000000000000e+03
7.300000000000000000e+01 1.090000000000000000e+03
9.600000000000000000e+01 1.119000000000000000e+03
8.000000000000000000e+01 1.818000000000000000e+03
3.100000000000000000e+01 1.442000000000000000e+03
4.200000000000000000e+01 1.474000000000000000e+03
4.500000000000000000e+01 1.536000000000000000e+03
3.700000000000000000e+01 1.593000000000000000e+03
7.200000000000000000e+01 1.683000000000000000e+03
6.700000000000000000e+01 1.623000000000000000e+03
1.120000000000000000e+02 1.879000000000000000e+03
9.900000000000000000e+01 1.968000000000000000e+03
6.400000000000000000e+01 1.913000000000000000e+03
2.600000000000000000e+01 1.832000000000000000e+03
3.100000000000000000e+01 1.870000000000000000e+03
1.040000000000000000e+02 1.848000000000000000e+03
5.800000000000000000e+01 1.837000000000000000e+03
7.800000000000000000e+01 1.808000000000000000e+03
6.400000000000000000e+01 2.124000000000000000e+03
5.900000000000000000e+02 2.576000000000000000e+03
6.600000000000000000e+01 2.236000000000000000e+03
5.300000000000000000e+01 2.173000000000000000e+03
5.000000000000000000e+01 2.242000000000000000e+03
6.100000000000000000e+01 2.279000000000000000e+03
8.100000000000000000e+01 2.362000000000000000e+03
6.900000000000000000e+01 2.356000000000000000e+03
3.300000000000000000e+01 2.338000000000000000e+03
1.600000000000000000e+01 2.208000000000000000e+03
1.600000000000000000e+01 2.355000000000000000e+03
2.800000000000000000e+01 2.391000000000000000e+03
2.400000000000000000e+01 1.798000000000000000e+03
4.000000000000000000e+01 1.728000000000000000e+03
1.500000000000000000e+01 2.091000000000000000e+03
2.100000000000000000e+01 2.136000000000000000e+03
9.900000000000000000e+01 2.859000000000000000e+03
2.130000000000000000e+02 2.875000000000000000e+03
2.060000000000000000e+02 2.822000000000000000e+03
1.850000000000000000e+02 2.912000000000000000e+03
1.650000000000000000e+02 2.943000000000000000e+03
9.300000000000000000e+01 2.889000000000000000e+03
1.550000000000000000e+02 2.967000000000000000e+03
6.900000000000000000e+01 2.982000000000000000e+03
5.500000000000000000e+01 2.951000000000000000e+03
8.600000000000000000e+01 2.869000000000000000e+03
8.400000000000000000e+01 2.906000000000000000e+03
1.490000000000000000e+02 2.611000000000000000e+03
1.290000000000000000e+02 2.614000000000000000e+03
1.260000000000000000e+02 2.663000000000000000e+03
1.030000000000000000e+02 2.825000000000000000e+03
1.390000000000000000e+02 2.725000000000000000e+03
1.220000000000000000e+02 2.730000000000000000e+03
1.590000000000000000e+02 2.807000000000000000e+03
1.370000000000000000e+02 2.766000000000000000e+03
7.300000000000000000e+01 2.751000000000000000e+03
8.900000000000000000e+01 2.711000000000000000e+03
3.200000000000000000e+01 2.765000000000000000e+03
3.000000000000000000e+01 2.641000000000000000e+03
3.600000000000000000e+01 2.736000000000000000e+03
1.090000000000000000e+02 2.535000000000000000e+03
1.260000000000000000e+02 2.603000000000000000e+03
1.210000000000000000e+02 2.539000000000000000e+03
3.500000000000000000e+01 2.508000000000000000e+03
3.000000000000000000e+01 2.605000000000000000e+03
7.200000000000000000e+01 2.555000000000000000e+03
5.700000000000000000e+01 2.528000000000000000e+03
5.570000000000000000e+02 2.750000000000000000e+03
2.500000000000000000e+01 2.799000000000000000e+03
2.100000000000000000e+01 2.797000000000000000e+03
1.140000000000000000e+02 2.819000000000000000e+03
7.100000000000000000e+01 2.837000000000000000e+03
2.800000000000000000e+01 3.023000000000000000e+03
3.400000000000000000e+01 2.942000000000000000e+03
5.780000000000000000e+02 2.478000000000000000e+03
6.550000000000000000e+02 2.467000000000000000e+03
5.000000000000000000e+02 2.452000000000000000e+03
5.580000000000000000e+02 2.450000000000000000e+03
2.550000000000000000e+02 2.450000000000000000e+03
2.750000000000000000e+02 2.445000000000000000e+03
3.860000000000000000e+02 2.590000000000000000e+03
2.260000000000000000e+02 2.470000000000000000e+03
2.500000000000000000e+01 3.344000000000000000e+03
2.300000000000000000e+01 3.283000000000000000e+03
3.100000000000000000e+01 3.172000000000000000e+03
3.000000000000000000e+01 3.178000000000000000e+03
8.800000000000000000e+01 3.270000000000000000e+03
1.140000000000000000e+02 3.252000000000000000e+03
1.090000000000000000e+02 3.195000000000000000e+03
1.290000000000000000e+02 3.235000000000000000e+03
1.570000000000000000e+02 3.053000000000000000e+03
1.770000000000000000e+02 3.097000000000000000e+03
9.000000000000000000e+01 3.053000000000000000e+03
1.180000000000000000e+02 3.040000000000000000e+03
5.100000000000000000e+01 3.098000000000000000e+03
2.100000000000000000e+01 3.097000000000000000e+03
1.060000000000000000e+02 3.127000000000000000e+03
1.210000000000000000e+02 3.160000000000000000e+03
3.270000000000000000e+02 2.340000000000000000e+03
3.840000000000000000e+02 2.377000000000000000e+03
2.590000000000000000e+02 2.164000000000000000e+03
3.800000000000000000e+02 2.447000000000000000e+03
7.760000000000000000e+02 2.446000000000000000e+03
7.170000000000000000e+02 2.450000000000000000e+03
9.030000000000000000e+02 2.451000000000000000e+03
8.300000000000000000e+02 2.450000000000000000e+03
1.200000000000000000e+02 1.351000000000000000e+03
1.230000000000000000e+02 1.507000000000000000e+03
1.210000000000000000e+02 1.568000000000000000e+03
1.350000000000000000e+02 1.431000000000000000e+03
1.790000000000000000e+02 1.267000000000000000e+03
1.270000000000000000e+02 1.340000000000000000e+03
1.910000000000000000e+02 1.333000000000000000e+03
2.300000000000000000e+02 1.309000000000000000e+03
9.400000000000000000e+01 2.083000000000000000e+03
1.660000000000000000e+02 2.125000000000000000e+03
1.027000000000000000e+03 2.254000000000000000e+03
1.940000000000000000e+02 2.164000000000000000e+03
1.080000000000000000e+02 2.162000000000000000e+03
9.200000000000000000e+01 2.183000000000000000e+03
9.400000000000000000e+01 2.316000000000000000e+03
2.540000000000000000e+02 2.187000000000000000e+03
6.440000000000000000e+02 2.286000000000000000e+03
1.006000000000000000e+03 2.466000000000000000e+03
7.540000000000000000e+02 2.347000000000000000e+03
9.410000000000000000e+02 2.409000000000000000e+03
4.600000000000000000e+01 2.003000000000000000e+03
1.080000000000000000e+02 2.060000000000000000e+03
1.180000000000000000e+02 2.433000000000000000e+03
8.500000000000000000e+01 2.287000000000000000e+03
2.090000000000000000e+02 2.517000000000000000e+03
1.790000000000000000e+02 2.496000000000000000e+03
1.700000000000000000e+02 2.557000000000000000e+03
3.390000000000000000e+02 2.546000000000000000e+03
3.010000000000000000e+02 2.540000000000000000e+03
2.910000000000000000e+02 2.639000000000000000e+03
3.900000000000000000e+02 2.791000000000000000e+03
4.620000000000000000e+02 2.512000000000000000e+03
4.810000000000000000e+02 2.504000000000000000e+03
5.160000000000000000e+02 2.549000000000000000e+03
4.440000000000000000e+02 2.548000000000000000e+03
4.020000000000000000e+02 2.529000000000000000e+03
3.700000000000000000e+02 2.507000000000000000e+03
2.020000000000000000e+02 2.660000000000000000e+03
1.470000000000000000e+02 2.648000000000000000e+03
4.800000000000000000e+02 2.994000000000000000e+03
2.150000000000000000e+02 2.789000000000000000e+03
2.840000000000000000e+02 2.856000000000000000e+03
2.730000000000000000e+02 2.919000000000000000e+03
2.650000000000000000e+02 3.067000000000000000e+03
2.760000000000000000e+02 3.024000000000000000e+03
1.019000000000000000e+03 3.411000000000000000e+03
2.470000000000000000e+02 3.005000000000000000e+03
3.800000000000000000e+02 2.672000000000000000e+03
2.130000000000000000e+02 2.620000000000000000e+03
2.770000000000000000e+02 2.744000000000000000e+03
2.230000000000000000e+02 2.707000000000000000e+03
2.420000000000000000e+02 2.820000000000000000e+03
1.087000000000000000e+03 3.175000000000000000e+03
1.991000000000000000e+03 3.509000000000000000e+03
1.170000000000000000e+03 3.258000000000000000e+03
1.600000000000000000e+03 3.974000000000000000e+03
1.493000000000000000e+03 3.948000000000000000e+03
1.465000000000000000e+03 3.762000000000000000e+03
1.714000000000000000e+03 3.950000000000000000e+03
1.768000000000000000e+03 3.972000000000000000e+03
1.675000000000000000e+03 3.945000000000000000e+03
1.614000000000000000e+03 3.950000000000000000e+03
1.468000000000000000e+03 3.889000000000000000e+03
1.520000000000000000e+03 3.878000000000000000e+03
1.538000000000000000e+03 3.906000000000000000e+03
1.542000000000000000e+03 3.961000000000000000e+03
1.614000000000000000e+03 3.890000000000000000e+03
1.612000000000000000e+03 3.900000000000000000e+03
1.754000000000000000e+03 3.937000000000000000e+03
1.667000000000000000e+03 3.886000000000000000e+03
1.425000000000000000e+03 3.759000000000000000e+03
1.380000000000000000e+03 3.892000000000000000e+03
1.276000000000000000e+03 3.857000000000000000e+03
1.395000000000000000e+03 3.876000000000000000e+03
1.258000000000000000e+03 3.901000000000000000e+03
1.241000000000000000e+03 3.920000000000000000e+03
1.331000000000000000e+03 3.907000000000000000e+03
1.235000000000000000e+03 3.844000000000000000e+03
1.202000000000000000e+03 3.909000000000000000e+03
1.103000000000000000e+03 3.859000000000000000e+03
1.327000000000000000e+03 3.924000000000000000e+03
1.354000000000000000e+03 3.929000000000000000e+03
6.760000000000000000e+02 3.390000000000000000e+03
1.061000000000000000e+03 3.911000000000000000e+03
1.034000000000000000e+03 3.635000000000000000e+03
1.082000000000000000e+03 3.922000000000000000e+03
6.550000000000000000e+02 3.861000000000000000e+03
7.840000000000000000e+02 3.915000000000000000e+03
7.980000000000000000e+02 3.344000000000000000e+03
6.560000000000000000e+02 3.928000000000000000e+03
4.970000000000000000e+02 3.686000000000000000e+03
6.560000000000000000e+02 3.943000000000000000e+03
6.370000000000000000e+02 3.961000000000000000e+03
2.390000000000000000e+02 3.350000000000000000e+03
2.320000000000000000e+02 3.343000000000000000e+03
2.810000000000000000e+02 3.370000000000000000e+03
2.590000000000000000e+02 3.407000000000000000e+03
7.200000000000000000e+01 3.326000000000000000e+03
1.640000000000000000e+02 3.334000000000000000e+03
2.280000000000000000e+02 3.307000000000000000e+03
2.660000000000000000e+02 3.413000000000000000e+03
6.590000000000000000e+02 3.809000000000000000e+03
1.140000000000000000e+02 3.354000000000000000e+03
4.980000000000000000e+02 3.785000000000000000e+03
5.080000000000000000e+02 3.614000000000000000e+03
4.950000000000000000e+02 3.777000000000000000e+03
4.290000000000000000e+02 3.859000000000000000e+03
7.220000000000000000e+02 3.894000000000000000e+03
6.440000000000000000e+02 3.803000000000000000e+03
1.820000000000000000e+02 3.542000000000000000e+03
1.950000000000000000e+02 3.510000000000000000e+03
1.190000000000000000e+02 3.419000000000000000e+03
1.650000000000000000e+02 3.399000000000000000e+03
1.300000000000000000e+02 3.417000000000000000e+03
5.800000000000000000e+01 3.439000000000000000e+03
1.690000000000000000e+02 3.464000000000000000e+03
1.240000000000000000e+02 3.426000000000000000e+03
1.447000000000000000e+03 3.917000000000000000e+03
1.367000000000000000e+03 3.213000000000000000e+03
1.338000000000000000e+03 3.967000000000000000e+03
1.285000000000000000e+03 3.885000000000000000e+03
1.136000000000000000e+03 3.969000000000000000e+03
1.174000000000000000e+03 3.970000000000000000e+03
1.262000000000000000e+03 3.969000000000000000e+03
1.223000000000000000e+03 3.970000000000000000e+03
9.390000000000000000e+02 3.955000000000000000e+03
8.020000000000000000e+02 3.771000000000000000e+03
8.770000000000000000e+02 3.839000000000000000e+03
9.290000000000000000e+02 3.949000000000000000e+03
1.079000000000000000e+03 3.980000000000000000e+03
1.090000000000000000e+03 3.959000000000000000e+03
8.400000000000000000e+02 3.402000000000000000e+03
1.017000000000000000e+03 3.959000000000000000e+03
3.900000000000000000e+01 3.591000000000000000e+03
6.400000000000000000e+01 3.555000000000000000e+03
9.400000000000000000e+01 3.529000000000000000e+03
6.100000000000000000e+01 3.536000000000000000e+03
1.220000000000000000e+02 3.582000000000000000e+03
1.090000000000000000e+02 3.606000000000000000e+03
1.440000000000000000e+02 3.589000000000000000e+03
1.400000000000000000e+02 3.571000000000000000e+03
8.700000000000000000e+01 2.850000000000000000e+03
3.800000000000000000e+01 2.750000000000000000e+03
3.110000000000000000e+02 2.762000000000000000e+03
8.300000000000000000e+01 2.670000000000000000e+03
2.570000000000000000e+02 3.202000000000000000e+03
2.900000000000000000e+01 3.416000000000000000e+03
3.220000000000000000e+02 3.276000000000000000e+03
2.300000000000000000e+01 3.374000000000000000e+03
1.763000000000000000e+03 3.954000000000000000e+03
2.239000000000000000e+03 3.895000000000000000e+03
2.241000000000000000e+03 3.919000000000000000e+03
2.107000000000000000e+03 3.839000000000000000e+03
2.127000000000000000e+03 3.848000000000000000e+03
2.166000000000000000e+03 3.896000000000000000e+03
2.142000000000000000e+03 3.888000000000000000e+03
1.904000000000000000e+03 3.912000000000000000e+03
1.829000000000000000e+03 3.908000000000000000e+03
1.926000000000000000e+03 3.968000000000000000e+03
2.200000000000000000e+03 3.879000000000000000e+03
1.857000000000000000e+03 3.865000000000000000e+03
1.795000000000000000e+03 3.914000000000000000e+03
1.743000000000000000e+03 3.886000000000000000e+03
1.763000000000000000e+03 3.916000000000000000e+03
2.149000000000000000e+03 3.917000000000000000e+03
2.258000000000000000e+03 3.941000000000000000e+03
2.427000000000000000e+03 3.654000000000000000e+03
2.297000000000000000e+03 3.911000000000000000e+03
2.333000000000000000e+03 3.814000000000000000e+03
1.825000000000000000e+03 3.984000000000000000e+03
2.113000000000000000e+03 3.957000000000000000e+03
2.047000000000000000e+03 3.968000000000000000e+03
2.018000000000000000e+03 3.926000000000000000e+03
2.011000000000000000e+03 3.933000000000000000e+03
2.066000000000000000e+03 3.891000000000000000e+03
2.087000000000000000e+03 3.913000000000000000e+03
1.969000000000000000e+03 3.863000000000000000e+03
2.030000000000000000e+03 3.859000000000000000e+03
1.916000000000000000e+03 3.912000000000000000e+03
1.949000000000000000e+03 3.866000000000000000e+03
2.392000000000000000e+03 3.798000000000000000e+03
2.334000000000000000e+03 3.582000000000000000e+03
2.357000000000000000e+03 3.775000000000000000e+03
2.143000000000000000e+03 3.767000000000000000e+03
2.161000000000000000e+03 3.788000000000000000e+03
2.085000000000000000e+03 3.787000000000000000e+03
2.087000000000000000e+03 3.800000000000000000e+03
2.306000000000000000e+03 3.838000000000000000e+03
2.267000000000000000e+03 3.868000000000000000e+03
2.325000000000000000e+03 3.817000000000000000e+03
2.250000000000000000e+03 3.805000000000000000e+03
2.217000000000000000e+03 3.846000000000000000e+03
2.132000000000000000e+03 3.909000000000000000e+03
2.203000000000000000e+03 3.804000000000000000e+03
2.142000000000000000e+03 3.861000000000000000e+03
2.445000000000000000e+03 3.833000000000000000e+03
2.456000000000000000e+03 3.881000000000000000e+03
2.421000000000000000e+03 3.837000000000000000e+03
2.825000000000000000e+03 3.582000000000000000e+03
2.461000000000000000e+03 3.932000000000000000e+03
2.476000000000000000e+03 3.945000000000000000e+03
2.464000000000000000e+03 3.944000000000000000e+03
2.501000000000000000e+03 3.926000000000000000e+03
2.367000000000000000e+03 3.893000000000000000e+03
2.401000000000000000e+03 3.855000000000000000e+03
2.429000000000000000e+03 3.911000000000000000e+03
2.415000000000000000e+03 3.888000000000000000e+03
2.251000000000000000e+03 3.966000000000000000e+03
2.372000000000000000e+03 3.951000000000000000e+03
2.445000000000000000e+03 3.947000000000000000e+03
2.433000000000000000e+03 3.969000000000000000e+03
3.769000000000000000e+03 2.757000000000000000e+03
3.760000000000000000e+03 2.593000000000000000e+03
3.960000000000000000e+03 2.341000000000000000e+03
3.764000000000000000e+03 2.510000000000000000e+03
3.907000000000000000e+03 2.359000000000000000e+03
3.932000000000000000e+03 2.416000000000000000e+03
3.928000000000000000e+03 2.453000000000000000e+03
3.957000000000000000e+03 2.553000000000000000e+03
3.820000000000000000e+03 3.479000000000000000e+03
3.760000000000000000e+03 3.776000000000000000e+03
3.752000000000000000e+03 3.790000000000000000e+03
3.846000000000000000e+03 3.763000000000000000e+03
3.885000000000000000e+03 3.712000000000000000e+03
3.895000000000000000e+03 3.756000000000000000e+03
3.821000000000000000e+03 3.813000000000000000e+03
3.824000000000000000e+03 2.597000000000000000e+03
3.804000000000000000e+03 2.541000000000000000e+03
3.870000000000000000e+03 2.528000000000000000e+03
3.799000000000000000e+03 2.520000000000000000e+03
3.854000000000000000e+03 2.637000000000000000e+03
3.906000000000000000e+03 2.501000000000000000e+03
3.281000000000000000e+03 3.745000000000000000e+03
3.789000000000000000e+03 2.319000000000000000e+03
3.463000000000000000e+03 3.763000000000000000e+03
3.341000000000000000e+03 3.576000000000000000e+03
3.403000000000000000e+03 3.776000000000000000e+03
3.434000000000000000e+03 3.636000000000000000e+03
3.673000000000000000e+03 3.776000000000000000e+03
3.630000000000000000e+03 3.802000000000000000e+03
3.661000000000000000e+03 3.634000000000000000e+03
3.557000000000000000e+03 3.803000000000000000e+03
3.908000000000000000e+03 3.244000000000000000e+03
3.069000000000000000e+03 2.852000000000000000e+03
3.909000000000000000e+03 3.236000000000000000e+03
3.722000000000000000e+03 3.182000000000000000e+03
3.539000000000000000e+03 2.979000000000000000e+03
3.963000000000000000e+03 3.309000000000000000e+03
2.491000000000000000e+03 3.371000000000000000e+03
3.941000000000000000e+03 3.351000000000000000e+03
2.296000000000000000e+03 3.271000000000000000e+03
3.116000000000000000e+03 3.498000000000000000e+03
2.339000000000000000e+03 3.183000000000000000e+03
2.483000000000000000e+03 3.218000000000000000e+03
2.293000000000000000e+03 3.297000000000000000e+03
2.544000000000000000e+03 3.452000000000000000e+03
2.287000000000000000e+03 3.720000000000000000e+03
2.280000000000000000e+03 3.438000000000000000e+03
2.268000000000000000e+03 3.523000000000000000e+03
2.233000000000000000e+03 3.669000000000000000e+03
2.239000000000000000e+03 3.576000000000000000e+03
2.172000000000000000e+03 3.688000000000000000e+03
2.193000000000000000e+03 3.663000000000000000e+03
2.183000000000000000e+03 3.718000000000000000e+03
2.240000000000000000e+03 3.647000000000000000e+03
2.274000000000000000e+03 3.642000000000000000e+03
3.540000000000000000e+03 3.387000000000000000e+03
3.536000000000000000e+03 3.478000000000000000e+03
2.318000000000000000e+03 3.575000000000000000e+03
2.326000000000000000e+03 3.495000000000000000e+03
2.343000000000000000e+03 3.637000000000000000e+03
2.339000000000000000e+03 3.643000000000000000e+03
2.257000000000000000e+03 3.734000000000000000e+03
2.303000000000000000e+03 3.721000000000000000e+03
3.863000000000000000e+03 2.270000000000000000e+03
3.823000000000000000e+03 2.212000000000000000e+03
3.839000000000000000e+03 2.181000000000000000e+03
3.807000000000000000e+03 2.280000000000000000e+03
3.800000000000000000e+03 2.423000000000000000e+03
3.490000000000000000e+03 3.336000000000000000e+03
3.596000000000000000e+03 2.967000000000000000e+03
3.879000000000000000e+03 2.374000000000000000e+03
3.854000000000000000e+03 2.451000000000000000e+03
3.699000000000000000e+03 2.661000000000000000e+03
3.713000000000000000e+03 2.595000000000000000e+03
3.837000000000000000e+03 2.257000000000000000e+03
3.769000000000000000e+03 2.476000000000000000e+03
3.694000000000000000e+03 2.535000000000000000e+03
3.676000000000000000e+03 2.572000000000000000e+03
3.880000000000000000e+03 2.823000000000000000e+03
3.885000000000000000e+03 2.838000000000000000e+03
3.926000000000000000e+03 2.763000000000000000e+03
3.619000000000000000e+03 2.765000000000000000e+03
3.826000000000000000e+03 2.814000000000000000e+03
3.818000000000000000e+03 2.733000000000000000e+03
3.928000000000000000e+03 2.637000000000000000e+03
3.862000000000000000e+03 2.757000000000000000e+03
3.922000000000000000e+03 3.040000000000000000e+03
3.820000000000000000e+03 2.849000000000000000e+03
3.915000000000000000e+03 3.072000000000000000e+03
3.933000000000000000e+03 3.098000000000000000e+03
3.703000000000000000e+03 2.768000000000000000e+03
3.742000000000000000e+03 2.686000000000000000e+03
3.748000000000000000e+03 2.455000000000000000e+03
3.829000000000000000e+03 2.608000000000000000e+03
2.704000000000000000e+03 2.908000000000000000e+03
2.271000000000000000e+03 3.561000000000000000e+03
2.217000000000000000e+03 3.663000000000000000e+03
2.119000000000000000e+03 3.639000000000000000e+03
2.119000000000000000e+03 3.676000000000000000e+03
2.038000000000000000e+03 3.733000000000000000e+03
2.076000000000000000e+03 3.704000000000000000e+03
2.000000000000000000e+03 3.785000000000000000e+03
2.021000000000000000e+03 3.679000000000000000e+03
2.001000000000000000e+03 3.637000000000000000e+03
2.002000000000000000e+03 3.843000000000000000e+03
2.029000000000000000e+03 3.594000000000000000e+03
2.058000000000000000e+03 3.646000000000000000e+03
2.087000000000000000e+03 3.562000000000000000e+03
2.035000000000000000e+03 3.616000000000000000e+03
2.157000000000000000e+03 3.639000000000000000e+03
2.148000000000000000e+03 3.668000000000000000e+03
3.672000000000000000e+03 2.144000000000000000e+03
2.178000000000000000e+03 3.398000000000000000e+03
3.769000000000000000e+03 2.120000000000000000e+03
3.840000000000000000e+03 2.119000000000000000e+03
3.700000000000000000e+03 2.122000000000000000e+03
3.727000000000000000e+03 2.125000000000000000e+03
2.067000000000000000e+03 3.625000000000000000e+03
2.093000000000000000e+03 3.570000000000000000e+03
2.132000000000000000e+03 3.543000000000000000e+03
2.140000000000000000e+03 3.503000000000000000e+03
2.195000000000000000e+03 3.466000000000000000e+03
2.226000000000000000e+03 3.482000000000000000e+03
2.150000000000000000e+03 3.535000000000000000e+03
2.158000000000000000e+03 3.429000000000000000e+03
3.932000000000000000e+03 3.399000000000000000e+03
3.959000000000000000e+03 3.661000000000000000e+03
3.976000000000000000e+03 3.612000000000000000e+03
3.936000000000000000e+03 3.691000000000000000e+03
3.919000000000000000e+03 3.676000000000000000e+03
3.959000000000000000e+03 3.683000000000000000e+03
3.975000000000000000e+03 3.736000000000000000e+03
3.972000000000000000e+03 3.505000000000000000e+03
3.943000000000000000e+03 3.504000000000000000e+03
3.910000000000000000e+03 3.569000000000000000e+03
3.945000000000000000e+03 3.555000000000000000e+03
3.947000000000000000e+03 3.281000000000000000e+03
3.985000000000000000e+03 2.822000000000000000e+03
3.957000000000000000e+03 3.427000000000000000e+03
3.982000000000000000e+03 3.358000000000000000e+03
3.946000000000000000e+03 2.678000000000000000e+03
3.922000000000000000e+03 2.727000000000000000e+03
3.967000000000000000e+03 2.750000000000000000e+03
3.959000000000000000e+03 2.660000000000000000e+03
3.956000000000000000e+03 2.942000000000000000e+03
3.957000000000000000e+03 2.827000000000000000e+03
3.969000000000000000e+03 3.191000000000000000e+03
3.958000000000000000e+03 3.156000000000000000e+03
3.929000000000000000e+03 2.875000000000000000e+03
3.942000000000000000e+03 2.948000000000000000e+03
3.947000000000000000e+03 2.979000000000000000e+03
3.939000000000000000e+03 2.924000000000000000e+03
3.974000000000000000e+03 2.902000000000000000e+03
3.958000000000000000e+03 2.827000000000000000e+03
3.983000000000000000e+03 3.099000000000000000e+03
3.984000000000000000e+03 2.946000000000000000e+03
3.903000000000000000e+03 2.483000000000000000e+03
3.857000000000000000e+03 2.496000000000000000e+03
3.894000000000000000e+03 2.468000000000000000e+03
3.827000000000000000e+03 2.454000000000000000e+03
3.877000000000000000e+03 2.313000000000000000e+03
3.848000000000000000e+03 2.363000000000000000e+03
3.897000000000000000e+03 2.240000000000000000e+03
3.895000000000000000e+03 2.265000000000000000e+03
3.691000000000000000e+03 2.408000000000000000e+03
3.665000000000000000e+03 2.387000000000000000e+03
3.723000000000000000e+03 2.414000000000000000e+03
3.653000000000000000e+03 2.339000000000000000e+03
3.737000000000000000e+03 2.462000000000000000e+03
3.906000000000000000e+03 2.512000000000000000e+03
3.742000000000000000e+03 2.484000000000000000e+03
3.716000000000000000e+03 2.478000000000000000e+03
3.849000000000000000e+03 2.105000000000000000e+03
3.824000000000000000e+03 2.106000000000000000e+03
3.690000000000000000e+03 2.223000000000000000e+03
3.687000000000000000e+03 2.189000000000000000e+03
3.864000000000000000e+03 2.177000000000000000e+03
3.887000000000000000e+03 2.154000000000000000e+03
3.664000000000000000e+03 2.272000000000000000e+03
3.648000000000000000e+03 2.273000000000000000e+03
3.898000000000000000e+03 2.165000000000000000e+03
3.876000000000000000e+03 2.152000000000000000e+03
3.737000000000000000e+03 2.258000000000000000e+03
3.766000000000000000e+03 2.209000000000000000e+03
3.863000000000000000e+03 2.240000000000000000e+03
3.725000000000000000e+03 2.326000000000000000e+03
3.776000000000000000e+03 2.389000000000000000e+03
3.963000000000000000e+03 2.344000000000000000e+03
1.977000000000000000e+03 2.080000000000000000e+03
2.375000000000000000e+03 2.870000000000000000e+03
3.140000000000000000e+02 2.580000000000000000e+03
2.420000000000000000e+02 3.200000000000000000e+02
1.510000000000000000e+02 1.360000000000000000e+03
2.441000000000000000e+03 1.360000000000000000e+03
