3.401000000000000000e+03 1.378000000000000000e+03
3.962000000000000000e+03 1.385000000000000000e+03
3.967000000000000000e+03 1.335000000000000000e+03
3.971000000000000000e+03 1.547000000000000000e+03
3.974000000000000000e+03 1.530000000000000000e+03
3.471000000000000000e+03 1.574000000000000000e+03
3.951000000000000000e+03 1.648000000000000000e+03
3.714000000000000000e+03 1.393000000000000000e+03
3.864000000000000000e+03 1.447000000000000000e+03
3.908000000000000000e+03 1.572000000000000000e+03
3.899000000000000000e+03 1.530000000000000000e+03
3.890000000000000000e+03 1.640000000000000000e+03
3.937000000000000000e+03 1.515000000000000000e+03
3.966000000000000000e+03 1.474000000000000000e+03
3.941000000000000000e+03 1.436000000000000000e+03
3.902000000000000000e+03 1.780000000000000000e+03
3.914000000000000000e+03 1.824000000000000000e+03
3.881000000000000000e+03 1.666000000000000000e+03
3.920000000000000000e+03 1.708000000000000000e+03
3.921000000000000000e+03 1.711000000000000000e+03
3.952000000000000000e+03 1.713000000000000000e+03
3.932000000000000000e+03 1.785000000000000000e+03
3.963000000000000000e+03 1.873000000000000000e+03
9.370000000000000000e+02 1.392000000000000000e+03
2.510000000000000000e+02 1.170000000000000000e+03
3.281000000000000000e+03 1.730000000000000000e+03
3.020000000000000000e+03 1.750000000000000000e+03
3.942000000000000000e+03 1.946000000000000000e+03
3.958000000000000000e+03 2.129000000000000000e+03
3.930000000000000000e+03 1.904000000000000000e+03
3.905000000000000000e+03 1.864000000000000000e+03
3.400000000000000000e+01 1.115000000000000000e+03
2.600000000000000000e+01 1.018000000000000000e+03
1.900000000000000000e+01 1.090000000000000000e+03
1.660000000000000000e+02 8.800000000000000000e+02
9.800000000000000000e+01 8.950000000000000000e+02
3.800000000000000000e+01 9.210000000000000000e+02
2.300000000000000000e+01 9.340000000000000000e+02
1.490000000000000000e+02 9.680000000000000000e+02
1.770000000000000000e+02 9.460000000000000000e+02
1.280000000000000000e+02 1.014000000000000000e+03
4.800000000000000000e+01 1.323000000000000000e+03
7.100000000000000000e+01 1.390000000000000000e+03
1.210000000000000000e+02 1.074000000000000000e+03
1.330000000000000000e+02 1.041000000000000000e+03
1.270000000000000000e+02 1.187000000000000000e+03
2.620000000000000000e+02 7.300000000000000000e+02
1.700000000000000000e+02 7.970000000000000000e+02
1.460000000000000000e+02 8.600000000000000000e+02
3.900000000000000000e+01 8.640000000000000000e+02
1.660000000000000000e+02 9.440000000000000000e+02
3.500000000000000000e+01 1.355000000000000000e+03
2.160000000000000000e+02 7.940000000000000000e+02
2.350000000000000000e+02 7.870000000000000000e+02
2.070000000000000000e+02 8.600000000000000000e+02
2.150000000000000000e+02 9.050000000000000000e+02
7.400000000000000000e+01 9.990000000000000000e+02
9.400000000000000000e+01 9.410000000000000000e+02
2.880000000000000000e+02 8.000000000000000000e+02
3.090000000000000000e+02 8.160000000000000000e+02
3.340000000000000000e+02 8.450000000000000000e+02
2.730000000000000000e+02 9.060000000000000000e+02
3.939000000000000000e+03 9.840000000000000000e+02
3.979000000000000000e+03 9.500000000000000000e+02
3.949000000000000000e+03 9.260000000000000000e+02
3.860000000000000000e+03 8.560000000000000000e+02
3.824000000000000000e+03 8.420000000000000000e+02
3.908000000000000000e+03 9.160000000000000000e+02
3.952000000000000000e+03 8.950000000000000000e+02
3.911000000000000000e+03 9.870000000000000000e+02
3.888000000000000000e+03 9.430000000000000000e+02
3.918000000000000000e+03 1.033000000000000000e+03
3.899000000000000000e+03 1.009000000000000000e+03
3.780000000000000000e+03 9.250000000000000000e+02
3.941000000000000000e+03 1.075000000000000000e+03
3.824000000000000000e+03 9.700000000000000000e+02
3.830000000000000000e+03 9.070000000000000000e+02
3.700000000000000000e+03 9.130000000000000000e+02
3.718000000000000000e+03 9.010000000000000000e+02
3.719000000000000000e+03 8.860000000000000000e+02
3.016000000000000000e+03 1.130000000000000000e+03
3.639000000000000000e+03 9.500000000000000000e+02
3.664000000000000000e+03 1.042000000000000000e+03
3.174000000000000000e+03 9.290000000000000000e+02
3.301000000000000000e+03 1.174000000000000000e+03
3.838000000000000000e+03 1.034000000000000000e+03
3.737000000000000000e+03 9.240000000000000000e+02
3.739000000000000000e+03 9.660000000000000000e+02
3.659000000000000000e+03 9.160000000000000000e+02
3.722000000000000000e+03 1.025000000000000000e+03
3.673000000000000000e+03 1.011000000000000000e+03
3.695000000000000000e+03 9.700000000000000000e+02
3.705000000000000000e+03 9.840000000000000000e+02
3.589000000000000000e+03 1.040000000000000000e+02
3.667000000000000000e+03 7.100000000000000000e+01
3.510000000000000000e+03 6.500000000000000000e+01
3.553000000000000000e+03 8.000000000000000000e+01
3.726000000000000000e+03 1.230000000000000000e+02
3.924000000000000000e+03 3.250000000000000000e+02
3.708000000000000000e+03 5.700000000000000000e+01
3.787000000000000000e+03 1.430000000000000000e+02
3.390000000000000000e+03 1.000000000000000000e+01
3.455000000000000000e+03 1.210000000000000000e+02
3.352000000000000000e+03 3.700000000000000000e+01
3.314000000000000000e+03 4.000000000000000000e+01
3.606000000000000000e+03 1.200000000000000000e+01
3.657000000000000000e+03 4.400000000000000000e+01
3.555000000000000000e+03 5.400000000000000000e+01
3.596000000000000000e+03 4.200000000000000000e+01
3.810000000000000000e+03 6.300000000000000000e+01
3.896000000000000000e+03 1.330000000000000000e+02
3.752000000000000000e+03 5.100000000000000000e+01
3.865000000000000000e+03 1.000000000000000000e+02
3.964000000000000000e+03 3.830000000000000000e+02
3.945000000000000000e+03 3.450000000000000000e+02
3.835000000000000000e+03 1.520000000000000000e+02
3.843000000000000000e+03 1.990000000000000000e+02
3.916000000000000000e+03 3.220000000000000000e+02
3.872000000000000000e+03 1.300000000000000000e+02
3.874000000000000000e+03 6.200000000000000000e+01
3.837000000000000000e+03 3.700000000000000000e+01
3.971000000000000000e+03 4.770000000000000000e+02
3.984000000000000000e+03 5.250000000000000000e+02
3.689000000000000000e+03 9.200000000000000000e+01
3.904000000000000000e+03 1.120000000000000000e+02
9.270000000000000000e+02 4.700000000000000000e+01
8.110000000000000000e+02 7.300000000000000000e+01
1.010000000000000000e+03 3.900000000000000000e+01
7.280000000000000000e+02 9.400000000000000000e+01
8.210000000000000000e+02 1.340000000000000000e+02
8.800000000000000000e+02 3.500000000000000000e+01
7.600000000000000000e+02 1.360000000000000000e+02
6.400000000000000000e+02 3.300000000000000000e+01
7.220000000000000000e+02 1.000000000000000000e+01
6.890000000000000000e+02 4.000000000000000000e+01
6.070000000000000000e+02 1.260000000000000000e+02
7.780000000000000000e+02 4.300000000000000000e+01
3.948000000000000000e+03 7.850000000000000000e+02
7.470000000000000000e+02 3.800000000000000000e+01
7.210000000000000000e+02 4.600000000000000000e+01
8.950000000000000000e+02 1.133000000000000000e+03
9.250000000000000000e+02 1.700000000000000000e+03
9.840000000000000000e+02 5.450000000000000000e+02
1.061000000000000000e+03 2.700000000000000000e+01
9.440000000000000000e+02 2.970000000000000000e+02
1.038000000000000000e+03 6.250000000000000000e+02
1.154000000000000000e+03 2.300000000000000000e+02
3.251000000000000000e+03 7.670000000000000000e+02
9.530000000000000000e+02 1.016000000000000000e+03
9.110000000000000000e+02 9.880000000000000000e+02
9.650000000000000000e+02 9.750000000000000000e+02
9.260000000000000000e+02 1.010000000000000000e+03
8.390000000000000000e+02 9.900000000000000000e+02
8.150000000000000000e+02 1.052000000000000000e+03
8.730000000000000000e+02 1.009000000000000000e+03
8.330000000000000000e+02 1.056000000000000000e+03
3.903000000000000000e+03 8.340000000000000000e+02
3.790000000000000000e+03 8.190000000000000000e+02
3.873000000000000000e+03 7.860000000000000000e+02
3.903000000000000000e+03 7.430000000000000000e+02
3.906000000000000000e+03 6.640000000000000000e+02
3.874000000000000000e+03 7.660000000000000000e+02
3.880000000000000000e+03 7.300000000000000000e+02
3.971000000000000000e+03 6.280000000000000000e+02
3.848000000000000000e+03 6.180000000000000000e+02
3.829000000000000000e+03 6.410000000000000000e+02
3.916000000000000000e+03 6.840000000000000000e+02
3.787000000000000000e+03 5.730000000000000000e+02
3.784000000000000000e+03 6.240000000000000000e+02
3.782000000000000000e+03 7.480000000000000000e+02
3.781000000000000000e+03 7.110000000000000000e+02
3.956000000000000000e+03 8.080000000000000000e+02
3.943000000000000000e+03 8.010000000000000000e+02
3.927000000000000000e+03 6.640000000000000000e+02
3.924000000000000000e+03 6.070000000000000000e+02
3.957000000000000000e+03 5.470000000000000000e+02
3.986000000000000000e+03 6.590000000000000000e+02
3.948000000000000000e+03 7.020000000000000000e+02
3.931000000000000000e+03 5.970000000000000000e+02
3.879000000000000000e+03 4.800000000000000000e+02
3.844000000000000000e+03 4.550000000000000000e+02
3.899000000000000000e+03 4.540000000000000000e+02
3.928000000000000000e+03 4.450000000000000000e+02
3.805000000000000000e+03 4.870000000000000000e+02
3.815000000000000000e+03 4.930000000000000000e+02
3.864000000000000000e+03 5.300000000000000000e+02
3.845000000000000000e+03 5.580000000000000000e+02
1.541000000000000000e+03 1.040000000000000000e+02
3.032000000000000000e+03 1.100000000000000000e+01
3.215000000000000000e+03 3.600000000000000000e+01
2.509000000000000000e+03 1.690000000000000000e+02
3.226000000000000000e+03 8.900000000000000000e+01
3.070000000000000000e+03 7.500000000000000000e+01
3.159000000000000000e+03 5.800000000000000000e+01
3.087000000000000000e+03 4.200000000000000000e+01
3.057000000000000000e+03 8.900000000000000000e+01
3.164000000000000000e+03 2.200000000000000000e+01
3.007000000000000000e+03 3.000000000000000000e+01
2.979000000000000000e+03 8.700000000000000000e+01
3.003000000000000000e+03 1.090000000000000000e+02
2.927000000000000000e+03 9.100000000000000000e+01
2.954000000000000000e+03 7.300000000000000000e+01
3.630000000000000000e+02 1.800000000000000000e+01
3.040000000000000000e+02 6.400000000000000000e+01
3.370000000000000000e+02 9.200000000000000000e+01
3.450000000000000000e+02 1.030000000000000000e+02
5.570000000000000000e+02 2.200000000000000000e+01
4.790000000000000000e+02 2.300000000000000000e+01
4.310000000000000000e+02 4.300000000000000000e+01
4.610000000000000000e+02 3.300000000000000000e+01
2.980000000000000000e+02 3.940000000000000000e+02
4.120000000000000000e+02 1.600000000000000000e+02
2.490000000000000000e+02 3.330000000000000000e+02
3.450000000000000000e+02 3.140000000000000000e+02
4.550000000000000000e+02 1.360000000000000000e+02
5.780000000000000000e+02 1.140000000000000000e+02
3.620000000000000000e+02 1.810000000000000000e+02
3.530000000000000000e+02 3.250000000000000000e+02
3.408000000000000000e+03 5.200000000000000000e+01
3.462000000000000000e+03 4.100000000000000000e+01
1.810000000000000000e+02 6.560000000000000000e+02
3.000000000000000000e+01 6.980000000000000000e+02
3.130000000000000000e+03 7.300000000000000000e+01
3.211000000000000000e+03 3.690000000000000000e+02
3.348000000000000000e+03 2.760000000000000000e+02
3.343000000000000000e+03 7.900000000000000000e+01
9.670000000000000000e+02 8.960000000000000000e+02
9.460000000000000000e+02 1.812000000000000000e+03
1.871000000000000000e+03 3.490000000000000000e+02
3.223000000000000000e+03 1.060000000000000000e+03
1.037000000000000000e+03 1.892000000000000000e+03
1.029000000000000000e+03 1.986000000000000000e+03
9.750000000000000000e+02 1.998000000000000000e+03
8.530000000000000000e+02 1.961000000000000000e+03
2.136000000000000000e+03 1.123000000000000000e+03
1.672000000000000000e+03 1.049000000000000000e+03
2.684000000000000000e+03 8.770000000000000000e+02
2.301000000000000000e+03 9.090000000000000000e+02
1.650000000000000000e+02 6.400000000000000000e+02
1.086000000000000000e+03 1.003000000000000000e+03
2.219000000000000000e+03 1.021000000000000000e+03
3.039000000000000000e+03 8.820000000000000000e+02
2.600000000000000000e+02 9.200000000000000000e+02
6.400000000000000000e+01 7.070000000000000000e+02
2.361000000000000000e+03 4.500000000000000000e+02
2.987000000000000000e+03 8.300000000000000000e+01
3.780000000000000000e+02 8.220000000000000000e+02
4.780000000000000000e+02 1.019000000000000000e+03
5.040000000000000000e+02 8.980000000000000000e+02
3.600000000000000000e+02 9.720000000000000000e+02
3.901000000000000000e+03 1.324000000000000000e+03
3.878000000000000000e+03 1.307000000000000000e+03
3.896000000000000000e+03 1.267000000000000000e+03
3.974000000000000000e+03 1.190000000000000000e+03
3.949000000000000000e+03 1.243000000000000000e+03
3.934000000000000000e+03 1.300000000000000000e+03
3.943000000000000000e+03 1.282000000000000000e+03
3.769000000000000000e+03 1.487000000000000000e+03
3.765000000000000000e+03 1.525000000000000000e+03
3.787000000000000000e+03 1.592000000000000000e+03
3.806000000000000000e+03 1.557000000000000000e+03
3.843000000000000000e+03 1.500000000000000000e+03
3.929000000000000000e+03 1.226000000000000000e+03
3.854000000000000000e+03 1.570000000000000000e+03
3.679000000000000000e+03 9.170000000000000000e+02
3.774000000000000000e+03 1.093000000000000000e+03
3.852000000000000000e+03 1.161000000000000000e+03
3.742000000000000000e+03 1.113000000000000000e+03
3.750000000000000000e+03 1.182000000000000000e+03
3.898000000000000000e+03 1.189000000000000000e+03
3.787000000000000000e+03 1.228000000000000000e+03
3.799000000000000000e+03 1.165000000000000000e+03
3.870000000000000000e+03 1.176000000000000000e+03
3.896000000000000000e+03 1.236000000000000000e+03
3.826000000000000000e+03 1.437000000000000000e+03
3.739000000000000000e+03 8.220000000000000000e+02
3.823000000000000000e+03 1.377000000000000000e+03
3.772000000000000000e+03 1.395000000000000000e+03
3.771000000000000000e+03 1.435000000000000000e+03
3.741000000000000000e+03 1.304000000000000000e+03
3.882000000000000000e+03 1.283000000000000000e+03
3.545000000000000000e+03 9.220000000000000000e+02
3.674000000000000000e+03 9.790000000000000000e+02
3.865000000000000000e+03 1.065000000000000000e+03
3.852000000000000000e+03 1.217000000000000000e+03
3.879000000000000000e+03 1.197000000000000000e+03
3.853000000000000000e+03 1.111000000000000000e+03
3.873000000000000000e+03 1.098000000000000000e+03
3.816000000000000000e+03 1.339000000000000000e+03
3.801000000000000000e+03 1.327000000000000000e+03
3.845000000000000000e+03 1.293000000000000000e+03
3.826000000000000000e+03 1.326000000000000000e+03
3.692000000000000000e+03 1.194000000000000000e+03
3.397000000000000000e+03 1.182000000000000000e+03
3.603000000000000000e+03 1.033000000000000000e+03
3.662000000000000000e+03 1.053000000000000000e+03
3.981000000000000000e+03 1.749000000000000000e+03
3.842000000000000000e+03 1.416000000000000000e+03
2.190000000000000000e+03 2.089000000000000000e+03
3.915000000000000000e+03 1.640000000000000000e+03
3.571000000000000000e+03 1.087000000000000000e+03
3.894000000000000000e+03 1.417000000000000000e+03
3.554000000000000000e+03 9.630000000000000000e+02
3.815000000000000000e+03 1.362000000000000000e+03
3.468000000000000000e+03 1.219000000000000000e+03
3.225000000000000000e+03 8.190000000000000000e+02
3.148000000000000000e+03 6.480000000000000000e+02
2.807000000000000000e+03 1.015000000000000000e+03
2.371000000000000000e+03 8.870000000000000000e+02
2.483000000000000000e+03 8.820000000000000000e+02
2.585000000000000000e+03 8.830000000000000000e+02
2.555000000000000000e+03 8.810000000000000000e+02
2.018000000000000000e+03 1.121000000000000000e+03
1.705000000000000000e+03 1.043000000000000000e+03
1.723000000000000000e+03 1.060000000000000000e+03
1.226000000000000000e+03 1.924000000000000000e+03
1.524000000000000000e+03 1.990000000000000000e+03
1.066000000000000000e+03 8.590000000000000000e+02
1.027000000000000000e+03 2.115000000000000000e+03
1.359000000000000000e+03 1.095000000000000000e+03
1.204000000000000000e+03 1.111000000000000000e+03
5.760000000000000000e+02 1.176000000000000000e+03
6.090000000000000000e+02 1.859000000000000000e+03
1.397000000000000000e+03 2.049000000000000000e+03
1.273000000000000000e+03 1.927000000000000000e+03
1.502000000000000000e+03 2.357000000000000000e+03
1.790000000000000000e+03 1.995000000000000000e+03
3.799000000000000000e+03 1.605000000000000000e+03
3.749000000000000000e+03 1.654000000000000000e+03
3.536000000000000000e+03 1.516000000000000000e+03
2.594000000000000000e+03 1.106000000000000000e+03
1.606000000000000000e+03 1.072000000000000000e+03
3.567000000000000000e+03 1.377000000000000000e+03
3.798000000000000000e+03 1.740000000000000000e+03
3.823000000000000000e+03 1.663000000000000000e+03
3.855000000000000000e+03 1.643000000000000000e+03
3.834000000000000000e+03 1.654000000000000000e+03
4.030000000000000000e+02 1.229000000000000000e+03
2.345000000000000000e+03 1.538000000000000000e+03
7.900000000000000000e+02 1.293000000000000000e+03
1.800000000000000000e+02 1.289000000000000000e+03
1.810000000000000000e+02 1.378000000000000000e+03
1.820000000000000000e+02 1.358000000000000000e+03
7.480000000000000000e+02 1.020000000000000000e+03
6.470000000000000000e+02 1.005000000000000000e+03
1.648000000000000000e+03 1.028000000000000000e+03
3.238000000000000000e+03 1.065000000000000000e+03
5.920000000000000000e+02 1.000000000000000000e+03
6.150000000000000000e+02 1.039000000000000000e+03
1.023000000000000000e+03 1.038000000000000000e+03
2.321000000000000000e+03 1.041000000000000000e+03
1.680000000000000000e+02 1.426000000000000000e+03
4.190000000000000000e+02 1.182000000000000000e+03
1.860000000000000000e+02 1.471000000000000000e+03
2.300000000000000000e+02 1.353000000000000000e+03
5.200000000000000000e+02 9.990000000000000000e+02
5.560000000000000000e+02 9.770000000000000000e+02
6.310000000000000000e+02 1.071000000000000000e+03
1.815000000000000000e+03 1.068000000000000000e+03
2.740000000000000000e+02 9.950000000000000000e+02
2.280000000000000000e+02 9.830000000000000000e+02
2.380000000000000000e+02 9.610000000000000000e+02
3.070000000000000000e+02 9.700000000000000000e+02
1.630000000000000000e+02 1.120000000000000000e+03
2.500000000000000000e+02 1.042000000000000000e+03
3.190000000000000000e+02 1.000000000000000000e+03
2.850000000000000000e+02 9.440000000000000000e+02
3.620000000000000000e+02 9.930000000000000000e+02
6.330000000000000000e+02 7.910000000000000000e+02
2.730000000000000000e+02 1.081000000000000000e+03
2.340000000000000000e+02 1.132000000000000000e+03
1.540000000000000000e+02 1.382000000000000000e+03
1.360000000000000000e+02 1.390000000000000000e+03
1.600000000000000000e+02 1.434000000000000000e+03
1.190000000000000000e+02 1.467000000000000000e+03
4.400000000000000000e+01 1.836000000000000000e+03
4.800000000000000000e+01 1.911000000000000000e+03
3.500000000000000000e+01 2.035000000000000000e+03
1.900000000000000000e+02 1.904000000000000000e+03
4.100000000000000000e+01 1.820000000000000000e+03
2.560000000000000000e+02 1.981000000000000000e+03
2.500000000000000000e+01 1.811000000000000000e+03
3.110000000000000000e+02 2.009000000000000000e+03
3.430000000000000000e+02 2.033000000000000000e+03
3.620000000000000000e+02 2.038000000000000000e+03
3.910000000000000000e+02 2.006000000000000000e+03
3.720000000000000000e+02 1.960000000000000000e+03
3.050000000000000000e+02 1.954000000000000000e+03
2.920000000000000000e+02 1.956000000000000000e+03
3.090000000000000000e+02 2.013000000000000000e+03
8.400000000000000000e+01 1.831000000000000000e+03
1.500000000000000000e+02 1.759000000000000000e+03
6.400000000000000000e+01 1.741000000000000000e+03
1.680000000000000000e+02 1.816000000000000000e+03
1.760000000000000000e+02 1.731000000000000000e+03
2.060000000000000000e+02 1.801000000000000000e+03
1.780000000000000000e+02 1.785000000000000000e+03
2.250000000000000000e+02 1.896000000000000000e+03
1.490000000000000000e+02 1.627000000000000000e+03
1.720000000000000000e+02 1.615000000000000000e+03
1.510000000000000000e+02 1.519000000000000000e+03
2.030000000000000000e+02 1.574000000000000000e+03
3.020000000000000000e+02 1.547000000000000000e+03
1.530000000000000000e+02 1.581000000000000000e+03
8.900000000000000000e+01 1.569000000000000000e+03
7.000000000000000000e+01 1.569000000000000000e+03
1.924000000000000000e+03 1.568000000000000000e+03
1.595000000000000000e+03 1.589000000000000000e+03
1.174000000000000000e+03 1.392000000000000000e+03
1.010000000000000000e+02 1.689000000000000000e+03
1.020000000000000000e+02 1.692000000000000000e+03
1.320000000000000000e+02 1.659000000000000000e+03
8.700000000000000000e+01 1.644000000000000000e+03
1.486000000000000000e+03 1.070000000000000000e+02
1.852000000000000000e+03 2.790000000000000000e+02
1.037000000000000000e+03 9.450000000000000000e+02
1.851000000000000000e+03 3.080000000000000000e+02
9.500000000000000000e+01 1.847000000000000000e+03
9.200000000000000000e+01 1.832000000000000000e+03
9.600000000000000000e+01 1.891000000000000000e+03
1.010000000000000000e+02 1.887000000000000000e+03
1.717000000000000000e+03 1.200000000000000000e+01
1.807000000000000000e+03 1.700000000000000000e+01
1.850000000000000000e+03 1.800000000000000000e+01
1.925000000000000000e+03 2.800000000000000000e+01
1.970000000000000000e+03 2.400000000000000000e+01
2.012000000000000000e+03 1.500000000000000000e+01
1.864000000000000000e+03 1.700000000000000000e+01
1.918000000000000000e+03 1.600000000000000000e+01
1.906000000000000000e+03 6.600000000000000000e+01
1.969000000000000000e+03 7.600000000000000000e+01
1.979000000000000000e+03 8.400000000000000000e+01
1.945000000000000000e+03 1.260000000000000000e+02
1.825000000000000000e+03 6.500000000000000000e+01
1.830000000000000000e+03 5.200000000000000000e+01
1.884000000000000000e+03 9.900000000000000000e+01
1.763000000000000000e+03 7.200000000000000000e+01
1.460000000000000000e+03 1.496000000000000000e+03
1.452000000000000000e+03 1.200000000000000000e+02
1.907000000000000000e+03 9.230000000000000000e+02
1.148000000000000000e+03 1.460000000000000000e+02
1.128000000000000000e+03 2.700000000000000000e+01
1.203000000000000000e+03 3.200000000000000000e+01
1.374000000000000000e+03 5.490000000000000000e+02
8.300000000000000000e+01 1.140000000000000000e+03
8.700000000000000000e+01 1.114000000000000000e+03
1.040000000000000000e+02 1.177000000000000000e+03
1.030000000000000000e+02 1.173000000000000000e+03
9.500000000000000000e+01 1.194000000000000000e+03
6.600000000000000000e+02 1.170000000000000000e+03
9.600000000000000000e+01 1.269000000000000000e+03
1.120000000000000000e+02 1.242000000000000000e+03
1.524000000000000000e+03 4.000000000000000000e+01
1.398000000000000000e+03 5.400000000000000000e+01
1.727000000000000000e+03 3.600000000000000000e+01
1.609000000000000000e+03 4.000000000000000000e+01
1.417000000000000000e+03 1.500000000000000000e+01
1.506000000000000000e+03 8.000000000000000000e+00
1.640000000000000000e+03 2.800000000000000000e+01
1.633000000000000000e+03 5.000000000000000000e+00
1.379000000000000000e+03 6.600000000000000000e+01
1.229000000000000000e+03 4.800000000000000000e+01
1.331000000000000000e+03 4.300000000000000000e+01
1.347000000000000000e+03 2.800000000000000000e+01
1.336000000000000000e+03 5.100000000000000000e+01
1.253000000000000000e+03 1.940000000000000000e+02
1.613000000000000000e+03 7.000000000000000000e+01
1.410000000000000000e+03 6.600000000000000000e+01
1.300000000000000000e+02 7.790000000000000000e+02
4.600000000000000000e+02 8.340000000000000000e+02
8.000000000000000000e+01 7.770000000000000000e+02
1.090000000000000000e+02 8.020000000000000000e+02
1.190000000000000000e+02 7.650000000000000000e+02
1.210000000000000000e+02 7.760000000000000000e+02
2.130000000000000000e+02 7.720000000000000000e+02
8.010000000000000000e+02 5.400000000000000000e+02
1.520000000000000000e+02 6.210000000000000000e+02
1.280000000000000000e+02 6.030000000000000000e+02
1.030000000000000000e+02 5.920000000000000000e+02
2.330000000000000000e+02 9.040000000000000000e+02
5.800000000000000000e+01 7.330000000000000000e+02
1.200000000000000000e+02 6.890000000000000000e+02
1.500000000000000000e+02 6.820000000000000000e+02
1.270000000000000000e+02 6.230000000000000000e+02
4.700000000000000000e+01 5.450000000000000000e+02
9.000000000000000000e+00 1.376000000000000000e+03
2.400000000000000000e+01 5.740000000000000000e+02
1.200000000000000000e+01 5.740000000000000000e+02
9.400000000000000000e+01 5.700000000000000000e+02
7.400000000000000000e+01 5.310000000000000000e+02
5.800000000000000000e+01 8.940000000000000000e+02
1.000000000000000000e+01 8.440000000000000000e+02
6.300000000000000000e+01 1.378000000000000000e+03
3.300000000000000000e+01 1.391000000000000000e+03
2.100000000000000000e+01 1.299000000000000000e+03
1.900000000000000000e+01 1.201000000000000000e+03
1.020000000000000000e+02 1.297000000000000000e+03
1.160000000000000000e+02 1.341000000000000000e+03
7.400000000000000000e+01 1.336000000000000000e+03
8.600000000000000000e+01 1.330000000000000000e+03
4.200000000000000000e+01 1.856000000000000000e+03
3.500000000000000000e+01 1.516000000000000000e+03
5.000000000000000000e+01 1.547000000000000000e+03
3.400000000000000000e+01 1.620000000000000000e+03
4.000000000000000000e+01 1.674000000000000000e+03
4.100000000000000000e+01 1.743000000000000000e+03
6.300000000000000000e+01 1.711000000000000000e+03
2.010000000000000000e+02 2.003000000000000000e+03
2.290000000000000000e+02 2.031000000000000000e+03
1.110000000000000000e+02 1.998000000000000000e+03
4.900000000000000000e+01 1.906000000000000000e+03
4.400000000000000000e+01 1.921000000000000000e+03
1.580000000000000000e+02 1.987000000000000000e+03
1.090000000000000000e+02 1.930000000000000000e+03
1.320000000000000000e+02 1.933000000000000000e+03
2.300000000000000000e+02 2.059000000000000000e+03
6.370000000000000000e+02 2.556000000000000000e+03
2.810000000000000000e+02 2.124000000000000000e+03
2.740000000000000000e+02 2.073000000000000000e+03
2.410000000000000000e+02 2.126000000000000000e+03
2.290000000000000000e+02 2.144000000000000000e+03
1.810000000000000000e+02 2.153000000000000000e+03
1.820000000000000000e+02 2.135000000000000000e+03
1.170000000000000000e+02 2.127000000000000000e+03
1.170000000000000000e+02 2.077000000000000000e+03
1.040000000000000000e+02 2.183000000000000000e+03
1.070000000000000000e+02 2.144000000000000000e+03
8.500000000000000000e+01 1.820000000000000000e+03
7.400000000000000000e+01 1.761000000000000000e+03
1.150000000000000000e+02 1.999000000000000000e+03
9.300000000000000000e+01 2.059000000000000000e+03
1.860000000000000000e+02 2.453000000000000000e+03
3.340000000000000000e+02 2.282000000000000000e+03
2.960000000000000000e+02 2.239000000000000000e+03
2.980000000000000000e+02 2.344000000000000000e+03
2.860000000000000000e+02 2.415000000000000000e+03
1.940000000000000000e+02 2.539000000000000000e+03
3.140000000000000000e+02 2.416000000000000000e+03
1.750000000000000000e+02 2.573000000000000000e+03
1.730000000000000000e+02 2.644000000000000000e+03
1.980000000000000000e+02 2.495000000000000000e+03
2.150000000000000000e+02 2.518000000000000000e+03
1.840000000000000000e+02 2.296000000000000000e+03
1.810000000000000000e+02 2.370000000000000000e+03
1.930000000000000000e+02 2.417000000000000000e+03
2.040000000000000000e+02 2.457000000000000000e+03
1.920000000000000000e+02 2.278000000000000000e+03
2.080000000000000000e+02 2.314000000000000000e+03
2.720000000000000000e+02 2.254000000000000000e+03
2.100000000000000000e+02 2.308000000000000000e+03
1.430000000000000000e+02 2.427000000000000000e+03
1.530000000000000000e+02 2.330000000000000000e+03
1.250000000000000000e+02 2.507000000000000000e+03
6.700000000000000000e+01 2.463000000000000000e+03
1.120000000000000000e+02 2.488000000000000000e+03
1.200000000000000000e+02 2.274000000000000000e+03
1.570000000000000000e+02 2.258000000000000000e+03
1.210000000000000000e+02 2.253000000000000000e+03
7.900000000000000000e+01 2.400000000000000000e+03
9.600000000000000000e+01 2.434000000000000000e+03
1.040000000000000000e+02 2.383000000000000000e+03
9.800000000000000000e+01 2.341000000000000000e+03
5.670000000000000000e+02 2.723000000000000000e+03
1.190000000000000000e+02 2.562000000000000000e+03
5.100000000000000000e+01 2.526000000000000000e+03
1.280000000000000000e+02 2.559000000000000000e+03
8.300000000000000000e+01 2.599000000000000000e+03
1.000000000000000000e+01 2.845000000000000000e+03
1.400000000000000000e+01 2.680000000000000000e+03
4.920000000000000000e+02 2.354000000000000000e+03
5.630000000000000000e+02 2.361000000000000000e+03
4.310000000000000000e+02 2.402000000000000000e+03
5.010000000000000000e+02 2.387000000000000000e+03
3.160000000000000000e+02 2.390000000000000000e+03
3.750000000000000000e+02 2.396000000000000000e+03
4.690000000000000000e+02 2.567000000000000000e+03
3.370000000000000000e+02 2.445000000000000000e+03
1.600000000000000000e+01 3.563000000000000000e+03
1.300000000000000000e+01 3.462000000000000000e+03
1.700000000000000000e+01 3.321000000000000000e+03
1.200000000000000000e+01 3.250000000000000000e+03
1.480000000000000000e+02 3.657000000000000000e+03
2.000000000000000000e+02 3.724000000000000000e+03
1.260000000000000000e+02 3.751000000000000000e+03
1.670000000000000000e+02 3.782000000000000000e+03
8.800000000000000000e+01 2.655000000000000000e+03
2.100000000000000000e+01 2.859000000000000000e+03
1.040000000000000000e+02 2.548000000000000000e+03
1.430000000000000000e+02 2.566000000000000000e+03
1.500000000000000000e+01 3.048000000000000000e+03
1.200000000000000000e+01 3.065000000000000000e+03
3.000000000000000000e+01 3.146000000000000000e+03
9.400000000000000000e+01 3.695000000000000000e+03
3.030000000000000000e+02 2.281000000000000000e+03
3.520000000000000000e+02 2.313000000000000000e+03
2.600000000000000000e+02 2.215000000000000000e+03
4.030000000000000000e+02 2.312000000000000000e+03
6.510000000000000000e+02 2.379000000000000000e+03
6.070000000000000000e+02 2.360000000000000000e+03
8.640000000000000000e+02 2.479000000000000000e+03
7.080000000000000000e+02 2.386000000000000000e+03
1.600000000000000000e+01 3.836000000000000000e+03
1.800000000000000000e+01 3.756000000000000000e+03
2.700000000000000000e+01 3.702000000000000000e+03
6.100000000000000000e+01 3.757000000000000000e+03
6.400000000000000000e+01 3.891000000000000000e+03
6.400000000000000000e+01 3.507000000000000000e+03
1.130000000000000000e+02 3.818000000000000000e+03
1.010000000000000000e+02 3.869000000000000000e+03
2.500000000000000000e+01 2.152000000000000000e+03
1.100000000000000000e+02 2.224000000000000000e+03
9.280000000000000000e+02 2.737000000000000000e+03
1.400000000000000000e+02 2.509000000000000000e+03
4.900000000000000000e+01 2.322000000000000000e+03
2.700000000000000000e+01 2.299000000000000000e+03
2.800000000000000000e+01 2.260000000000000000e+03
2.100000000000000000e+02 2.239000000000000000e+03
5.760000000000000000e+02 2.393000000000000000e+03
9.180000000000000000e+02 2.557000000000000000e+03
6.730000000000000000e+02 2.452000000000000000e+03
8.460000000000000000e+02 2.521000000000000000e+03
3.600000000000000000e+01 2.147000000000000000e+03
6.600000000000000000e+01 2.357000000000000000e+03
3.600000000000000000e+01 2.355000000000000000e+03
3.800000000000000000e+01 2.380000000000000000e+03
3.120000000000000000e+02 2.476000000000000000e+03
2.910000000000000000e+02 2.493000000000000000e+03
2.850000000000000000e+02 2.534000000000000000e+03
5.800000000000000000e+02 2.474000000000000000e+03
5.810000000000000000e+02 2.438000000000000000e+03
6.300000000000000000e+02 2.478000000000000000e+03
6.630000000000000000e+02 2.706000000000000000e+03
4.160000000000000000e+02 2.520000000000000000e+03
4.300000000000000000e+02 2.534000000000000000e+03
4.570000000000000000e+02 2.467000000000000000e+03
4.710000000000000000e+02 2.456000000000000000e+03
5.350000000000000000e+02 2.469000000000000000e+03
5.030000000000000000e+02 2.530000000000000000e+03
3.580000000000000000e+02 2.597000000000000000e+03
3.150000000000000000e+02 2.586000000000000000e+03
8.580000000000000000e+02 2.654000000000000000e+03
5.920000000000000000e+02 2.565000000000000000e+03
7.070000000000000000e+02 2.465000000000000000e+03
7.420000000000000000e+02 2.464000000000000000e+03
8.280000000000000000e+02 2.530000000000000000e+03
8.080000000000000000e+02 2.472000000000000000e+03
1.289000000000000000e+03 3.202000000000000000e+03
7.590000000000000000e+02 2.525000000000000000e+03
6.580000000000000000e+02 2.606000000000000000e+03
5.010000000000000000e+02 2.554000000000000000e+03
6.670000000000000000e+02 2.437000000000000000e+03
5.520000000000000000e+02 2.563000000000000000e+03
6.280000000000000000e+02 2.581000000000000000e+03
1.255000000000000000e+03 3.086000000000000000e+03
1.840000000000000000e+03 3.729000000000000000e+03
1.275000000000000000e+03 3.219000000000000000e+03
1.607000000000000000e+03 3.968000000000000000e+03
1.491000000000000000e+03 3.941000000000000000e+03
1.455000000000000000e+03 3.725000000000000000e+03
1.724000000000000000e+03 3.950000000000000000e+03
1.772000000000000000e+03 3.963000000000000000e+03
1.688000000000000000e+03 3.945000000000000000e+03
1.625000000000000000e+03 3.947000000000000000e+03
1.494000000000000000e+03 3.880000000000000000e+03
1.534000000000000000e+03 3.869000000000000000e+03
1.550000000000000000e+03 3.916000000000000000e+03
1.540000000000000000e+03 3.961000000000000000e+03
1.623000000000000000e+03 3.890000000000000000e+03
1.623000000000000000e+03 3.900000000000000000e+03
1.757000000000000000e+03 3.938000000000000000e+03
1.678000000000000000e+03 3.883000000000000000e+03
1.462000000000000000e+03 3.741000000000000000e+03
1.409000000000000000e+03 3.872000000000000000e+03
1.332000000000000000e+03 3.879000000000000000e+03
1.419000000000000000e+03 3.865000000000000000e+03
1.295000000000000000e+03 3.879000000000000000e+03
1.278000000000000000e+03 3.906000000000000000e+03
1.364000000000000000e+03 3.906000000000000000e+03
1.320000000000000000e+03 3.780000000000000000e+03
1.218000000000000000e+03 3.923000000000000000e+03
1.124000000000000000e+03 3.862000000000000000e+03
1.331000000000000000e+03 3.935000000000000000e+03
1.363000000000000000e+03 3.934000000000000000e+03
7.980000000000000000e+02 3.292000000000000000e+03
1.077000000000000000e+03 3.909000000000000000e+03
1.047000000000000000e+03 3.681000000000000000e+03
1.098000000000000000e+03 3.927000000000000000e+03
7.590000000000000000e+02 3.885000000000000000e+03
8.200000000000000000e+02 3.883000000000000000e+03
8.360000000000000000e+02 3.361000000000000000e+03
7.280000000000000000e+02 3.875000000000000000e+03
6.220000000000000000e+02 3.606000000000000000e+03
7.580000000000000000e+02 3.928000000000000000e+03
7.310000000000000000e+02 3.931000000000000000e+03
8.280000000000000000e+02 3.728000000000000000e+03
8.000000000000000000e+02 3.690000000000000000e+03
8.090000000000000000e+02 3.752000000000000000e+03
8.410000000000000000e+02 3.752000000000000000e+03
1.700000000000000000e+01 3.413000000000000000e+03
6.880000000000000000e+02 3.670000000000000000e+03
9.120000000000000000e+02 3.684000000000000000e+03
7.670000000000000000e+02 3.737000000000000000e+03
6.780000000000000000e+02 3.813000000000000000e+03
4.410000000000000000e+02 3.511000000000000000e+03
1.496000000000000000e+03 3.416000000000000000e+03
1.372000000000000000e+03 3.305000000000000000e+03
6.090000000000000000e+02 3.768000000000000000e+03
5.750000000000000000e+02 3.760000000000000000e+03
7.350000000000000000e+02 3.815000000000000000e+03
8.560000000000000000e+02 3.722000000000000000e+03
5.890000000000000000e+02 3.727000000000000000e+03
6.400000000000000000e+02 3.713000000000000000e+03
3.760000000000000000e+02 3.631000000000000000e+03
6.620000000000000000e+02 3.686000000000000000e+03
4.900000000000000000e+02 3.667000000000000000e+03
2.000000000000000000e+02 3.647000000000000000e+03
5.750000000000000000e+02 3.684000000000000000e+03
5.070000000000000000e+02 3.674000000000000000e+03
1.446000000000000000e+03 3.920000000000000000e+03
1.439000000000000000e+03 3.213000000000000000e+03
1.337000000000000000e+03 3.967000000000000000e+03
1.311000000000000000e+03 3.897000000000000000e+03
1.142000000000000000e+03 3.961000000000000000e+03
1.183000000000000000e+03 3.971000000000000000e+03
1.267000000000000000e+03 3.964000000000000000e+03
1.227000000000000000e+03 3.968000000000000000e+03
9.370000000000000000e+02 3.954000000000000000e+03
7.920000000000000000e+02 3.775000000000000000e+03
8.530000000000000000e+02 3.835000000000000000e+03
9.260000000000000000e+02 3.954000000000000000e+03
1.092000000000000000e+03 3.974000000000000000e+03
1.089000000000000000e+03 3.968000000000000000e+03
8.940000000000000000e+02 3.432000000000000000e+03
1.020000000000000000e+03 3.961000000000000000e+03
3.240000000000000000e+02 3.761000000000000000e+03
3.850000000000000000e+02 3.740000000000000000e+03
4.140000000000000000e+02 3.717000000000000000e+03
3.390000000000000000e+02 3.716000000000000000e+03
4.760000000000000000e+02 3.739000000000000000e+03
4.390000000000000000e+02 3.773000000000000000e+03
4.930000000000000000e+02 3.747000000000000000e+03
4.800000000000000000e+02 3.740000000000000000e+03
2.580000000000000000e+02 2.837000000000000000e+03
1.910000000000000000e+02 2.776000000000000000e+03
4.250000000000000000e+02 2.727000000000000000e+03
2.330000000000000000e+02 2.585000000000000000e+03
2.460000000000000000e+02 3.294000000000000000e+03
2.300000000000000000e+02 3.647000000000000000e+03
5.840000000000000000e+02 3.428000000000000000e+03
6.300000000000000000e+01 3.548000000000000000e+03
1.761000000000000000e+03 3.925000000000000000e+03
2.228000000000000000e+03 3.905000000000000000e+03
2.191000000000000000e+03 3.894000000000000000e+03
2.092000000000000000e+03 3.909000000000000000e+03
2.106000000000000000e+03 3.914000000000000000e+03
2.147000000000000000e+03 3.914000000000000000e+03
2.132000000000000000e+03 3.912000000000000000e+03
1.918000000000000000e+03 3.823000000000000000e+03
1.856000000000000000e+03 3.785000000000000000e+03
1.923000000000000000e+03 3.884000000000000000e+03
2.192000000000000000e+03 3.847000000000000000e+03
1.764000000000000000e+03 3.817000000000000000e+03
1.793000000000000000e+03 3.851000000000000000e+03
1.785000000000000000e+03 3.772000000000000000e+03
1.826000000000000000e+03 3.796000000000000000e+03
2.134000000000000000e+03 3.891000000000000000e+03
2.254000000000000000e+03 3.959000000000000000e+03
2.373000000000000000e+03 3.642000000000000000e+03
2.292000000000000000e+03 3.911000000000000000e+03
2.230000000000000000e+03 3.781000000000000000e+03
1.789000000000000000e+03 3.980000000000000000e+03
2.106000000000000000e+03 3.966000000000000000e+03
2.039000000000000000e+03 3.973000000000000000e+03
1.915000000000000000e+03 3.936000000000000000e+03
1.859000000000000000e+03 3.947000000000000000e+03
1.886000000000000000e+03 3.892000000000000000e+03
1.962000000000000000e+03 3.915000000000000000e+03
1.771000000000000000e+03 3.899000000000000000e+03
1.806000000000000000e+03 3.899000000000000000e+03
1.819000000000000000e+03 3.914000000000000000e+03
1.749000000000000000e+03 3.870000000000000000e+03
2.110000000000000000e+03 3.747000000000000000e+03
2.358000000000000000e+03 3.492000000000000000e+03
2.089000000000000000e+03 3.741000000000000000e+03
1.980000000000000000e+03 3.794000000000000000e+03
1.991000000000000000e+03 3.813000000000000000e+03
1.959000000000000000e+03 3.879000000000000000e+03
1.962000000000000000e+03 3.898000000000000000e+03
2.099000000000000000e+03 3.778000000000000000e+03
2.110000000000000000e+03 3.834000000000000000e+03
2.100000000000000000e+03 3.789000000000000000e+03
2.050000000000000000e+03 3.805000000000000000e+03
2.105000000000000000e+03 3.838000000000000000e+03
2.049000000000000000e+03 3.912000000000000000e+03
2.014000000000000000e+03 3.837000000000000000e+03
2.028000000000000000e+03 3.906000000000000000e+03
2.242000000000000000e+03 3.754000000000000000e+03
2.276000000000000000e+03 3.785000000000000000e+03
2.185000000000000000e+03 3.759000000000000000e+03
2.750000000000000000e+03 3.550000000000000000e+03
2.294000000000000000e+03 3.697000000000000000e+03
2.252000000000000000e+03 3.687000000000000000e+03
2.230000000000000000e+03 3.675000000000000000e+03
2.189000000000000000e+03 3.666000000000000000e+03
2.162000000000000000e+03 3.748000000000000000e+03
2.168000000000000000e+03 3.696000000000000000e+03
2.257000000000000000e+03 3.731000000000000000e+03
2.218000000000000000e+03 3.713000000000000000e+03
2.163000000000000000e+03 3.889000000000000000e+03
2.239000000000000000e+03 3.818000000000000000e+03
2.279000000000000000e+03 3.728000000000000000e+03
2.249000000000000000e+03 3.751000000000000000e+03
3.572000000000000000e+03 2.527000000000000000e+03
3.736000000000000000e+03 2.549000000000000000e+03
3.819000000000000000e+03 2.316000000000000000e+03
3.665000000000000000e+03 2.441000000000000000e+03
3.775000000000000000e+03 2.297000000000000000e+03
3.762000000000000000e+03 2.322000000000000000e+03
3.637000000000000000e+03 2.123000000000000000e+03
3.910000000000000000e+03 2.502000000000000000e+03
2.039000000000000000e+03 2.015000000000000000e+03
1.527000000000000000e+03 1.604000000000000000e+03
1.559000000000000000e+03 1.479000000000000000e+03
1.562000000000000000e+03 2.048000000000000000e+03
1.614000000000000000e+03 2.072000000000000000e+03
1.582000000000000000e+03 2.088000000000000000e+03
1.494000000000000000e+03 1.937000000000000000e+03
3.713000000000000000e+03 2.154000000000000000e+03
3.694000000000000000e+03 2.119000000000000000e+03
3.881000000000000000e+03 2.232000000000000000e+03
3.695000000000000000e+03 2.088000000000000000e+03
3.606000000000000000e+03 2.079000000000000000e+03
3.707000000000000000e+03 2.187000000000000000e+03
1.479000000000000000e+03 4.270000000000000000e+02
3.840000000000000000e+03 2.031000000000000000e+03
1.628000000000000000e+03 7.900000000000000000e+01
1.670000000000000000e+03 5.910000000000000000e+02
1.881000000000000000e+03 3.570000000000000000e+02
2.129000000000000000e+03 9.210000000000000000e+02
2.193000000000000000e+03 6.740000000000000000e+02
2.150000000000000000e+03 6.250000000000000000e+02
2.243000000000000000e+03 7.430000000000000000e+02
2.096000000000000000e+03 5.540000000000000000e+02
3.839000000000000000e+03 3.217000000000000000e+03
3.131000000000000000e+03 3.634000000000000000e+03
3.893000000000000000e+03 3.161000000000000000e+03
3.864000000000000000e+03 3.133000000000000000e+03
3.410000000000000000e+03 3.260000000000000000e+03
3.813000000000000000e+03 3.137000000000000000e+03
2.470000000000000000e+03 3.519000000000000000e+03
3.783000000000000000e+03 3.126000000000000000e+03
2.307000000000000000e+03 3.422000000000000000e+03
3.045000000000000000e+03 3.452000000000000000e+03
2.685000000000000000e+03 3.228000000000000000e+03
3.507000000000000000e+03 3.156000000000000000e+03
2.320000000000000000e+03 3.546000000000000000e+03
2.651000000000000000e+03 3.462000000000000000e+03
2.303000000000000000e+03 3.804000000000000000e+03
2.289000000000000000e+03 3.552000000000000000e+03
2.248000000000000000e+03 3.517000000000000000e+03
2.233000000000000000e+03 3.758000000000000000e+03
2.182000000000000000e+03 3.535000000000000000e+03
2.146000000000000000e+03 3.726000000000000000e+03
2.122000000000000000e+03 3.581000000000000000e+03
2.139000000000000000e+03 3.652000000000000000e+03
2.156000000000000000e+03 3.523000000000000000e+03
2.162000000000000000e+03 3.489000000000000000e+03
3.373000000000000000e+03 3.190000000000000000e+03
3.364000000000000000e+03 3.246000000000000000e+03
2.205000000000000000e+03 3.433000000000000000e+03
2.262000000000000000e+03 3.443000000000000000e+03
2.157000000000000000e+03 3.302000000000000000e+03
2.129000000000000000e+03 3.322000000000000000e+03
2.201000000000000000e+03 3.651000000000000000e+03
2.232000000000000000e+03 3.627000000000000000e+03
3.866000000000000000e+03 2.125000000000000000e+03
3.805000000000000000e+03 2.045000000000000000e+03
3.832000000000000000e+03 2.032000000000000000e+03
3.763000000000000000e+03 2.132000000000000000e+03
3.769000000000000000e+03 2.190000000000000000e+03
3.304000000000000000e+03 3.054000000000000000e+03
3.493000000000000000e+03 2.926000000000000000e+03
3.911000000000000000e+03 2.224000000000000000e+03
3.881000000000000000e+03 2.285000000000000000e+03
3.773000000000000000e+03 2.456000000000000000e+03
3.787000000000000000e+03 2.394000000000000000e+03
3.905000000000000000e+03 2.054000000000000000e+03
3.834000000000000000e+03 2.196000000000000000e+03
3.772000000000000000e+03 2.198000000000000000e+03
3.750000000000000000e+03 2.256000000000000000e+03
3.890000000000000000e+03 2.800000000000000000e+03
3.869000000000000000e+03 2.819000000000000000e+03
3.908000000000000000e+03 2.753000000000000000e+03
3.691000000000000000e+03 2.683000000000000000e+03
3.840000000000000000e+03 2.716000000000000000e+03
3.854000000000000000e+03 2.642000000000000000e+03
3.935000000000000000e+03 2.594000000000000000e+03
3.881000000000000000e+03 2.708000000000000000e+03
3.844000000000000000e+03 2.890000000000000000e+03
3.831000000000000000e+03 2.738000000000000000e+03
3.814000000000000000e+03 2.899000000000000000e+03
3.842000000000000000e+03 2.923000000000000000e+03
3.753000000000000000e+03 2.618000000000000000e+03
3.802000000000000000e+03 2.530000000000000000e+03
3.888000000000000000e+03 2.452000000000000000e+03
3.892000000000000000e+03 2.545000000000000000e+03
2.678000000000000000e+03 2.873000000000000000e+03
2.197000000000000000e+03 3.539000000000000000e+03
2.156000000000000000e+03 3.650000000000000000e+03
2.222000000000000000e+03 3.557000000000000000e+03
2.056000000000000000e+03 3.646000000000000000e+03
1.990000000000000000e+03 3.720000000000000000e+03
2.019000000000000000e+03 3.689000000000000000e+03
1.924000000000000000e+03 3.796000000000000000e+03
1.907000000000000000e+03 3.699000000000000000e+03
1.941000000000000000e+03 3.672000000000000000e+03
1.960000000000000000e+03 3.849000000000000000e+03
1.949000000000000000e+03 3.640000000000000000e+03
1.909000000000000000e+03 3.656000000000000000e+03
1.956000000000000000e+03 3.544000000000000000e+03
1.983000000000000000e+03 3.666000000000000000e+03
2.089000000000000000e+03 3.616000000000000000e+03
2.082000000000000000e+03 3.628000000000000000e+03
3.632000000000000000e+03 2.117000000000000000e+03
2.267000000000000000e+03 3.410000000000000000e+03
3.695000000000000000e+03 2.024000000000000000e+03
3.796000000000000000e+03 2.006000000000000000e+03
3.661000000000000000e+03 2.070000000000000000e+03
3.668000000000000000e+03 2.055000000000000000e+03
2.035000000000000000e+03 3.671000000000000000e+03
2.042000000000000000e+03 3.597000000000000000e+03
2.024000000000000000e+03 3.519000000000000000e+03
2.023000000000000000e+03 3.471000000000000000e+03
2.105000000000000000e+03 3.449000000000000000e+03
2.135000000000000000e+03 3.456000000000000000e+03
2.068000000000000000e+03 3.518000000000000000e+03
2.067000000000000000e+03 3.430000000000000000e+03
3.810000000000000000e+03 2.999000000000000000e+03
3.766000000000000000e+03 3.051000000000000000e+03
3.827000000000000000e+03 3.044000000000000000e+03
3.833000000000000000e+03 2.993000000000000000e+03
3.804000000000000000e+03 2.955000000000000000e+03
3.818000000000000000e+03 3.004000000000000000e+03
3.743000000000000000e+03 3.017000000000000000e+03
3.871000000000000000e+03 3.082000000000000000e+03
3.895000000000000000e+03 3.128000000000000000e+03
3.797000000000000000e+03 3.121000000000000000e+03
3.838000000000000000e+03 3.116000000000000000e+03
3.892000000000000000e+03 2.959000000000000000e+03
3.975000000000000000e+03 2.808000000000000000e+03
3.897000000000000000e+03 3.027000000000000000e+03
3.915000000000000000e+03 3.048000000000000000e+03
3.950000000000000000e+03 2.673000000000000000e+03
3.939000000000000000e+03 2.731000000000000000e+03
3.969000000000000000e+03 2.746000000000000000e+03
3.958000000000000000e+03 2.655000000000000000e+03
3.936000000000000000e+03 2.897000000000000000e+03
3.927000000000000000e+03 2.798000000000000000e+03
3.965000000000000000e+03 3.074000000000000000e+03
3.959000000000000000e+03 3.103000000000000000e+03
3.964000000000000000e+03 2.852000000000000000e+03
3.969000000000000000e+03 2.910000000000000000e+03
3.977000000000000000e+03 2.953000000000000000e+03
3.958000000000000000e+03 2.890000000000000000e+03
3.929000000000000000e+03 2.891000000000000000e+03
3.919000000000000000e+03 2.819000000000000000e+03
3.956000000000000000e+03 3.015000000000000000e+03
3.951000000000000000e+03 2.917000000000000000e+03
3.978000000000000000e+03 2.454000000000000000e+03
3.948000000000000000e+03 2.474000000000000000e+03
3.977000000000000000e+03 2.447000000000000000e+03
3.939000000000000000e+03 2.418000000000000000e+03
3.962000000000000000e+03 2.256000000000000000e+03
3.961000000000000000e+03 2.308000000000000000e+03
3.917000000000000000e+03 2.161000000000000000e+03
3.934000000000000000e+03 2.182000000000000000e+03
3.902000000000000000e+03 2.271000000000000000e+03
3.890000000000000000e+03 2.233000000000000000e+03
3.839000000000000000e+03 2.290000000000000000e+03
3.841000000000000000e+03 2.181000000000000000e+03
3.885000000000000000e+03 2.358000000000000000e+03
3.924000000000000000e+03 2.474000000000000000e+03
3.900000000000000000e+03 2.366000000000000000e+03
3.863000000000000000e+03 2.372000000000000000e+03
3.849000000000000000e+03 1.896000000000000000e+03
3.831000000000000000e+03 1.857000000000000000e+03
3.756000000000000000e+03 1.932000000000000000e+03
3.756000000000000000e+03 1.893000000000000000e+03
3.864000000000000000e+03 2.055000000000000000e+03
3.889000000000000000e+03 2.051000000000000000e+03
3.762000000000000000e+03 2.043000000000000000e+03
3.770000000000000000e+03 2.027000000000000000e+03
3.942000000000000000e+03 2.068000000000000000e+03
3.912000000000000000e+03 1.993000000000000000e+03
3.820000000000000000e+03 1.954000000000000000e+03
3.839000000000000000e+03 1.933000000000000000e+03
3.883000000000000000e+03 2.005000000000000000e+03
3.815000000000000000e+03 2.076000000000000000e+03
3.836000000000000000e+03 2.288000000000000000e+03
3.941000000000000000e+03 2.281000000000000000e+03
2.334000000000000000e+03 3.210000000000000000e+03
3.730000000000000000e+02 1.000000000000000000e+02
1.599000000000000000e+03 1.940000000000000000e+03
2.350000000000000000e+02 1.080000000000000000e+03
4.400000000000000000e+01 2.610000000000000000e+03
2.242000000000000000e+03 1.400000000000000000e+02
