3.379000000000000000e+03 1.275000000000000000e+03
3.941000000000000000e+03 1.237000000000000000e+03
3.955000000000000000e+03 1.199000000000000000e+03
3.974000000000000000e+03 1.411000000000000000e+03
3.968000000000000000e+03 1.377000000000000000e+03
3.463000000000000000e+03 1.527000000000000000e+03
3.961000000000000000e+03 1.624000000000000000e+03
3.714000000000000000e+03 1.332000000000000000e+03
3.835000000000000000e+03 1.225000000000000000e+03
3.923000000000000000e+03 1.361000000000000000e+03
3.907000000000000000e+03 1.328000000000000000e+03
3.923000000000000000e+03 1.514000000000000000e+03
3.974000000000000000e+03 1.446000000000000000e+03
3.966000000000000000e+03 1.288000000000000000e+03
3.938000000000000000e+03 1.288000000000000000e+03
3.928000000000000000e+03 1.802000000000000000e+03
3.935000000000000000e+03 1.856000000000000000e+03
3.911000000000000000e+03 1.660000000000000000e+03
3.943000000000000000e+03 1.705000000000000000e+03
3.932000000000000000e+03 1.722000000000000000e+03
3.956000000000000000e+03 1.721000000000000000e+03
3.928000000000000000e+03 1.805000000000000000e+03
3.975000000000000000e+03 1.879000000000000000e+03
8.850000000000000000e+02 1.333000000000000000e+03
2.160000000000000000e+02 9.940000000000000000e+02
3.311000000000000000e+03 1.738000000000000000e+03
3.006000000000000000e+03 1.693000000000000000e+03
3.949000000000000000e+03 2.001000000000000000e+03
3.975000000000000000e+03 2.118000000000000000e+03
3.957000000000000000e+03 1.959000000000000000e+03
3.931000000000000000e+03 1.933000000000000000e+03
2.900000000000000000e+01 9.140000000000000000e+02
1.500000000000000000e+01 7.950000000000000000e+02
2.500000000000000000e+01 8.560000000000000000e+02
3.500000000000000000e+01 4.450000000000000000e+02
5.700000000000000000e+01 6.140000000000000000e+02
7.200000000000000000e+01 7.800000000000000000e+02
6.900000000000000000e+01 7.850000000000000000e+02
1.900000000000000000e+01 5.130000000000000000e+02
5.100000000000000000e+01 5.270000000000000000e+02
6.400000000000000000e+01 6.570000000000000000e+02
5.400000000000000000e+01 1.037000000000000000e+03
2.500000000000000000e+01 1.226000000000000000e+03
2.200000000000000000e+01 6.870000000000000000e+02
2.000000000000000000e+01 6.060000000000000000e+02
4.100000000000000000e+01 8.330000000000000000e+02
1.980000000000000000e+02 5.250000000000000000e+02
1.340000000000000000e+02 5.870000000000000000e+02
1.820000000000000000e+02 6.840000000000000000e+02
1.130000000000000000e+02 7.910000000000000000e+02
8.400000000000000000e+01 6.140000000000000000e+02
3.200000000000000000e+01 9.860000000000000000e+02
1.340000000000000000e+02 4.760000000000000000e+02
1.510000000000000000e+02 4.510000000000000000e+02
1.880000000000000000e+02 6.430000000000000000e+02
1.970000000000000000e+02 6.650000000000000000e+02
9.000000000000000000e+01 7.610000000000000000e+02
1.390000000000000000e+02 7.410000000000000000e+02
1.530000000000000000e+02 5.540000000000000000e+02
1.150000000000000000e+02 5.800000000000000000e+02
1.290000000000000000e+02 5.980000000000000000e+02
1.190000000000000000e+02 6.690000000000000000e+02
3.904000000000000000e+03 1.060000000000000000e+03
3.979000000000000000e+03 1.033000000000000000e+03
3.959000000000000000e+03 1.011000000000000000e+03
3.944000000000000000e+03 8.790000000000000000e+02
3.921000000000000000e+03 8.910000000000000000e+02
3.929000000000000000e+03 9.500000000000000000e+02
3.976000000000000000e+03 9.450000000000000000e+02
3.863000000000000000e+03 1.155000000000000000e+03
3.819000000000000000e+03 1.137000000000000000e+03
3.867000000000000000e+03 1.147000000000000000e+03
3.858000000000000000e+03 1.168000000000000000e+03
3.712000000000000000e+03 1.211000000000000000e+03
3.931000000000000000e+03 1.154000000000000000e+03
3.762000000000000000e+03 1.174000000000000000e+03
3.751000000000000000e+03 1.189000000000000000e+03
3.929000000000000000e+03 1.048000000000000000e+03
3.930000000000000000e+03 1.071000000000000000e+03
3.643000000000000000e+03 1.186000000000000000e+03
3.078000000000000000e+03 1.183000000000000000e+03
3.903000000000000000e+03 9.640000000000000000e+02
3.906000000000000000e+03 8.610000000000000000e+02
3.264000000000000000e+03 1.009000000000000000e+03
3.297000000000000000e+03 1.247000000000000000e+03
3.771000000000000000e+03 1.130000000000000000e+03
3.695000000000000000e+03 1.129000000000000000e+03
3.694000000000000000e+03 1.136000000000000000e+03
3.594000000000000000e+03 1.120000000000000000e+03
3.763000000000000000e+03 1.086000000000000000e+03
3.692000000000000000e+03 1.081000000000000000e+03
3.659000000000000000e+03 1.110000000000000000e+03
3.713000000000000000e+03 1.087000000000000000e+03
3.513000000000000000e+03 8.400000000000000000e+01
3.568000000000000000e+03 4.900000000000000000e+01
3.500000000000000000e+03 2.200000000000000000e+01
3.521000000000000000e+03 4.000000000000000000e+01
3.578000000000000000e+03 1.240000000000000000e+02
3.698000000000000000e+03 2.460000000000000000e+02
3.631000000000000000e+03 3.000000000000000000e+01
3.647000000000000000e+03 1.420000000000000000e+02
3.368000000000000000e+03 4.200000000000000000e+01
3.431000000000000000e+03 5.900000000000000000e+01
3.349000000000000000e+03 3.900000000000000000e+01
3.324000000000000000e+03 5.000000000000000000e+01
3.571000000000000000e+03 5.300000000000000000e+01
3.563000000000000000e+03 1.040000000000000000e+02
3.449000000000000000e+03 1.280000000000000000e+02
3.485000000000000000e+03 1.440000000000000000e+02
3.708000000000000000e+03 6.200000000000000000e+01
3.851000000000000000e+03 7.600000000000000000e+01
3.627000000000000000e+03 7.300000000000000000e+01
3.825000000000000000e+03 9.600000000000000000e+01
3.911000000000000000e+03 3.350000000000000000e+02
3.789000000000000000e+03 2.290000000000000000e+02
3.671000000000000000e+03 1.430000000000000000e+02
3.732000000000000000e+03 1.840000000000000000e+02
3.889000000000000000e+03 2.240000000000000000e+02
3.798000000000000000e+03 9.200000000000000000e+01
3.768000000000000000e+03 4.900000000000000000e+01
3.761000000000000000e+03 2.000000000000000000e+01
3.929000000000000000e+03 4.460000000000000000e+02
3.922000000000000000e+03 5.260000000000000000e+02
3.654000000000000000e+03 8.900000000000000000e+01
3.733000000000000000e+03 1.190000000000000000e+02
9.390000000000000000e+02 6.100000000000000000e+01
8.420000000000000000e+02 9.000000000000000000e+01
1.010000000000000000e+03 5.300000000000000000e+01
7.710000000000000000e+02 6.400000000000000000e+01
8.580000000000000000e+02 4.900000000000000000e+01
9.010000000000000000e+02 4.100000000000000000e+01
7.900000000000000000e+02 1.490000000000000000e+02
6.770000000000000000e+02 4.400000000000000000e+01
7.340000000000000000e+02 2.800000000000000000e+01
7.340000000000000000e+02 4.200000000000000000e+01
6.670000000000000000e+02 1.260000000000000000e+02
8.200000000000000000e+02 4.000000000000000000e+01
3.951000000000000000e+03 7.770000000000000000e+02
7.920000000000000000e+02 4.600000000000000000e+01
7.640000000000000000e+02 5.300000000000000000e+01
9.490000000000000000e+02 1.700000000000000000e+02
9.970000000000000000e+02 1.590000000000000000e+02
1.022000000000000000e+03 1.070000000000000000e+02
1.088000000000000000e+03 2.800000000000000000e+01
9.800000000000000000e+02 1.280000000000000000e+02
1.096000000000000000e+03 2.250000000000000000e+02
1.169000000000000000e+03 1.660000000000000000e+02
3.270000000000000000e+03 6.960000000000000000e+02
7.730000000000000000e+02 1.680000000000000000e+02
7.610000000000000000e+02 1.280000000000000000e+02
7.130000000000000000e+02 1.350000000000000000e+02
6.760000000000000000e+02 2.300000000000000000e+02
8.310000000000000000e+02 1.340000000000000000e+02
8.780000000000000000e+02 1.670000000000000000e+02
8.230000000000000000e+02 1.720000000000000000e+02
7.420000000000000000e+02 3.020000000000000000e+02
3.928000000000000000e+03 8.170000000000000000e+02
3.902000000000000000e+03 6.760000000000000000e+02
3.929000000000000000e+03 7.210000000000000000e+02
3.947000000000000000e+03 6.620000000000000000e+02
3.953000000000000000e+03 5.280000000000000000e+02
3.935000000000000000e+03 7.000000000000000000e+02
3.916000000000000000e+03 6.640000000000000000e+02
3.952000000000000000e+03 5.810000000000000000e+02
3.850000000000000000e+03 1.620000000000000000e+02
3.825000000000000000e+03 1.860000000000000000e+02
3.898000000000000000e+03 5.780000000000000000e+02
3.892000000000000000e+03 1.070000000000000000e+02
3.841000000000000000e+03 1.000000000000000000e+02
3.748000000000000000e+03 1.740000000000000000e+02
3.768000000000000000e+03 1.400000000000000000e+02
3.965000000000000000e+03 7.300000000000000000e+02
3.946000000000000000e+03 7.110000000000000000e+02
3.971000000000000000e+03 5.760000000000000000e+02
3.974000000000000000e+03 5.000000000000000000e+02
3.970000000000000000e+03 4.120000000000000000e+02
3.982000000000000000e+03 5.670000000000000000e+02
3.963000000000000000e+03 6.590000000000000000e+02
3.951000000000000000e+03 4.890000000000000000e+02
3.969000000000000000e+03 2.250000000000000000e+02
3.953000000000000000e+03 2.110000000000000000e+02
3.935000000000000000e+03 2.750000000000000000e+02
3.973000000000000000e+03 3.090000000000000000e+02
3.979000000000000000e+03 1.310000000000000000e+02
3.953000000000000000e+03 1.590000000000000000e+02
3.918000000000000000e+03 1.990000000000000000e+02
3.902000000000000000e+03 1.640000000000000000e+02
1.584000000000000000e+03 6.800000000000000000e+01
3.054000000000000000e+03 1.700000000000000000e+01
3.237000000000000000e+03 3.400000000000000000e+01
2.527000000000000000e+03 1.830000000000000000e+02
3.291000000000000000e+03 1.210000000000000000e+02
3.159000000000000000e+03 8.900000000000000000e+01
3.212000000000000000e+03 6.200000000000000000e+01
3.132000000000000000e+03 3.900000000000000000e+01
3.158000000000000000e+03 5.800000000000000000e+01
3.221000000000000000e+03 2.700000000000000000e+01
3.065000000000000000e+03 5.700000000000000000e+01
3.106000000000000000e+03 1.170000000000000000e+02
3.144000000000000000e+03 1.170000000000000000e+02
3.114000000000000000e+03 1.650000000000000000e+02
3.091000000000000000e+03 1.220000000000000000e+02
5.260000000000000000e+02 4.500000000000000000e+01
6.010000000000000000e+02 5.100000000000000000e+01
5.390000000000000000e+02 9.400000000000000000e+01
5.440000000000000000e+02 1.000000000000000000e+02
5.410000000000000000e+02 8.000000000000000000e+00
4.660000000000000000e+02 3.500000000000000000e+01
4.350000000000000000e+02 6.300000000000000000e+01
4.190000000000000000e+02 4.300000000000000000e+01
4.230000000000000000e+02 2.660000000000000000e+02
6.100000000000000000e+02 1.210000000000000000e+02
5.010000000000000000e+02 2.180000000000000000e+02
5.400000000000000000e+02 1.810000000000000000e+02
4.340000000000000000e+02 1.680000000000000000e+02
5.990000000000000000e+02 1.610000000000000000e+02
5.120000000000000000e+02 1.500000000000000000e+02
6.310000000000000000e+02 1.740000000000000000e+02
3.407000000000000000e+03 8.700000000000000000e+01
3.458000000000000000e+03 6.000000000000000000e+01
2.580000000000000000e+02 6.450000000000000000e+02
1.920000000000000000e+02 6.960000000000000000e+02
3.179000000000000000e+03 1.050000000000000000e+02
3.295000000000000000e+03 2.440000000000000000e+02
3.342000000000000000e+03 3.310000000000000000e+02
3.340000000000000000e+03 1.130000000000000000e+02
1.028000000000000000e+03 1.700000000000000000e+02
1.026000000000000000e+03 2.720000000000000000e+02
1.873000000000000000e+03 3.140000000000000000e+02
3.358000000000000000e+03 8.920000000000000000e+02
1.145000000000000000e+03 1.950000000000000000e+02
1.151000000000000000e+03 1.590000000000000000e+02
1.103000000000000000e+03 1.610000000000000000e+02
1.018000000000000000e+03 1.630000000000000000e+02
2.299000000000000000e+03 6.980000000000000000e+02
1.788000000000000000e+03 5.070000000000000000e+02
2.805000000000000000e+03 8.340000000000000000e+02
2.423000000000000000e+03 6.810000000000000000e+02
2.960000000000000000e+02 6.150000000000000000e+02
1.089000000000000000e+03 8.300000000000000000e+02
2.388000000000000000e+03 1.055000000000000000e+03
2.993000000000000000e+03 6.810000000000000000e+02
4.330000000000000000e+02 9.320000000000000000e+02
1.940000000000000000e+02 6.850000000000000000e+02
2.417000000000000000e+03 3.730000000000000000e+02
3.114000000000000000e+03 1.700000000000000000e+02
5.330000000000000000e+02 7.860000000000000000e+02
6.620000000000000000e+02 1.103000000000000000e+03
6.460000000000000000e+02 9.500000000000000000e+02
5.310000000000000000e+02 1.110000000000000000e+03
3.516000000000000000e+03 1.242000000000000000e+03
3.466000000000000000e+03 1.209000000000000000e+03
3.485000000000000000e+03 1.224000000000000000e+03
3.727000000000000000e+03 1.159000000000000000e+03
3.614000000000000000e+03 1.197000000000000000e+03
3.576000000000000000e+03 1.216000000000000000e+03
3.585000000000000000e+03 1.187000000000000000e+03
3.107000000000000000e+03 1.205000000000000000e+03
3.082000000000000000e+03 1.225000000000000000e+03
3.017000000000000000e+03 1.200000000000000000e+03
3.073000000000000000e+03 1.193000000000000000e+03
3.077000000000000000e+03 1.122000000000000000e+03
3.537000000000000000e+03 1.140000000000000000e+03
3.017000000000000000e+03 1.121000000000000000e+03
3.341000000000000000e+03 8.750000000000000000e+02
3.314000000000000000e+03 1.146000000000000000e+03
3.461000000000000000e+03 1.198000000000000000e+03
3.283000000000000000e+03 1.115000000000000000e+03
3.263000000000000000e+03 1.107000000000000000e+03
3.529000000000000000e+03 1.196000000000000000e+03
3.214000000000000000e+03 1.171000000000000000e+03
3.315000000000000000e+03 1.176000000000000000e+03
3.477000000000000000e+03 1.172000000000000000e+03
3.448000000000000000e+03 1.093000000000000000e+03
3.124000000000000000e+03 1.104000000000000000e+03
3.520000000000000000e+03 8.030000000000000000e+02
3.168000000000000000e+03 1.123000000000000000e+03
3.158000000000000000e+03 1.170000000000000000e+03
3.146000000000000000e+03 1.194000000000000000e+03
3.187000000000000000e+03 1.094000000000000000e+03
3.531000000000000000e+03 1.168000000000000000e+03
3.220000000000000000e+03 1.005000000000000000e+03
3.289000000000000000e+03 1.033000000000000000e+03
3.408000000000000000e+03 1.148000000000000000e+03
3.469000000000000000e+03 1.157000000000000000e+03
3.515000000000000000e+03 1.130000000000000000e+03
3.462000000000000000e+03 1.081000000000000000e+03
3.456000000000000000e+03 1.119000000000000000e+03
3.809000000000000000e+03 1.257000000000000000e+03
3.859000000000000000e+03 1.285000000000000000e+03
3.735000000000000000e+03 1.254000000000000000e+03
3.744000000000000000e+03 1.263000000000000000e+03
3.615000000000000000e+03 1.235000000000000000e+03
3.277000000000000000e+03 1.238000000000000000e+03
3.434000000000000000e+03 1.244000000000000000e+03
3.500000000000000000e+03 1.251000000000000000e+03
3.977000000000000000e+03 1.758000000000000000e+03
3.854000000000000000e+03 1.679000000000000000e+03
2.281000000000000000e+03 2.063000000000000000e+03
3.941000000000000000e+03 1.701000000000000000e+03
3.640000000000000000e+03 1.613000000000000000e+03
3.909000000000000000e+03 1.566000000000000000e+03
3.239000000000000000e+03 1.254000000000000000e+03
3.628000000000000000e+03 1.598000000000000000e+03
3.524000000000000000e+03 1.711000000000000000e+03
3.320000000000000000e+03 1.578000000000000000e+03
3.227000000000000000e+03 1.375000000000000000e+03
2.907000000000000000e+03 1.957000000000000000e+03
2.487000000000000000e+03 1.780000000000000000e+03
2.600000000000000000e+03 1.897000000000000000e+03
2.720000000000000000e+03 2.017000000000000000e+03
2.676000000000000000e+03 2.023000000000000000e+03
1.967000000000000000e+03 1.278000000000000000e+03
2.087000000000000000e+03 1.307000000000000000e+03
2.161000000000000000e+03 1.311000000000000000e+03
1.958000000000000000e+03 1.413000000000000000e+03
2.167000000000000000e+03 1.835000000000000000e+03
1.561000000000000000e+03 8.880000000000000000e+02
1.504000000000000000e+03 1.881000000000000000e+03
1.947000000000000000e+03 1.284000000000000000e+03
1.908000000000000000e+03 1.296000000000000000e+03
1.738000000000000000e+03 1.346000000000000000e+03
1.764000000000000000e+03 1.380000000000000000e+03
2.120000000000000000e+03 1.868000000000000000e+03
2.092000000000000000e+03 1.652000000000000000e+03
2.059000000000000000e+03 2.163000000000000000e+03
2.215000000000000000e+03 1.889000000000000000e+03
3.856000000000000000e+03 1.521000000000000000e+03
3.895000000000000000e+03 1.513000000000000000e+03
2.609000000000000000e+03 1.286000000000000000e+03
2.121000000000000000e+03 1.318000000000000000e+03
1.986000000000000000e+03 1.241000000000000000e+03
2.414000000000000000e+03 1.253000000000000000e+03
3.503000000000000000e+03 1.428000000000000000e+03
3.901000000000000000e+03 1.439000000000000000e+03
3.942000000000000000e+03 1.567000000000000000e+03
3.933000000000000000e+03 1.597000000000000000e+03
1.052000000000000000e+03 1.182000000000000000e+03
2.639000000000000000e+03 1.393000000000000000e+03
1.092000000000000000e+03 1.197000000000000000e+03
8.550000000000000000e+02 1.179000000000000000e+03
7.040000000000000000e+02 1.180000000000000000e+03
6.680000000000000000e+02 1.199000000000000000e+03
1.252000000000000000e+03 1.172000000000000000e+03
1.106000000000000000e+03 1.174000000000000000e+03
1.926000000000000000e+03 1.178000000000000000e+03
3.091000000000000000e+03 1.209000000000000000e+03
1.056000000000000000e+03 1.172000000000000000e+03
1.104000000000000000e+03 1.158000000000000000e+03
1.498000000000000000e+03 1.144000000000000000e+03
2.454000000000000000e+03 1.155000000000000000e+03
5.510000000000000000e+02 1.177000000000000000e+03
9.050000000000000000e+02 1.144000000000000000e+03
5.500000000000000000e+02 1.170000000000000000e+03
6.010000000000000000e+02 1.151000000000000000e+03
1.034000000000000000e+03 1.118000000000000000e+03
1.081000000000000000e+03 1.093000000000000000e+03
1.115000000000000000e+03 1.140000000000000000e+03
2.102000000000000000e+03 1.049000000000000000e+03
8.050000000000000000e+02 1.134000000000000000e+03
7.600000000000000000e+02 1.103000000000000000e+03
7.680000000000000000e+02 1.102000000000000000e+03
8.720000000000000000e+02 1.119000000000000000e+03
5.670000000000000000e+02 1.151000000000000000e+03
7.410000000000000000e+02 1.141000000000000000e+03
8.040000000000000000e+02 1.118000000000000000e+03
7.400000000000000000e+02 9.820000000000000000e+02
8.480000000000000000e+02 1.105000000000000000e+03
9.440000000000000000e+02 7.780000000000000000e+02
7.520000000000000000e+02 1.160000000000000000e+03
5.660000000000000000e+02 1.158000000000000000e+03
3.580000000000000000e+02 1.119000000000000000e+03
3.540000000000000000e+02 1.139000000000000000e+03
4.030000000000000000e+02 1.144000000000000000e+03
3.870000000000000000e+02 1.148000000000000000e+03
2.400000000000000000e+01 1.765000000000000000e+03
2.100000000000000000e+01 1.785000000000000000e+03
2.200000000000000000e+01 2.073000000000000000e+03
1.020000000000000000e+02 1.140000000000000000e+03
2.900000000000000000e+01 1.706000000000000000e+03
8.000000000000000000e+01 1.461000000000000000e+03
1.700000000000000000e+01 1.710000000000000000e+03
7.300000000000000000e+01 1.875000000000000000e+03
7.400000000000000000e+01 1.850000000000000000e+03
8.000000000000000000e+01 1.822000000000000000e+03
8.900000000000000000e+01 1.755000000000000000e+03
7.900000000000000000e+01 1.514000000000000000e+03
8.600000000000000000e+01 1.274000000000000000e+03
1.130000000000000000e+02 1.206000000000000000e+03
7.800000000000000000e+01 1.648000000000000000e+03
5.800000000000000000e+01 1.459000000000000000e+03
1.210000000000000000e+02 1.099000000000000000e+03
4.300000000000000000e+01 1.540000000000000000e+03
1.150000000000000000e+02 1.037000000000000000e+03
1.590000000000000000e+02 1.119000000000000000e+03
1.650000000000000000e+02 1.044000000000000000e+03
1.290000000000000000e+02 1.124000000000000000e+03
1.480000000000000000e+02 1.123000000000000000e+03
3.800000000000000000e+01 1.199000000000000000e+03
4.200000000000000000e+01 1.156000000000000000e+03
5.200000000000000000e+01 1.100000000000000000e+03
4.000000000000000000e+01 1.096000000000000000e+03
2.870000000000000000e+02 1.174000000000000000e+03
5.200000000000000000e+01 1.062000000000000000e+03
2.500000000000000000e+01 1.029000000000000000e+03
1.000000000000000000e+01 1.294000000000000000e+03
2.019000000000000000e+03 1.465000000000000000e+03
1.591000000000000000e+03 1.442000000000000000e+03
1.288000000000000000e+03 1.290000000000000000e+03
3.400000000000000000e+01 1.482000000000000000e+03
3.200000000000000000e+01 1.440000000000000000e+03
4.300000000000000000e+01 1.242000000000000000e+03
3.600000000000000000e+01 1.332000000000000000e+03
1.657000000000000000e+03 1.140000000000000000e+02
1.809000000000000000e+03 2.720000000000000000e+02
1.125000000000000000e+03 9.620000000000000000e+02
1.850000000000000000e+03 2.890000000000000000e+02
3.000000000000000000e+01 1.830000000000000000e+03
1.700000000000000000e+01 1.813000000000000000e+03
2.500000000000000000e+01 1.918000000000000000e+03
3.500000000000000000e+01 1.910000000000000000e+03
1.636000000000000000e+03 2.900000000000000000e+01
1.715000000000000000e+03 3.200000000000000000e+01
1.738000000000000000e+03 2.000000000000000000e+01
1.801000000000000000e+03 3.200000000000000000e+01
1.880000000000000000e+03 2.500000000000000000e+01
1.906000000000000000e+03 3.000000000000000000e+01
1.821000000000000000e+03 1.800000000000000000e+01
1.840000000000000000e+03 1.000000000000000000e+01
1.755000000000000000e+03 6.600000000000000000e+01
1.789000000000000000e+03 7.100000000000000000e+01
1.851000000000000000e+03 6.800000000000000000e+01
1.808000000000000000e+03 1.080000000000000000e+02
1.664000000000000000e+03 9.300000000000000000e+01
1.677000000000000000e+03 7.600000000000000000e+01
1.723000000000000000e+03 1.120000000000000000e+02
1.626000000000000000e+03 1.100000000000000000e+02
1.581000000000000000e+03 1.434000000000000000e+03
1.444000000000000000e+03 1.510000000000000000e+02
2.052000000000000000e+03 1.052000000000000000e+03
1.178000000000000000e+03 1.100000000000000000e+02
1.140000000000000000e+03 2.700000000000000000e+01
1.219000000000000000e+03 3.200000000000000000e+01
1.421000000000000000e+03 5.240000000000000000e+02
2.020000000000000000e+02 1.000000000000000000e+03
1.990000000000000000e+02 9.270000000000000000e+02
2.420000000000000000e+02 9.750000000000000000e+02
2.410000000000000000e+02 9.800000000000000000e+02
2.440000000000000000e+02 1.031000000000000000e+03
7.830000000000000000e+02 9.570000000000000000e+02
2.800000000000000000e+02 1.031000000000000000e+03
3.410000000000000000e+02 9.750000000000000000e+02
1.465000000000000000e+03 7.900000000000000000e+01
1.392000000000000000e+03 8.500000000000000000e+01
1.571000000000000000e+03 7.800000000000000000e+01
1.498000000000000000e+03 8.200000000000000000e+01
1.408000000000000000e+03 2.400000000000000000e+01
1.486000000000000000e+03 2.800000000000000000e+01
1.589000000000000000e+03 5.000000000000000000e+01
1.566000000000000000e+03 2.100000000000000000e+01
1.379000000000000000e+03 1.050000000000000000e+02
1.242000000000000000e+03 5.900000000000000000e+01
1.349000000000000000e+03 7.300000000000000000e+01
1.362000000000000000e+03 4.800000000000000000e+01
1.347000000000000000e+03 8.000000000000000000e+01
1.267000000000000000e+03 1.090000000000000000e+02
1.483000000000000000e+03 1.290000000000000000e+02
1.418000000000000000e+03 1.030000000000000000e+02
2.430000000000000000e+02 7.940000000000000000e+02
6.130000000000000000e+02 8.570000000000000000e+02
2.010000000000000000e+02 7.560000000000000000e+02
2.070000000000000000e+02 7.720000000000000000e+02
2.180000000000000000e+02 7.810000000000000000e+02
2.440000000000000000e+02 7.820000000000000000e+02
3.180000000000000000e+02 7.650000000000000000e+02
8.480000000000000000e+02 5.470000000000000000e+02
3.700000000000000000e+02 7.740000000000000000e+02
3.500000000000000000e+02 8.040000000000000000e+02
3.420000000000000000e+02 8.310000000000000000e+02
2.050000000000000000e+02 8.650000000000000000e+02
1.900000000000000000e+02 8.260000000000000000e+02
3.010000000000000000e+02 7.370000000000000000e+02
3.480000000000000000e+02 7.310000000000000000e+02
3.120000000000000000e+02 7.540000000000000000e+02
2.640000000000000000e+02 8.840000000000000000e+02
2.300000000000000000e+01 1.273000000000000000e+03
2.330000000000000000e+02 8.740000000000000000e+02
2.070000000000000000e+02 8.550000000000000000e+02
3.350000000000000000e+02 8.710000000000000000e+02
3.140000000000000000e+02 8.900000000000000000e+02
2.030000000000000000e+02 8.940000000000000000e+02
8.700000000000000000e+01 8.910000000000000000e+02
2.170000000000000000e+02 1.053000000000000000e+03
1.580000000000000000e+02 1.018000000000000000e+03
1.440000000000000000e+02 9.690000000000000000e+02
1.230000000000000000e+02 9.460000000000000000e+02
3.230000000000000000e+02 1.050000000000000000e+03
4.540000000000000000e+02 1.103000000000000000e+03
2.580000000000000000e+02 1.034000000000000000e+03
2.840000000000000000e+02 1.052000000000000000e+03
7.200000000000000000e+01 1.902000000000000000e+03
4.200000000000000000e+01 1.401000000000000000e+03
6.200000000000000000e+01 1.418000000000000000e+03
5.000000000000000000e+01 1.474000000000000000e+03
5.400000000000000000e+01 1.565000000000000000e+03
6.200000000000000000e+01 1.633000000000000000e+03
8.500000000000000000e+01 1.563000000000000000e+03
2.840000000000000000e+02 2.314000000000000000e+03
3.400000000000000000e+02 2.287000000000000000e+03
2.010000000000000000e+02 2.256000000000000000e+03
1.190000000000000000e+02 2.175000000000000000e+03
5.800000000000000000e+01 2.147000000000000000e+03
2.260000000000000000e+02 2.336000000000000000e+03
1.340000000000000000e+02 2.296000000000000000e+03
1.490000000000000000e+02 2.287000000000000000e+03
2.960000000000000000e+02 2.299000000000000000e+03
7.090000000000000000e+02 2.695000000000000000e+03
3.040000000000000000e+02 2.401000000000000000e+03
3.060000000000000000e+02 2.364000000000000000e+03
2.570000000000000000e+02 2.389000000000000000e+03
2.430000000000000000e+02 2.410000000000000000e+03
2.100000000000000000e+02 2.404000000000000000e+03
2.060000000000000000e+02 2.381000000000000000e+03
1.350000000000000000e+02 2.416000000000000000e+03
1.360000000000000000e+02 2.314000000000000000e+03
8.100000000000000000e+01 2.384000000000000000e+03
9.400000000000000000e+01 2.407000000000000000e+03
6.800000000000000000e+01 2.288000000000000000e+03
6.400000000000000000e+01 1.725000000000000000e+03
1.190000000000000000e+02 2.244000000000000000e+03
8.100000000000000000e+01 2.314000000000000000e+03
9.700000000000000000e+01 2.857000000000000000e+03
2.280000000000000000e+02 2.875000000000000000e+03
2.180000000000000000e+02 2.825000000000000000e+03
1.930000000000000000e+02 2.906000000000000000e+03
1.650000000000000000e+02 2.933000000000000000e+03
8.700000000000000000e+01 2.880000000000000000e+03
1.560000000000000000e+02 2.950000000000000000e+03
5.000000000000000000e+01 2.973000000000000000e+03
4.500000000000000000e+01 2.952000000000000000e+03
9.500000000000000000e+01 2.863000000000000000e+03
6.900000000000000000e+01 2.903000000000000000e+03
1.270000000000000000e+02 2.588000000000000000e+03
1.230000000000000000e+02 2.603000000000000000e+03
1.290000000000000000e+02 2.656000000000000000e+03
1.190000000000000000e+02 2.822000000000000000e+03
1.520000000000000000e+02 2.720000000000000000e+03
1.320000000000000000e+02 2.733000000000000000e+03
1.720000000000000000e+02 2.804000000000000000e+03
1.510000000000000000e+02 2.763000000000000000e+03
8.300000000000000000e+01 2.745000000000000000e+03
9.100000000000000000e+01 2.716000000000000000e+03
3.600000000000000000e+01 2.765000000000000000e+03
3.000000000000000000e+01 2.624000000000000000e+03
5.100000000000000000e+01 2.736000000000000000e+03
1.010000000000000000e+02 2.524000000000000000e+03
1.220000000000000000e+02 2.592000000000000000e+03
1.120000000000000000e+02 2.529000000000000000e+03
2.300000000000000000e+01 2.500000000000000000e+03
2.900000000000000000e+01 2.599000000000000000e+03
6.700000000000000000e+01 2.546000000000000000e+03
4.100000000000000000e+01 2.518000000000000000e+03
5.520000000000000000e+02 2.748000000000000000e+03
2.700000000000000000e+01 2.757000000000000000e+03
2.800000000000000000e+01 2.783000000000000000e+03
1.020000000000000000e+02 2.806000000000000000e+03
6.100000000000000000e+01 2.818000000000000000e+03
3.600000000000000000e+01 3.020000000000000000e+03
3.500000000000000000e+01 2.940000000000000000e+03
4.390000000000000000e+02 2.410000000000000000e+03
4.870000000000000000e+02 2.376000000000000000e+03
4.180000000000000000e+02 2.466000000000000000e+03
4.400000000000000000e+02 2.428000000000000000e+03
3.200000000000000000e+02 2.416000000000000000e+03
3.530000000000000000e+02 2.413000000000000000e+03
4.740000000000000000e+02 2.595000000000000000e+03
3.120000000000000000e+02 2.457000000000000000e+03
2.400000000000000000e+01 3.348000000000000000e+03
2.400000000000000000e+01 3.281000000000000000e+03
3.300000000000000000e+01 3.168000000000000000e+03
2.400000000000000000e+01 3.169000000000000000e+03
9.300000000000000000e+01 3.263000000000000000e+03
9.800000000000000000e+01 3.231000000000000000e+03
1.040000000000000000e+02 3.184000000000000000e+03
1.360000000000000000e+02 3.229000000000000000e+03
1.620000000000000000e+02 3.039000000000000000e+03
1.780000000000000000e+02 3.084000000000000000e+03
1.000000000000000000e+02 3.040000000000000000e+03
1.250000000000000000e+02 3.023000000000000000e+03
5.000000000000000000e+01 3.090000000000000000e+03
2.400000000000000000e+01 3.086000000000000000e+03
1.020000000000000000e+02 3.112000000000000000e+03
1.150000000000000000e+02 3.145000000000000000e+03
2.980000000000000000e+02 2.241000000000000000e+03
3.470000000000000000e+02 2.269000000000000000e+03
2.270000000000000000e+02 2.135000000000000000e+03
4.050000000000000000e+02 2.347000000000000000e+03
5.350000000000000000e+02 2.300000000000000000e+03
5.110000000000000000e+02 2.332000000000000000e+03
8.280000000000000000e+02 2.278000000000000000e+03
5.890000000000000000e+02 2.290000000000000000e+03
2.610000000000000000e+02 1.064000000000000000e+03
2.040000000000000000e+02 1.107000000000000000e+03
1.510000000000000000e+02 1.168000000000000000e+03
2.000000000000000000e+02 1.127000000000000000e+03
3.200000000000000000e+02 1.115000000000000000e+03
2.300000000000000000e+02 1.196000000000000000e+03
2.630000000000000000e+02 1.168000000000000000e+03
3.200000000000000000e+02 1.161000000000000000e+03
4.900000000000000000e+01 2.036000000000000000e+03
1.150000000000000000e+02 2.085000000000000000e+03
9.970000000000000000e+02 2.097000000000000000e+03
1.720000000000000000e+02 2.096000000000000000e+03
5.700000000000000000e+01 2.177000000000000000e+03
4.700000000000000000e+01 2.173000000000000000e+03
5.100000000000000000e+01 2.249000000000000000e+03
2.220000000000000000e+02 2.141000000000000000e+03
5.990000000000000000e+02 2.183000000000000000e+03
9.650000000000000000e+02 2.284000000000000000e+03
7.200000000000000000e+02 2.239000000000000000e+03
8.970000000000000000e+02 2.268000000000000000e+03
3.600000000000000000e+01 2.033000000000000000e+03
6.900000000000000000e+01 2.092000000000000000e+03
3.900000000000000000e+01 2.340000000000000000e+03
3.800000000000000000e+01 2.280000000000000000e+03
2.000000000000000000e+02 2.526000000000000000e+03
1.740000000000000000e+02 2.495000000000000000e+03
1.650000000000000000e+02 2.546000000000000000e+03
3.760000000000000000e+02 2.621000000000000000e+03
3.840000000000000000e+02 2.637000000000000000e+03
3.490000000000000000e+02 2.689000000000000000e+03
4.090000000000000000e+02 2.711000000000000000e+03
2.680000000000000000e+02 2.579000000000000000e+03
2.780000000000000000e+02 2.581000000000000000e+03
2.900000000000000000e+02 2.509000000000000000e+03
3.120000000000000000e+02 2.518000000000000000e+03
3.690000000000000000e+02 2.561000000000000000e+03
3.110000000000000000e+02 2.609000000000000000e+03
1.700000000000000000e+02 2.670000000000000000e+03
9.700000000000000000e+01 2.650000000000000000e+03
4.410000000000000000e+02 2.862000000000000000e+03
2.450000000000000000e+02 2.770000000000000000e+03
3.200000000000000000e+02 2.789000000000000000e+03
3.280000000000000000e+02 2.830000000000000000e+03
3.420000000000000000e+02 2.940000000000000000e+03
3.300000000000000000e+02 2.865000000000000000e+03
1.077000000000000000e+03 3.331000000000000000e+03
3.080000000000000000e+02 2.898000000000000000e+03
3.910000000000000000e+02 2.646000000000000000e+03
1.960000000000000000e+02 2.593000000000000000e+03
3.260000000000000000e+02 2.749000000000000000e+03
2.370000000000000000e+02 2.714000000000000000e+03
2.380000000000000000e+02 2.692000000000000000e+03
1.039000000000000000e+03 2.770000000000000000e+03
1.878000000000000000e+03 2.808000000000000000e+03
1.213000000000000000e+03 3.076000000000000000e+03
1.966000000000000000e+03 3.924000000000000000e+03
1.891000000000000000e+03 3.927000000000000000e+03
1.795000000000000000e+03 3.684000000000000000e+03
2.066000000000000000e+03 3.906000000000000000e+03
1.985000000000000000e+03 3.872000000000000000e+03
2.084000000000000000e+03 3.897000000000000000e+03
2.110000000000000000e+03 3.897000000000000000e+03
1.893000000000000000e+03 3.280000000000000000e+03
2.079000000000000000e+03 3.603000000000000000e+03
1.869000000000000000e+03 3.804000000000000000e+03
1.606000000000000000e+03 3.986000000000000000e+03
2.011000000000000000e+03 3.735000000000000000e+03
2.100000000000000000e+03 3.683000000000000000e+03
2.004000000000000000e+03 3.866000000000000000e+03
2.082000000000000000e+03 3.742000000000000000e+03
1.498000000000000000e+03 2.808000000000000000e+03
1.390000000000000000e+03 2.772000000000000000e+03
1.289000000000000000e+03 2.688000000000000000e+03
1.641000000000000000e+03 2.818000000000000000e+03
1.191000000000000000e+03 2.858000000000000000e+03
1.090000000000000000e+03 2.717000000000000000e+03
1.259000000000000000e+03 3.033000000000000000e+03
1.200000000000000000e+03 3.084000000000000000e+03
7.780000000000000000e+02 3.985000000000000000e+03
4.010000000000000000e+02 3.736000000000000000e+03
1.102000000000000000e+03 3.986000000000000000e+03
1.269000000000000000e+03 3.973000000000000000e+03
3.210000000000000000e+02 3.335000000000000000e+03
3.320000000000000000e+02 3.817000000000000000e+03
3.230000000000000000e+02 3.557000000000000000e+03
4.460000000000000000e+02 3.845000000000000000e+03
3.680000000000000000e+02 3.803000000000000000e+03
4.350000000000000000e+02 3.886000000000000000e+03
6.050000000000000000e+02 3.188000000000000000e+03
4.040000000000000000e+02 3.632000000000000000e+03
2.910000000000000000e+02 3.415000000000000000e+03
3.670000000000000000e+02 3.682000000000000000e+03
3.870000000000000000e+02 3.692000000000000000e+03
2.810000000000000000e+02 3.409000000000000000e+03
2.990000000000000000e+02 3.395000000000000000e+03
3.100000000000000000e+02 3.468000000000000000e+03
2.980000000000000000e+02 3.453000000000000000e+03
7.000000000000000000e+01 3.320000000000000000e+03
2.530000000000000000e+02 3.338000000000000000e+03
3.300000000000000000e+02 3.355000000000000000e+03
3.300000000000000000e+02 3.443000000000000000e+03
4.970000000000000000e+02 3.171000000000000000e+03
1.500000000000000000e+02 3.379000000000000000e+03
5.300000000000000000e+02 3.041000000000000000e+03
5.510000000000000000e+02 3.157000000000000000e+03
3.260000000000000000e+02 3.329000000000000000e+03
3.280000000000000000e+02 3.295000000000000000e+03
3.960000000000000000e+02 3.370000000000000000e+03
4.460000000000000000e+02 3.240000000000000000e+03
2.200000000000000000e+02 3.368000000000000000e+03
2.010000000000000000e+02 3.332000000000000000e+03
1.220000000000000000e+02 3.392000000000000000e+03
1.970000000000000000e+02 3.374000000000000000e+03
1.420000000000000000e+02 3.380000000000000000e+03
4.700000000000000000e+01 3.438000000000000000e+03
1.860000000000000000e+02 3.388000000000000000e+03
1.680000000000000000e+02 3.410000000000000000e+03
1.292000000000000000e+03 3.894000000000000000e+03
1.291000000000000000e+03 3.021000000000000000e+03
9.180000000000000000e+02 3.987000000000000000e+03
1.052000000000000000e+03 3.864000000000000000e+03
4.220000000000000000e+02 3.962000000000000000e+03
4.620000000000000000e+02 3.969000000000000000e+03
7.210000000000000000e+02 3.987000000000000000e+03
5.480000000000000000e+02 3.987000000000000000e+03
2.570000000000000000e+02 3.949000000000000000e+03
3.920000000000000000e+02 3.777000000000000000e+03
2.920000000000000000e+02 3.816000000000000000e+03
3.180000000000000000e+02 3.949000000000000000e+03
4.090000000000000000e+02 3.956000000000000000e+03
4.260000000000000000e+02 3.948000000000000000e+03
4.330000000000000000e+02 3.400000000000000000e+03
3.690000000000000000e+02 3.909000000000000000e+03
1.140000000000000000e+02 3.559000000000000000e+03
1.080000000000000000e+02 3.520000000000000000e+03
1.150000000000000000e+02 3.473000000000000000e+03
8.300000000000000000e+01 3.511000000000000000e+03
2.060000000000000000e+02 3.488000000000000000e+03
1.730000000000000000e+02 3.520000000000000000e+03
2.040000000000000000e+02 3.476000000000000000e+03
1.860000000000000000e+02 3.477000000000000000e+03
1.020000000000000000e+02 2.838000000000000000e+03
3.400000000000000000e+01 2.750000000000000000e+03
3.160000000000000000e+02 2.688000000000000000e+03
6.800000000000000000e+01 2.632000000000000000e+03
2.750000000000000000e+02 3.159000000000000000e+03
4.600000000000000000e+01 3.405000000000000000e+03
3.340000000000000000e+02 3.277000000000000000e+03
1.700000000000000000e+01 3.368000000000000000e+03
2.018000000000000000e+03 3.449000000000000000e+03
2.171000000000000000e+03 3.512000000000000000e+03
2.190000000000000000e+03 3.450000000000000000e+03
2.129000000000000000e+03 3.677000000000000000e+03
2.130000000000000000e+03 3.654000000000000000e+03
2.152000000000000000e+03 3.596000000000000000e+03
2.129000000000000000e+03 3.576000000000000000e+03
2.106000000000000000e+03 3.366000000000000000e+03
2.097000000000000000e+03 3.199000000000000000e+03
2.058000000000000000e+03 3.476000000000000000e+03
2.262000000000000000e+03 3.412000000000000000e+03
2.114000000000000000e+03 3.275000000000000000e+03
2.071000000000000000e+03 3.397000000000000000e+03
2.147000000000000000e+03 3.245000000000000000e+03
2.107000000000000000e+03 3.258000000000000000e+03
2.142000000000000000e+03 3.589000000000000000e+03
2.181000000000000000e+03 3.627000000000000000e+03
2.366000000000000000e+03 3.233000000000000000e+03
2.204000000000000000e+03 3.390000000000000000e+03
2.284000000000000000e+03 3.693000000000000000e+03
2.045000000000000000e+03 3.842000000000000000e+03
2.121000000000000000e+03 3.798000000000000000e+03
2.109000000000000000e+03 3.825000000000000000e+03
2.074000000000000000e+03 3.554000000000000000e+03
2.082000000000000000e+03 3.544000000000000000e+03
2.110000000000000000e+03 3.447000000000000000e+03
2.122000000000000000e+03 3.612000000000000000e+03
2.091000000000000000e+03 3.387000000000000000e+03
2.113000000000000000e+03 3.408000000000000000e+03
2.058000000000000000e+03 3.461000000000000000e+03
2.105000000000000000e+03 3.378000000000000000e+03
2.208000000000000000e+03 3.047000000000000000e+03
2.226000000000000000e+03 2.918000000000000000e+03
2.179000000000000000e+03 3.061000000000000000e+03
2.087000000000000000e+03 3.103000000000000000e+03
2.093000000000000000e+03 3.081000000000000000e+03
2.054000000000000000e+03 3.191000000000000000e+03
2.056000000000000000e+03 3.175000000000000000e+03
2.199000000000000000e+03 3.167000000000000000e+03
2.185000000000000000e+03 3.216000000000000000e+03
2.207000000000000000e+03 3.076000000000000000e+03
2.160000000000000000e+03 3.107000000000000000e+03
2.172000000000000000e+03 3.180000000000000000e+03
2.126000000000000000e+03 3.399000000000000000e+03
2.125000000000000000e+03 3.126000000000000000e+03
2.110000000000000000e+03 3.356000000000000000e+03
2.275000000000000000e+03 2.982000000000000000e+03
2.285000000000000000e+03 3.118000000000000000e+03
2.247000000000000000e+03 3.049000000000000000e+03
2.755000000000000000e+03 3.254000000000000000e+03
2.313000000000000000e+03 3.049000000000000000e+03
2.330000000000000000e+03 3.037000000000000000e+03
2.351000000000000000e+03 3.042000000000000000e+03
2.395000000000000000e+03 3.029000000000000000e+03
2.278000000000000000e+03 3.137000000000000000e+03
2.289000000000000000e+03 3.037000000000000000e+03
2.347000000000000000e+03 3.025000000000000000e+03
2.308000000000000000e+03 3.048000000000000000e+03
2.223000000000000000e+03 3.499000000000000000e+03
2.335000000000000000e+03 3.190000000000000000e+03
2.382000000000000000e+03 3.012000000000000000e+03
2.392000000000000000e+03 3.090000000000000000e+03
3.592000000000000000e+03 2.357000000000000000e+03
3.612000000000000000e+03 2.291000000000000000e+03
3.533000000000000000e+03 2.195000000000000000e+03
3.458000000000000000e+03 2.312000000000000000e+03
3.586000000000000000e+03 2.169000000000000000e+03
3.578000000000000000e+03 2.163000000000000000e+03
3.387000000000000000e+03 2.195000000000000000e+03
3.736000000000000000e+03 2.228000000000000000e+03
3.444000000000000000e+03 2.934000000000000000e+03
3.288000000000000000e+03 3.120000000000000000e+03
3.180000000000000000e+03 3.118000000000000000e+03
3.295000000000000000e+03 3.177000000000000000e+03
3.338000000000000000e+03 3.146000000000000000e+03
3.246000000000000000e+03 3.148000000000000000e+03
3.194000000000000000e+03 3.161000000000000000e+03
3.517000000000000000e+03 2.114000000000000000e+03
3.561000000000000000e+03 2.079000000000000000e+03
3.736000000000000000e+03 2.270000000000000000e+03
3.573000000000000000e+03 2.074000000000000000e+03
3.455000000000000000e+03 2.191000000000000000e+03
3.434000000000000000e+03 2.174000000000000000e+03
3.082000000000000000e+03 3.082000000000000000e+03
3.592000000000000000e+03 2.101000000000000000e+03
3.289000000000000000e+03 3.089000000000000000e+03
3.359000000000000000e+03 2.987000000000000000e+03
3.210000000000000000e+03 2.947000000000000000e+03
3.143000000000000000e+03 2.444000000000000000e+03
3.103000000000000000e+03 2.145000000000000000e+03
3.118000000000000000e+03 2.174000000000000000e+03
3.205000000000000000e+03 2.151000000000000000e+03
3.213000000000000000e+03 2.188000000000000000e+03
3.548000000000000000e+03 3.198000000000000000e+03
3.104000000000000000e+03 3.459000000000000000e+03
3.632000000000000000e+03 3.176000000000000000e+03
3.568000000000000000e+03 3.176000000000000000e+03
3.289000000000000000e+03 3.141000000000000000e+03
3.526000000000000000e+03 3.135000000000000000e+03
2.724000000000000000e+03 3.241000000000000000e+03
3.087000000000000000e+03 3.110000000000000000e+03
2.663000000000000000e+03 3.189000000000000000e+03
2.928000000000000000e+03 3.192000000000000000e+03
2.782000000000000000e+03 3.171000000000000000e+03
2.925000000000000000e+03 3.147000000000000000e+03
2.624000000000000000e+03 3.171000000000000000e+03
2.600000000000000000e+03 3.094000000000000000e+03
2.302000000000000000e+03 3.606000000000000000e+03
2.550000000000000000e+03 3.181000000000000000e+03
2.510000000000000000e+03 3.142000000000000000e+03
2.291000000000000000e+03 3.546000000000000000e+03
2.409000000000000000e+03 3.115000000000000000e+03
2.219000000000000000e+03 3.430000000000000000e+03
2.339000000000000000e+03 3.208000000000000000e+03
2.225000000000000000e+03 3.326000000000000000e+03
2.386000000000000000e+03 3.235000000000000000e+03
2.443000000000000000e+03 3.176000000000000000e+03
2.981000000000000000e+03 3.088000000000000000e+03
2.838000000000000000e+03 3.174000000000000000e+03
2.489000000000000000e+03 3.086000000000000000e+03
2.567000000000000000e+03 3.100000000000000000e+03
2.426000000000000000e+03 3.149000000000000000e+03
2.414000000000000000e+03 3.081000000000000000e+03
2.269000000000000000e+03 3.356000000000000000e+03
2.321000000000000000e+03 3.232000000000000000e+03
3.688000000000000000e+03 2.141000000000000000e+03
3.487000000000000000e+03 2.022000000000000000e+03
3.576000000000000000e+03 2.027000000000000000e+03
3.037000000000000000e+03 2.109000000000000000e+03
3.038000000000000000e+03 2.193000000000000000e+03
2.827000000000000000e+03 3.237000000000000000e+03
2.844000000000000000e+03 3.161000000000000000e+03
3.499000000000000000e+03 2.124000000000000000e+03
3.382000000000000000e+03 2.141000000000000000e+03
2.972000000000000000e+03 2.364000000000000000e+03
3.045000000000000000e+03 2.171000000000000000e+03
3.670000000000000000e+03 2.042000000000000000e+03
3.182000000000000000e+03 2.093000000000000000e+03
2.978000000000000000e+03 2.070000000000000000e+03
2.963000000000000000e+03 2.124000000000000000e+03
3.661000000000000000e+03 3.069000000000000000e+03
3.660000000000000000e+03 3.128000000000000000e+03
3.768000000000000000e+03 3.009000000000000000e+03
3.307000000000000000e+03 3.057000000000000000e+03
3.320000000000000000e+03 3.171000000000000000e+03
3.247000000000000000e+03 3.142000000000000000e+03
3.672000000000000000e+03 2.826000000000000000e+03
3.512000000000000000e+03 3.091000000000000000e+03
3.594000000000000000e+03 3.142000000000000000e+03
3.286000000000000000e+03 3.155000000000000000e+03
3.298000000000000000e+03 3.145000000000000000e+03
3.380000000000000000e+03 3.118000000000000000e+03
3.010000000000000000e+03 3.178000000000000000e+03
3.029000000000000000e+03 3.109000000000000000e+03
3.434000000000000000e+03 2.271000000000000000e+03
3.326000000000000000e+03 2.703000000000000000e+03
2.643000000000000000e+03 2.569000000000000000e+03
2.254000000000000000e+03 2.673000000000000000e+03
2.194000000000000000e+03 2.777000000000000000e+03
2.137000000000000000e+03 2.801000000000000000e+03
2.122000000000000000e+03 2.871000000000000000e+03
2.041000000000000000e+03 2.884000000000000000e+03
2.069000000000000000e+03 2.850000000000000000e+03
2.059000000000000000e+03 3.379000000000000000e+03
2.061000000000000000e+03 2.897000000000000000e+03
2.076000000000000000e+03 2.950000000000000000e+03
2.054000000000000000e+03 3.517000000000000000e+03
2.110000000000000000e+03 2.973000000000000000e+03
2.087000000000000000e+03 2.937000000000000000e+03
2.148000000000000000e+03 2.813000000000000000e+03
2.096000000000000000e+03 3.118000000000000000e+03
2.157000000000000000e+03 2.856000000000000000e+03
2.144000000000000000e+03 2.923000000000000000e+03
2.990000000000000000e+03 2.120000000000000000e+03
2.287000000000000000e+03 2.979000000000000000e+03
3.410000000000000000e+03 2.021000000000000000e+03
3.596000000000000000e+03 2.014000000000000000e+03
3.027000000000000000e+03 2.058000000000000000e+03
3.041000000000000000e+03 2.037000000000000000e+03
2.139000000000000000e+03 3.180000000000000000e+03
2.174000000000000000e+03 2.990000000000000000e+03
2.195000000000000000e+03 2.792000000000000000e+03
2.219000000000000000e+03 2.807000000000000000e+03
2.286000000000000000e+03 2.878000000000000000e+03
2.313000000000000000e+03 2.912000000000000000e+03
2.229000000000000000e+03 2.957000000000000000e+03
2.271000000000000000e+03 2.807000000000000000e+03
3.906000000000000000e+03 3.295000000000000000e+03
3.871000000000000000e+03 3.388000000000000000e+03
3.877000000000000000e+03 3.362000000000000000e+03
3.904000000000000000e+03 3.252000000000000000e+03
3.867000000000000000e+03 3.274000000000000000e+03
3.909000000000000000e+03 3.276000000000000000e+03
3.882000000000000000e+03 3.327000000000000000e+03
3.954000000000000000e+03 3.359000000000000000e+03
3.980000000000000000e+03 3.415000000000000000e+03
3.907000000000000000e+03 3.458000000000000000e+03
3.943000000000000000e+03 3.428000000000000000e+03
3.916000000000000000e+03 3.238000000000000000e+03
3.943000000000000000e+03 2.973000000000000000e+03
3.960000000000000000e+03 3.280000000000000000e+03
3.971000000000000000e+03 3.254000000000000000e+03
3.800000000000000000e+03 3.102000000000000000e+03
3.801000000000000000e+03 3.128000000000000000e+03
3.846000000000000000e+03 3.114000000000000000e+03
3.847000000000000000e+03 2.927000000000000000e+03
3.761000000000000000e+03 3.121000000000000000e+03
3.749000000000000000e+03 3.008000000000000000e+03
3.821000000000000000e+03 3.095000000000000000e+03
3.805000000000000000e+03 3.115000000000000000e+03
3.956000000000000000e+03 3.146000000000000000e+03
3.948000000000000000e+03 3.106000000000000000e+03
3.948000000000000000e+03 3.091000000000000000e+03
3.946000000000000000e+03 3.109000000000000000e+03
3.924000000000000000e+03 3.161000000000000000e+03
3.963000000000000000e+03 3.159000000000000000e+03
3.882000000000000000e+03 3.104000000000000000e+03
3.907000000000000000e+03 3.132000000000000000e+03
3.842000000000000000e+03 2.142000000000000000e+03
3.771000000000000000e+03 2.133000000000000000e+03
3.819000000000000000e+03 2.192000000000000000e+03
3.717000000000000000e+03 2.138000000000000000e+03
3.839000000000000000e+03 2.184000000000000000e+03
3.773000000000000000e+03 2.174000000000000000e+03
3.886000000000000000e+03 2.121000000000000000e+03
3.872000000000000000e+03 2.134000000000000000e+03
3.355000000000000000e+03 2.127000000000000000e+03
3.280000000000000000e+03 2.119000000000000000e+03
3.298000000000000000e+03 2.081000000000000000e+03
3.211000000000000000e+03 2.098000000000000000e+03
3.434000000000000000e+03 2.115000000000000000e+03
3.748000000000000000e+03 2.182000000000000000e+03
3.439000000000000000e+03 2.062000000000000000e+03
3.448000000000000000e+03 2.081000000000000000e+03
3.801000000000000000e+03 2.019000000000000000e+03
3.823000000000000000e+03 2.011000000000000000e+03
3.046000000000000000e+03 2.049000000000000000e+03
2.999000000000000000e+03 2.032000000000000000e+03
3.856000000000000000e+03 2.064000000000000000e+03
3.900000000000000000e+03 2.058000000000000000e+03
3.133000000000000000e+03 2.061000000000000000e+03
3.143000000000000000e+03 2.066000000000000000e+03
3.780000000000000000e+03 2.071000000000000000e+03
3.675000000000000000e+03 2.020000000000000000e+03
3.136000000000000000e+03 2.014000000000000000e+03
3.181000000000000000e+03 2.015000000000000000e+03
3.618000000000000000e+03 2.007000000000000000e+03
3.218000000000000000e+03 2.029000000000000000e+03
3.376000000000000000e+03 2.073000000000000000e+03
3.906000000000000000e+03 2.129000000000000000e+03
2.193000000000000000e+03 3.210000000000000000e+03
2.481000000000000000e+03 2.210000000000000000e+03
3.820000000000000000e+02 2.710000000000000000e+03
3.940000000000000000e+02 2.100000000000000000e+02
1.090000000000000000e+02 1.200000000000000000e+03
2.366000000000000000e+03 1.280000000000000000e+03
