3.396000000000000000e+03 1.223000000000000000e+03
3.949000000000000000e+03 1.069000000000000000e+03
3.966000000000000000e+03 1.093000000000000000e+03
3.843000000000000000e+03 1.185000000000000000e+03
3.847000000000000000e+03 1.156000000000000000e+03
3.398000000000000000e+03 1.511000000000000000e+03
3.733000000000000000e+03 1.918000000000000000e+03
3.672000000000000000e+03 1.186000000000000000e+03
3.658000000000000000e+03 1.071000000000000000e+03
3.739000000000000000e+03 1.057000000000000000e+03
3.746000000000000000e+03 1.038000000000000000e+03
3.715000000000000000e+03 1.314000000000000000e+03
3.786000000000000000e+03 1.180000000000000000e+03
3.827000000000000000e+03 1.073000000000000000e+03
3.887000000000000000e+03 1.110000000000000000e+03
3.762000000000000000e+03 1.961000000000000000e+03
3.799000000000000000e+03 1.986000000000000000e+03
3.691000000000000000e+03 1.825000000000000000e+03
3.786000000000000000e+03 1.910000000000000000e+03
3.765000000000000000e+03 1.925000000000000000e+03
3.853000000000000000e+03 1.901000000000000000e+03
3.864000000000000000e+03 1.925000000000000000e+03
3.925000000000000000e+03 1.949000000000000000e+03
9.420000000000000000e+02 1.337000000000000000e+03
3.330000000000000000e+02 1.171000000000000000e+03
3.183000000000000000e+03 1.892000000000000000e+03
2.977000000000000000e+03 1.818000000000000000e+03
3.891000000000000000e+03 2.043000000000000000e+03
3.934000000000000000e+03 2.124000000000000000e+03
3.852000000000000000e+03 2.022000000000000000e+03
3.801000000000000000e+03 2.014000000000000000e+03
1.120000000000000000e+02 1.147000000000000000e+03
4.300000000000000000e+01 1.097000000000000000e+03
6.600000000000000000e+01 1.133000000000000000e+03
6.960000000000000000e+02 1.061000000000000000e+03
3.950000000000000000e+02 1.061000000000000000e+03
1.290000000000000000e+02 1.076000000000000000e+03
1.000000000000000000e+02 1.058000000000000000e+03
5.910000000000000000e+02 1.077000000000000000e+03
6.360000000000000000e+02 1.097000000000000000e+03
5.300000000000000000e+02 1.144000000000000000e+03
1.450000000000000000e+02 1.233000000000000000e+03
2.660000000000000000e+02 1.286000000000000000e+03
5.000000000000000000e+02 1.142000000000000000e+03
5.390000000000000000e+02 1.116000000000000000e+03
4.200000000000000000e+02 1.180000000000000000e+03
1.239000000000000000e+03 1.045000000000000000e+03
9.330000000000000000e+02 1.055000000000000000e+03
2.640000000000000000e+02 1.093000000000000000e+03
1.810000000000000000e+02 1.084000000000000000e+03
7.000000000000000000e+02 1.134000000000000000e+03
1.480000000000000000e+02 1.217000000000000000e+03
1.080000000000000000e+03 1.062000000000000000e+03
1.209000000000000000e+03 1.105000000000000000e+03
9.420000000000000000e+02 1.048000000000000000e+03
4.510000000000000000e+02 1.062000000000000000e+03
3.880000000000000000e+02 1.102000000000000000e+03
4.730000000000000000e+02 1.081000000000000000e+03
1.280000000000000000e+03 1.087000000000000000e+03
1.249000000000000000e+03 1.119000000000000000e+03
1.328000000000000000e+03 1.102000000000000000e+03
1.220000000000000000e+03 1.099000000000000000e+03
3.915000000000000000e+03 9.770000000000000000e+02
3.976000000000000000e+03 9.540000000000000000e+02
3.953000000000000000e+03 9.180000000000000000e+02
3.928000000000000000e+03 8.340000000000000000e+02
3.890000000000000000e+03 8.110000000000000000e+02
3.912000000000000000e+03 8.960000000000000000e+02
3.968000000000000000e+03 8.870000000000000000e+02
3.889000000000000000e+03 9.480000000000000000e+02
3.884000000000000000e+03 9.040000000000000000e+02
3.880000000000000000e+03 1.003000000000000000e+03
3.890000000000000000e+03 9.530000000000000000e+02
3.794000000000000000e+03 8.900000000000000000e+02
3.931000000000000000e+03 1.053000000000000000e+03
3.825000000000000000e+03 9.230000000000000000e+02
3.842000000000000000e+03 8.500000000000000000e+02
3.824000000000000000e+03 8.500000000000000000e+02
3.831000000000000000e+03 8.220000000000000000e+02
3.779000000000000000e+03 8.150000000000000000e+02
3.070000000000000000e+03 1.166000000000000000e+03
3.760000000000000000e+03 7.330000000000000000e+02
3.743000000000000000e+03 7.120000000000000000e+02
3.315000000000000000e+03 8.340000000000000000e+02
3.342000000000000000e+03 1.139000000000000000e+03
3.803000000000000000e+03 9.550000000000000000e+02
3.763000000000000000e+03 8.570000000000000000e+02
3.773000000000000000e+03 8.830000000000000000e+02
3.736000000000000000e+03 7.730000000000000000e+02
3.697000000000000000e+03 8.070000000000000000e+02
3.676000000000000000e+03 7.800000000000000000e+02
3.726000000000000000e+03 8.160000000000000000e+02
3.724000000000000000e+03 8.120000000000000000e+02
3.607000000000000000e+03 1.050000000000000000e+02
3.681000000000000000e+03 7.600000000000000000e+01
3.523000000000000000e+03 6.000000000000000000e+01
3.559000000000000000e+03 7.700000000000000000e+01
3.742000000000000000e+03 1.300000000000000000e+02
3.923000000000000000e+03 3.150000000000000000e+02
3.719000000000000000e+03 9.400000000000000000e+01
3.769000000000000000e+03 1.670000000000000000e+02
3.370000000000000000e+03 1.000000000000000000e+01
3.458000000000000000e+03 8.800000000000000000e+01
3.344000000000000000e+03 4.100000000000000000e+01
3.326000000000000000e+03 4.500000000000000000e+01
3.616000000000000000e+03 1.300000000000000000e+01
3.682000000000000000e+03 5.200000000000000000e+01
3.581000000000000000e+03 5.100000000000000000e+01
3.617000000000000000e+03 4.200000000000000000e+01
3.817000000000000000e+03 7.200000000000000000e+01
3.901000000000000000e+03 1.380000000000000000e+02
3.764000000000000000e+03 5.800000000000000000e+01
3.863000000000000000e+03 1.020000000000000000e+02
3.974000000000000000e+03 4.040000000000000000e+02
3.946000000000000000e+03 3.700000000000000000e+02
3.833000000000000000e+03 1.550000000000000000e+02
3.847000000000000000e+03 2.070000000000000000e+02
3.916000000000000000e+03 3.300000000000000000e+02
3.879000000000000000e+03 1.250000000000000000e+02
3.863000000000000000e+03 5.600000000000000000e+01
3.836000000000000000e+03 2.800000000000000000e+01
3.972000000000000000e+03 4.990000000000000000e+02
3.979000000000000000e+03 5.580000000000000000e+02
3.677000000000000000e+03 9.500000000000000000e+01
3.900000000000000000e+03 1.200000000000000000e+02
9.560000000000000000e+02 3.400000000000000000e+01
8.480000000000000000e+02 5.700000000000000000e+01
1.035000000000000000e+03 2.900000000000000000e+01
7.620000000000000000e+02 5.600000000000000000e+01
8.330000000000000000e+02 3.800000000000000000e+01
9.000000000000000000e+02 3.700000000000000000e+01
8.560000000000000000e+02 1.620000000000000000e+02
6.220000000000000000e+02 2.100000000000000000e+01
7.200000000000000000e+02 1.300000000000000000e+01
6.560000000000000000e+02 4.300000000000000000e+01
5.790000000000000000e+02 7.200000000000000000e+01
7.910000000000000000e+02 3.800000000000000000e+01
3.945000000000000000e+03 7.690000000000000000e+02
7.520000000000000000e+02 3.600000000000000000e+01
7.130000000000000000e+02 3.800000000000000000e+01
6.460000000000000000e+02 1.330000000000000000e+02
6.080000000000000000e+02 1.130000000000000000e+02
9.810000000000000000e+02 9.800000000000000000e+01
1.097000000000000000e+03 4.500000000000000000e+01
1.063000000000000000e+03 1.130000000000000000e+02
1.059000000000000000e+03 1.840000000000000000e+02
1.180000000000000000e+03 1.610000000000000000e+02
3.246000000000000000e+03 6.800000000000000000e+02
9.810000000000000000e+02 1.400000000000000000e+02
9.600000000000000000e+02 1.000000000000000000e+02
1.012000000000000000e+03 9.100000000000000000e+01
9.630000000000000000e+02 1.910000000000000000e+02
8.580000000000000000e+02 1.100000000000000000e+02
6.850000000000000000e+02 1.330000000000000000e+02
8.970000000000000000e+02 1.310000000000000000e+02
7.980000000000000000e+02 2.960000000000000000e+02
3.905000000000000000e+03 8.000000000000000000e+02
3.689000000000000000e+03 7.400000000000000000e+02
3.859000000000000000e+03 7.480000000000000000e+02
3.866000000000000000e+03 7.270000000000000000e+02
3.877000000000000000e+03 6.480000000000000000e+02
3.849000000000000000e+03 7.430000000000000000e+02
3.819000000000000000e+03 7.070000000000000000e+02
3.959000000000000000e+03 6.290000000000000000e+02
3.768000000000000000e+03 6.220000000000000000e+02
3.720000000000000000e+03 6.170000000000000000e+02
3.863000000000000000e+03 6.690000000000000000e+02
3.768000000000000000e+03 5.630000000000000000e+02
3.731000000000000000e+03 6.060000000000000000e+02
3.616000000000000000e+03 6.630000000000000000e+02
3.666000000000000000e+03 6.530000000000000000e+02
3.906000000000000000e+03 7.240000000000000000e+02
3.922000000000000000e+03 7.310000000000000000e+02
3.903000000000000000e+03 6.550000000000000000e+02
3.901000000000000000e+03 6.020000000000000000e+02
3.955000000000000000e+03 5.610000000000000000e+02
3.985000000000000000e+03 6.450000000000000000e+02
3.943000000000000000e+03 6.960000000000000000e+02
3.928000000000000000e+03 5.930000000000000000e+02
3.879000000000000000e+03 4.650000000000000000e+02
3.856000000000000000e+03 4.640000000000000000e+02
3.885000000000000000e+03 4.370000000000000000e+02
3.924000000000000000e+03 4.570000000000000000e+02
3.833000000000000000e+03 5.090000000000000000e+02
3.825000000000000000e+03 4.990000000000000000e+02
3.846000000000000000e+03 5.450000000000000000e+02
3.815000000000000000e+03 5.620000000000000000e+02
1.542000000000000000e+03 1.280000000000000000e+02
3.026000000000000000e+03 1.300000000000000000e+01
3.200000000000000000e+03 4.100000000000000000e+01
2.462000000000000000e+03 1.780000000000000000e+02
3.234000000000000000e+03 8.900000000000000000e+01
3.069000000000000000e+03 8.300000000000000000e+01
3.158000000000000000e+03 5.600000000000000000e+01
3.089000000000000000e+03 4.300000000000000000e+01
3.056000000000000000e+03 8.800000000000000000e+01
3.124000000000000000e+03 2.200000000000000000e+01
2.999000000000000000e+03 3.300000000000000000e+01
2.978000000000000000e+03 9.700000000000000000e+01
3.002000000000000000e+03 1.120000000000000000e+02
2.929000000000000000e+03 1.140000000000000000e+02
2.956000000000000000e+03 8.900000000000000000e+01
2.290000000000000000e+02 1.600000000000000000e+01
2.130000000000000000e+02 6.800000000000000000e+01
3.030000000000000000e+02 5.500000000000000000e+01
2.940000000000000000e+02 5.200000000000000000e+01
5.490000000000000000e+02 2.000000000000000000e+01
4.440000000000000000e+02 1.700000000000000000e+01
3.820000000000000000e+02 1.100000000000000000e+01
4.400000000000000000e+02 2.800000000000000000e+01
3.000000000000000000e+02 2.250000000000000000e+02
3.740000000000000000e+02 8.000000000000000000e+01
3.280000000000000000e+02 1.410000000000000000e+02
3.570000000000000000e+02 1.070000000000000000e+02
4.410000000000000000e+02 8.600000000000000000e+01
5.350000000000000000e+02 1.440000000000000000e+02
4.090000000000000000e+02 7.100000000000000000e+01
4.470000000000000000e+02 1.230000000000000000e+02
3.408000000000000000e+03 5.600000000000000000e+01
3.458000000000000000e+03 4.600000000000000000e+01
1.680000000000000000e+02 1.740000000000000000e+02
3.780000000000000000e+02 5.780000000000000000e+02
3.127000000000000000e+03 8.300000000000000000e+01
3.201000000000000000e+03 2.160000000000000000e+02
3.334000000000000000e+03 2.890000000000000000e+02
3.340000000000000000e+03 7.900000000000000000e+01
8.530000000000000000e+02 1.420000000000000000e+02
6.760000000000000000e+02 2.230000000000000000e+02
1.827000000000000000e+03 2.690000000000000000e+02
3.130000000000000000e+03 7.020000000000000000e+02
7.580000000000000000e+02 1.430000000000000000e+02
7.380000000000000000e+02 1.070000000000000000e+02
6.960000000000000000e+02 1.140000000000000000e+02
5.810000000000000000e+02 1.060000000000000000e+02
1.991000000000000000e+03 7.310000000000000000e+02
1.516000000000000000e+03 4.930000000000000000e+02
2.495000000000000000e+03 7.800000000000000000e+02
2.166000000000000000e+03 6.850000000000000000e+02
5.000000000000000000e+01 2.420000000000000000e+02
8.730000000000000000e+02 8.730000000000000000e+02
2.005000000000000000e+03 1.016000000000000000e+03
2.895000000000000000e+03 6.600000000000000000e+02
1.700000000000000000e+02 1.028000000000000000e+03
1.680000000000000000e+02 9.920000000000000000e+02
2.293000000000000000e+03 4.150000000000000000e+02
2.980000000000000000e+03 1.560000000000000000e+02
3.500000000000000000e+02 3.500000000000000000e+02
3.270000000000000000e+02 7.270000000000000000e+02
3.800000000000000000e+02 9.080000000000000000e+02
2.990000000000000000e+02 1.077000000000000000e+03
3.651000000000000000e+03 1.043000000000000000e+03
3.624000000000000000e+03 1.053000000000000000e+03
3.616000000000000000e+03 1.103000000000000000e+03
3.832000000000000000e+03 1.012000000000000000e+03
3.740000000000000000e+03 9.990000000000000000e+02
3.696000000000000000e+03 1.024000000000000000e+03
3.698000000000000000e+03 9.990000000000000000e+02
3.539000000000000000e+03 8.670000000000000000e+02
3.532000000000000000e+03 8.350000000000000000e+02
3.556000000000000000e+03 7.740000000000000000e+02
3.583000000000000000e+03 8.150000000000000000e+02
3.618000000000000000e+03 8.590000000000000000e+02
3.745000000000000000e+03 9.620000000000000000e+02
3.643000000000000000e+03 8.150000000000000000e+02
3.507000000000000000e+03 7.220000000000000000e+02
3.443000000000000000e+03 1.060000000000000000e+03
3.568000000000000000e+03 1.128000000000000000e+03
3.424000000000000000e+03 1.040000000000000000e+03
3.519000000000000000e+03 1.013000000000000000e+03
3.700000000000000000e+03 1.089000000000000000e+03
3.561000000000000000e+03 1.014000000000000000e+03
3.548000000000000000e+03 1.066000000000000000e+03
3.641000000000000000e+03 1.104000000000000000e+03
3.685000000000000000e+03 9.590000000000000000e+02
3.602000000000000000e+03 9.040000000000000000e+02
3.609000000000000000e+03 7.250000000000000000e+02
3.598000000000000000e+03 9.530000000000000000e+02
3.527000000000000000e+03 9.320000000000000000e+02
3.528000000000000000e+03 9.100000000000000000e+02
3.510000000000000000e+03 9.630000000000000000e+02
3.720000000000000000e+03 1.029000000000000000e+03
3.208000000000000000e+03 9.070000000000000000e+02
3.287000000000000000e+03 9.760000000000000000e+02
3.402000000000000000e+03 1.114000000000000000e+03
3.542000000000000000e+03 1.133000000000000000e+03
3.603000000000000000e+03 1.116000000000000000e+03
3.516000000000000000e+03 1.105000000000000000e+03
3.471000000000000000e+03 1.128000000000000000e+03
3.886000000000000000e+03 1.167000000000000000e+03
3.928000000000000000e+03 1.171000000000000000e+03
3.766000000000000000e+03 1.160000000000000000e+03
3.755000000000000000e+03 1.175000000000000000e+03
3.497000000000000000e+03 1.137000000000000000e+03
3.215000000000000000e+03 1.166000000000000000e+03
3.299000000000000000e+03 1.128000000000000000e+03
3.349000000000000000e+03 1.167000000000000000e+03
3.955000000000000000e+03 1.883000000000000000e+03
3.926000000000000000e+03 1.628000000000000000e+03
2.421000000000000000e+03 2.079000000000000000e+03
3.976000000000000000e+03 1.766000000000000000e+03
3.710000000000000000e+03 1.558000000000000000e+03
3.953000000000000000e+03 1.489000000000000000e+03
3.231000000000000000e+03 1.157000000000000000e+03
3.601000000000000000e+03 1.617000000000000000e+03
3.577000000000000000e+03 1.653000000000000000e+03
3.353000000000000000e+03 1.460000000000000000e+03
3.327000000000000000e+03 1.268000000000000000e+03
2.971000000000000000e+03 1.876000000000000000e+03
2.598000000000000000e+03 1.689000000000000000e+03
2.709000000000000000e+03 1.814000000000000000e+03
2.832000000000000000e+03 1.922000000000000000e+03
2.787000000000000000e+03 1.920000000000000000e+03
1.938000000000000000e+03 1.256000000000000000e+03
2.034000000000000000e+03 1.280000000000000000e+03
2.139000000000000000e+03 1.306000000000000000e+03
1.935000000000000000e+03 1.403000000000000000e+03
2.151000000000000000e+03 1.790000000000000000e+03
1.652000000000000000e+03 8.850000000000000000e+02
1.542000000000000000e+03 1.915000000000000000e+03
1.907000000000000000e+03 1.287000000000000000e+03
1.889000000000000000e+03 1.304000000000000000e+03
1.692000000000000000e+03 1.356000000000000000e+03
1.717000000000000000e+03 1.390000000000000000e+03
2.102000000000000000e+03 1.861000000000000000e+03
2.082000000000000000e+03 1.646000000000000000e+03
2.047000000000000000e+03 2.154000000000000000e+03
2.290000000000000000e+03 1.915000000000000000e+03
3.467000000000000000e+03 1.379000000000000000e+03
3.040000000000000000e+03 1.157000000000000000e+03
2.239000000000000000e+03 1.241000000000000000e+03
2.044000000000000000e+03 1.270000000000000000e+03
1.973000000000000000e+03 1.216000000000000000e+03
2.339000000000000000e+03 1.233000000000000000e+03
3.177000000000000000e+03 1.400000000000000000e+03
3.152000000000000000e+03 1.172000000000000000e+03
3.268000000000000000e+03 1.880000000000000000e+03
3.305000000000000000e+03 1.619000000000000000e+03
1.421000000000000000e+03 1.212000000000000000e+03
2.427000000000000000e+03 1.197000000000000000e+03
1.478000000000000000e+03 1.264000000000000000e+03
1.349000000000000000e+03 1.264000000000000000e+03
1.341000000000000000e+03 1.294000000000000000e+03
1.251000000000000000e+03 1.279000000000000000e+03
1.661000000000000000e+03 1.290000000000000000e+03
1.514000000000000000e+03 1.308000000000000000e+03
2.210000000000000000e+03 1.218000000000000000e+03
3.197000000000000000e+03 1.159000000000000000e+03
1.498000000000000000e+03 1.277000000000000000e+03
1.562000000000000000e+03 1.278000000000000000e+03
1.852000000000000000e+03 1.199000000000000000e+03
2.643000000000000000e+03 1.168000000000000000e+03
1.245000000000000000e+03 1.243000000000000000e+03
1.420000000000000000e+03 1.251000000000000000e+03
1.226000000000000000e+03 1.265000000000000000e+03
1.252000000000000000e+03 1.244000000000000000e+03
1.569000000000000000e+03 1.154000000000000000e+03
1.566000000000000000e+03 1.195000000000000000e+03
1.462000000000000000e+03 1.168000000000000000e+03
2.386000000000000000e+03 1.022000000000000000e+03
1.432000000000000000e+03 1.115000000000000000e+03
1.393000000000000000e+03 1.158000000000000000e+03
1.344000000000000000e+03 1.186000000000000000e+03
1.472000000000000000e+03 1.134000000000000000e+03
1.183000000000000000e+03 1.151000000000000000e+03
1.415000000000000000e+03 1.072000000000000000e+03
1.307000000000000000e+03 1.147000000000000000e+03
1.219000000000000000e+03 1.089000000000000000e+03
1.325000000000000000e+03 1.185000000000000000e+03
1.373000000000000000e+03 8.180000000000000000e+02
1.346000000000000000e+03 1.111000000000000000e+03
1.213000000000000000e+03 1.141000000000000000e+03
1.163000000000000000e+03 1.222000000000000000e+03
1.092000000000000000e+03 1.197000000000000000e+03
1.092000000000000000e+03 1.200000000000000000e+03
1.124000000000000000e+03 1.220000000000000000e+03
4.460000000000000000e+02 1.653000000000000000e+03
5.490000000000000000e+02 1.352000000000000000e+03
6.880000000000000000e+02 2.317000000000000000e+03
8.110000000000000000e+02 1.236000000000000000e+03
3.890000000000000000e+02 1.324000000000000000e+03
9.130000000000000000e+02 1.253000000000000000e+03
4.790000000000000000e+02 1.327000000000000000e+03
9.400000000000000000e+02 1.282000000000000000e+03
1.077000000000000000e+03 1.235000000000000000e+03
1.096000000000000000e+03 1.197000000000000000e+03
1.065000000000000000e+03 1.200000000000000000e+03
1.007000000000000000e+03 1.189000000000000000e+03
9.270000000000000000e+02 1.206000000000000000e+03
9.250000000000000000e+02 1.209000000000000000e+03
9.710000000000000000e+02 1.246000000000000000e+03
5.950000000000000000e+02 1.770000000000000000e+03
6.330000000000000000e+02 1.341000000000000000e+03
4.550000000000000000e+02 1.305000000000000000e+03
7.150000000000000000e+02 1.217000000000000000e+03
6.390000000000000000e+02 1.188000000000000000e+03
7.410000000000000000e+02 1.181000000000000000e+03
6.530000000000000000e+02 1.232000000000000000e+03
8.000000000000000000e+02 1.172000000000000000e+03
3.650000000000000000e+02 1.204000000000000000e+03
3.520000000000000000e+02 1.185000000000000000e+03
2.910000000000000000e+02 1.144000000000000000e+03
3.360000000000000000e+02 1.146000000000000000e+03
5.460000000000000000e+02 1.247000000000000000e+03
3.110000000000000000e+02 1.172000000000000000e+03
2.840000000000000000e+02 1.233000000000000000e+03
2.090000000000000000e+02 1.256000000000000000e+03
2.228000000000000000e+03 1.563000000000000000e+03
1.770000000000000000e+03 1.452000000000000000e+03
1.300000000000000000e+03 1.288000000000000000e+03
5.350000000000000000e+02 1.277000000000000000e+03
5.120000000000000000e+02 1.270000000000000000e+03
4.310000000000000000e+02 1.208000000000000000e+03
3.580000000000000000e+02 1.263000000000000000e+03
1.658000000000000000e+03 1.080000000000000000e+02
1.805000000000000000e+03 2.670000000000000000e+02
1.195000000000000000e+03 9.580000000000000000e+02
1.877000000000000000e+03 2.290000000000000000e+02
8.610000000000000000e+02 1.337000000000000000e+03
9.800000000000000000e+02 1.387000000000000000e+03
1.309000000000000000e+03 1.712000000000000000e+03
1.420000000000000000e+03 1.644000000000000000e+03
1.639000000000000000e+03 2.500000000000000000e+01
1.718000000000000000e+03 2.700000000000000000e+01
1.736000000000000000e+03 1.700000000000000000e+01
1.796000000000000000e+03 2.200000000000000000e+01
1.885000000000000000e+03 2.400000000000000000e+01
1.903000000000000000e+03 3.100000000000000000e+01
1.812000000000000000e+03 1.700000000000000000e+01
1.841000000000000000e+03 6.000000000000000000e+00
1.755000000000000000e+03 6.000000000000000000e+01
1.800000000000000000e+03 6.200000000000000000e+01
1.854000000000000000e+03 7.100000000000000000e+01
1.796000000000000000e+03 1.000000000000000000e+02
1.649000000000000000e+03 8.500000000000000000e+01
1.657000000000000000e+03 7.000000000000000000e+01
1.711000000000000000e+03 1.000000000000000000e+02
1.611000000000000000e+03 1.050000000000000000e+02
1.890000000000000000e+03 1.490000000000000000e+03
1.427000000000000000e+03 1.410000000000000000e+02
1.903000000000000000e+03 1.135000000000000000e+03
1.174000000000000000e+03 1.140000000000000000e+02
1.140000000000000000e+03 3.000000000000000000e+01
1.217000000000000000e+03 3.100000000000000000e+01
1.548000000000000000e+03 4.660000000000000000e+02
7.100000000000000000e+02 1.128000000000000000e+03
7.650000000000000000e+02 1.101000000000000000e+03
7.800000000000000000e+02 1.163000000000000000e+03
7.210000000000000000e+02 1.160000000000000000e+03
7.160000000000000000e+02 1.185000000000000000e+03
1.240000000000000000e+03 1.161000000000000000e+03
7.460000000000000000e+02 1.252000000000000000e+03
8.370000000000000000e+02 1.217000000000000000e+03
1.464000000000000000e+03 7.900000000000000000e+01
1.413000000000000000e+03 7.800000000000000000e+01
1.558000000000000000e+03 7.300000000000000000e+01
1.487000000000000000e+03 7.600000000000000000e+01
1.414000000000000000e+03 2.400000000000000000e+01
1.483000000000000000e+03 2.300000000000000000e+01
1.583000000000000000e+03 4.100000000000000000e+01
1.557000000000000000e+03 2.100000000000000000e+01
1.386000000000000000e+03 1.010000000000000000e+02
1.245000000000000000e+03 5.700000000000000000e+01
1.355000000000000000e+03 6.800000000000000000e+01
1.361000000000000000e+03 3.900000000000000000e+01
1.339000000000000000e+03 7.900000000000000000e+01
1.266000000000000000e+03 1.020000000000000000e+02
1.482000000000000000e+03 1.250000000000000000e+02
1.411000000000000000e+03 1.050000000000000000e+02
9.050000000000000000e+02 1.096000000000000000e+03
1.067000000000000000e+03 1.054000000000000000e+03
8.670000000000000000e+02 1.041000000000000000e+03
8.660000000000000000e+02 1.067000000000000000e+03
7.280000000000000000e+02 1.063000000000000000e+03
8.700000000000000000e+02 1.072000000000000000e+03
7.990000000000000000e+02 9.030000000000000000e+02
1.127000000000000000e+03 6.830000000000000000e+02
9.970000000000000000e+02 1.143000000000000000e+03
1.024000000000000000e+03 1.116000000000000000e+03
1.062000000000000000e+03 1.090000000000000000e+03
6.170000000000000000e+02 1.042000000000000000e+03
7.220000000000000000e+02 1.023000000000000000e+03
9.830000000000000000e+02 1.088000000000000000e+03
9.790000000000000000e+02 1.118000000000000000e+03
9.180000000000000000e+02 1.004000000000000000e+03
1.127000000000000000e+03 1.148000000000000000e+03
6.500000000000000000e+01 1.223000000000000000e+03
1.132000000000000000e+03 1.115000000000000000e+03
1.130000000000000000e+03 1.091000000000000000e+03
1.074000000000000000e+03 1.091000000000000000e+03
1.092000000000000000e+03 1.159000000000000000e+03
6.250000000000000000e+02 1.102000000000000000e+03
3.540000000000000000e+02 1.033000000000000000e+03
5.800000000000000000e+02 1.250000000000000000e+03
5.300000000000000000e+02 1.236000000000000000e+03
5.020000000000000000e+02 1.200000000000000000e+03
4.850000000000000000e+02 1.166000000000000000e+03
7.470000000000000000e+02 1.280000000000000000e+03
8.110000000000000000e+02 1.281000000000000000e+03
6.660000000000000000e+02 1.260000000000000000e+03
6.770000000000000000e+02 1.264000000000000000e+03
3.620000000000000000e+02 1.968000000000000000e+03
2.070000000000000000e+02 1.298000000000000000e+03
2.370000000000000000e+02 1.277000000000000000e+03
2.720000000000000000e+02 1.292000000000000000e+03
2.900000000000000000e+02 1.426000000000000000e+03
3.390000000000000000e+02 1.493000000000000000e+03
4.390000000000000000e+02 1.372000000000000000e+03
6.030000000000000000e+02 2.452000000000000000e+03
5.920000000000000000e+02 2.420000000000000000e+03
4.330000000000000000e+02 2.380000000000000000e+03
3.640000000000000000e+02 2.328000000000000000e+03
3.670000000000000000e+02 2.346000000000000000e+03
5.720000000000000000e+02 2.497000000000000000e+03
4.650000000000000000e+02 2.446000000000000000e+03
4.670000000000000000e+02 2.433000000000000000e+03
4.700000000000000000e+02 2.360000000000000000e+03
8.050000000000000000e+02 2.743000000000000000e+03
4.960000000000000000e+02 2.482000000000000000e+03
4.930000000000000000e+02 2.412000000000000000e+03
4.190000000000000000e+02 2.460000000000000000e+03
4.070000000000000000e+02 2.493000000000000000e+03
3.620000000000000000e+02 2.481000000000000000e+03
3.620000000000000000e+02 2.450000000000000000e+03
2.950000000000000000e+02 2.468000000000000000e+03
2.810000000000000000e+02 2.422000000000000000e+03
2.740000000000000000e+02 2.393000000000000000e+03
2.850000000000000000e+02 2.429000000000000000e+03
4.810000000000000000e+02 1.869000000000000000e+03
4.590000000000000000e+02 1.255000000000000000e+03
3.430000000000000000e+02 2.271000000000000000e+03
3.140000000000000000e+02 2.352000000000000000e+03
1.100000000000000000e+02 2.879000000000000000e+03
2.000000000000000000e+02 2.933000000000000000e+03
1.980000000000000000e+02 2.871000000000000000e+03
1.630000000000000000e+02 2.950000000000000000e+03
1.360000000000000000e+02 2.964000000000000000e+03
6.600000000000000000e+01 2.889000000000000000e+03
1.170000000000000000e+02 2.973000000000000000e+03
2.400000000000000000e+01 2.980000000000000000e+03
2.100000000000000000e+01 2.946000000000000000e+03
7.900000000000000000e+01 2.860000000000000000e+03
4.500000000000000000e+01 2.897000000000000000e+03
1.010000000000000000e+02 2.603000000000000000e+03
7.600000000000000000e+01 2.643000000000000000e+03
1.090000000000000000e+02 2.678000000000000000e+03
7.700000000000000000e+01 2.816000000000000000e+03
1.700000000000000000e+02 2.745000000000000000e+03
1.360000000000000000e+02 2.745000000000000000e+03
1.640000000000000000e+02 2.831000000000000000e+03
1.580000000000000000e+02 2.785000000000000000e+03
8.800000000000000000e+01 2.753000000000000000e+03
1.140000000000000000e+02 2.716000000000000000e+03
4.100000000000000000e+01 2.759000000000000000e+03
4.400000000000000000e+01 2.647000000000000000e+03
5.300000000000000000e+01 2.736000000000000000e+03
6.300000000000000000e+01 2.596000000000000000e+03
5.800000000000000000e+01 2.644000000000000000e+03
3.800000000000000000e+01 2.605000000000000000e+03
1.450000000000000000e+02 2.555000000000000000e+03
1.020000000000000000e+02 2.628000000000000000e+03
8.000000000000000000e+01 2.592000000000000000e+03
1.360000000000000000e+02 2.577000000000000000e+03
6.340000000000000000e+02 2.736000000000000000e+03
9.300000000000000000e+01 2.719000000000000000e+03
2.900000000000000000e+01 2.764000000000000000e+03
1.320000000000000000e+02 2.785000000000000000e+03
1.140000000000000000e+02 2.803000000000000000e+03
4.700000000000000000e+01 3.027000000000000000e+03
5.300000000000000000e+01 2.940000000000000000e+03
7.650000000000000000e+02 2.463000000000000000e+03
8.430000000000000000e+02 2.453000000000000000e+03
7.020000000000000000e+02 2.500000000000000000e+03
7.380000000000000000e+02 2.459000000000000000e+03
5.700000000000000000e+02 2.428000000000000000e+03
6.390000000000000000e+02 2.432000000000000000e+03
6.510000000000000000e+02 2.615000000000000000e+03
5.800000000000000000e+02 2.478000000000000000e+03
3.500000000000000000e+01 3.343000000000000000e+03
2.800000000000000000e+01 3.275000000000000000e+03
4.100000000000000000e+01 3.173000000000000000e+03
2.500000000000000000e+01 3.175000000000000000e+03
1.030000000000000000e+02 3.247000000000000000e+03
1.360000000000000000e+02 3.223000000000000000e+03
1.010000000000000000e+02 3.180000000000000000e+03
1.250000000000000000e+02 3.214000000000000000e+03
1.680000000000000000e+02 3.048000000000000000e+03
1.900000000000000000e+02 3.093000000000000000e+03
9.800000000000000000e+01 3.060000000000000000e+03
1.220000000000000000e+02 3.046000000000000000e+03
5.100000000000000000e+01 3.098000000000000000e+03
2.200000000000000000e+01 3.091000000000000000e+03
1.310000000000000000e+02 3.129000000000000000e+03
1.210000000000000000e+02 3.147000000000000000e+03
5.580000000000000000e+02 2.385000000000000000e+03
6.420000000000000000e+02 2.353000000000000000e+03
4.400000000000000000e+02 2.135000000000000000e+03
6.890000000000000000e+02 2.397000000000000000e+03
9.310000000000000000e+02 2.428000000000000000e+03
8.790000000000000000e+02 2.379000000000000000e+03
9.890000000000000000e+02 1.570000000000000000e+03
9.590000000000000000e+02 2.400000000000000000e+03
1.860000000000000000e+02 2.540000000000000000e+03
1.160000000000000000e+02 2.517000000000000000e+03
1.040000000000000000e+02 2.483000000000000000e+03
1.690000000000000000e+02 2.468000000000000000e+03
2.480000000000000000e+02 2.548000000000000000e+03
1.920000000000000000e+02 2.373000000000000000e+03
2.350000000000000000e+02 2.416000000000000000e+03
2.540000000000000000e+02 2.465000000000000000e+03
8.000000000000000000e+01 2.238000000000000000e+03
1.300000000000000000e+02 2.204000000000000000e+03
9.140000000000000000e+02 1.653000000000000000e+03
1.360000000000000000e+02 1.874000000000000000e+03
8.400000000000000000e+01 1.706000000000000000e+03
3.800000000000000000e+01 1.838000000000000000e+03
1.020000000000000000e+02 1.882000000000000000e+03
2.510000000000000000e+02 2.075000000000000000e+03
7.310000000000000000e+02 1.679000000000000000e+03
1.223000000000000000e+03 1.279000000000000000e+03
8.300000000000000000e+02 1.493000000000000000e+03
1.000000000000000000e+03 1.396000000000000000e+03
1.210000000000000000e+02 2.201000000000000000e+03
1.310000000000000000e+02 1.215000000000000000e+03
1.540000000000000000e+02 2.365000000000000000e+03
1.280000000000000000e+02 1.839000000000000000e+03
4.040000000000000000e+02 2.556000000000000000e+03
3.110000000000000000e+02 2.566000000000000000e+03
2.820000000000000000e+02 2.593000000000000000e+03
7.920000000000000000e+02 2.549000000000000000e+03
7.960000000000000000e+02 2.540000000000000000e+03
8.570000000000000000e+02 2.539000000000000000e+03
8.390000000000000000e+02 2.716000000000000000e+03
5.500000000000000000e+02 2.578000000000000000e+03
5.460000000000000000e+02 2.566000000000000000e+03
6.250000000000000000e+02 2.594000000000000000e+03
6.550000000000000000e+02 2.597000000000000000e+03
7.190000000000000000e+02 2.540000000000000000e+03
6.840000000000000000e+02 2.589000000000000000e+03
3.400000000000000000e+02 2.627000000000000000e+03
3.010000000000000000e+02 2.643000000000000000e+03
1.075000000000000000e+03 2.665000000000000000e+03
7.850000000000000000e+02 2.595000000000000000e+03
9.470000000000000000e+02 2.517000000000000000e+03
9.980000000000000000e+02 2.522000000000000000e+03
1.126000000000000000e+03 2.536000000000000000e+03
1.085000000000000000e+03 2.568000000000000000e+03
1.442000000000000000e+03 3.182000000000000000e+03
1.049000000000000000e+03 2.552000000000000000e+03
7.200000000000000000e+02 2.636000000000000000e+03
4.880000000000000000e+02 2.577000000000000000e+03
9.030000000000000000e+02 2.514000000000000000e+03
7.540000000000000000e+02 2.597000000000000000e+03
8.840000000000000000e+02 2.626000000000000000e+03
1.511000000000000000e+03 2.980000000000000000e+03
1.934000000000000000e+03 3.400000000000000000e+03
1.394000000000000000e+03 3.143000000000000000e+03
1.758000000000000000e+03 3.976000000000000000e+03
1.692000000000000000e+03 3.976000000000000000e+03
1.634000000000000000e+03 3.705000000000000000e+03
1.917000000000000000e+03 3.950000000000000000e+03
1.897000000000000000e+03 3.981000000000000000e+03
1.885000000000000000e+03 3.947000000000000000e+03
1.861000000000000000e+03 3.957000000000000000e+03
1.687000000000000000e+03 3.924000000000000000e+03
1.796000000000000000e+03 3.936000000000000000e+03
1.750000000000000000e+03 3.929000000000000000e+03
1.661000000000000000e+03 3.970000000000000000e+03
1.857000000000000000e+03 3.871000000000000000e+03
1.896000000000000000e+03 3.880000000000000000e+03
1.900000000000000000e+03 3.912000000000000000e+03
1.928000000000000000e+03 3.850000000000000000e+03
1.561000000000000000e+03 3.779000000000000000e+03
1.491000000000000000e+03 3.934000000000000000e+03
1.349000000000000000e+03 3.935000000000000000e+03
1.610000000000000000e+03 3.938000000000000000e+03
1.345000000000000000e+03 3.938000000000000000e+03
1.253000000000000000e+03 3.930000000000000000e+03
1.352000000000000000e+03 3.934000000000000000e+03
1.390000000000000000e+03 3.808000000000000000e+03
1.186000000000000000e+03 3.941000000000000000e+03
1.062000000000000000e+03 3.889000000000000000e+03
1.453000000000000000e+03 3.971000000000000000e+03
1.474000000000000000e+03 3.972000000000000000e+03
6.550000000000000000e+02 3.421000000000000000e+03
9.210000000000000000e+02 3.936000000000000000e+03
9.250000000000000000e+02 3.685000000000000000e+03
1.029000000000000000e+03 3.951000000000000000e+03
5.730000000000000000e+02 3.860000000000000000e+03
7.200000000000000000e+02 3.944000000000000000e+03
8.340000000000000000e+02 3.264000000000000000e+03
5.970000000000000000e+02 3.947000000000000000e+03
4.270000000000000000e+02 3.696000000000000000e+03
5.830000000000000000e+02 3.969000000000000000e+03
5.830000000000000000e+02 3.978000000000000000e+03
1.140000000000000000e+02 3.343000000000000000e+03
1.330000000000000000e+02 3.348000000000000000e+03
1.550000000000000000e+02 3.376000000000000000e+03
1.840000000000000000e+02 3.330000000000000000e+03
5.000000000000000000e+01 3.309000000000000000e+03
1.140000000000000000e+02 3.297000000000000000e+03
1.880000000000000000e+02 3.289000000000000000e+03
1.930000000000000000e+02 3.398000000000000000e+03
6.130000000000000000e+02 3.833000000000000000e+03
1.020000000000000000e+02 3.353000000000000000e+03
4.410000000000000000e+02 3.834000000000000000e+03
4.310000000000000000e+02 3.662000000000000000e+03
4.150000000000000000e+02 3.828000000000000000e+03
3.880000000000000000e+02 3.923000000000000000e+03
6.180000000000000000e+02 3.944000000000000000e+03
5.370000000000000000e+02 3.836000000000000000e+03
1.720000000000000000e+02 3.563000000000000000e+03
1.830000000000000000e+02 3.523000000000000000e+03
1.180000000000000000e+02 3.440000000000000000e+03
1.440000000000000000e+02 3.431000000000000000e+03
1.040000000000000000e+02 3.423000000000000000e+03
4.800000000000000000e+01 3.446000000000000000e+03
1.540000000000000000e+02 3.496000000000000000e+03
1.110000000000000000e+02 3.452000000000000000e+03
1.441000000000000000e+03 3.893000000000000000e+03
1.567000000000000000e+03 3.020000000000000000e+03
1.343000000000000000e+03 3.972000000000000000e+03
1.333000000000000000e+03 3.837000000000000000e+03
1.106000000000000000e+03 3.964000000000000000e+03
1.153000000000000000e+03 3.975000000000000000e+03
1.257000000000000000e+03 3.972000000000000000e+03
1.209000000000000000e+03 3.969000000000000000e+03
8.320000000000000000e+02 3.970000000000000000e+03
7.700000000000000000e+02 3.772000000000000000e+03
7.500000000000000000e+02 3.828000000000000000e+03
8.100000000000000000e+02 3.965000000000000000e+03
1.051000000000000000e+03 3.974000000000000000e+03
1.041000000000000000e+03 3.974000000000000000e+03
8.180000000000000000e+02 3.416000000000000000e+03
9.370000000000000000e+02 3.976000000000000000e+03
2.700000000000000000e+01 3.603000000000000000e+03
6.400000000000000000e+01 3.534000000000000000e+03
8.100000000000000000e+01 3.544000000000000000e+03
4.100000000000000000e+01 3.551000000000000000e+03
1.420000000000000000e+02 3.544000000000000000e+03
9.300000000000000000e+01 3.618000000000000000e+03
1.330000000000000000e+02 3.600000000000000000e+03
1.270000000000000000e+02 3.583000000000000000e+03
1.720000000000000000e+02 2.813000000000000000e+03
1.230000000000000000e+02 2.754000000000000000e+03
4.380000000000000000e+02 2.760000000000000000e+03
1.920000000000000000e+02 2.663000000000000000e+03
2.510000000000000000e+02 3.159000000000000000e+03
3.200000000000000000e+01 3.410000000000000000e+03
3.150000000000000000e+02 3.336000000000000000e+03
1.800000000000000000e+01 3.370000000000000000e+03
1.891000000000000000e+03 3.751000000000000000e+03
2.226000000000000000e+03 3.813000000000000000e+03
2.241000000000000000e+03 3.844000000000000000e+03
2.116000000000000000e+03 3.808000000000000000e+03
2.123000000000000000e+03 3.804000000000000000e+03
2.166000000000000000e+03 3.843000000000000000e+03
2.147000000000000000e+03 3.828000000000000000e+03
2.029000000000000000e+03 3.759000000000000000e+03
2.010000000000000000e+03 3.694000000000000000e+03
1.964000000000000000e+03 3.802000000000000000e+03
2.195000000000000000e+03 3.721000000000000000e+03
2.025000000000000000e+03 3.748000000000000000e+03
1.960000000000000000e+03 3.776000000000000000e+03
2.018000000000000000e+03 3.704000000000000000e+03
1.974000000000000000e+03 3.686000000000000000e+03
2.161000000000000000e+03 3.858000000000000000e+03
2.244000000000000000e+03 3.932000000000000000e+03
2.404000000000000000e+03 3.575000000000000000e+03
2.273000000000000000e+03 3.843000000000000000e+03
2.324000000000000000e+03 3.786000000000000000e+03
2.001000000000000000e+03 3.962000000000000000e+03
2.125000000000000000e+03 3.935000000000000000e+03
2.087000000000000000e+03 3.967000000000000000e+03
2.031000000000000000e+03 3.911000000000000000e+03
2.050000000000000000e+03 3.918000000000000000e+03
2.080000000000000000e+03 3.880000000000000000e+03
2.099000000000000000e+03 3.899000000000000000e+03
2.013000000000000000e+03 3.827000000000000000e+03
2.054000000000000000e+03 3.842000000000000000e+03
1.979000000000000000e+03 3.828000000000000000e+03
2.035000000000000000e+03 3.808000000000000000e+03
2.238000000000000000e+03 3.691000000000000000e+03
2.358000000000000000e+03 3.423000000000000000e+03
2.189000000000000000e+03 3.670000000000000000e+03
2.061000000000000000e+03 3.647000000000000000e+03
2.078000000000000000e+03 3.660000000000000000e+03
2.005000000000000000e+03 3.671000000000000000e+03
1.991000000000000000e+03 3.670000000000000000e+03
2.209000000000000000e+03 3.760000000000000000e+03
2.172000000000000000e+03 3.798000000000000000e+03
2.201000000000000000e+03 3.718000000000000000e+03
2.162000000000000000e+03 3.721000000000000000e+03
2.166000000000000000e+03 3.802000000000000000e+03
2.113000000000000000e+03 3.872000000000000000e+03
2.129000000000000000e+03 3.710000000000000000e+03
2.106000000000000000e+03 3.800000000000000000e+03
2.306000000000000000e+03 3.728000000000000000e+03
2.324000000000000000e+03 3.816000000000000000e+03
2.286000000000000000e+03 3.717000000000000000e+03
2.730000000000000000e+03 3.553000000000000000e+03
2.334000000000000000e+03 3.942000000000000000e+03
2.392000000000000000e+03 3.958000000000000000e+03
2.399000000000000000e+03 3.966000000000000000e+03
2.423000000000000000e+03 3.947000000000000000e+03
2.274000000000000000e+03 3.819000000000000000e+03
2.306000000000000000e+03 3.759000000000000000e+03
2.318000000000000000e+03 3.869000000000000000e+03
2.310000000000000000e+03 3.813000000000000000e+03
2.179000000000000000e+03 3.931000000000000000e+03
2.286000000000000000e+03 3.920000000000000000e+03
2.349000000000000000e+03 3.947000000000000000e+03
2.340000000000000000e+03 3.973000000000000000e+03
3.757000000000000000e+03 2.614000000000000000e+03
3.780000000000000000e+03 2.519000000000000000e+03
3.951000000000000000e+03 2.298000000000000000e+03
3.781000000000000000e+03 2.449000000000000000e+03
3.954000000000000000e+03 2.285000000000000000e+03
3.923000000000000000e+03 2.321000000000000000e+03
3.877000000000000000e+03 2.195000000000000000e+03
3.948000000000000000e+03 2.497000000000000000e+03
3.532000000000000000e+03 2.220000000000000000e+03
3.360000000000000000e+03 2.156000000000000000e+03
3.325000000000000000e+03 2.171000000000000000e+03
3.433000000000000000e+03 2.140000000000000000e+03
3.461000000000000000e+03 2.142000000000000000e+03
3.440000000000000000e+03 2.092000000000000000e+03
3.360000000000000000e+03 2.088000000000000000e+03
3.592000000000000000e+03 2.200000000000000000e+03
3.628000000000000000e+03 2.120000000000000000e+03
3.748000000000000000e+03 2.224000000000000000e+03
3.631000000000000000e+03 2.069000000000000000e+03
3.569000000000000000e+03 2.191000000000000000e+03
3.741000000000000000e+03 2.196000000000000000e+03
3.078000000000000000e+03 2.201000000000000000e+03
3.703000000000000000e+03 2.095000000000000000e+03
3.250000000000000000e+03 2.191000000000000000e+03
3.229000000000000000e+03 2.381000000000000000e+03
3.086000000000000000e+03 2.171000000000000000e+03
3.130000000000000000e+03 2.312000000000000000e+03
3.254000000000000000e+03 2.083000000000000000e+03
3.220000000000000000e+03 2.101000000000000000e+03
3.246000000000000000e+03 2.089000000000000000e+03
3.138000000000000000e+03 2.128000000000000000e+03
3.451000000000000000e+03 3.118000000000000000e+03
3.193000000000000000e+03 3.186000000000000000e+03
3.532000000000000000e+03 3.112000000000000000e+03
3.452000000000000000e+03 3.094000000000000000e+03
3.226000000000000000e+03 3.117000000000000000e+03
3.420000000000000000e+03 3.101000000000000000e+03
2.649000000000000000e+03 3.227000000000000000e+03
3.318000000000000000e+03 3.101000000000000000e+03
2.711000000000000000e+03 3.171000000000000000e+03
2.866000000000000000e+03 3.361000000000000000e+03
2.872000000000000000e+03 3.117000000000000000e+03
3.041000000000000000e+03 3.111000000000000000e+03
2.653000000000000000e+03 3.113000000000000000e+03
2.741000000000000000e+03 3.256000000000000000e+03
2.320000000000000000e+03 3.557000000000000000e+03
2.343000000000000000e+03 3.290000000000000000e+03
2.269000000000000000e+03 3.397000000000000000e+03
2.244000000000000000e+03 3.572000000000000000e+03
2.229000000000000000e+03 3.441000000000000000e+03
2.159000000000000000e+03 3.577000000000000000e+03
2.170000000000000000e+03 3.532000000000000000e+03
2.162000000000000000e+03 3.608000000000000000e+03
2.220000000000000000e+03 3.523000000000000000e+03
2.244000000000000000e+03 3.521000000000000000e+03
3.067000000000000000e+03 3.147000000000000000e+03
3.017000000000000000e+03 3.215000000000000000e+03
2.307000000000000000e+03 3.463000000000000000e+03
2.331000000000000000e+03 3.326000000000000000e+03
2.320000000000000000e+03 3.533000000000000000e+03
2.295000000000000000e+03 3.519000000000000000e+03
2.225000000000000000e+03 3.643000000000000000e+03
2.256000000000000000e+03 3.616000000000000000e+03
3.863000000000000000e+03 2.142000000000000000e+03
3.827000000000000000e+03 2.078000000000000000e+03
3.877000000000000000e+03 2.059000000000000000e+03
3.820000000000000000e+03 2.109000000000000000e+03
3.835000000000000000e+03 2.156000000000000000e+03
3.398000000000000000e+03 3.012000000000000000e+03
3.556000000000000000e+03 2.814000000000000000e+03
3.928000000000000000e+03 2.182000000000000000e+03
3.903000000000000000e+03 2.223000000000000000e+03
3.823000000000000000e+03 2.350000000000000000e+03
3.833000000000000000e+03 2.285000000000000000e+03
3.934000000000000000e+03 2.081000000000000000e+03
3.885000000000000000e+03 2.177000000000000000e+03
3.831000000000000000e+03 2.165000000000000000e+03
3.813000000000000000e+03 2.206000000000000000e+03
3.888000000000000000e+03 2.785000000000000000e+03
3.862000000000000000e+03 2.811000000000000000e+03
3.900000000000000000e+03 2.737000000000000000e+03
3.666000000000000000e+03 2.650000000000000000e+03
3.838000000000000000e+03 2.676000000000000000e+03
3.855000000000000000e+03 2.614000000000000000e+03
3.937000000000000000e+03 2.589000000000000000e+03
3.878000000000000000e+03 2.688000000000000000e+03
3.862000000000000000e+03 2.900000000000000000e+03
3.843000000000000000e+03 2.696000000000000000e+03
3.827000000000000000e+03 2.890000000000000000e+03
3.866000000000000000e+03 2.934000000000000000e+03
3.784000000000000000e+03 2.531000000000000000e+03
3.842000000000000000e+03 2.446000000000000000e+03
3.877000000000000000e+03 2.447000000000000000e+03
3.884000000000000000e+03 2.510000000000000000e+03
2.727000000000000000e+03 2.837000000000000000e+03
2.221000000000000000e+03 3.406000000000000000e+03
2.156000000000000000e+03 3.515000000000000000e+03
2.090000000000000000e+03 3.439000000000000000e+03
2.092000000000000000e+03 3.568000000000000000e+03
2.003000000000000000e+03 3.600000000000000000e+03
2.034000000000000000e+03 3.574000000000000000e+03
1.942000000000000000e+03 3.702000000000000000e+03
1.926000000000000000e+03 3.537000000000000000e+03
1.953000000000000000e+03 3.536000000000000000e+03
1.969000000000000000e+03 3.770000000000000000e+03
1.982000000000000000e+03 3.497000000000000000e+03
1.956000000000000000e+03 3.505000000000000000e+03
2.033000000000000000e+03 3.463000000000000000e+03
2.019000000000000000e+03 3.530000000000000000e+03
2.130000000000000000e+03 3.523000000000000000e+03
2.119000000000000000e+03 3.575000000000000000e+03
3.353000000000000000e+03 2.126000000000000000e+03
2.183000000000000000e+03 3.266000000000000000e+03
3.402000000000000000e+03 2.015000000000000000e+03
3.571000000000000000e+03 2.010000000000000000e+03
3.394000000000000000e+03 2.064000000000000000e+03
3.379000000000000000e+03 2.043000000000000000e+03
2.056000000000000000e+03 3.545000000000000000e+03
2.071000000000000000e+03 3.478000000000000000e+03
2.089000000000000000e+03 3.436000000000000000e+03
2.084000000000000000e+03 3.372000000000000000e+03
2.184000000000000000e+03 3.398000000000000000e+03
2.204000000000000000e+03 3.412000000000000000e+03
2.127000000000000000e+03 3.450000000000000000e+03
2.144000000000000000e+03 3.354000000000000000e+03
3.719000000000000000e+03 3.027000000000000000e+03
3.593000000000000000e+03 3.112000000000000000e+03
3.741000000000000000e+03 3.064000000000000000e+03
3.832000000000000000e+03 3.062000000000000000e+03
3.809000000000000000e+03 3.012000000000000000e+03
3.786000000000000000e+03 3.082000000000000000e+03
3.592000000000000000e+03 3.089000000000000000e+03
3.887000000000000000e+03 3.082000000000000000e+03
3.898000000000000000e+03 3.118000000000000000e+03
3.769000000000000000e+03 3.118000000000000000e+03
3.804000000000000000e+03 3.107000000000000000e+03
3.926000000000000000e+03 2.996000000000000000e+03
3.984000000000000000e+03 2.810000000000000000e+03
3.952000000000000000e+03 3.076000000000000000e+03
3.975000000000000000e+03 3.087000000000000000e+03
3.952000000000000000e+03 2.686000000000000000e+03
3.931000000000000000e+03 2.730000000000000000e+03
3.964000000000000000e+03 2.754000000000000000e+03
3.967000000000000000e+03 2.661000000000000000e+03
3.910000000000000000e+03 2.892000000000000000e+03
3.925000000000000000e+03 2.775000000000000000e+03
3.929000000000000000e+03 3.034000000000000000e+03
3.933000000000000000e+03 3.038000000000000000e+03
3.972000000000000000e+03 2.840000000000000000e+03
3.971000000000000000e+03 2.903000000000000000e+03
3.980000000000000000e+03 2.953000000000000000e+03
3.961000000000000000e+03 2.888000000000000000e+03
3.921000000000000000e+03 2.885000000000000000e+03
3.941000000000000000e+03 2.804000000000000000e+03
3.939000000000000000e+03 2.987000000000000000e+03
3.935000000000000000e+03 2.901000000000000000e+03
3.967000000000000000e+03 2.430000000000000000e+03
3.923000000000000000e+03 2.450000000000000000e+03
3.931000000000000000e+03 2.436000000000000000e+03
3.877000000000000000e+03 2.408000000000000000e+03
3.924000000000000000e+03 2.214000000000000000e+03
3.877000000000000000e+03 2.305000000000000000e+03
3.901000000000000000e+03 2.132000000000000000e+03
3.914000000000000000e+03 2.149000000000000000e+03
3.641000000000000000e+03 2.126000000000000000e+03
3.583000000000000000e+03 2.108000000000000000e+03
3.562000000000000000e+03 2.124000000000000000e+03
3.485000000000000000e+03 2.068000000000000000e+03
3.695000000000000000e+03 2.211000000000000000e+03
3.879000000000000000e+03 2.411000000000000000e+03
3.724000000000000000e+03 2.155000000000000000e+03
3.718000000000000000e+03 2.204000000000000000e+03
3.612000000000000000e+03 1.965000000000000000e+03
3.593000000000000000e+03 1.940000000000000000e+03
3.433000000000000000e+03 1.956000000000000000e+03
3.412000000000000000e+03 1.926000000000000000e+03
3.690000000000000000e+03 2.049000000000000000e+03
3.734000000000000000e+03 2.039000000000000000e+03
3.430000000000000000e+03 2.010000000000000000e+03
3.425000000000000000e+03 2.025000000000000000e+03
3.822000000000000000e+03 2.059000000000000000e+03
3.658000000000000000e+03 2.004000000000000000e+03
3.498000000000000000e+03 1.961000000000000000e+03
3.554000000000000000e+03 1.942000000000000000e+03
3.629000000000000000e+03 2.002000000000000000e+03
3.498000000000000000e+03 2.026000000000000000e+03
3.581000000000000000e+03 2.166000000000000000e+03
3.905000000000000000e+03 2.271000000000000000e+03
2.351000000000000000e+03 3.140000000000000000e+03
2.289000000000000000e+03 2.220000000000000000e+03
2.250000000000000000e+02 2.640000000000000000e+03
0.000000000000000000e+00 1.700000000000000000e+02
0.000000000000000000e+00 1.310000000000000000e+03
2.483000000000000000e+03 1.180000000000000000e+03
