3.394000000000000000e+03 1.529000000000000000e+03
3.967000000000000000e+03 1.603000000000000000e+03
3.964000000000000000e+03 1.530000000000000000e+03
3.846000000000000000e+03 1.827000000000000000e+03
3.818000000000000000e+03 1.810000000000000000e+03
3.446000000000000000e+03 1.753000000000000000e+03
3.827000000000000000e+03 1.874000000000000000e+03
3.667000000000000000e+03 1.737000000000000000e+03
3.625000000000000000e+03 1.775000000000000000e+03
3.674000000000000000e+03 1.899000000000000000e+03
3.655000000000000000e+03 1.870000000000000000e+03
3.718000000000000000e+03 1.912000000000000000e+03
3.794000000000000000e+03 1.772000000000000000e+03
3.822000000000000000e+03 1.800000000000000000e+03
3.878000000000000000e+03 1.710000000000000000e+03
3.849000000000000000e+03 1.938000000000000000e+03
3.875000000000000000e+03 1.952000000000000000e+03
3.758000000000000000e+03 1.918000000000000000e+03
3.821000000000000000e+03 1.885000000000000000e+03
3.878000000000000000e+03 1.881000000000000000e+03
3.954000000000000000e+03 1.862000000000000000e+03
3.945000000000000000e+03 1.905000000000000000e+03
3.975000000000000000e+03 1.940000000000000000e+03
9.260000000000000000e+02 1.374000000000000000e+03
2.590000000000000000e+02 1.192000000000000000e+03
3.264000000000000000e+03 1.857000000000000000e+03
3.011000000000000000e+03 1.807000000000000000e+03
3.941000000000000000e+03 2.030000000000000000e+03
3.960000000000000000e+03 2.135000000000000000e+03
3.927000000000000000e+03 2.025000000000000000e+03
3.901000000000000000e+03 1.991000000000000000e+03
2.800000000000000000e+01 1.125000000000000000e+03
2.700000000000000000e+01 1.015000000000000000e+03
2.400000000000000000e+01 1.086000000000000000e+03
1.650000000000000000e+02 9.410000000000000000e+02
1.100000000000000000e+02 9.470000000000000000e+02
3.500000000000000000e+01 9.180000000000000000e+02
2.500000000000000000e+01 9.310000000000000000e+02
1.290000000000000000e+02 9.880000000000000000e+02
1.710000000000000000e+02 1.006000000000000000e+03
1.510000000000000000e+02 1.105000000000000000e+03
5.000000000000000000e+01 1.288000000000000000e+03
5.700000000000000000e+01 1.404000000000000000e+03
1.090000000000000000e+02 1.093000000000000000e+03
1.100000000000000000e+02 1.056000000000000000e+03
1.150000000000000000e+02 1.187000000000000000e+03
2.650000000000000000e+02 1.017000000000000000e+03
1.880000000000000000e+02 9.740000000000000000e+02
1.560000000000000000e+02 8.650000000000000000e+02
4.200000000000000000e+01 8.610000000000000000e+02
1.780000000000000000e+02 1.116000000000000000e+03
2.700000000000000000e+01 1.330000000000000000e+03
2.270000000000000000e+02 1.004000000000000000e+03
2.270000000000000000e+02 1.099000000000000000e+03
2.330000000000000000e+02 9.970000000000000000e+02
2.020000000000000000e+02 9.110000000000000000e+02
7.300000000000000000e+01 9.950000000000000000e+02
1.010000000000000000e+02 9.500000000000000000e+02
2.710000000000000000e+02 1.119000000000000000e+03
2.660000000000000000e+02 1.153000000000000000e+03
3.240000000000000000e+02 1.133000000000000000e+03
3.180000000000000000e+02 1.107000000000000000e+03
3.944000000000000000e+03 9.550000000000000000e+02
3.979000000000000000e+03 9.150000000000000000e+02
3.945000000000000000e+03 9.120000000000000000e+02
3.922000000000000000e+03 8.260000000000000000e+02
3.898000000000000000e+03 7.920000000000000000e+02
3.907000000000000000e+03 8.680000000000000000e+02
3.941000000000000000e+03 8.740000000000000000e+02
3.823000000000000000e+03 9.260000000000000000e+02
3.792000000000000000e+03 8.960000000000000000e+02
3.887000000000000000e+03 9.880000000000000000e+02
3.842000000000000000e+03 9.490000000000000000e+02
3.811000000000000000e+03 7.930000000000000000e+02
3.929000000000000000e+03 1.039000000000000000e+03
3.822000000000000000e+03 8.550000000000000000e+02
3.763000000000000000e+03 8.310000000000000000e+02
3.871000000000000000e+03 8.180000000000000000e+02
3.871000000000000000e+03 8.120000000000000000e+02
3.771000000000000000e+03 7.450000000000000000e+02
2.894000000000000000e+03 1.169000000000000000e+03
3.838000000000000000e+03 6.530000000000000000e+02
3.817000000000000000e+03 5.410000000000000000e+02
3.307000000000000000e+03 8.200000000000000000e+02
3.338000000000000000e+03 1.039000000000000000e+03
3.872000000000000000e+03 8.780000000000000000e+02
3.819000000000000000e+03 7.290000000000000000e+02
3.827000000000000000e+03 7.390000000000000000e+02
3.772000000000000000e+03 6.620000000000000000e+02
3.843000000000000000e+03 5.830000000000000000e+02
3.804000000000000000e+03 5.560000000000000000e+02
3.820000000000000000e+03 6.440000000000000000e+02
3.827000000000000000e+03 6.680000000000000000e+02
3.587000000000000000e+03 1.360000000000000000e+02
3.660000000000000000e+03 9.700000000000000000e+01
3.510000000000000000e+03 7.900000000000000000e+01
3.554000000000000000e+03 1.010000000000000000e+02
3.716000000000000000e+03 1.530000000000000000e+02
3.879000000000000000e+03 2.710000000000000000e+02
3.705000000000000000e+03 9.000000000000000000e+01
3.771000000000000000e+03 1.490000000000000000e+02
3.377000000000000000e+03 1.400000000000000000e+01
3.449000000000000000e+03 7.700000000000000000e+01
3.349000000000000000e+03 4.600000000000000000e+01
3.312000000000000000e+03 5.200000000000000000e+01
3.611000000000000000e+03 2.900000000000000000e+01
3.653000000000000000e+03 7.300000000000000000e+01
3.560000000000000000e+03 7.800000000000000000e+01
3.598000000000000000e+03 6.600000000000000000e+01
3.797000000000000000e+03 8.100000000000000000e+01
3.889000000000000000e+03 1.410000000000000000e+02
3.736000000000000000e+03 7.400000000000000000e+01
3.856000000000000000e+03 1.060000000000000000e+02
3.955000000000000000e+03 2.670000000000000000e+02
3.913000000000000000e+03 2.480000000000000000e+02
3.809000000000000000e+03 1.750000000000000000e+02
3.833000000000000000e+03 1.880000000000000000e+02
3.889000000000000000e+03 2.970000000000000000e+02
3.845000000000000000e+03 1.410000000000000000e+02
3.847000000000000000e+03 8.000000000000000000e+01
3.829000000000000000e+03 3.900000000000000000e+01
3.968000000000000000e+03 3.760000000000000000e+02
3.982000000000000000e+03 4.880000000000000000e+02
3.686000000000000000e+03 8.900000000000000000e+01
3.877000000000000000e+03 1.280000000000000000e+02
9.330000000000000000e+02 4.300000000000000000e+01
8.200000000000000000e+02 7.100000000000000000e+01
1.013000000000000000e+03 3.000000000000000000e+01
7.530000000000000000e+02 1.000000000000000000e+02
8.420000000000000000e+02 5.000000000000000000e+01
8.890000000000000000e+02 3.500000000000000000e+01
7.980000000000000000e+02 1.460000000000000000e+02
6.640000000000000000e+02 3.800000000000000000e+01
7.330000000000000000e+02 1.300000000000000000e+01
7.190000000000000000e+02 3.800000000000000000e+01
6.320000000000000000e+02 1.240000000000000000e+02
8.050000000000000000e+02 4.900000000000000000e+01
3.966000000000000000e+03 7.660000000000000000e+02
7.790000000000000000e+02 4.100000000000000000e+01
7.520000000000000000e+02 4.700000000000000000e+01
7.560000000000000000e+02 1.320000000000000000e+02
7.970000000000000000e+02 1.300000000000000000e+02
9.880000000000000000e+02 1.030000000000000000e+02
1.092000000000000000e+03 4.300000000000000000e+01
9.770000000000000000e+02 1.620000000000000000e+02
9.380000000000000000e+02 2.000000000000000000e+02
1.151000000000000000e+03 1.560000000000000000e+02
3.278000000000000000e+03 6.260000000000000000e+02
5.890000000000000000e+02 1.280000000000000000e+02
5.770000000000000000e+02 8.800000000000000000e+01
5.260000000000000000e+02 9.800000000000000000e+01
4.990000000000000000e+02 1.920000000000000000e+02
6.510000000000000000e+02 9.300000000000000000e+01
7.030000000000000000e+02 1.300000000000000000e+02
6.380000000000000000e+02 1.300000000000000000e+02
5.750000000000000000e+02 2.660000000000000000e+02
3.931000000000000000e+03 7.750000000000000000e+02
3.824000000000000000e+03 6.500000000000000000e+02
3.900000000000000000e+03 7.050000000000000000e+02
3.916000000000000000e+03 6.530000000000000000e+02
3.889000000000000000e+03 5.280000000000000000e+02
3.912000000000000000e+03 6.710000000000000000e+02
3.885000000000000000e+03 6.430000000000000000e+02
3.948000000000000000e+03 6.000000000000000000e+02
3.836000000000000000e+03 3.920000000000000000e+02
3.822000000000000000e+03 4.170000000000000000e+02
3.911000000000000000e+03 5.810000000000000000e+02
3.794000000000000000e+03 2.790000000000000000e+02
3.788000000000000000e+03 3.490000000000000000e+02
3.762000000000000000e+03 4.660000000000000000e+02
3.766000000000000000e+03 4.310000000000000000e+02
3.953000000000000000e+03 6.560000000000000000e+02
3.943000000000000000e+03 6.790000000000000000e+02
3.914000000000000000e+03 5.630000000000000000e+02
3.892000000000000000e+03 4.640000000000000000e+02
3.968000000000000000e+03 5.020000000000000000e+02
3.986000000000000000e+03 6.070000000000000000e+02
3.961000000000000000e+03 6.620000000000000000e+02
3.942000000000000000e+03 5.300000000000000000e+02
3.916000000000000000e+03 3.710000000000000000e+02
3.910000000000000000e+03 3.130000000000000000e+02
3.932000000000000000e+03 3.680000000000000000e+02
3.976000000000000000e+03 3.530000000000000000e+02
3.884000000000000000e+03 2.730000000000000000e+02
3.877000000000000000e+03 2.740000000000000000e+02
3.871000000000000000e+03 3.470000000000000000e+02
3.842000000000000000e+03 3.290000000000000000e+02
1.559000000000000000e+03 1.100000000000000000e+02
3.046000000000000000e+03 1.200000000000000000e+01
3.224000000000000000e+03 3.400000000000000000e+01
2.553000000000000000e+03 1.460000000000000000e+02
3.248000000000000000e+03 9.600000000000000000e+01
3.101000000000000000e+03 8.200000000000000000e+01
3.175000000000000000e+03 6.300000000000000000e+01
3.101000000000000000e+03 3.400000000000000000e+01
3.099000000000000000e+03 7.500000000000000000e+01
3.195000000000000000e+03 2.300000000000000000e+01
3.023000000000000000e+03 4.100000000000000000e+01
3.036000000000000000e+03 1.080000000000000000e+02
3.067000000000000000e+03 1.160000000000000000e+02
3.002000000000000000e+03 1.310000000000000000e+02
3.011000000000000000e+03 1.000000000000000000e+02
2.630000000000000000e+02 2.300000000000000000e+01
2.510000000000000000e+02 8.100000000000000000e+01
3.240000000000000000e+02 7.200000000000000000e+01
3.190000000000000000e+02 8.000000000000000000e+01
5.480000000000000000e+02 1.800000000000000000e+01
4.390000000000000000e+02 1.500000000000000000e+01
3.710000000000000000e+02 1.700000000000000000e+01
4.210000000000000000e+02 2.000000000000000000e+01
3.210000000000000000e+02 2.560000000000000000e+02
4.220000000000000000e+02 9.200000000000000000e+01
3.320000000000000000e+02 1.890000000000000000e+02
4.030000000000000000e+02 1.330000000000000000e+02
4.290000000000000000e+02 1.160000000000000000e+02
5.880000000000000000e+02 9.100000000000000000e+01
4.160000000000000000e+02 8.400000000000000000e+01
4.720000000000000000e+02 1.180000000000000000e+02
3.413000000000000000e+03 6.100000000000000000e+01
3.465000000000000000e+03 4.700000000000000000e+01
6.900000000000000000e+01 6.010000000000000000e+02
2.300000000000000000e+01 6.640000000000000000e+02
3.143000000000000000e+03 9.200000000000000000e+01
3.234000000000000000e+03 2.210000000000000000e+02
3.351000000000000000e+03 2.240000000000000000e+02
3.343000000000000000e+03 8.500000000000000000e+01
9.760000000000000000e+02 1.470000000000000000e+02
8.840000000000000000e+02 2.440000000000000000e+02
1.893000000000000000e+03 2.590000000000000000e+02
3.303000000000000000e+03 5.540000000000000000e+02
1.024000000000000000e+03 1.630000000000000000e+02
1.018000000000000000e+03 1.210000000000000000e+02
9.760000000000000000e+02 1.280000000000000000e+02
8.630000000000000000e+02 1.350000000000000000e+02
2.242000000000000000e+03 6.430000000000000000e+02
1.708000000000000000e+03 4.640000000000000000e+02
2.686000000000000000e+03 7.820000000000000000e+02
2.346000000000000000e+03 2.710000000000000000e+02
1.200000000000000000e+02 6.220000000000000000e+02
1.014000000000000000e+03 7.720000000000000000e+02
2.217000000000000000e+03 1.020000000000000000e+03
3.041000000000000000e+03 3.860000000000000000e+02
2.710000000000000000e+02 9.080000000000000000e+02
3.700000000000000000e+01 6.720000000000000000e+02
2.369000000000000000e+03 3.580000000000000000e+02
3.026000000000000000e+03 1.080000000000000000e+02
4.840000000000000000e+02 1.043000000000000000e+03
5.450000000000000000e+02 1.061000000000000000e+03
5.440000000000000000e+02 9.240000000000000000e+02
4.150000000000000000e+02 1.082000000000000000e+03
3.929000000000000000e+03 1.443000000000000000e+03
3.933000000000000000e+03 1.443000000000000000e+03
3.930000000000000000e+03 1.408000000000000000e+03
3.977000000000000000e+03 1.268000000000000000e+03
3.983000000000000000e+03 1.380000000000000000e+03
3.964000000000000000e+03 1.423000000000000000e+03
3.982000000000000000e+03 1.456000000000000000e+03
3.887000000000000000e+03 1.711000000000000000e+03
3.862000000000000000e+03 1.766000000000000000e+03
3.861000000000000000e+03 1.832000000000000000e+03
3.885000000000000000e+03 1.795000000000000000e+03
3.927000000000000000e+03 1.730000000000000000e+03
3.953000000000000000e+03 1.294000000000000000e+03
3.935000000000000000e+03 1.820000000000000000e+03
3.702000000000000000e+03 9.500000000000000000e+02
3.811000000000000000e+03 9.920000000000000000e+02
3.873000000000000000e+03 1.116000000000000000e+03
3.862000000000000000e+03 1.042000000000000000e+03
3.868000000000000000e+03 1.264000000000000000e+03
3.903000000000000000e+03 1.203000000000000000e+03
3.869000000000000000e+03 1.270000000000000000e+03
3.875000000000000000e+03 9.970000000000000000e+02
3.903000000000000000e+03 1.182000000000000000e+03
3.928000000000000000e+03 1.300000000000000000e+03
3.923000000000000000e+03 1.607000000000000000e+03
3.778000000000000000e+03 8.720000000000000000e+02
3.900000000000000000e+03 1.516000000000000000e+03
3.876000000000000000e+03 1.557000000000000000e+03
3.898000000000000000e+03 1.612000000000000000e+03
3.861000000000000000e+03 1.467000000000000000e+03
3.928000000000000000e+03 1.363000000000000000e+03
3.633000000000000000e+03 9.040000000000000000e+02
3.716000000000000000e+03 9.820000000000000000e+02
3.937000000000000000e+03 1.059000000000000000e+03
3.902000000000000000e+03 1.369000000000000000e+03
3.929000000000000000e+03 1.350000000000000000e+03
3.922000000000000000e+03 1.302000000000000000e+03
3.917000000000000000e+03 1.298000000000000000e+03
3.748000000000000000e+03 1.735000000000000000e+03
3.799000000000000000e+03 1.724000000000000000e+03
3.699000000000000000e+03 1.701000000000000000e+03
3.658000000000000000e+03 1.760000000000000000e+03
3.619000000000000000e+03 1.632000000000000000e+03
3.237000000000000000e+03 1.499000000000000000e+03
3.509000000000000000e+03 1.764000000000000000e+03
3.557000000000000000e+03 1.683000000000000000e+03
3.984000000000000000e+03 1.754000000000000000e+03
3.872000000000000000e+03 1.658000000000000000e+03
2.231000000000000000e+03 1.982000000000000000e+03
3.938000000000000000e+03 1.686000000000000000e+03
3.724000000000000000e+03 1.608000000000000000e+03
3.928000000000000000e+03 1.639000000000000000e+03
3.425000000000000000e+03 1.728000000000000000e+03
3.712000000000000000e+03 1.751000000000000000e+03
3.506000000000000000e+03 1.562000000000000000e+03
3.239000000000000000e+03 1.604000000000000000e+03
3.255000000000000000e+03 1.623000000000000000e+03
2.816000000000000000e+03 1.297000000000000000e+03
2.428000000000000000e+03 1.298000000000000000e+03
2.532000000000000000e+03 1.188000000000000000e+03
2.296000000000000000e+03 1.112000000000000000e+03
2.279000000000000000e+03 1.115000000000000000e+03
1.975000000000000000e+03 1.275000000000000000e+03
2.143000000000000000e+03 1.344000000000000000e+03
2.218000000000000000e+03 1.334000000000000000e+03
2.011000000000000000e+03 1.424000000000000000e+03
2.212000000000000000e+03 1.606000000000000000e+03
1.508000000000000000e+03 8.940000000000000000e+02
1.302000000000000000e+03 1.841000000000000000e+03
1.438000000000000000e+03 1.309000000000000000e+03
1.315000000000000000e+03 1.307000000000000000e+03
3.220000000000000000e+02 1.368000000000000000e+03
3.170000000000000000e+02 1.404000000000000000e+03
1.594000000000000000e+03 1.766000000000000000e+03
1.479000000000000000e+03 1.579000000000000000e+03
2.090000000000000000e+03 2.123000000000000000e+03
2.207000000000000000e+03 1.939000000000000000e+03
3.793000000000000000e+03 1.669000000000000000e+03
3.570000000000000000e+03 1.787000000000000000e+03
2.707000000000000000e+03 1.577000000000000000e+03
2.093000000000000000e+03 1.383000000000000000e+03
1.667000000000000000e+03 1.307000000000000000e+03
2.156000000000000000e+03 1.316000000000000000e+03
3.594000000000000000e+03 1.858000000000000000e+03
3.595000000000000000e+03 1.823000000000000000e+03
3.627000000000000000e+03 1.820000000000000000e+03
3.658000000000000000e+03 1.816000000000000000e+03
5.840000000000000000e+02 1.229000000000000000e+03
2.278000000000000000e+03 1.604000000000000000e+03
5.380000000000000000e+02 1.285000000000000000e+03
3.480000000000000000e+02 1.280000000000000000e+03
3.410000000000000000e+02 1.320000000000000000e+03
3.160000000000000000e+02 1.305000000000000000e+03
7.130000000000000000e+02 1.301000000000000000e+03
6.230000000000000000e+02 1.297000000000000000e+03
1.736000000000000000e+03 1.261000000000000000e+03
3.523000000000000000e+03 1.256000000000000000e+03
5.920000000000000000e+02 1.277000000000000000e+03
6.010000000000000000e+02 1.303000000000000000e+03
1.070000000000000000e+03 1.234000000000000000e+03
2.573000000000000000e+03 1.229000000000000000e+03
2.710000000000000000e+02 1.299000000000000000e+03
4.610000000000000000e+02 1.314000000000000000e+03
2.660000000000000000e+02 1.358000000000000000e+03
3.100000000000000000e+02 1.364000000000000000e+03
5.730000000000000000e+02 1.221000000000000000e+03
5.660000000000000000e+02 1.258000000000000000e+03
6.380000000000000000e+02 1.212000000000000000e+03
2.052000000000000000e+03 1.074000000000000000e+03
4.530000000000000000e+02 1.199000000000000000e+03
4.100000000000000000e+02 1.224000000000000000e+03
4.140000000000000000e+02 1.276000000000000000e+03
4.800000000000000000e+02 1.225000000000000000e+03
3.300000000000000000e+02 1.157000000000000000e+03
4.440000000000000000e+02 1.150000000000000000e+03
4.340000000000000000e+02 1.243000000000000000e+03
4.380000000000000000e+02 1.150000000000000000e+03
4.460000000000000000e+02 1.269000000000000000e+03
7.280000000000000000e+02 8.560000000000000000e+02
4.280000000000000000e+02 1.179000000000000000e+03
3.530000000000000000e+02 1.172000000000000000e+03
2.620000000000000000e+02 1.257000000000000000e+03
2.270000000000000000e+02 1.258000000000000000e+03
2.410000000000000000e+02 1.303000000000000000e+03
2.180000000000000000e+02 1.295000000000000000e+03
4.400000000000000000e+01 1.752000000000000000e+03
3.700000000000000000e+01 1.785000000000000000e+03
3.600000000000000000e+01 1.981000000000000000e+03
1.450000000000000000e+02 1.639000000000000000e+03
4.700000000000000000e+01 1.708000000000000000e+03
1.540000000000000000e+02 1.678000000000000000e+03
4.600000000000000000e+01 1.729000000000000000e+03
2.040000000000000000e+02 1.747000000000000000e+03
2.020000000000000000e+02 1.750000000000000000e+03
2.140000000000000000e+02 1.745000000000000000e+03
2.250000000000000000e+02 1.698000000000000000e+03
1.970000000000000000e+02 1.647000000000000000e+03
2.010000000000000000e+02 1.616000000000000000e+03
2.370000000000000000e+02 1.612000000000000000e+03
1.810000000000000000e+02 1.706000000000000000e+03
7.800000000000000000e+01 1.706000000000000000e+03
1.520000000000000000e+02 1.544000000000000000e+03
7.300000000000000000e+01 1.656000000000000000e+03
1.540000000000000000e+02 1.565000000000000000e+03
1.840000000000000000e+02 1.524000000000000000e+03
2.100000000000000000e+02 1.526000000000000000e+03
1.870000000000000000e+02 1.533000000000000000e+03
2.460000000000000000e+02 1.543000000000000000e+03
9.600000000000000000e+01 1.429000000000000000e+03
1.020000000000000000e+02 1.398000000000000000e+03
1.220000000000000000e+02 1.345000000000000000e+03
1.380000000000000000e+02 1.370000000000000000e+03
3.030000000000000000e+02 1.403000000000000000e+03
1.940000000000000000e+02 1.416000000000000000e+03
1.540000000000000000e+02 1.442000000000000000e+03
1.070000000000000000e+02 1.471000000000000000e+03
1.973000000000000000e+03 1.520000000000000000e+03
1.640000000000000000e+03 1.478000000000000000e+03
1.312000000000000000e+03 1.472000000000000000e+03
4.700000000000000000e+01 1.581000000000000000e+03
6.100000000000000000e+01 1.572000000000000000e+03
1.030000000000000000e+02 1.481000000000000000e+03
6.900000000000000000e+01 1.519000000000000000e+03
1.652000000000000000e+03 9.500000000000000000e+01
1.804000000000000000e+03 2.630000000000000000e+02
1.204000000000000000e+03 9.870000000000000000e+02
1.849000000000000000e+03 2.980000000000000000e+02
4.200000000000000000e+01 1.795000000000000000e+03
4.100000000000000000e+01 1.771000000000000000e+03
3.300000000000000000e+01 1.847000000000000000e+03
4.600000000000000000e+01 1.856000000000000000e+03
1.639000000000000000e+03 2.400000000000000000e+01
1.718000000000000000e+03 2.800000000000000000e+01
1.733000000000000000e+03 1.000000000000000000e+01
1.801000000000000000e+03 1.900000000000000000e+01
1.883000000000000000e+03 2.300000000000000000e+01
1.907000000000000000e+03 2.800000000000000000e+01
1.824000000000000000e+03 1.800000000000000000e+01
1.837000000000000000e+03 9.000000000000000000e+00
1.744000000000000000e+03 5.900000000000000000e+01
1.780000000000000000e+03 5.600000000000000000e+01
1.847000000000000000e+03 6.000000000000000000e+01
1.797000000000000000e+03 9.500000000000000000e+01
1.651000000000000000e+03 8.500000000000000000e+01
1.665000000000000000e+03 7.200000000000000000e+01
1.715000000000000000e+03 1.020000000000000000e+02
1.613000000000000000e+03 9.800000000000000000e+01
1.596000000000000000e+03 1.477000000000000000e+03
1.438000000000000000e+03 1.410000000000000000e+02
2.022000000000000000e+03 1.059000000000000000e+03
1.150000000000000000e+03 1.330000000000000000e+02
1.150000000000000000e+03 2.300000000000000000e+01
1.223000000000000000e+03 2.300000000000000000e+01
1.402000000000000000e+03 5.030000000000000000e+02
6.000000000000000000e+01 1.162000000000000000e+03
7.200000000000000000e+01 1.132000000000000000e+03
1.150000000000000000e+02 1.180000000000000000e+03
1.140000000000000000e+02 1.174000000000000000e+03
1.150000000000000000e+02 1.175000000000000000e+03
5.650000000000000000e+02 1.176000000000000000e+03
1.340000000000000000e+02 1.244000000000000000e+03
1.650000000000000000e+02 1.214000000000000000e+03
1.462000000000000000e+03 7.300000000000000000e+01
1.412000000000000000e+03 6.700000000000000000e+01
1.566000000000000000e+03 7.100000000000000000e+01
1.494000000000000000e+03 7.800000000000000000e+01
1.414000000000000000e+03 1.800000000000000000e+01
1.488000000000000000e+03 2.300000000000000000e+01
1.588000000000000000e+03 4.200000000000000000e+01
1.563000000000000000e+03 2.000000000000000000e+01
1.381000000000000000e+03 8.900000000000000000e+01
1.242000000000000000e+03 5.800000000000000000e+01
1.352000000000000000e+03 5.300000000000000000e+01
1.361000000000000000e+03 2.700000000000000000e+01
1.336000000000000000e+03 7.600000000000000000e+01
1.258000000000000000e+03 2.340000000000000000e+02
1.477000000000000000e+03 1.180000000000000000e+02
1.414000000000000000e+03 9.600000000000000000e+01
1.040000000000000000e+02 6.440000000000000000e+02
5.560000000000000000e+02 8.380000000000000000e+02
8.600000000000000000e+01 6.980000000000000000e+02
8.800000000000000000e+01 7.240000000000000000e+02
1.300000000000000000e+02 7.000000000000000000e+02
1.250000000000000000e+02 6.700000000000000000e+02
2.530000000000000000e+02 7.160000000000000000e+02
8.060000000000000000e+02 5.690000000000000000e+02
2.300000000000000000e+02 7.280000000000000000e+02
2.130000000000000000e+02 7.580000000000000000e+02
1.980000000000000000e+02 7.760000000000000000e+02
1.690000000000000000e+02 8.390000000000000000e+02
8.000000000000000000e+01 7.760000000000000000e+02
1.720000000000000000e+02 6.990000000000000000e+02
1.990000000000000000e+02 6.870000000000000000e+02
1.850000000000000000e+02 7.100000000000000000e+02
1.450000000000000000e+02 8.430000000000000000e+02
1.900000000000000000e+01 1.315000000000000000e+03
1.070000000000000000e+02 8.210000000000000000e+02
8.000000000000000000e+01 8.130000000000000000e+02
1.900000000000000000e+02 8.170000000000000000e+02
1.670000000000000000e+02 8.520000000000000000e+02
1.170000000000000000e+02 9.120000000000000000e+02
1.200000000000000000e+01 8.440000000000000000e+02
1.200000000000000000e+02 1.314000000000000000e+03
8.000000000000000000e+01 1.322000000000000000e+03
6.500000000000000000e+01 1.259000000000000000e+03
4.600000000000000000e+01 1.167000000000000000e+03
1.300000000000000000e+02 1.263000000000000000e+03
1.660000000000000000e+02 1.296000000000000000e+03
1.380000000000000000e+02 1.300000000000000000e+03
1.330000000000000000e+02 1.289000000000000000e+03
9.400000000000000000e+01 1.820000000000000000e+03
2.900000000000000000e+01 1.456000000000000000e+03
5.100000000000000000e+01 1.483000000000000000e+03
5.200000000000000000e+01 1.558000000000000000e+03
4.500000000000000000e+01 1.614000000000000000e+03
7.700000000000000000e+01 1.692000000000000000e+03
1.050000000000000000e+02 1.646000000000000000e+03
2.100000000000000000e+02 1.856000000000000000e+03
2.270000000000000000e+02 1.906000000000000000e+03
1.290000000000000000e+02 1.905000000000000000e+03
7.700000000000000000e+01 1.847000000000000000e+03
5.800000000000000000e+01 1.872000000000000000e+03
1.730000000000000000e+02 1.867000000000000000e+03
1.260000000000000000e+02 1.848000000000000000e+03
1.460000000000000000e+02 1.829000000000000000e+03
1.880000000000000000e+02 1.962000000000000000e+03
6.520000000000000000e+02 2.539000000000000000e+03
1.730000000000000000e+02 2.012000000000000000e+03
1.750000000000000000e+02 1.989000000000000000e+03
1.900000000000000000e+02 2.036000000000000000e+03
1.670000000000000000e+02 2.057000000000000000e+03
1.450000000000000000e+02 2.104000000000000000e+03
1.320000000000000000e+02 2.097000000000000000e+03
6.600000000000000000e+01 2.085000000000000000e+03
7.800000000000000000e+01 2.033000000000000000e+03
5.200000000000000000e+01 2.161000000000000000e+03
5.000000000000000000e+01 2.115000000000000000e+03
1.100000000000000000e+02 1.793000000000000000e+03
1.100000000000000000e+02 1.737000000000000000e+03
9.300000000000000000e+01 1.936000000000000000e+03
8.000000000000000000e+01 2.001000000000000000e+03
1.680000000000000000e+02 2.589000000000000000e+03
2.840000000000000000e+02 2.481000000000000000e+03
2.640000000000000000e+02 2.426000000000000000e+03
2.750000000000000000e+02 2.546000000000000000e+03
2.620000000000000000e+02 2.592000000000000000e+03
1.980000000000000000e+02 2.686000000000000000e+03
3.070000000000000000e+02 2.618000000000000000e+03
5.000000000000000000e+01 2.774000000000000000e+03
4.700000000000000000e+01 2.786000000000000000e+03
1.050000000000000000e+02 2.640000000000000000e+03
7.300000000000000000e+01 2.662000000000000000e+03
1.500000000000000000e+02 2.459000000000000000e+03
1.580000000000000000e+02 2.551000000000000000e+03
1.560000000000000000e+02 2.545000000000000000e+03
1.330000000000000000e+02 2.570000000000000000e+03
1.830000000000000000e+02 2.390000000000000000e+03
1.930000000000000000e+02 2.430000000000000000e+03
2.490000000000000000e+02 2.417000000000000000e+03
1.800000000000000000e+02 2.408000000000000000e+03
1.160000000000000000e+02 2.500000000000000000e+03
1.040000000000000000e+02 2.414000000000000000e+03
5.500000000000000000e+01 2.554000000000000000e+03
5.800000000000000000e+01 2.509000000000000000e+03
1.140000000000000000e+02 2.550000000000000000e+03
7.400000000000000000e+01 2.347000000000000000e+03
1.370000000000000000e+02 2.371000000000000000e+03
1.100000000000000000e+02 2.361000000000000000e+03
2.200000000000000000e+01 2.420000000000000000e+03
5.100000000000000000e+01 2.475000000000000000e+03
5.400000000000000000e+01 2.425000000000000000e+03
4.700000000000000000e+01 2.392000000000000000e+03
4.980000000000000000e+02 2.738000000000000000e+03
1.200000000000000000e+01 2.726000000000000000e+03
1.400000000000000000e+01 2.728000000000000000e+03
7.100000000000000000e+01 2.751000000000000000e+03
4.700000000000000000e+01 2.766000000000000000e+03
2.800000000000000000e+01 2.934000000000000000e+03
2.800000000000000000e+01 2.848000000000000000e+03
2.140000000000000000e+02 2.174000000000000000e+03
2.720000000000000000e+02 2.176000000000000000e+03
1.750000000000000000e+02 2.213000000000000000e+03
2.170000000000000000e+02 2.209000000000000000e+03
8.700000000000000000e+01 2.224000000000000000e+03
1.190000000000000000e+02 2.169000000000000000e+03
2.510000000000000000e+02 2.526000000000000000e+03
7.400000000000000000e+01 2.242000000000000000e+03
1.700000000000000000e+01 3.470000000000000000e+03
1.300000000000000000e+01 3.399000000000000000e+03
1.500000000000000000e+01 3.219000000000000000e+03
1.700000000000000000e+01 3.209000000000000000e+03
2.400000000000000000e+01 3.533000000000000000e+03
3.700000000000000000e+01 3.628000000000000000e+03
3.400000000000000000e+01 3.498000000000000000e+03
3.100000000000000000e+01 3.573000000000000000e+03
7.000000000000000000e+01 3.089000000000000000e+03
7.600000000000000000e+01 3.168000000000000000e+03
3.700000000000000000e+01 3.023000000000000000e+03
6.500000000000000000e+01 3.020000000000000000e+03
2.800000000000000000e+01 3.068000000000000000e+03
1.100000000000000000e+01 3.085000000000000000e+03
6.700000000000000000e+01 3.229000000000000000e+03
5.900000000000000000e+01 3.294000000000000000e+03
1.520000000000000000e+02 2.230000000000000000e+03
1.830000000000000000e+02 2.299000000000000000e+03
1.390000000000000000e+02 2.217000000000000000e+03
1.690000000000000000e+02 2.243000000000000000e+03
3.730000000000000000e+02 2.271000000000000000e+03
3.290000000000000000e+02 2.253000000000000000e+03
8.060000000000000000e+02 3.773000000000000000e+03
4.810000000000000000e+02 2.488000000000000000e+03
1.360000000000000000e+02 2.659000000000000000e+03
8.000000000000000000e+01 2.823000000000000000e+03
7.900000000000000000e+01 2.882000000000000000e+03
9.800000000000000000e+01 2.751000000000000000e+03
2.150000000000000000e+02 2.661000000000000000e+03
1.460000000000000000e+02 2.475000000000000000e+03
2.060000000000000000e+02 2.619000000000000000e+03
2.590000000000000000e+02 2.633000000000000000e+03
5.100000000000000000e+01 2.284000000000000000e+03
1.230000000000000000e+02 2.509000000000000000e+03
9.930000000000000000e+02 3.485000000000000000e+03
1.690000000000000000e+02 2.803000000000000000e+03
5.900000000000000000e+01 2.923000000000000000e+03
5.400000000000000000e+01 2.922000000000000000e+03
4.300000000000000000e+01 3.085000000000000000e+03
1.900000000000000000e+02 2.532000000000000000e+03
5.920000000000000000e+02 3.152000000000000000e+03
9.210000000000000000e+02 3.793000000000000000e+03
7.090000000000000000e+02 3.344000000000000000e+03
8.990000000000000000e+02 3.582000000000000000e+03
3.700000000000000000e+01 2.194000000000000000e+03
6.600000000000000000e+01 3.295000000000000000e+03
3.400000000000000000e+01 2.320000000000000000e+03
3.500000000000000000e+01 2.870000000000000000e+03
2.500000000000000000e+02 2.451000000000000000e+03
1.940000000000000000e+02 2.422000000000000000e+03
1.570000000000000000e+02 2.420000000000000000e+03
3.750000000000000000e+02 2.446000000000000000e+03
3.630000000000000000e+02 2.487000000000000000e+03
4.020000000000000000e+02 2.608000000000000000e+03
5.030000000000000000e+02 2.775000000000000000e+03
2.720000000000000000e+02 2.329000000000000000e+03
2.810000000000000000e+02 2.337000000000000000e+03
3.170000000000000000e+02 2.269000000000000000e+03
3.160000000000000000e+02 2.299000000000000000e+03
3.720000000000000000e+02 2.350000000000000000e+03
3.270000000000000000e+02 2.399000000000000000e+03
2.550000000000000000e+02 2.623000000000000000e+03
1.800000000000000000e+02 2.635000000000000000e+03
8.210000000000000000e+02 2.756000000000000000e+03
4.830000000000000000e+02 2.654000000000000000e+03
6.070000000000000000e+02 2.636000000000000000e+03
6.730000000000000000e+02 2.640000000000000000e+03
8.780000000000000000e+02 2.641000000000000000e+03
8.020000000000000000e+02 2.663000000000000000e+03
1.309000000000000000e+03 3.254000000000000000e+03
7.920000000000000000e+02 2.635000000000000000e+03
5.240000000000000000e+02 2.656000000000000000e+03
3.430000000000000000e+02 2.608000000000000000e+03
5.180000000000000000e+02 2.637000000000000000e+03
4.200000000000000000e+02 2.653000000000000000e+03
5.080000000000000000e+02 2.685000000000000000e+03
1.246000000000000000e+03 3.169000000000000000e+03
1.860000000000000000e+03 3.729000000000000000e+03
1.218000000000000000e+03 3.279000000000000000e+03
1.606000000000000000e+03 3.971000000000000000e+03
1.495000000000000000e+03 3.947000000000000000e+03
1.465000000000000000e+03 3.731000000000000000e+03
1.731000000000000000e+03 3.950000000000000000e+03
1.789000000000000000e+03 3.971000000000000000e+03
1.698000000000000000e+03 3.949000000000000000e+03
1.629000000000000000e+03 3.952000000000000000e+03
1.499000000000000000e+03 3.886000000000000000e+03
1.538000000000000000e+03 3.871000000000000000e+03
1.558000000000000000e+03 3.924000000000000000e+03
1.552000000000000000e+03 3.968000000000000000e+03
1.632000000000000000e+03 3.893000000000000000e+03
1.628000000000000000e+03 3.905000000000000000e+03
1.762000000000000000e+03 3.942000000000000000e+03
1.688000000000000000e+03 3.891000000000000000e+03
1.461000000000000000e+03 3.753000000000000000e+03
1.407000000000000000e+03 3.880000000000000000e+03
1.330000000000000000e+03 3.888000000000000000e+03
1.422000000000000000e+03 3.881000000000000000e+03
1.281000000000000000e+03 3.889000000000000000e+03
1.263000000000000000e+03 3.912000000000000000e+03
1.355000000000000000e+03 3.907000000000000000e+03
1.326000000000000000e+03 3.786000000000000000e+03
1.204000000000000000e+03 3.926000000000000000e+03
1.112000000000000000e+03 3.864000000000000000e+03
1.324000000000000000e+03 3.943000000000000000e+03
1.361000000000000000e+03 3.935000000000000000e+03
7.490000000000000000e+02 3.310000000000000000e+03
1.069000000000000000e+03 3.905000000000000000e+03
1.061000000000000000e+03 3.718000000000000000e+03
1.087000000000000000e+03 3.921000000000000000e+03
6.660000000000000000e+02 3.907000000000000000e+03
7.900000000000000000e+02 3.946000000000000000e+03
8.840000000000000000e+02 3.364000000000000000e+03
6.570000000000000000e+02 3.906000000000000000e+03
5.670000000000000000e+02 3.661000000000000000e+03
6.600000000000000000e+02 3.945000000000000000e+03
6.440000000000000000e+02 3.953000000000000000e+03
3.870000000000000000e+02 3.859000000000000000e+03
3.710000000000000000e+02 3.779000000000000000e+03
4.370000000000000000e+02 3.851000000000000000e+03
4.250000000000000000e+02 3.868000000000000000e+03
1.800000000000000000e+01 3.529000000000000000e+03
2.900000000000000000e+02 3.810000000000000000e+03
3.720000000000000000e+02 3.783000000000000000e+03
4.310000000000000000e+02 3.822000000000000000e+03
6.660000000000000000e+02 3.897000000000000000e+03
1.700000000000000000e+02 3.627000000000000000e+03
5.810000000000000000e+02 3.063000000000000000e+03
6.020000000000000000e+02 2.887000000000000000e+03
4.850000000000000000e+02 3.791000000000000000e+03
4.520000000000000000e+02 3.796000000000000000e+03
7.350000000000000000e+02 3.903000000000000000e+03
6.500000000000000000e+02 3.701000000000000000e+03
2.460000000000000000e+02 3.856000000000000000e+03
2.740000000000000000e+02 3.839000000000000000e+03
1.410000000000000000e+02 3.775000000000000000e+03
2.700000000000000000e+02 3.801000000000000000e+03
1.690000000000000000e+02 3.781000000000000000e+03
5.800000000000000000e+01 3.737000000000000000e+03
2.220000000000000000e+02 3.782000000000000000e+03
1.720000000000000000e+02 3.720000000000000000e+03
1.447000000000000000e+03 3.932000000000000000e+03
1.511000000000000000e+03 3.274000000000000000e+03
1.338000000000000000e+03 3.965000000000000000e+03
1.293000000000000000e+03 3.886000000000000000e+03
1.136000000000000000e+03 3.959000000000000000e+03
1.177000000000000000e+03 3.974000000000000000e+03
1.262000000000000000e+03 3.962000000000000000e+03
1.226000000000000000e+03 3.970000000000000000e+03
9.360000000000000000e+02 3.960000000000000000e+03
7.880000000000000000e+02 3.770000000000000000e+03
8.620000000000000000e+02 3.911000000000000000e+03
9.290000000000000000e+02 3.954000000000000000e+03
1.088000000000000000e+03 3.972000000000000000e+03
1.086000000000000000e+03 3.968000000000000000e+03
8.480000000000000000e+02 3.424000000000000000e+03
1.020000000000000000e+03 3.960000000000000000e+03
8.200000000000000000e+01 3.875000000000000000e+03
8.900000000000000000e+01 3.880000000000000000e+03
1.280000000000000000e+02 3.846000000000000000e+03
7.400000000000000000e+01 3.841000000000000000e+03
1.900000000000000000e+02 3.871000000000000000e+03
1.580000000000000000e+02 3.911000000000000000e+03
1.960000000000000000e+02 3.882000000000000000e+03
1.850000000000000000e+02 3.871000000000000000e+03
9.600000000000000000e+01 2.882000000000000000e+03
4.000000000000000000e+01 2.808000000000000000e+03
3.150000000000000000e+02 2.737000000000000000e+03
3.900000000000000000e+01 2.613000000000000000e+03
2.650000000000000000e+02 3.420000000000000000e+03
4.700000000000000000e+01 3.627000000000000000e+03
3.390000000000000000e+02 3.502000000000000000e+03
3.500000000000000000e+01 3.649000000000000000e+03
1.763000000000000000e+03 3.934000000000000000e+03
2.212000000000000000e+03 3.840000000000000000e+03
2.195000000000000000e+03 3.863000000000000000e+03
2.066000000000000000e+03 3.900000000000000000e+03
2.072000000000000000e+03 3.899000000000000000e+03
2.130000000000000000e+03 3.885000000000000000e+03
2.115000000000000000e+03 3.888000000000000000e+03
1.928000000000000000e+03 3.830000000000000000e+03
1.873000000000000000e+03 3.802000000000000000e+03
1.926000000000000000e+03 3.887000000000000000e+03
2.201000000000000000e+03 3.812000000000000000e+03
1.767000000000000000e+03 3.810000000000000000e+03
1.802000000000000000e+03 3.849000000000000000e+03
1.803000000000000000e+03 3.769000000000000000e+03
1.841000000000000000e+03 3.800000000000000000e+03
2.130000000000000000e+03 3.880000000000000000e+03
2.241000000000000000e+03 3.920000000000000000e+03
2.417000000000000000e+03 3.626000000000000000e+03
2.264000000000000000e+03 3.859000000000000000e+03
2.279000000000000000e+03 3.792000000000000000e+03
1.793000000000000000e+03 3.975000000000000000e+03
2.097000000000000000e+03 3.959000000000000000e+03
2.027000000000000000e+03 3.958000000000000000e+03
1.916000000000000000e+03 3.933000000000000000e+03
1.883000000000000000e+03 3.947000000000000000e+03
1.889000000000000000e+03 3.883000000000000000e+03
1.960000000000000000e+03 3.925000000000000000e+03
1.769000000000000000e+03 3.895000000000000000e+03
1.819000000000000000e+03 3.880000000000000000e+03
1.817000000000000000e+03 3.917000000000000000e+03
1.754000000000000000e+03 3.861000000000000000e+03
2.154000000000000000e+03 3.731000000000000000e+03
2.382000000000000000e+03 3.496000000000000000e+03
2.126000000000000000e+03 3.740000000000000000e+03
2.002000000000000000e+03 3.800000000000000000e+03
2.010000000000000000e+03 3.803000000000000000e+03
1.966000000000000000e+03 3.871000000000000000e+03
1.973000000000000000e+03 3.889000000000000000e+03
2.154000000000000000e+03 3.801000000000000000e+03
2.148000000000000000e+03 3.844000000000000000e+03
2.144000000000000000e+03 3.781000000000000000e+03
2.086000000000000000e+03 3.798000000000000000e+03
2.135000000000000000e+03 3.845000000000000000e+03
2.064000000000000000e+03 3.919000000000000000e+03
2.046000000000000000e+03 3.815000000000000000e+03
2.053000000000000000e+03 3.879000000000000000e+03
2.300000000000000000e+03 3.840000000000000000e+03
2.313000000000000000e+03 3.855000000000000000e+03
2.249000000000000000e+03 3.739000000000000000e+03
2.748000000000000000e+03 3.560000000000000000e+03
2.363000000000000000e+03 3.954000000000000000e+03
2.378000000000000000e+03 3.962000000000000000e+03
2.385000000000000000e+03 3.970000000000000000e+03
2.421000000000000000e+03 3.963000000000000000e+03
2.235000000000000000e+03 3.836000000000000000e+03
2.270000000000000000e+03 3.788000000000000000e+03
2.402000000000000000e+03 3.918000000000000000e+03
2.312000000000000000e+03 3.868000000000000000e+03
2.167000000000000000e+03 3.960000000000000000e+03
2.380000000000000000e+03 3.937000000000000000e+03
2.524000000000000000e+03 3.941000000000000000e+03
2.485000000000000000e+03 3.968000000000000000e+03
3.724000000000000000e+03 2.689000000000000000e+03
3.748000000000000000e+03 2.618000000000000000e+03
3.885000000000000000e+03 2.380000000000000000e+03
3.690000000000000000e+03 2.554000000000000000e+03
3.824000000000000000e+03 2.385000000000000000e+03
3.817000000000000000e+03 2.356000000000000000e+03
3.777000000000000000e+03 2.331000000000000000e+03
3.891000000000000000e+03 2.547000000000000000e+03
3.738000000000000000e+03 2.762000000000000000e+03
3.653000000000000000e+03 2.882000000000000000e+03
3.638000000000000000e+03 2.903000000000000000e+03
3.732000000000000000e+03 2.789000000000000000e+03
3.740000000000000000e+03 2.739000000000000000e+03
3.721000000000000000e+03 2.702000000000000000e+03
3.672000000000000000e+03 2.784000000000000000e+03
3.791000000000000000e+03 2.460000000000000000e+03
3.833000000000000000e+03 2.456000000000000000e+03
3.915000000000000000e+03 2.477000000000000000e+03
3.848000000000000000e+03 2.424000000000000000e+03
3.740000000000000000e+03 2.437000000000000000e+03
3.768000000000000000e+03 2.334000000000000000e+03
3.068000000000000000e+03 3.024000000000000000e+03
3.882000000000000000e+03 2.283000000000000000e+03
3.309000000000000000e+03 3.030000000000000000e+03
3.155000000000000000e+03 2.953000000000000000e+03
3.472000000000000000e+03 2.857000000000000000e+03
3.427000000000000000e+03 2.754000000000000000e+03
3.696000000000000000e+03 2.571000000000000000e+03
3.690000000000000000e+03 2.606000000000000000e+03
3.667000000000000000e+03 2.558000000000000000e+03
3.640000000000000000e+03 2.678000000000000000e+03
3.800000000000000000e+03 3.108000000000000000e+03
3.222000000000000000e+03 3.188000000000000000e+03
3.786000000000000000e+03 3.094000000000000000e+03
3.746000000000000000e+03 3.078000000000000000e+03
3.651000000000000000e+03 3.133000000000000000e+03
3.981000000000000000e+03 3.121000000000000000e+03
2.657000000000000000e+03 3.212000000000000000e+03
3.977000000000000000e+03 3.181000000000000000e+03
2.653000000000000000e+03 3.152000000000000000e+03
3.075000000000000000e+03 3.375000000000000000e+03
2.825000000000000000e+03 3.090000000000000000e+03
2.930000000000000000e+03 3.091000000000000000e+03
2.588000000000000000e+03 3.092000000000000000e+03
2.667000000000000000e+03 3.316000000000000000e+03
2.298000000000000000e+03 3.724000000000000000e+03
2.282000000000000000e+03 3.274000000000000000e+03
2.232000000000000000e+03 3.406000000000000000e+03
2.221000000000000000e+03 3.675000000000000000e+03
2.207000000000000000e+03 3.477000000000000000e+03
2.157000000000000000e+03 3.653000000000000000e+03
2.166000000000000000e+03 3.594000000000000000e+03
2.168000000000000000e+03 3.682000000000000000e+03
2.208000000000000000e+03 3.568000000000000000e+03
2.229000000000000000e+03 3.570000000000000000e+03
3.555000000000000000e+03 3.244000000000000000e+03
3.574000000000000000e+03 3.357000000000000000e+03
2.263000000000000000e+03 3.462000000000000000e+03
2.281000000000000000e+03 3.386000000000000000e+03
2.274000000000000000e+03 3.494000000000000000e+03
2.260000000000000000e+03 3.501000000000000000e+03
2.219000000000000000e+03 3.712000000000000000e+03
2.247000000000000000e+03 3.683000000000000000e+03
3.862000000000000000e+03 2.185000000000000000e+03
3.847000000000000000e+03 2.087000000000000000e+03
3.896000000000000000e+03 2.085000000000000000e+03
3.825000000000000000e+03 2.130000000000000000e+03
3.814000000000000000e+03 2.183000000000000000e+03
3.369000000000000000e+03 3.059000000000000000e+03
3.688000000000000000e+03 2.923000000000000000e+03
3.882000000000000000e+03 2.218000000000000000e+03
3.847000000000000000e+03 2.264000000000000000e+03
3.697000000000000000e+03 2.418000000000000000e+03
3.703000000000000000e+03 2.338000000000000000e+03
3.859000000000000000e+03 2.083000000000000000e+03
3.740000000000000000e+03 2.226000000000000000e+03
3.663000000000000000e+03 2.234000000000000000e+03
3.656000000000000000e+03 2.291000000000000000e+03
3.882000000000000000e+03 2.786000000000000000e+03
3.862000000000000000e+03 2.798000000000000000e+03
3.898000000000000000e+03 2.741000000000000000e+03
3.684000000000000000e+03 2.723000000000000000e+03
3.823000000000000000e+03 2.725000000000000000e+03
3.828000000000000000e+03 2.650000000000000000e+03
3.942000000000000000e+03 2.598000000000000000e+03
3.872000000000000000e+03 2.702000000000000000e+03
3.855000000000000000e+03 2.868000000000000000e+03
3.812000000000000000e+03 2.749000000000000000e+03
3.826000000000000000e+03 2.883000000000000000e+03
3.855000000000000000e+03 2.910000000000000000e+03
3.717000000000000000e+03 2.637000000000000000e+03
3.742000000000000000e+03 2.529000000000000000e+03
3.878000000000000000e+03 2.458000000000000000e+03
3.870000000000000000e+03 2.549000000000000000e+03
2.738000000000000000e+03 2.884000000000000000e+03
2.202000000000000000e+03 3.548000000000000000e+03
2.169000000000000000e+03 3.653000000000000000e+03
2.162000000000000000e+03 3.539000000000000000e+03
2.083000000000000000e+03 3.680000000000000000e+03
1.996000000000000000e+03 3.735000000000000000e+03
2.025000000000000000e+03 3.700000000000000000e+03
1.934000000000000000e+03 3.796000000000000000e+03
1.921000000000000000e+03 3.691000000000000000e+03
1.947000000000000000e+03 3.681000000000000000e+03
1.966000000000000000e+03 3.856000000000000000e+03
1.970000000000000000e+03 3.647000000000000000e+03
1.930000000000000000e+03 3.651000000000000000e+03
2.000000000000000000e+03 3.589000000000000000e+03
2.002000000000000000e+03 3.663000000000000000e+03
2.117000000000000000e+03 3.624000000000000000e+03
2.110000000000000000e+03 3.656000000000000000e+03
3.609000000000000000e+03 2.120000000000000000e+03
2.212000000000000000e+03 3.398000000000000000e+03
3.722000000000000000e+03 2.071000000000000000e+03
3.826000000000000000e+03 2.052000000000000000e+03
3.634000000000000000e+03 2.086000000000000000e+03
3.669000000000000000e+03 2.083000000000000000e+03
2.048000000000000000e+03 3.660000000000000000e+03
2.065000000000000000e+03 3.622000000000000000e+03
2.065000000000000000e+03 3.563000000000000000e+03
2.058000000000000000e+03 3.530000000000000000e+03
2.140000000000000000e+03 3.473000000000000000e+03
2.166000000000000000e+03 3.482000000000000000e+03
2.097000000000000000e+03 3.553000000000000000e+03
2.100000000000000000e+03 3.455000000000000000e+03
3.772000000000000000e+03 2.944000000000000000e+03
3.716000000000000000e+03 2.973000000000000000e+03
3.782000000000000000e+03 2.969000000000000000e+03
3.791000000000000000e+03 2.921000000000000000e+03
3.770000000000000000e+03 2.865000000000000000e+03
3.778000000000000000e+03 2.941000000000000000e+03
3.703000000000000000e+03 2.931000000000000000e+03
3.821000000000000000e+03 3.002000000000000000e+03
3.809000000000000000e+03 3.052000000000000000e+03
3.717000000000000000e+03 3.043000000000000000e+03
3.758000000000000000e+03 3.040000000000000000e+03
3.885000000000000000e+03 2.931000000000000000e+03
3.980000000000000000e+03 2.808000000000000000e+03
3.874000000000000000e+03 2.992000000000000000e+03
3.895000000000000000e+03 3.028000000000000000e+03
3.941000000000000000e+03 2.681000000000000000e+03
3.927000000000000000e+03 2.728000000000000000e+03
3.963000000000000000e+03 2.750000000000000000e+03
3.959000000000000000e+03 2.662000000000000000e+03
3.918000000000000000e+03 2.892000000000000000e+03
3.934000000000000000e+03 2.789000000000000000e+03
3.938000000000000000e+03 3.062000000000000000e+03
3.952000000000000000e+03 3.073000000000000000e+03
3.961000000000000000e+03 2.848000000000000000e+03
3.969000000000000000e+03 2.910000000000000000e+03
3.978000000000000000e+03 2.962000000000000000e+03
3.962000000000000000e+03 2.894000000000000000e+03
3.930000000000000000e+03 2.890000000000000000e+03
3.921000000000000000e+03 2.819000000000000000e+03
3.941000000000000000e+03 3.002000000000000000e+03
3.949000000000000000e+03 2.910000000000000000e+03
3.975000000000000000e+03 2.447000000000000000e+03
3.938000000000000000e+03 2.462000000000000000e+03
3.945000000000000000e+03 2.446000000000000000e+03
3.927000000000000000e+03 2.406000000000000000e+03
3.961000000000000000e+03 2.265000000000000000e+03
3.967000000000000000e+03 2.310000000000000000e+03
3.911000000000000000e+03 2.178000000000000000e+03
3.933000000000000000e+03 2.200000000000000000e+03
3.833000000000000000e+03 2.264000000000000000e+03
3.807000000000000000e+03 2.224000000000000000e+03
3.773000000000000000e+03 2.275000000000000000e+03
3.729000000000000000e+03 2.207000000000000000e+03
3.860000000000000000e+03 2.330000000000000000e+03
3.944000000000000000e+03 2.449000000000000000e+03
3.911000000000000000e+03 2.282000000000000000e+03
3.891000000000000000e+03 2.320000000000000000e+03
3.752000000000000000e+03 1.983000000000000000e+03
3.719000000000000000e+03 1.960000000000000000e+03
3.643000000000000000e+03 2.057000000000000000e+03
3.642000000000000000e+03 2.018000000000000000e+03
3.798000000000000000e+03 2.085000000000000000e+03
3.831000000000000000e+03 2.079000000000000000e+03
3.644000000000000000e+03 2.137000000000000000e+03
3.645000000000000000e+03 2.162000000000000000e+03
3.897000000000000000e+03 2.093000000000000000e+03
3.836000000000000000e+03 2.053000000000000000e+03
3.707000000000000000e+03 2.098000000000000000e+03
3.733000000000000000e+03 2.050000000000000000e+03
3.820000000000000000e+03 2.095000000000000000e+03
3.715000000000000000e+03 2.166000000000000000e+03
3.781000000000000000e+03 2.306000000000000000e+03
3.947000000000000000e+03 2.282000000000000000e+03
2.304000000000000000e+03 3.120000000000000000e+03
2.082000000000000000e+03 2.150000000000000000e+03
3.950000000000000000e+02 1.340000000000000000e+03
2.600000000000000000e+02 1.700000000000000000e+02
1.020000000000000000e+02 2.700000000000000000e+03
2.336000000000000000e+03 1.030000000000000000e+03
