3.408000000000000000e+03 1.369000000000000000e+03
3.960000000000000000e+03 1.361000000000000000e+03
3.969000000000000000e+03 1.298000000000000000e+03
3.951000000000000000e+03 1.492000000000000000e+03
3.948000000000000000e+03 1.484000000000000000e+03
3.471000000000000000e+03 1.554000000000000000e+03
3.936000000000000000e+03 1.635000000000000000e+03
3.759000000000000000e+03 1.414000000000000000e+03
3.773000000000000000e+03 1.416000000000000000e+03
3.866000000000000000e+03 1.519000000000000000e+03
3.849000000000000000e+03 1.484000000000000000e+03
3.859000000000000000e+03 1.601000000000000000e+03
3.946000000000000000e+03 1.493000000000000000e+03
3.914000000000000000e+03 1.430000000000000000e+03
3.945000000000000000e+03 1.411000000000000000e+03
3.902000000000000000e+03 1.748000000000000000e+03
3.917000000000000000e+03 1.801000000000000000e+03
3.869000000000000000e+03 1.636000000000000000e+03
3.922000000000000000e+03 1.682000000000000000e+03
3.919000000000000000e+03 1.688000000000000000e+03
3.955000000000000000e+03 1.700000000000000000e+03
3.937000000000000000e+03 1.756000000000000000e+03
3.966000000000000000e+03 1.863000000000000000e+03
9.360000000000000000e+02 1.379000000000000000e+03
2.800000000000000000e+02 1.200000000000000000e+03
3.292000000000000000e+03 1.696000000000000000e+03
3.028000000000000000e+03 1.736000000000000000e+03
3.941000000000000000e+03 1.929000000000000000e+03
3.969000000000000000e+03 2.121000000000000000e+03
3.928000000000000000e+03 1.882000000000000000e+03
3.905000000000000000e+03 1.836000000000000000e+03
3.200000000000000000e+01 1.129000000000000000e+03
2.800000000000000000e+01 1.020000000000000000e+03
1.900000000000000000e+01 1.091000000000000000e+03
1.700000000000000000e+02 9.650000000000000000e+02
1.120000000000000000e+02 9.530000000000000000e+02
3.700000000000000000e+01 9.250000000000000000e+02
2.800000000000000000e+01 9.380000000000000000e+02
1.220000000000000000e+02 1.012000000000000000e+03
1.670000000000000000e+02 1.025000000000000000e+03
1.380000000000000000e+02 1.096000000000000000e+03
4.800000000000000000e+01 1.292000000000000000e+03
4.300000000000000000e+01 1.421000000000000000e+03
7.700000000000000000e+01 1.115000000000000000e+03
8.700000000000000000e+01 1.072000000000000000e+03
8.700000000000000000e+01 1.203000000000000000e+03
2.690000000000000000e+02 8.600000000000000000e+02
1.850000000000000000e+02 9.110000000000000000e+02
1.240000000000000000e+02 8.730000000000000000e+02
5.200000000000000000e+01 8.710000000000000000e+02
1.990000000000000000e+02 1.081000000000000000e+03
6.000000000000000000e+01 1.321000000000000000e+03
2.290000000000000000e+02 9.310000000000000000e+02
2.720000000000000000e+02 9.380000000000000000e+02
2.260000000000000000e+02 8.490000000000000000e+02
1.600000000000000000e+02 9.180000000000000000e+02
8.000000000000000000e+01 9.930000000000000000e+02
9.900000000000000000e+01 9.200000000000000000e+02
3.180000000000000000e+02 8.660000000000000000e+02
3.380000000000000000e+02 8.930000000000000000e+02
3.880000000000000000e+02 8.390000000000000000e+02
3.280000000000000000e+02 8.740000000000000000e+02
3.954000000000000000e+03 1.068000000000000000e+03
3.952000000000000000e+03 1.047000000000000000e+03
3.924000000000000000e+03 1.036000000000000000e+03
3.786000000000000000e+03 1.019000000000000000e+03
3.747000000000000000e+03 1.026000000000000000e+03
3.840000000000000000e+03 1.069000000000000000e+03
3.886000000000000000e+03 1.038000000000000000e+03
3.874000000000000000e+03 1.126000000000000000e+03
3.835000000000000000e+03 1.108000000000000000e+03
3.918000000000000000e+03 1.126000000000000000e+03
3.875000000000000000e+03 1.133000000000000000e+03
3.697000000000000000e+03 1.156000000000000000e+03
3.943000000000000000e+03 1.137000000000000000e+03
3.760000000000000000e+03 1.140000000000000000e+03
3.747000000000000000e+03 1.139000000000000000e+03
3.624000000000000000e+03 1.074000000000000000e+03
3.641000000000000000e+03 1.036000000000000000e+03
3.628000000000000000e+03 1.106000000000000000e+03
2.820000000000000000e+03 1.218000000000000000e+03
3.609000000000000000e+03 1.062000000000000000e+03
3.637000000000000000e+03 1.116000000000000000e+03
2.906000000000000000e+03 1.057000000000000000e+03
3.239000000000000000e+03 1.272000000000000000e+03
3.719000000000000000e+03 1.097000000000000000e+03
3.639000000000000000e+03 1.101000000000000000e+03
3.657000000000000000e+03 1.131000000000000000e+03
3.552000000000000000e+03 1.123000000000000000e+03
3.691000000000000000e+03 1.184000000000000000e+03
3.629000000000000000e+03 1.202000000000000000e+03
3.609000000000000000e+03 1.147000000000000000e+03
3.638000000000000000e+03 1.126000000000000000e+03
3.540000000000000000e+03 1.320000000000000000e+02
3.601000000000000000e+03 5.700000000000000000e+01
3.508000000000000000e+03 2.200000000000000000e+01
3.526000000000000000e+03 3.900000000000000000e+01
3.644000000000000000e+03 1.230000000000000000e+02
3.824000000000000000e+03 2.090000000000000000e+02
3.675000000000000000e+03 1.800000000000000000e+01
3.724000000000000000e+03 1.150000000000000000e+02
3.378000000000000000e+03 1.300000000000000000e+01
3.424000000000000000e+03 4.800000000000000000e+01
3.342000000000000000e+03 3.200000000000000000e+01
3.313000000000000000e+03 4.900000000000000000e+01
3.563000000000000000e+03 2.400000000000000000e+01
3.580000000000000000e+03 6.900000000000000000e+01
3.477000000000000000e+03 1.090000000000000000e+02
3.514000000000000000e+03 8.100000000000000000e+01
3.734000000000000000e+03 5.300000000000000000e+01
3.846000000000000000e+03 1.010000000000000000e+02
3.643000000000000000e+03 6.000000000000000000e+01
3.850000000000000000e+03 9.600000000000000000e+01
3.911000000000000000e+03 1.680000000000000000e+02
3.857000000000000000e+03 1.700000000000000000e+02
3.770000000000000000e+03 1.090000000000000000e+02
3.777000000000000000e+03 1.370000000000000000e+02
3.888000000000000000e+03 2.250000000000000000e+02
3.801000000000000000e+03 1.010000000000000000e+02
3.806000000000000000e+03 6.100000000000000000e+01
3.795000000000000000e+03 1.600000000000000000e+01
3.952000000000000000e+03 2.240000000000000000e+02
3.984000000000000000e+03 2.450000000000000000e+02
3.661000000000000000e+03 4.800000000000000000e+01
3.856000000000000000e+03 6.700000000000000000e+01
6.490000000000000000e+02 1.300000000000000000e+01
5.830000000000000000e+02 5.900000000000000000e+01
7.890000000000000000e+02 2.400000000000000000e+01
4.460000000000000000e+02 1.040000000000000000e+02
5.050000000000000000e+02 1.570000000000000000e+02
5.910000000000000000e+02 2.200000000000000000e+01
4.860000000000000000e+02 1.150000000000000000e+02
4.730000000000000000e+02 1.820000000000000000e+02
6.440000000000000000e+02 6.800000000000000000e+01
5.090000000000000000e+02 1.820000000000000000e+02
4.680000000000000000e+02 2.620000000000000000e+02
5.100000000000000000e+02 9.600000000000000000e+01
3.973000000000000000e+03 8.440000000000000000e+02
5.350000000000000000e+02 1.020000000000000000e+02
5.250000000000000000e+02 1.410000000000000000e+02
8.730000000000000000e+02 1.399000000000000000e+03
8.930000000000000000e+02 2.019000000000000000e+03
8.550000000000000000e+02 6.220000000000000000e+02
9.260000000000000000e+02 1.300000000000000000e+01
7.060000000000000000e+02 2.940000000000000000e+02
7.530000000000000000e+02 8.670000000000000000e+02
8.330000000000000000e+02 5.720000000000000000e+02
3.197000000000000000e+03 9.510000000000000000e+02
6.920000000000000000e+02 1.357000000000000000e+03
6.040000000000000000e+02 1.365000000000000000e+03
6.200000000000000000e+02 1.335000000000000000e+03
6.390000000000000000e+02 1.345000000000000000e+03
7.070000000000000000e+02 1.372000000000000000e+03
8.160000000000000000e+02 1.410000000000000000e+03
7.700000000000000000e+02 1.348000000000000000e+03
6.800000000000000000e+02 1.314000000000000000e+03
3.831000000000000000e+03 1.009000000000000000e+03
3.612000000000000000e+03 1.043000000000000000e+03
3.651000000000000000e+03 9.870000000000000000e+02
3.800000000000000000e+03 7.610000000000000000e+02
3.836000000000000000e+03 2.740000000000000000e+02
3.552000000000000000e+03 1.005000000000000000e+03
3.571000000000000000e+03 7.720000000000000000e+02
3.975000000000000000e+03 3.440000000000000000e+02
3.588000000000000000e+03 2.410000000000000000e+02
3.570000000000000000e+03 2.380000000000000000e+02
3.837000000000000000e+03 3.870000000000000000e+02
3.587000000000000000e+03 1.750000000000000000e+02
3.532000000000000000e+03 1.780000000000000000e+02
3.472000000000000000e+03 2.500000000000000000e+02
3.467000000000000000e+03 2.160000000000000000e+02
3.973000000000000000e+03 6.710000000000000000e+02
3.976000000000000000e+03 7.380000000000000000e+02
3.891000000000000000e+03 3.760000000000000000e+02
3.886000000000000000e+03 2.440000000000000000e+02
3.953000000000000000e+03 2.530000000000000000e+02
3.985000000000000000e+03 4.430000000000000000e+02
3.955000000000000000e+03 6.460000000000000000e+02
3.928000000000000000e+03 3.760000000000000000e+02
3.743000000000000000e+03 1.960000000000000000e+02
3.711000000000000000e+03 2.080000000000000000e+02
3.755000000000000000e+03 2.450000000000000000e+02
3.794000000000000000e+03 2.140000000000000000e+02
3.673000000000000000e+03 1.640000000000000000e+02
3.687000000000000000e+03 1.950000000000000000e+02
3.680000000000000000e+03 2.470000000000000000e+02
3.641000000000000000e+03 2.290000000000000000e+02
1.532000000000000000e+03 1.320000000000000000e+02
3.031000000000000000e+03 1.400000000000000000e+01
3.202000000000000000e+03 3.800000000000000000e+01
2.466000000000000000e+03 2.540000000000000000e+02
3.236000000000000000e+03 1.020000000000000000e+02
3.083000000000000000e+03 8.300000000000000000e+01
3.166000000000000000e+03 6.500000000000000000e+01
3.083000000000000000e+03 4.700000000000000000e+01
3.073000000000000000e+03 8.300000000000000000e+01
3.167000000000000000e+03 2.100000000000000000e+01
2.992000000000000000e+03 3.500000000000000000e+01
2.980000000000000000e+03 8.900000000000000000e+01
3.019000000000000000e+03 1.140000000000000000e+02
2.946000000000000000e+03 1.300000000000000000e+02
2.964000000000000000e+03 9.200000000000000000e+01
3.770000000000000000e+02 2.830000000000000000e+02
3.640000000000000000e+02 3.480000000000000000e+02
4.190000000000000000e+02 3.290000000000000000e+02
4.180000000000000000e+02 3.490000000000000000e+02
4.130000000000000000e+02 3.400000000000000000e+01
3.990000000000000000e+02 1.100000000000000000e+02
4.090000000000000000e+02 1.770000000000000000e+02
4.070000000000000000e+02 1.020000000000000000e+02
3.890000000000000000e+02 4.920000000000000000e+02
4.530000000000000000e+02 3.840000000000000000e+02
3.380000000000000000e+02 4.400000000000000000e+02
4.570000000000000000e+02 4.800000000000000000e+02
4.190000000000000000e+02 2.390000000000000000e+02
5.400000000000000000e+02 3.560000000000000000e+02
4.710000000000000000e+02 3.780000000000000000e+02
4.970000000000000000e+02 4.840000000000000000e+02
3.409000000000000000e+03 7.200000000000000000e+01
3.448000000000000000e+03 5.700000000000000000e+01
1.040000000000000000e+02 6.290000000000000000e+02
3.700000000000000000e+01 6.870000000000000000e+02
3.133000000000000000e+03 8.500000000000000000e+01
3.223000000000000000e+03 3.900000000000000000e+02
3.343000000000000000e+03 3.060000000000000000e+02
3.341000000000000000e+03 9.100000000000000000e+01
9.360000000000000000e+02 1.024000000000000000e+03
9.270000000000000000e+02 2.107000000000000000e+03
1.857000000000000000e+03 3.580000000000000000e+02
3.231000000000000000e+03 1.184000000000000000e+03
1.060000000000000000e+03 2.190000000000000000e+03
1.051000000000000000e+03 2.300000000000000000e+03
1.013000000000000000e+03 2.301000000000000000e+03
8.630000000000000000e+02 2.291000000000000000e+03
2.176000000000000000e+03 1.453000000000000000e+03
1.682000000000000000e+03 1.255000000000000000e+03
2.724000000000000000e+03 1.156000000000000000e+03
2.276000000000000000e+03 1.076000000000000000e+03
1.550000000000000000e+02 6.580000000000000000e+02
1.032000000000000000e+03 1.232000000000000000e+03
2.262000000000000000e+03 1.343000000000000000e+03
3.021000000000000000e+03 1.129000000000000000e+03
2.900000000000000000e+02 1.115000000000000000e+03
3.700000000000000000e+01 7.050000000000000000e+02
2.356000000000000000e+03 5.620000000000000000e+02
3.004000000000000000e+03 1.340000000000000000e+02
4.810000000000000000e+02 1.050000000000000000e+03
5.090000000000000000e+02 1.321000000000000000e+03
5.400000000000000000e+02 1.165000000000000000e+03
4.350000000000000000e+02 1.321000000000000000e+03
3.724000000000000000e+03 1.262000000000000000e+03
3.687000000000000000e+03 1.265000000000000000e+03
3.658000000000000000e+03 1.247000000000000000e+03
3.915000000000000000e+03 1.206000000000000000e+03
3.859000000000000000e+03 1.254000000000000000e+03
3.778000000000000000e+03 1.242000000000000000e+03
3.807000000000000000e+03 1.254000000000000000e+03
3.716000000000000000e+03 1.376000000000000000e+03
3.775000000000000000e+03 1.405000000000000000e+03
3.833000000000000000e+03 1.415000000000000000e+03
3.824000000000000000e+03 1.388000000000000000e+03
3.735000000000000000e+03 1.334000000000000000e+03
3.866000000000000000e+03 1.221000000000000000e+03
3.801000000000000000e+03 1.324000000000000000e+03
3.588000000000000000e+03 9.320000000000000000e+02
3.478000000000000000e+03 1.274000000000000000e+03
3.625000000000000000e+03 1.226000000000000000e+03
3.458000000000000000e+03 1.302000000000000000e+03
3.500000000000000000e+03 1.333000000000000000e+03
3.905000000000000000e+03 1.221000000000000000e+03
3.555000000000000000e+03 1.304000000000000000e+03
3.566000000000000000e+03 1.264000000000000000e+03
3.765000000000000000e+03 1.234000000000000000e+03
3.800000000000000000e+03 1.222000000000000000e+03
3.650000000000000000e+03 1.337000000000000000e+03
3.680000000000000000e+03 8.660000000000000000e+02
3.604000000000000000e+03 1.312000000000000000e+03
3.580000000000000000e+03 1.373000000000000000e+03
3.633000000000000000e+03 1.378000000000000000e+03
3.522000000000000000e+03 1.368000000000000000e+03
3.806000000000000000e+03 1.262000000000000000e+03
3.318000000000000000e+03 1.014000000000000000e+03
3.388000000000000000e+03 1.047000000000000000e+03
3.475000000000000000e+03 1.168000000000000000e+03
3.561000000000000000e+03 1.203000000000000000e+03
3.610000000000000000e+03 1.185000000000000000e+03
3.545000000000000000e+03 1.129000000000000000e+03
3.521000000000000000e+03 1.138000000000000000e+03
3.925000000000000000e+03 1.326000000000000000e+03
3.941000000000000000e+03 1.306000000000000000e+03
3.903000000000000000e+03 1.308000000000000000e+03
3.900000000000000000e+03 1.349000000000000000e+03
3.763000000000000000e+03 1.266000000000000000e+03
3.340000000000000000e+03 1.226000000000000000e+03
3.603000000000000000e+03 1.223000000000000000e+03
3.671000000000000000e+03 1.243000000000000000e+03
3.987000000000000000e+03 1.744000000000000000e+03
3.922000000000000000e+03 1.431000000000000000e+03
2.272000000000000000e+03 1.740000000000000000e+03
3.987000000000000000e+03 1.646000000000000000e+03
3.747000000000000000e+03 1.283000000000000000e+03
3.961000000000000000e+03 1.508000000000000000e+03
3.393000000000000000e+03 1.182000000000000000e+03
3.736000000000000000e+03 1.375000000000000000e+03
3.568000000000000000e+03 1.275000000000000000e+03
3.394000000000000000e+03 9.610000000000000000e+02
3.361000000000000000e+03 7.650000000000000000e+02
2.981000000000000000e+03 1.136000000000000000e+03
2.576000000000000000e+03 1.016000000000000000e+03
2.695000000000000000e+03 1.021000000000000000e+03
2.796000000000000000e+03 1.026000000000000000e+03
2.769000000000000000e+03 1.017000000000000000e+03
2.191000000000000000e+03 1.308000000000000000e+03
1.893000000000000000e+03 1.357000000000000000e+03
2.039000000000000000e+03 1.318000000000000000e+03
1.673000000000000000e+03 1.358000000000000000e+03
1.872000000000000000e+03 1.422000000000000000e+03
1.140000000000000000e+03 8.910000000000000000e+02
1.112000000000000000e+03 1.806000000000000000e+03
1.643000000000000000e+03 1.326000000000000000e+03
1.389000000000000000e+03 1.328000000000000000e+03
2.400000000000000000e+02 1.350000000000000000e+03
2.400000000000000000e+02 1.376000000000000000e+03
1.385000000000000000e+03 1.633000000000000000e+03
1.247000000000000000e+03 1.475000000000000000e+03
1.710000000000000000e+03 2.041000000000000000e+03
1.990000000000000000e+03 2.195000000000000000e+03
3.944000000000000000e+03 1.560000000000000000e+03
3.843000000000000000e+03 1.537000000000000000e+03
3.420000000000000000e+03 1.440000000000000000e+03
2.870000000000000000e+03 1.360000000000000000e+03
1.508000000000000000e+03 1.330000000000000000e+03
3.233000000000000000e+03 1.333000000000000000e+03
3.817000000000000000e+03 1.639000000000000000e+03
3.812000000000000000e+03 1.543000000000000000e+03
3.883000000000000000e+03 1.578000000000000000e+03
3.908000000000000000e+03 1.591000000000000000e+03
5.700000000000000000e+02 1.233000000000000000e+03
2.398000000000000000e+03 1.452000000000000000e+03
7.720000000000000000e+02 1.273000000000000000e+03
3.540000000000000000e+02 1.260000000000000000e+03
3.430000000000000000e+02 1.302000000000000000e+03
3.010000000000000000e+02 1.278000000000000000e+03
4.690000000000000000e+02 1.171000000000000000e+03
4.230000000000000000e+02 1.127000000000000000e+03
1.442000000000000000e+03 1.136000000000000000e+03
3.086000000000000000e+03 1.177000000000000000e+03
4.140000000000000000e+02 1.077000000000000000e+03
4.110000000000000000e+02 1.072000000000000000e+03
8.410000000000000000e+02 1.074000000000000000e+03
2.246000000000000000e+03 1.073000000000000000e+03
2.670000000000000000e+02 1.291000000000000000e+03
3.520000000000000000e+02 1.135000000000000000e+03
2.400000000000000000e+02 1.290000000000000000e+03
2.750000000000000000e+02 1.198000000000000000e+03
4.620000000000000000e+02 9.460000000000000000e+02
4.280000000000000000e+02 9.850000000000000000e+02
4.450000000000000000e+02 1.036000000000000000e+03
1.745000000000000000e+03 1.016000000000000000e+03
3.050000000000000000e+02 1.041000000000000000e+03
3.110000000000000000e+02 1.100000000000000000e+03
3.240000000000000000e+02 1.090000000000000000e+03
3.320000000000000000e+02 1.001000000000000000e+03
1.910000000000000000e+02 1.113000000000000000e+03
2.670000000000000000e+02 1.037000000000000000e+03
3.300000000000000000e+02 9.990000000000000000e+02
3.270000000000000000e+02 9.760000000000000000e+02
3.480000000000000000e+02 9.810000000000000000e+02
6.440000000000000000e+02 7.310000000000000000e+02
2.750000000000000000e+02 1.026000000000000000e+03
3.030000000000000000e+02 1.091000000000000000e+03
2.760000000000000000e+02 1.191000000000000000e+03
2.560000000000000000e+02 1.191000000000000000e+03
2.560000000000000000e+02 1.225000000000000000e+03
2.390000000000000000e+02 1.226000000000000000e+03
4.500000000000000000e+01 1.746000000000000000e+03
3.700000000000000000e+01 1.820000000000000000e+03
4.100000000000000000e+01 1.983000000000000000e+03
1.490000000000000000e+02 1.638000000000000000e+03
4.900000000000000000e+01 1.710000000000000000e+03
1.560000000000000000e+02 1.678000000000000000e+03
3.300000000000000000e+01 1.733000000000000000e+03
2.010000000000000000e+02 1.747000000000000000e+03
1.930000000000000000e+02 1.753000000000000000e+03
2.070000000000000000e+02 1.744000000000000000e+03
2.220000000000000000e+02 1.700000000000000000e+03
2.030000000000000000e+02 1.644000000000000000e+03
2.080000000000000000e+02 1.608000000000000000e+03
2.410000000000000000e+02 1.610000000000000000e+03
1.800000000000000000e+02 1.703000000000000000e+03
8.000000000000000000e+01 1.704000000000000000e+03
1.540000000000000000e+02 1.550000000000000000e+03
7.100000000000000000e+01 1.653000000000000000e+03
1.590000000000000000e+02 1.571000000000000000e+03
1.870000000000000000e+02 1.520000000000000000e+03
2.130000000000000000e+02 1.525000000000000000e+03
1.820000000000000000e+02 1.535000000000000000e+03
2.540000000000000000e+02 1.536000000000000000e+03
1.010000000000000000e+02 1.425000000000000000e+03
1.190000000000000000e+02 1.405000000000000000e+03
1.290000000000000000e+02 1.329000000000000000e+03
1.500000000000000000e+02 1.348000000000000000e+03
3.650000000000000000e+02 1.363000000000000000e+03
1.800000000000000000e+02 1.417000000000000000e+03
1.170000000000000000e+02 1.435000000000000000e+03
7.800000000000000000e+01 1.471000000000000000e+03
1.932000000000000000e+03 1.563000000000000000e+03
1.632000000000000000e+03 1.511000000000000000e+03
1.278000000000000000e+03 1.289000000000000000e+03
9.000000000000000000e+01 1.579000000000000000e+03
7.800000000000000000e+01 1.569000000000000000e+03
1.030000000000000000e+02 1.477000000000000000e+03
7.100000000000000000e+01 1.518000000000000000e+03
1.954000000000000000e+03 8.800000000000000000e+01
2.083000000000000000e+03 2.720000000000000000e+02
1.248000000000000000e+03 9.260000000000000000e+02
1.864000000000000000e+03 3.850000000000000000e+02
5.200000000000000000e+01 1.784000000000000000e+03
7.100000000000000000e+01 1.755000000000000000e+03
4.500000000000000000e+01 1.856000000000000000e+03
4.200000000000000000e+01 1.838000000000000000e+03
1.943000000000000000e+03 1.400000000000000000e+01
2.205000000000000000e+03 2.000000000000000000e+01
2.221000000000000000e+03 1.300000000000000000e+01
2.253000000000000000e+03 2.400000000000000000e+01
2.281000000000000000e+03 5.700000000000000000e+01
2.306000000000000000e+03 3.500000000000000000e+01
2.082000000000000000e+03 4.800000000000000000e+01
2.233000000000000000e+03 5.700000000000000000e+01
2.225000000000000000e+03 1.070000000000000000e+02
2.331000000000000000e+03 1.260000000000000000e+02
2.255000000000000000e+03 1.320000000000000000e+02
2.233000000000000000e+03 1.460000000000000000e+02
2.203000000000000000e+03 5.500000000000000000e+01
2.213000000000000000e+03 6.100000000000000000e+01
2.216000000000000000e+03 1.070000000000000000e+02
2.116000000000000000e+03 4.700000000000000000e+01
1.494000000000000000e+03 1.446000000000000000e+03
1.622000000000000000e+03 1.200000000000000000e+02
1.846000000000000000e+03 1.118000000000000000e+03
1.037000000000000000e+03 9.300000000000000000e+01
1.021000000000000000e+03 1.400000000000000000e+01
1.115000000000000000e+03 1.700000000000000000e+01
1.311000000000000000e+03 4.810000000000000000e+02
1.520000000000000000e+02 1.132000000000000000e+03
1.820000000000000000e+02 1.101000000000000000e+03
1.620000000000000000e+02 1.168000000000000000e+03
1.620000000000000000e+02 1.168000000000000000e+03
1.510000000000000000e+02 1.185000000000000000e+03
7.200000000000000000e+02 1.168000000000000000e+03
1.410000000000000000e+02 1.237000000000000000e+03
1.580000000000000000e+02 1.217000000000000000e+03
1.730000000000000000e+03 2.400000000000000000e+01
1.556000000000000000e+03 3.600000000000000000e+01
2.052000000000000000e+03 6.000000000000000000e+00
1.842000000000000000e+03 1.900000000000000000e+01
1.536000000000000000e+03 7.000000000000000000e+00
1.653000000000000000e+03 9.000000000000000000e+00
1.877000000000000000e+03 1.900000000000000000e+01
1.913000000000000000e+03 4.000000000000000000e+00
1.519000000000000000e+03 2.400000000000000000e+01
1.250000000000000000e+03 2.200000000000000000e+01
1.408000000000000000e+03 2.800000000000000000e+01
1.403000000000000000e+03 9.000000000000000000e+00
1.410000000000000000e+03 1.700000000000000000e+01
1.260000000000000000e+03 2.250000000000000000e+02
1.841000000000000000e+03 3.600000000000000000e+01
1.575000000000000000e+03 3.500000000000000000e+01
2.490000000000000000e+02 8.090000000000000000e+02
6.660000000000000000e+02 8.760000000000000000e+02
1.980000000000000000e+02 8.130000000000000000e+02
1.940000000000000000e+02 8.340000000000000000e+02
2.010000000000000000e+02 7.820000000000000000e+02
2.270000000000000000e+02 7.900000000000000000e+02
1.950000000000000000e+02 7.510000000000000000e+02
8.400000000000000000e+02 6.120000000000000000e+02
1.860000000000000000e+02 6.810000000000000000e+02
1.540000000000000000e+02 6.940000000000000000e+02
1.330000000000000000e+02 7.140000000000000000e+02
1.590000000000000000e+02 9.050000000000000000e+02
1.090000000000000000e+02 7.990000000000000000e+02
2.040000000000000000e+02 7.350000000000000000e+02
2.130000000000000000e+02 7.110000000000000000e+02
1.830000000000000000e+02 7.230000000000000000e+02
6.500000000000000000e+01 7.540000000000000000e+02
1.500000000000000000e+01 1.345000000000000000e+03
4.800000000000000000e+01 7.860000000000000000e+02
2.500000000000000000e+01 7.920000000000000000e+02
9.700000000000000000e+01 7.230000000000000000e+02
7.200000000000000000e+01 7.180000000000000000e+02
7.700000000000000000e+01 9.710000000000000000e+02
1.600000000000000000e+01 8.710000000000000000e+02
6.000000000000000000e+01 1.318000000000000000e+03
3.100000000000000000e+01 1.330000000000000000e+03
2.600000000000000000e+01 1.260000000000000000e+03
2.400000000000000000e+01 1.172000000000000000e+03
1.430000000000000000e+02 1.272000000000000000e+03
1.430000000000000000e+02 1.305000000000000000e+03
8.500000000000000000e+01 1.282000000000000000e+03
1.030000000000000000e+02 1.283000000000000000e+03
8.400000000000000000e+01 1.821000000000000000e+03
2.500000000000000000e+01 1.470000000000000000e+03
4.700000000000000000e+01 1.509000000000000000e+03
3.700000000000000000e+01 1.569000000000000000e+03
4.200000000000000000e+01 1.625000000000000000e+03
6.200000000000000000e+01 1.708000000000000000e+03
1.130000000000000000e+02 1.651000000000000000e+03
2.090000000000000000e+02 1.857000000000000000e+03
2.090000000000000000e+02 1.902000000000000000e+03
1.260000000000000000e+02 1.902000000000000000e+03
7.400000000000000000e+01 1.850000000000000000e+03
5.500000000000000000e+01 1.871000000000000000e+03
1.730000000000000000e+02 1.861000000000000000e+03
1.180000000000000000e+02 1.849000000000000000e+03
1.410000000000000000e+02 1.825000000000000000e+03
1.770000000000000000e+02 1.966000000000000000e+03
6.320000000000000000e+02 2.492000000000000000e+03
1.520000000000000000e+02 2.003000000000000000e+03
1.700000000000000000e+02 1.988000000000000000e+03
1.600000000000000000e+02 2.034000000000000000e+03
1.550000000000000000e+02 2.069000000000000000e+03
1.260000000000000000e+02 2.115000000000000000e+03
1.120000000000000000e+02 2.102000000000000000e+03
5.700000000000000000e+01 2.090000000000000000e+03
6.100000000000000000e+01 2.044000000000000000e+03
5.200000000000000000e+01 2.168000000000000000e+03
4.600000000000000000e+01 2.117000000000000000e+03
8.900000000000000000e+01 1.800000000000000000e+03
1.150000000000000000e+02 1.748000000000000000e+03
8.700000000000000000e+01 1.945000000000000000e+03
7.200000000000000000e+01 2.005000000000000000e+03
2.220000000000000000e+02 2.686000000000000000e+03
3.460000000000000000e+02 2.550000000000000000e+03
3.160000000000000000e+02 2.488000000000000000e+03
3.380000000000000000e+02 2.633000000000000000e+03
3.610000000000000000e+02 2.658000000000000000e+03
2.640000000000000000e+02 2.707000000000000000e+03
4.120000000000000000e+02 2.666000000000000000e+03
3.260000000000000000e+02 2.770000000000000000e+03
2.910000000000000000e+02 2.807000000000000000e+03
2.890000000000000000e+02 2.719000000000000000e+03
3.200000000000000000e+02 2.732000000000000000e+03
1.750000000000000000e+02 2.512000000000000000e+03
1.900000000000000000e+02 2.559000000000000000e+03
2.310000000000000000e+02 2.563000000000000000e+03
2.710000000000000000e+02 2.694000000000000000e+03
1.620000000000000000e+02 2.452000000000000000e+03
1.800000000000000000e+02 2.475000000000000000e+03
2.630000000000000000e+02 2.495000000000000000e+03
2.040000000000000000e+02 2.470000000000000000e+03
1.220000000000000000e+02 2.552000000000000000e+03
1.200000000000000000e+02 2.496000000000000000e+03
1.400000000000000000e+02 2.613000000000000000e+03
7.700000000000000000e+01 2.554000000000000000e+03
1.330000000000000000e+02 2.611000000000000000e+03
7.100000000000000000e+01 2.410000000000000000e+03
1.390000000000000000e+02 2.428000000000000000e+03
9.100000000000000000e+01 2.406000000000000000e+03
3.000000000000000000e+01 2.464000000000000000e+03
5.600000000000000000e+01 2.536000000000000000e+03
6.100000000000000000e+01 2.493000000000000000e+03
5.300000000000000000e+01 2.463000000000000000e+03
5.140000000000000000e+02 2.782000000000000000e+03
1.080000000000000000e+02 2.663000000000000000e+03
4.900000000000000000e+01 2.615000000000000000e+03
9.100000000000000000e+01 2.627000000000000000e+03
6.500000000000000000e+01 2.657000000000000000e+03
2.900000000000000000e+01 2.773000000000000000e+03
4.300000000000000000e+01 2.711000000000000000e+03
2.740000000000000000e+02 2.286000000000000000e+03
3.370000000000000000e+02 2.299000000000000000e+03
2.170000000000000000e+02 2.323000000000000000e+03
2.580000000000000000e+02 2.314000000000000000e+03
7.200000000000000000e+01 2.299000000000000000e+03
1.100000000000000000e+02 2.291000000000000000e+03
3.120000000000000000e+02 2.587000000000000000e+03
1.020000000000000000e+02 2.340000000000000000e+03
1.400000000000000000e+01 3.365000000000000000e+03
1.400000000000000000e+01 3.291000000000000000e+03
1.600000000000000000e+01 3.158000000000000000e+03
1.300000000000000000e+01 3.116000000000000000e+03
3.900000000000000000e+01 3.173000000000000000e+03
4.900000000000000000e+01 3.144000000000000000e+03
3.400000000000000000e+01 2.921000000000000000e+03
4.100000000000000000e+01 3.002000000000000000e+03
1.990000000000000000e+02 2.736000000000000000e+03
1.450000000000000000e+02 2.726000000000000000e+03
1.430000000000000000e+02 2.687000000000000000e+03
1.860000000000000000e+02 2.669000000000000000e+03
2.900000000000000000e+01 2.881000000000000000e+03
1.000000000000000000e+01 2.910000000000000000e+03
7.700000000000000000e+01 2.788000000000000000e+03
4.200000000000000000e+01 2.851000000000000000e+03
1.450000000000000000e+02 2.279000000000000000e+03
1.450000000000000000e+02 2.354000000000000000e+03
1.290000000000000000e+02 2.237000000000000000e+03
1.600000000000000000e+02 2.274000000000000000e+03
4.400000000000000000e+02 2.395000000000000000e+03
4.020000000000000000e+02 2.360000000000000000e+03
8.110000000000000000e+02 3.529000000000000000e+03
5.180000000000000000e+02 2.432000000000000000e+03
3.400000000000000000e+02 2.500000000000000000e+03
2.850000000000000000e+02 2.616000000000000000e+03
2.180000000000000000e+02 2.678000000000000000e+03
2.730000000000000000e+02 2.539000000000000000e+03
3.800000000000000000e+02 2.390000000000000000e+03
2.870000000000000000e+02 2.308000000000000000e+03
3.040000000000000000e+02 2.388000000000000000e+03
3.130000000000000000e+02 2.352000000000000000e+03
2.900000000000000000e+01 2.334000000000000000e+03
1.160000000000000000e+02 2.558000000000000000e+03
9.470000000000000000e+02 3.540000000000000000e+03
1.550000000000000000e+02 2.834000000000000000e+03
3.800000000000000000e+01 2.961000000000000000e+03
3.200000000000000000e+01 2.886000000000000000e+03
2.600000000000000000e+01 3.014000000000000000e+03
1.650000000000000000e+02 2.533000000000000000e+03
5.940000000000000000e+02 3.235000000000000000e+03
9.900000000000000000e+02 3.848000000000000000e+03
6.990000000000000000e+02 3.388000000000000000e+03
8.870000000000000000e+02 3.629000000000000000e+03
2.200000000000000000e+01 2.210000000000000000e+03
3.200000000000000000e+01 3.362000000000000000e+03
3.000000000000000000e+01 2.368000000000000000e+03
1.900000000000000000e+01 2.908000000000000000e+03
3.070000000000000000e+02 2.479000000000000000e+03
2.490000000000000000e+02 2.487000000000000000e+03
2.210000000000000000e+02 2.539000000000000000e+03
5.510000000000000000e+02 2.488000000000000000e+03
5.620000000000000000e+02 2.470000000000000000e+03
5.830000000000000000e+02 2.534000000000000000e+03
6.080000000000000000e+02 2.756000000000000000e+03
4.320000000000000000e+02 2.552000000000000000e+03
4.470000000000000000e+02 2.557000000000000000e+03
4.520000000000000000e+02 2.472000000000000000e+03
4.580000000000000000e+02 2.464000000000000000e+03
5.180000000000000000e+02 2.474000000000000000e+03
4.870000000000000000e+02 2.572000000000000000e+03
3.550000000000000000e+02 2.665000000000000000e+03
2.670000000000000000e+02 2.652000000000000000e+03
7.220000000000000000e+02 2.776000000000000000e+03
4.960000000000000000e+02 2.649000000000000000e+03
6.010000000000000000e+02 2.616000000000000000e+03
6.170000000000000000e+02 2.638000000000000000e+03
7.000000000000000000e+02 2.667000000000000000e+03
6.440000000000000000e+02 2.703000000000000000e+03
1.216000000000000000e+03 3.260000000000000000e+03
6.450000000000000000e+02 2.659000000000000000e+03
5.490000000000000000e+02 2.714000000000000000e+03
3.760000000000000000e+02 2.575000000000000000e+03
5.880000000000000000e+02 2.562000000000000000e+03
4.720000000000000000e+02 2.625000000000000000e+03
4.460000000000000000e+02 2.720000000000000000e+03
1.151000000000000000e+03 3.162000000000000000e+03
1.835000000000000000e+03 3.716000000000000000e+03
1.257000000000000000e+03 3.247000000000000000e+03
1.603000000000000000e+03 3.965000000000000000e+03
1.493000000000000000e+03 3.935000000000000000e+03
1.471000000000000000e+03 3.689000000000000000e+03
1.730000000000000000e+03 3.953000000000000000e+03
1.774000000000000000e+03 3.961000000000000000e+03
1.693000000000000000e+03 3.942000000000000000e+03
1.629000000000000000e+03 3.944000000000000000e+03
1.515000000000000000e+03 3.878000000000000000e+03
1.549000000000000000e+03 3.853000000000000000e+03
1.559000000000000000e+03 3.911000000000000000e+03
1.552000000000000000e+03 3.958000000000000000e+03
1.630000000000000000e+03 3.883000000000000000e+03
1.624000000000000000e+03 3.895000000000000000e+03
1.760000000000000000e+03 3.934000000000000000e+03
1.680000000000000000e+03 3.884000000000000000e+03
1.471000000000000000e+03 3.748000000000000000e+03
1.426000000000000000e+03 3.873000000000000000e+03
1.362000000000000000e+03 3.860000000000000000e+03
1.448000000000000000e+03 3.866000000000000000e+03
1.307000000000000000e+03 3.901000000000000000e+03
1.279000000000000000e+03 3.908000000000000000e+03
1.382000000000000000e+03 3.903000000000000000e+03
1.348000000000000000e+03 3.801000000000000000e+03
1.216000000000000000e+03 3.913000000000000000e+03
1.122000000000000000e+03 3.853000000000000000e+03
1.342000000000000000e+03 3.929000000000000000e+03
1.364000000000000000e+03 3.932000000000000000e+03
7.760000000000000000e+02 3.328000000000000000e+03
1.085000000000000000e+03 3.909000000000000000e+03
1.041000000000000000e+03 3.714000000000000000e+03
1.103000000000000000e+03 3.918000000000000000e+03
6.800000000000000000e+02 3.916000000000000000e+03
7.910000000000000000e+02 3.959000000000000000e+03
7.600000000000000000e+02 3.399000000000000000e+03
6.660000000000000000e+02 3.918000000000000000e+03
5.870000000000000000e+02 3.689000000000000000e+03
6.570000000000000000e+02 3.957000000000000000e+03
6.480000000000000000e+02 3.958000000000000000e+03
5.200000000000000000e+02 3.890000000000000000e+03
4.520000000000000000e+02 3.837000000000000000e+03
5.140000000000000000e+02 3.905000000000000000e+03
5.500000000000000000e+02 3.898000000000000000e+03
4.100000000000000000e+01 3.346000000000000000e+03
4.010000000000000000e+02 3.784000000000000000e+03
4.710000000000000000e+02 3.873000000000000000e+03
5.540000000000000000e+02 3.856000000000000000e+03
6.590000000000000000e+02 3.851000000000000000e+03
2.020000000000000000e+02 3.544000000000000000e+03
6.440000000000000000e+02 1.316000000000000000e+03
6.820000000000000000e+02 1.872000000000000000e+03
5.230000000000000000e+02 3.799000000000000000e+03
4.840000000000000000e+02 3.715000000000000000e+03
7.350000000000000000e+02 3.908000000000000000e+03
6.790000000000000000e+02 3.429000000000000000e+03
3.020000000000000000e+02 3.884000000000000000e+03
3.400000000000000000e+02 3.873000000000000000e+03
1.660000000000000000e+02 3.726000000000000000e+03
3.380000000000000000e+02 3.837000000000000000e+03
2.110000000000000000e+02 3.813000000000000000e+03
4.200000000000000000e+01 3.701000000000000000e+03
2.880000000000000000e+02 3.849000000000000000e+03
1.840000000000000000e+02 3.750000000000000000e+03
1.443000000000000000e+03 3.931000000000000000e+03
1.607000000000000000e+03 3.271000000000000000e+03
1.341000000000000000e+03 3.963000000000000000e+03
1.285000000000000000e+03 3.893000000000000000e+03
1.142000000000000000e+03 3.961000000000000000e+03
1.187000000000000000e+03 3.965000000000000000e+03
1.266000000000000000e+03 3.959000000000000000e+03
1.229000000000000000e+03 3.961000000000000000e+03
9.450000000000000000e+02 3.957000000000000000e+03
7.910000000000000000e+02 3.776000000000000000e+03
8.530000000000000000e+02 3.913000000000000000e+03
9.260000000000000000e+02 3.950000000000000000e+03
1.089000000000000000e+03 3.972000000000000000e+03
1.086000000000000000e+03 3.970000000000000000e+03
8.630000000000000000e+02 3.438000000000000000e+03
1.021000000000000000e+03 3.961000000000000000e+03
7.400000000000000000e+01 3.898000000000000000e+03
1.070000000000000000e+02 3.890000000000000000e+03
1.260000000000000000e+02 3.863000000000000000e+03
7.400000000000000000e+01 3.852000000000000000e+03
2.180000000000000000e+02 3.874000000000000000e+03
1.590000000000000000e+02 3.925000000000000000e+03
2.090000000000000000e+02 3.902000000000000000e+03
1.950000000000000000e+02 3.891000000000000000e+03
1.280000000000000000e+02 2.863000000000000000e+03
5.300000000000000000e+01 2.775000000000000000e+03
3.290000000000000000e+02 2.725000000000000000e+03
6.200000000000000000e+01 2.573000000000000000e+03
2.270000000000000000e+02 3.343000000000000000e+03
1.700000000000000000e+01 3.558000000000000000e+03
3.330000000000000000e+02 3.505000000000000000e+03
4.300000000000000000e+01 3.559000000000000000e+03
1.754000000000000000e+03 3.936000000000000000e+03
2.214000000000000000e+03 3.882000000000000000e+03
2.175000000000000000e+03 3.862000000000000000e+03
2.099000000000000000e+03 3.926000000000000000e+03
2.111000000000000000e+03 3.917000000000000000e+03
2.151000000000000000e+03 3.912000000000000000e+03
2.126000000000000000e+03 3.902000000000000000e+03
1.908000000000000000e+03 3.810000000000000000e+03
1.846000000000000000e+03 3.776000000000000000e+03
1.920000000000000000e+03 3.877000000000000000e+03
2.178000000000000000e+03 3.835000000000000000e+03
1.748000000000000000e+03 3.828000000000000000e+03
1.787000000000000000e+03 3.857000000000000000e+03
1.772000000000000000e+03 3.783000000000000000e+03
1.813000000000000000e+03 3.797000000000000000e+03
2.132000000000000000e+03 3.898000000000000000e+03
2.235000000000000000e+03 3.957000000000000000e+03
2.373000000000000000e+03 3.657000000000000000e+03
2.261000000000000000e+03 3.894000000000000000e+03
2.281000000000000000e+03 3.793000000000000000e+03
1.798000000000000000e+03 3.981000000000000000e+03
2.108000000000000000e+03 3.968000000000000000e+03
2.036000000000000000e+03 3.967000000000000000e+03
1.920000000000000000e+03 3.937000000000000000e+03
1.878000000000000000e+03 3.948000000000000000e+03
1.891000000000000000e+03 3.884000000000000000e+03
1.966000000000000000e+03 3.926000000000000000e+03
1.790000000000000000e+03 3.900000000000000000e+03
1.835000000000000000e+03 3.877000000000000000e+03
1.818000000000000000e+03 3.932000000000000000e+03
1.754000000000000000e+03 3.880000000000000000e+03
2.105000000000000000e+03 3.732000000000000000e+03
2.307000000000000000e+03 3.492000000000000000e+03
2.082000000000000000e+03 3.738000000000000000e+03
1.974000000000000000e+03 3.795000000000000000e+03
1.989000000000000000e+03 3.817000000000000000e+03
1.953000000000000000e+03 3.871000000000000000e+03
1.970000000000000000e+03 3.904000000000000000e+03
2.074000000000000000e+03 3.765000000000000000e+03
2.098000000000000000e+03 3.820000000000000000e+03
2.079000000000000000e+03 3.761000000000000000e+03
2.039000000000000000e+03 3.800000000000000000e+03
2.106000000000000000e+03 3.843000000000000000e+03
2.045000000000000000e+03 3.907000000000000000e+03
2.015000000000000000e+03 3.839000000000000000e+03
2.028000000000000000e+03 3.892000000000000000e+03
2.214000000000000000e+03 3.752000000000000000e+03
2.223000000000000000e+03 3.779000000000000000e+03
2.177000000000000000e+03 3.757000000000000000e+03
2.741000000000000000e+03 3.511000000000000000e+03
2.256000000000000000e+03 3.733000000000000000e+03
2.253000000000000000e+03 3.642000000000000000e+03
2.235000000000000000e+03 3.637000000000000000e+03
2.195000000000000000e+03 3.612000000000000000e+03
2.139000000000000000e+03 3.707000000000000000e+03
2.120000000000000000e+03 3.645000000000000000e+03
2.191000000000000000e+03 3.652000000000000000e+03
2.157000000000000000e+03 3.653000000000000000e+03
2.152000000000000000e+03 3.861000000000000000e+03
2.201000000000000000e+03 3.743000000000000000e+03
2.263000000000000000e+03 3.656000000000000000e+03
2.244000000000000000e+03 3.686000000000000000e+03
3.736000000000000000e+03 2.612000000000000000e+03
3.730000000000000000e+03 2.605000000000000000e+03
3.778000000000000000e+03 2.426000000000000000e+03
3.610000000000000000e+03 2.541000000000000000e+03
3.743000000000000000e+03 2.390000000000000000e+03
3.780000000000000000e+03 2.368000000000000000e+03
3.753000000000000000e+03 2.282000000000000000e+03
3.925000000000000000e+03 2.508000000000000000e+03
3.599000000000000000e+03 2.438000000000000000e+03
3.508000000000000000e+03 2.414000000000000000e+03
3.531000000000000000e+03 2.381000000000000000e+03
3.554000000000000000e+03 2.470000000000000000e+03
3.595000000000000000e+03 2.462000000000000000e+03
3.642000000000000000e+03 2.445000000000000000e+03
3.594000000000000000e+03 2.417000000000000000e+03
3.819000000000000000e+03 2.265000000000000000e+03
3.870000000000000000e+03 2.243000000000000000e+03
3.959000000000000000e+03 2.326000000000000000e+03
3.885000000000000000e+03 2.234000000000000000e+03
3.747000000000000000e+03 2.260000000000000000e+03
3.778000000000000000e+03 2.297000000000000000e+03
3.167000000000000000e+03 2.459000000000000000e+03
3.883000000000000000e+03 2.189000000000000000e+03
3.433000000000000000e+03 2.338000000000000000e+03
3.279000000000000000e+03 2.475000000000000000e+03
3.477000000000000000e+03 2.303000000000000000e+03
3.410000000000000000e+03 2.388000000000000000e+03
3.654000000000000000e+03 2.336000000000000000e+03
3.617000000000000000e+03 2.336000000000000000e+03
3.637000000000000000e+03 2.272000000000000000e+03
3.549000000000000000e+03 2.340000000000000000e+03
3.846000000000000000e+03 3.177000000000000000e+03
3.155000000000000000e+03 3.555000000000000000e+03
3.841000000000000000e+03 3.136000000000000000e+03
3.775000000000000000e+03 3.112000000000000000e+03
3.602000000000000000e+03 3.171000000000000000e+03
3.942000000000000000e+03 3.143000000000000000e+03
2.468000000000000000e+03 3.430000000000000000e+03
3.904000000000000000e+03 3.154000000000000000e+03
2.631000000000000000e+03 3.252000000000000000e+03
2.985000000000000000e+03 3.448000000000000000e+03
2.779000000000000000e+03 3.175000000000000000e+03
2.874000000000000000e+03 3.158000000000000000e+03
2.505000000000000000e+03 3.217000000000000000e+03
2.653000000000000000e+03 3.431000000000000000e+03
2.292000000000000000e+03 3.735000000000000000e+03
2.278000000000000000e+03 3.442000000000000000e+03
2.235000000000000000e+03 3.470000000000000000e+03
2.228000000000000000e+03 3.727000000000000000e+03
2.174000000000000000e+03 3.495000000000000000e+03
2.141000000000000000e+03 3.742000000000000000e+03
2.117000000000000000e+03 3.587000000000000000e+03
2.143000000000000000e+03 3.616000000000000000e+03
2.151000000000000000e+03 3.479000000000000000e+03
2.161000000000000000e+03 3.459000000000000000e+03
3.472000000000000000e+03 3.185000000000000000e+03
3.455000000000000000e+03 3.265000000000000000e+03
2.187000000000000000e+03 3.375000000000000000e+03
2.240000000000000000e+03 3.344000000000000000e+03
2.214000000000000000e+03 3.388000000000000000e+03
2.201000000000000000e+03 3.426000000000000000e+03
2.203000000000000000e+03 3.610000000000000000e+03
2.235000000000000000e+03 3.587000000000000000e+03
3.856000000000000000e+03 2.126000000000000000e+03
3.867000000000000000e+03 2.061000000000000000e+03
3.874000000000000000e+03 2.020000000000000000e+03
3.866000000000000000e+03 2.117000000000000000e+03
3.792000000000000000e+03 2.459000000000000000e+03
3.302000000000000000e+03 3.082000000000000000e+03
3.490000000000000000e+03 2.886000000000000000e+03
3.927000000000000000e+03 2.322000000000000000e+03
3.897000000000000000e+03 2.419000000000000000e+03
3.761000000000000000e+03 2.613000000000000000e+03
3.790000000000000000e+03 2.558000000000000000e+03
3.925000000000000000e+03 2.077000000000000000e+03
3.862000000000000000e+03 2.425000000000000000e+03
3.809000000000000000e+03 2.493000000000000000e+03
3.775000000000000000e+03 2.534000000000000000e+03
3.888000000000000000e+03 2.821000000000000000e+03
3.874000000000000000e+03 2.836000000000000000e+03
3.928000000000000000e+03 2.760000000000000000e+03
3.641000000000000000e+03 2.756000000000000000e+03
3.833000000000000000e+03 2.808000000000000000e+03
3.836000000000000000e+03 2.712000000000000000e+03
3.930000000000000000e+03 2.615000000000000000e+03
3.873000000000000000e+03 2.749000000000000000e+03
3.850000000000000000e+03 2.920000000000000000e+03
3.823000000000000000e+03 2.820000000000000000e+03
3.814000000000000000e+03 2.903000000000000000e+03
3.837000000000000000e+03 2.950000000000000000e+03
3.730000000000000000e+03 2.752000000000000000e+03
3.781000000000000000e+03 2.658000000000000000e+03
3.857000000000000000e+03 2.483000000000000000e+03
3.871000000000000000e+03 2.606000000000000000e+03
2.667000000000000000e+03 2.908000000000000000e+03
2.178000000000000000e+03 3.540000000000000000e+03
2.157000000000000000e+03 3.646000000000000000e+03
2.187000000000000000e+03 3.566000000000000000e+03
2.053000000000000000e+03 3.628000000000000000e+03
1.977000000000000000e+03 3.716000000000000000e+03
2.001000000000000000e+03 3.668000000000000000e+03
1.926000000000000000e+03 3.793000000000000000e+03
1.909000000000000000e+03 3.692000000000000000e+03
1.935000000000000000e+03 3.673000000000000000e+03
1.957000000000000000e+03 3.849000000000000000e+03
1.943000000000000000e+03 3.636000000000000000e+03
1.905000000000000000e+03 3.654000000000000000e+03
1.940000000000000000e+03 3.541000000000000000e+03
1.980000000000000000e+03 3.663000000000000000e+03
2.084000000000000000e+03 3.619000000000000000e+03
2.077000000000000000e+03 3.625000000000000000e+03
3.795000000000000000e+03 2.132000000000000000e+03
2.411000000000000000e+03 3.428000000000000000e+03
3.848000000000000000e+03 2.044000000000000000e+03
3.930000000000000000e+03 2.031000000000000000e+03
3.797000000000000000e+03 2.071000000000000000e+03
3.806000000000000000e+03 2.049000000000000000e+03
2.034000000000000000e+03 3.664000000000000000e+03
2.025000000000000000e+03 3.583000000000000000e+03
2.011000000000000000e+03 3.513000000000000000e+03
2.003000000000000000e+03 3.467000000000000000e+03
2.080000000000000000e+03 3.447000000000000000e+03
2.109000000000000000e+03 3.438000000000000000e+03
2.053000000000000000e+03 3.519000000000000000e+03
2.044000000000000000e+03 3.426000000000000000e+03
3.781000000000000000e+03 2.996000000000000000e+03
3.720000000000000000e+03 3.042000000000000000e+03
3.783000000000000000e+03 3.027000000000000000e+03
3.778000000000000000e+03 2.977000000000000000e+03
3.752000000000000000e+03 2.936000000000000000e+03
3.771000000000000000e+03 2.993000000000000000e+03
3.699000000000000000e+03 3.000000000000000000e+03
3.831000000000000000e+03 3.041000000000000000e+03
3.856000000000000000e+03 3.087000000000000000e+03
3.764000000000000000e+03 3.109000000000000000e+03
3.801000000000000000e+03 3.088000000000000000e+03
3.874000000000000000e+03 2.953000000000000000e+03
3.978000000000000000e+03 2.810000000000000000e+03
3.881000000000000000e+03 3.008000000000000000e+03
3.903000000000000000e+03 3.043000000000000000e+03
3.946000000000000000e+03 2.665000000000000000e+03
3.941000000000000000e+03 2.718000000000000000e+03
3.967000000000000000e+03 2.741000000000000000e+03
3.956000000000000000e+03 2.659000000000000000e+03
3.938000000000000000e+03 2.896000000000000000e+03
3.939000000000000000e+03 2.801000000000000000e+03
3.961000000000000000e+03 3.064000000000000000e+03
3.954000000000000000e+03 3.096000000000000000e+03
3.957000000000000000e+03 2.863000000000000000e+03
3.968000000000000000e+03 2.913000000000000000e+03
3.982000000000000000e+03 2.957000000000000000e+03
3.948000000000000000e+03 2.894000000000000000e+03
3.926000000000000000e+03 2.892000000000000000e+03
3.921000000000000000e+03 2.821000000000000000e+03
3.950000000000000000e+03 3.007000000000000000e+03
3.942000000000000000e+03 2.913000000000000000e+03
3.971000000000000000e+03 2.461000000000000000e+03
3.928000000000000000e+03 2.484000000000000000e+03
3.956000000000000000e+03 2.457000000000000000e+03
3.910000000000000000e+03 2.428000000000000000e+03
3.944000000000000000e+03 2.291000000000000000e+03
3.931000000000000000e+03 2.343000000000000000e+03
3.936000000000000000e+03 2.181000000000000000e+03
3.942000000000000000e+03 2.203000000000000000e+03
3.814000000000000000e+03 2.337000000000000000e+03
3.799000000000000000e+03 2.307000000000000000e+03
3.841000000000000000e+03 2.316000000000000000e+03
3.786000000000000000e+03 2.205000000000000000e+03
3.844000000000000000e+03 2.408000000000000000e+03
3.937000000000000000e+03 2.503000000000000000e+03
3.838000000000000000e+03 2.436000000000000000e+03
3.827000000000000000e+03 2.418000000000000000e+03
3.868000000000000000e+03 1.862000000000000000e+03
3.848000000000000000e+03 1.800000000000000000e+03
3.791000000000000000e+03 1.867000000000000000e+03
3.786000000000000000e+03 1.820000000000000000e+03
3.901000000000000000e+03 2.026000000000000000e+03
3.904000000000000000e+03 2.029000000000000000e+03
3.782000000000000000e+03 2.018000000000000000e+03
3.781000000000000000e+03 2.025000000000000000e+03
3.948000000000000000e+03 2.057000000000000000e+03
3.921000000000000000e+03 1.975000000000000000e+03
3.820000000000000000e+03 1.917000000000000000e+03
3.850000000000000000e+03 1.907000000000000000e+03
3.879000000000000000e+03 1.978000000000000000e+03
3.820000000000000000e+03 2.089000000000000000e+03
3.871000000000000000e+03 2.304000000000000000e+03
3.968000000000000000e+03 2.280000000000000000e+03
2.299000000000000000e+03 3.210000000000000000e+03
1.886000000000000000e+03 2.260000000000000000e+03
5.220000000000000000e+02 5.000000000000000000e+01
2.720000000000000000e+02 1.400000000000000000e+03
7.200000000000000000e+01 2.760000000000000000e+03
2.459000000000000000e+03 2.800000000000000000e+02
