3.395000000000000000e+03 1.350000000000000000e+03
3.972000000000000000e+03 1.350000000000000000e+03
3.981000000000000000e+03 1.259000000000000000e+03
3.939000000000000000e+03 1.666000000000000000e+03
3.957000000000000000e+03 1.634000000000000000e+03
3.436000000000000000e+03 1.668000000000000000e+03
3.898000000000000000e+03 1.794000000000000000e+03
3.705000000000000000e+03 1.458000000000000000e+03
3.770000000000000000e+03 1.461000000000000000e+03
3.704000000000000000e+03 1.858000000000000000e+03
3.684000000000000000e+03 1.840000000000000000e+03
3.734000000000000000e+03 1.882000000000000000e+03
3.961000000000000000e+03 1.523000000000000000e+03
3.953000000000000000e+03 1.549000000000000000e+03
3.971000000000000000e+03 1.461000000000000000e+03
3.873000000000000000e+03 1.884000000000000000e+03
3.892000000000000000e+03 1.900000000000000000e+03
3.793000000000000000e+03 1.857000000000000000e+03
3.905000000000000000e+03 1.814000000000000000e+03
3.883000000000000000e+03 1.821000000000000000e+03
3.925000000000000000e+03 1.824000000000000000e+03
3.910000000000000000e+03 1.848000000000000000e+03
3.945000000000000000e+03 1.898000000000000000e+03
8.830000000000000000e+02 1.344000000000000000e+03
2.330000000000000000e+02 1.124000000000000000e+03
3.257000000000000000e+03 1.785000000000000000e+03
3.003000000000000000e+03 1.737000000000000000e+03
3.930000000000000000e+03 1.996000000000000000e+03
3.963000000000000000e+03 2.091000000000000000e+03
3.911000000000000000e+03 1.959000000000000000e+03
3.877000000000000000e+03 1.936000000000000000e+03
1.500000000000000000e+01 1.029000000000000000e+03
2.600000000000000000e+01 9.330000000000000000e+02
2.200000000000000000e+01 1.013000000000000000e+03
5.500000000000000000e+01 6.240000000000000000e+02
3.200000000000000000e+01 7.370000000000000000e+02
2.200000000000000000e+01 8.050000000000000000e+02
1.900000000000000000e+01 8.300000000000000000e+02
8.800000000000000000e+01 6.780000000000000000e+02
1.220000000000000000e+02 6.700000000000000000e+02
1.330000000000000000e+02 7.740000000000000000e+02
5.000000000000000000e+01 1.179000000000000000e+03
5.100000000000000000e+01 1.247000000000000000e+03
8.800000000000000000e+01 7.890000000000000000e+02
9.400000000000000000e+01 7.360000000000000000e+02
1.020000000000000000e+02 9.100000000000000000e+02
1.440000000000000000e+02 4.900000000000000000e+02
5.900000000000000000e+01 5.840000000000000000e+02
8.300000000000000000e+01 5.030000000000000000e+02
1.600000000000000000e+01 6.540000000000000000e+02
9.500000000000000000e+01 6.940000000000000000e+02
3.700000000000000000e+01 1.135000000000000000e+03
8.400000000000000000e+01 5.490000000000000000e+02
1.130000000000000000e+02 5.370000000000000000e+02
2.120000000000000000e+02 5.850000000000000000e+02
2.270000000000000000e+02 5.680000000000000000e+02
1.610000000000000000e+02 9.620000000000000000e+02
1.850000000000000000e+02 7.890000000000000000e+02
1.820000000000000000e+02 5.440000000000000000e+02
1.600000000000000000e+02 5.950000000000000000e+02
1.900000000000000000e+02 6.030000000000000000e+02
2.000000000000000000e+02 6.640000000000000000e+02
3.943000000000000000e+03 9.930000000000000000e+02
3.971000000000000000e+03 9.770000000000000000e+02
3.940000000000000000e+03 9.470000000000000000e+02
3.940000000000000000e+03 8.550000000000000000e+02
3.929000000000000000e+03 8.230000000000000000e+02
3.902000000000000000e+03 9.160000000000000000e+02
3.951000000000000000e+03 9.110000000000000000e+02
3.843000000000000000e+03 1.005000000000000000e+03
3.839000000000000000e+03 9.580000000000000000e+02
3.858000000000000000e+03 1.039000000000000000e+03
3.843000000000000000e+03 1.001000000000000000e+03
3.833000000000000000e+03 8.480000000000000000e+02
3.930000000000000000e+03 1.081000000000000000e+03
3.867000000000000000e+03 9.360000000000000000e+02
3.849000000000000000e+03 8.710000000000000000e+02
3.897000000000000000e+03 8.520000000000000000e+02
3.914000000000000000e+03 8.280000000000000000e+02
3.829000000000000000e+03 7.830000000000000000e+02
3.068000000000000000e+03 1.099000000000000000e+03
3.881000000000000000e+03 6.560000000000000000e+02
3.876000000000000000e+03 5.300000000000000000e+02
3.407000000000000000e+03 8.470000000000000000e+02
3.364000000000000000e+03 1.064000000000000000e+03
3.905000000000000000e+03 9.470000000000000000e+02
3.865000000000000000e+03 7.750000000000000000e+02
3.865000000000000000e+03 7.540000000000000000e+02
3.817000000000000000e+03 6.800000000000000000e+02
3.866000000000000000e+03 5.600000000000000000e+02
3.838000000000000000e+03 5.400000000000000000e+02
3.858000000000000000e+03 6.550000000000000000e+02
3.864000000000000000e+03 6.850000000000000000e+02
3.517000000000000000e+03 1.430000000000000000e+02
3.586000000000000000e+03 6.000000000000000000e+01
3.497000000000000000e+03 2.200000000000000000e+01
3.519000000000000000e+03 3.400000000000000000e+01
3.600000000000000000e+03 1.410000000000000000e+02
3.757000000000000000e+03 2.180000000000000000e+02
3.663000000000000000e+03 2.500000000000000000e+01
3.719000000000000000e+03 1.050000000000000000e+02
3.358000000000000000e+03 2.800000000000000000e+01
3.428000000000000000e+03 4.900000000000000000e+01
3.348000000000000000e+03 3.500000000000000000e+01
3.329000000000000000e+03 5.400000000000000000e+01
3.565000000000000000e+03 2.500000000000000000e+01
3.566000000000000000e+03 7.600000000000000000e+01
3.467000000000000000e+03 9.700000000000000000e+01
3.506000000000000000e+03 7.500000000000000000e+01
3.718000000000000000e+03 5.700000000000000000e+01
3.850000000000000000e+03 8.600000000000000000e+01
3.623000000000000000e+03 6.900000000000000000e+01
3.844000000000000000e+03 9.700000000000000000e+01
3.884000000000000000e+03 3.430000000000000000e+02
3.838000000000000000e+03 2.360000000000000000e+02
3.689000000000000000e+03 1.310000000000000000e+02
3.735000000000000000e+03 1.840000000000000000e+02
3.909000000000000000e+03 2.160000000000000000e+02
3.823000000000000000e+03 8.900000000000000000e+01
3.787000000000000000e+03 5.000000000000000000e+01
3.776000000000000000e+03 2.300000000000000000e+01
3.899000000000000000e+03 4.410000000000000000e+02
3.897000000000000000e+03 4.870000000000000000e+02
3.643000000000000000e+03 8.000000000000000000e+01
3.766000000000000000e+03 1.200000000000000000e+02
9.330000000000000000e+02 5.000000000000000000e+01
8.230000000000000000e+02 7.100000000000000000e+01
1.013000000000000000e+03 3.400000000000000000e+01
7.460000000000000000e+02 9.500000000000000000e+01
8.430000000000000000e+02 4.800000000000000000e+01
8.880000000000000000e+02 4.400000000000000000e+01
7.790000000000000000e+02 1.530000000000000000e+02
6.600000000000000000e+02 3.400000000000000000e+01
7.250000000000000000e+02 9.000000000000000000e+00
7.150000000000000000e+02 4.200000000000000000e+01
6.310000000000000000e+02 9.700000000000000000e+01
8.080000000000000000e+02 4.600000000000000000e+01
3.968000000000000000e+03 7.650000000000000000e+02
7.790000000000000000e+02 4.200000000000000000e+01
7.470000000000000000e+02 4.200000000000000000e+01
8.540000000000000000e+02 1.380000000000000000e+02
9.360000000000000000e+02 1.210000000000000000e+02
1.011000000000000000e+03 1.050000000000000000e+02
1.086000000000000000e+03 2.800000000000000000e+01
1.052000000000000000e+03 1.940000000000000000e+02
1.020000000000000000e+03 1.920000000000000000e+02
1.184000000000000000e+03 1.550000000000000000e+02
3.266000000000000000e+03 6.020000000000000000e+02
6.580000000000000000e+02 1.210000000000000000e+02
6.390000000000000000e+02 9.800000000000000000e+01
5.810000000000000000e+02 1.090000000000000000e+02
5.690000000000000000e+02 1.920000000000000000e+02
7.390000000000000000e+02 1.060000000000000000e+02
7.850000000000000000e+02 1.310000000000000000e+02
7.120000000000000000e+02 1.370000000000000000e+02
6.270000000000000000e+02 2.690000000000000000e+02
3.927000000000000000e+03 7.620000000000000000e+02
3.856000000000000000e+03 5.970000000000000000e+02
3.903000000000000000e+03 6.440000000000000000e+02
3.929000000000000000e+03 5.790000000000000000e+02
3.922000000000000000e+03 4.180000000000000000e+02
3.919000000000000000e+03 6.030000000000000000e+02
3.905000000000000000e+03 5.660000000000000000e+02
3.954000000000000000e+03 6.040000000000000000e+02
3.872000000000000000e+03 2.170000000000000000e+02
3.863000000000000000e+03 2.550000000000000000e+02
3.921000000000000000e+03 5.440000000000000000e+02
3.879000000000000000e+03 1.250000000000000000e+02
3.835000000000000000e+03 1.370000000000000000e+02
3.821000000000000000e+03 2.890000000000000000e+02
3.818000000000000000e+03 2.540000000000000000e+02
3.945000000000000000e+03 6.390000000000000000e+02
3.951000000000000000e+03 6.710000000000000000e+02
3.973000000000000000e+03 4.860000000000000000e+02
3.960000000000000000e+03 4.010000000000000000e+02
3.971000000000000000e+03 5.380000000000000000e+02
3.981000000000000000e+03 6.260000000000000000e+02
3.961000000000000000e+03 6.520000000000000000e+02
3.977000000000000000e+03 5.450000000000000000e+02
3.967000000000000000e+03 2.430000000000000000e+02
3.955000000000000000e+03 2.310000000000000000e+02
3.929000000000000000e+03 2.930000000000000000e+02
3.970000000000000000e+03 3.240000000000000000e+02
3.971000000000000000e+03 1.450000000000000000e+02
3.941000000000000000e+03 1.790000000000000000e+02
3.926000000000000000e+03 2.140000000000000000e+02
3.908000000000000000e+03 1.830000000000000000e+02
1.565000000000000000e+03 1.100000000000000000e+02
3.046000000000000000e+03 1.300000000000000000e+01
3.231000000000000000e+03 3.200000000000000000e+01
2.493000000000000000e+03 1.690000000000000000e+02
3.254000000000000000e+03 9.800000000000000000e+01
3.121000000000000000e+03 8.100000000000000000e+01
3.187000000000000000e+03 7.100000000000000000e+01
3.115000000000000000e+03 3.500000000000000000e+01
3.117000000000000000e+03 6.600000000000000000e+01
3.184000000000000000e+03 1.900000000000000000e+01
3.033000000000000000e+03 4.300000000000000000e+01
3.047000000000000000e+03 1.060000000000000000e+02
3.082000000000000000e+03 1.150000000000000000e+02
3.014000000000000000e+03 1.300000000000000000e+02
3.025000000000000000e+03 1.000000000000000000e+02
3.150000000000000000e+02 2.500000000000000000e+01
2.840000000000000000e+02 7.700000000000000000e+01
3.600000000000000000e+02 8.300000000000000000e+01
3.520000000000000000e+02 8.900000000000000000e+01
5.560000000000000000e+02 1.900000000000000000e+01
4.590000000000000000e+02 2.000000000000000000e+01
4.040000000000000000e+02 3.000000000000000000e+01
4.320000000000000000e+02 2.100000000000000000e+01
3.220000000000000000e+02 2.530000000000000000e+02
4.370000000000000000e+02 1.050000000000000000e+02
3.370000000000000000e+02 1.910000000000000000e+02
4.360000000000000000e+02 1.430000000000000000e+02
4.480000000000000000e+02 1.210000000000000000e+02
5.870000000000000000e+02 1.030000000000000000e+02
4.610000000000000000e+02 9.800000000000000000e+01
5.160000000000000000e+02 1.190000000000000000e+02
3.394000000000000000e+03 9.000000000000000000e+01
3.442000000000000000e+03 7.700000000000000000e+01
2.100000000000000000e+02 6.630000000000000000e+02
1.040000000000000000e+02 7.080000000000000000e+02
3.153000000000000000e+03 9.200000000000000000e+01
3.252000000000000000e+03 2.230000000000000000e+02
3.328000000000000000e+03 3.050000000000000000e+02
3.326000000000000000e+03 1.070000000000000000e+02
1.005000000000000000e+03 1.500000000000000000e+02
9.810000000000000000e+02 2.380000000000000000e+02
1.889000000000000000e+03 2.660000000000000000e+02
3.299000000000000000e+03 5.580000000000000000e+02
1.098000000000000000e+03 1.540000000000000000e+02
1.108000000000000000e+03 1.190000000000000000e+02
1.053000000000000000e+03 1.290000000000000000e+02
9.420000000000000000e+02 1.330000000000000000e+02
2.241000000000000000e+03 6.660000000000000000e+02
1.739000000000000000e+03 4.780000000000000000e+02
2.739000000000000000e+03 7.940000000000000000e+02
2.368000000000000000e+03 5.720000000000000000e+02
2.270000000000000000e+02 6.360000000000000000e+02
1.091000000000000000e+03 7.530000000000000000e+02
2.296000000000000000e+03 1.019000000000000000e+03
3.014000000000000000e+03 3.300000000000000000e+02
3.090000000000000000e+02 9.060000000000000000e+02
8.000000000000000000e+01 6.810000000000000000e+02
2.388000000000000000e+03 3.560000000000000000e+02
3.051000000000000000e+03 1.200000000000000000e+02
4.420000000000000000e+02 9.430000000000000000e+02
6.040000000000000000e+02 1.054000000000000000e+03
5.940000000000000000e+02 9.230000000000000000e+02
4.680000000000000000e+02 1.069000000000000000e+03
3.182000000000000000e+03 1.089000000000000000e+03
3.091000000000000000e+03 1.060000000000000000e+03
3.192000000000000000e+03 1.069000000000000000e+03
3.713000000000000000e+03 1.069000000000000000e+03
3.590000000000000000e+03 1.081000000000000000e+03
3.369000000000000000e+03 1.090000000000000000e+03
3.568000000000000000e+03 1.070000000000000000e+03
2.333000000000000000e+03 1.088000000000000000e+03
2.311000000000000000e+03 1.123000000000000000e+03
2.305000000000000000e+03 1.191000000000000000e+03
2.374000000000000000e+03 1.178000000000000000e+03
2.384000000000000000e+03 1.122000000000000000e+03
3.494000000000000000e+03 1.096000000000000000e+03
2.386000000000000000e+03 1.194000000000000000e+03
3.387000000000000000e+03 8.550000000000000000e+02
2.794000000000000000e+03 1.058000000000000000e+03
3.346000000000000000e+03 1.103000000000000000e+03
2.723000000000000000e+03 1.042000000000000000e+03
2.678000000000000000e+03 1.045000000000000000e+03
3.767000000000000000e+03 1.096000000000000000e+03
2.620000000000000000e+03 1.074000000000000000e+03
2.792000000000000000e+03 1.080000000000000000e+03
3.530000000000000000e+03 1.093000000000000000e+03
3.364000000000000000e+03 1.053000000000000000e+03
2.415000000000000000e+03 1.069000000000000000e+03
3.466000000000000000e+03 7.720000000000000000e+02
2.503000000000000000e+03 1.083000000000000000e+03
2.469000000000000000e+03 1.045000000000000000e+03
2.385000000000000000e+03 1.047000000000000000e+03
2.542000000000000000e+03 1.046000000000000000e+03
3.288000000000000000e+03 1.105000000000000000e+03
3.290000000000000000e+03 9.060000000000000000e+02
3.367000000000000000e+03 9.390000000000000000e+02
3.428000000000000000e+03 1.069000000000000000e+03
3.250000000000000000e+03 1.055000000000000000e+03
3.280000000000000000e+03 1.067000000000000000e+03
3.344000000000000000e+03 1.059000000000000000e+03
3.411000000000000000e+03 1.069000000000000000e+03
3.951000000000000000e+03 1.317000000000000000e+03
3.948000000000000000e+03 1.337000000000000000e+03
3.967000000000000000e+03 1.219000000000000000e+03
3.953000000000000000e+03 1.249000000000000000e+03
3.608000000000000000e+03 1.072000000000000000e+03
3.331000000000000000e+03 1.140000000000000000e+03
3.067000000000000000e+03 1.054000000000000000e+03
3.171000000000000000e+03 1.075000000000000000e+03
3.982000000000000000e+03 1.760000000000000000e+03
3.901000000000000000e+03 1.606000000000000000e+03
2.377000000000000000e+03 2.055000000000000000e+03
3.965000000000000000e+03 1.686000000000000000e+03
3.719000000000000000e+03 1.481000000000000000e+03
3.939000000000000000e+03 1.538000000000000000e+03
2.994000000000000000e+03 1.069000000000000000e+03
3.620000000000000000e+03 1.550000000000000000e+03
3.547000000000000000e+03 1.634000000000000000e+03
3.302000000000000000e+03 1.502000000000000000e+03
3.322000000000000000e+03 1.212000000000000000e+03
2.927000000000000000e+03 1.814000000000000000e+03
2.533000000000000000e+03 1.616000000000000000e+03
2.646000000000000000e+03 1.736000000000000000e+03
2.760000000000000000e+03 1.843000000000000000e+03
2.720000000000000000e+03 1.835000000000000000e+03
1.905000000000000000e+03 1.283000000000000000e+03
2.006000000000000000e+03 1.352000000000000000e+03
2.070000000000000000e+03 1.329000000000000000e+03
1.866000000000000000e+03 1.417000000000000000e+03
2.082000000000000000e+03 1.813000000000000000e+03
1.546000000000000000e+03 8.950000000000000000e+02
1.463000000000000000e+03 1.885000000000000000e+03
1.827000000000000000e+03 1.321000000000000000e+03
1.768000000000000000e+03 1.333000000000000000e+03
1.556000000000000000e+03 1.359000000000000000e+03
1.576000000000000000e+03 1.389000000000000000e+03
2.020000000000000000e+03 1.844000000000000000e+03
1.982000000000000000e+03 1.629000000000000000e+03
1.976000000000000000e+03 2.143000000000000000e+03
2.128000000000000000e+03 1.878000000000000000e+03
3.813000000000000000e+03 1.658000000000000000e+03
3.463000000000000000e+03 1.833000000000000000e+03
2.646000000000000000e+03 1.595000000000000000e+03
2.042000000000000000e+03 1.379000000000000000e+03
1.910000000000000000e+03 1.302000000000000000e+03
2.333000000000000000e+03 1.325000000000000000e+03
3.472000000000000000e+03 1.850000000000000000e+03
3.464000000000000000e+03 1.792000000000000000e+03
3.508000000000000000e+03 1.831000000000000000e+03
3.588000000000000000e+03 1.824000000000000000e+03
9.390000000000000000e+02 1.181000000000000000e+03
2.365000000000000000e+03 1.567000000000000000e+03
9.440000000000000000e+02 1.198000000000000000e+03
7.720000000000000000e+02 1.204000000000000000e+03
6.940000000000000000e+02 1.207000000000000000e+03
6.570000000000000000e+02 1.218000000000000000e+03
1.108000000000000000e+03 1.152000000000000000e+03
9.660000000000000000e+02 1.170000000000000000e+03
1.694000000000000000e+03 1.119000000000000000e+03
2.841000000000000000e+03 1.099000000000000000e+03
9.130000000000000000e+02 1.165000000000000000e+03
9.340000000000000000e+02 1.156000000000000000e+03
1.244000000000000000e+03 1.126000000000000000e+03
1.877000000000000000e+03 1.115000000000000000e+03
6.180000000000000000e+02 1.198000000000000000e+03
8.150000000000000000e+02 1.145000000000000000e+03
6.010000000000000000e+02 1.194000000000000000e+03
6.340000000000000000e+02 1.153000000000000000e+03
9.040000000000000000e+02 1.093000000000000000e+03
9.320000000000000000e+02 1.070000000000000000e+03
9.990000000000000000e+02 1.119000000000000000e+03
1.692000000000000000e+03 1.037000000000000000e+03
7.440000000000000000e+02 1.103000000000000000e+03
6.870000000000000000e+02 1.087000000000000000e+03
6.730000000000000000e+02 1.067000000000000000e+03
7.780000000000000000e+02 1.086000000000000000e+03
4.880000000000000000e+02 1.152000000000000000e+03
7.270000000000000000e+02 1.142000000000000000e+03
7.260000000000000000e+02 1.103000000000000000e+03
7.200000000000000000e+02 9.690000000000000000e+02
7.410000000000000000e+02 1.085000000000000000e+03
9.520000000000000000e+02 8.060000000000000000e+02
6.750000000000000000e+02 1.168000000000000000e+03
5.820000000000000000e+02 1.164000000000000000e+03
5.670000000000000000e+02 1.175000000000000000e+03
5.240000000000000000e+02 1.143000000000000000e+03
5.430000000000000000e+02 1.131000000000000000e+03
5.260000000000000000e+02 1.162000000000000000e+03
3.900000000000000000e+01 1.724000000000000000e+03
4.600000000000000000e+01 1.738000000000000000e+03
4.500000000000000000e+01 1.988000000000000000e+03
2.680000000000000000e+02 1.168000000000000000e+03
3.700000000000000000e+01 1.641000000000000000e+03
3.380000000000000000e+02 1.086000000000000000e+03
3.000000000000000000e+01 1.708000000000000000e+03
3.960000000000000000e+02 1.171000000000000000e+03
4.610000000000000000e+02 1.189000000000000000e+03
4.900000000000000000e+02 1.172000000000000000e+03
4.660000000000000000e+02 1.151000000000000000e+03
4.140000000000000000e+02 1.178000000000000000e+03
3.790000000000000000e+02 1.164000000000000000e+03
3.850000000000000000e+02 1.120000000000000000e+03
4.010000000000000000e+02 1.076000000000000000e+03
1.920000000000000000e+02 1.551000000000000000e+03
3.750000000000000000e+02 1.317000000000000000e+03
8.400000000000000000e+01 1.569000000000000000e+03
3.120000000000000000e+02 1.223000000000000000e+03
2.610000000000000000e+02 1.260000000000000000e+03
3.040000000000000000e+02 1.176000000000000000e+03
2.790000000000000000e+02 1.205000000000000000e+03
3.180000000000000000e+02 1.117000000000000000e+03
1.200000000000000000e+02 1.173000000000000000e+03
1.400000000000000000e+02 1.164000000000000000e+03
1.750000000000000000e+02 1.145000000000000000e+03
1.880000000000000000e+02 1.157000000000000000e+03
5.120000000000000000e+02 1.302000000000000000e+03
2.100000000000000000e+02 1.200000000000000000e+03
1.410000000000000000e+02 1.244000000000000000e+03
9.300000000000000000e+01 1.390000000000000000e+03
2.058000000000000000e+03 1.611000000000000000e+03
1.572000000000000000e+03 1.390000000000000000e+03
1.159000000000000000e+03 1.286000000000000000e+03
6.500000000000000000e+01 1.279000000000000000e+03
6.500000000000000000e+01 1.271000000000000000e+03
1.000000000000000000e+02 1.188000000000000000e+03
6.200000000000000000e+01 1.245000000000000000e+03
1.643000000000000000e+03 1.020000000000000000e+02
1.802000000000000000e+03 2.650000000000000000e+02
1.075000000000000000e+03 9.320000000000000000e+02
1.849000000000000000e+03 2.790000000000000000e+02
3.900000000000000000e+01 1.428000000000000000e+03
3.500000000000000000e+01 1.364000000000000000e+03
1.900000000000000000e+01 1.799000000000000000e+03
4.000000000000000000e+01 1.806000000000000000e+03
1.636000000000000000e+03 2.700000000000000000e+01
1.714000000000000000e+03 2.800000000000000000e+01
1.731000000000000000e+03 1.400000000000000000e+01
1.796000000000000000e+03 2.600000000000000000e+01
1.882000000000000000e+03 2.600000000000000000e+01
1.898000000000000000e+03 3.100000000000000000e+01
1.810000000000000000e+03 1.800000000000000000e+01
1.837000000000000000e+03 9.000000000000000000e+00
1.751000000000000000e+03 6.200000000000000000e+01
1.789000000000000000e+03 6.100000000000000000e+01
1.842000000000000000e+03 6.900000000000000000e+01
1.783000000000000000e+03 1.040000000000000000e+02
1.640000000000000000e+03 8.800000000000000000e+01
1.658000000000000000e+03 7.500000000000000000e+01
1.707000000000000000e+03 1.040000000000000000e+02
1.594000000000000000e+03 1.040000000000000000e+02
1.597000000000000000e+03 1.471000000000000000e+03
1.459000000000000000e+03 1.490000000000000000e+02
2.020000000000000000e+03 1.094000000000000000e+03
1.189000000000000000e+03 1.160000000000000000e+02
1.155000000000000000e+03 2.900000000000000000e+01
1.227000000000000000e+03 3.000000000000000000e+01
1.476000000000000000e+03 4.600000000000000000e+02
2.280000000000000000e+02 1.021000000000000000e+03
2.280000000000000000e+02 9.840000000000000000e+02
2.540000000000000000e+02 1.032000000000000000e+03
2.690000000000000000e+02 1.041000000000000000e+03
2.220000000000000000e+02 1.082000000000000000e+03
8.340000000000000000e+02 1.062000000000000000e+03
2.150000000000000000e+02 1.105000000000000000e+03
2.350000000000000000e+02 1.062000000000000000e+03
1.458000000000000000e+03 8.300000000000000000e+01
1.410000000000000000e+03 8.200000000000000000e+01
1.551000000000000000e+03 7.400000000000000000e+01
1.475000000000000000e+03 7.500000000000000000e+01
1.405000000000000000e+03 2.100000000000000000e+01
1.482000000000000000e+03 2.500000000000000000e+01
1.587000000000000000e+03 1.060000000000000000e+02
1.561000000000000000e+03 2.100000000000000000e+01
1.370000000000000000e+03 1.050000000000000000e+02
1.247000000000000000e+03 6.400000000000000000e+01
1.344000000000000000e+03 7.100000000000000000e+01
1.356000000000000000e+03 4.100000000000000000e+01
1.338000000000000000e+03 8.300000000000000000e+01
1.177000000000000000e+03 1.090000000000000000e+02
1.466000000000000000e+03 1.250000000000000000e+02
1.405000000000000000e+03 1.990000000000000000e+02
2.920000000000000000e+02 9.000000000000000000e+02
6.350000000000000000e+02 9.380000000000000000e+02
2.470000000000000000e+02 8.850000000000000000e+02
2.380000000000000000e+02 9.100000000000000000e+02
2.200000000000000000e+02 8.170000000000000000e+02
2.620000000000000000e+02 8.550000000000000000e+02
3.380000000000000000e+02 8.040000000000000000e+02
8.260000000000000000e+02 5.720000000000000000e+02
2.260000000000000000e+02 7.440000000000000000e+02
1.990000000000000000e+02 7.950000000000000000e+02
1.860000000000000000e+02 8.110000000000000000e+02
2.510000000000000000e+02 9.330000000000000000e+02
1.070000000000000000e+02 8.300000000000000000e+02
2.420000000000000000e+02 7.890000000000000000e+02
2.600000000000000000e+02 7.520000000000000000e+02
2.030000000000000000e+02 7.250000000000000000e+02
1.430000000000000000e+02 9.030000000000000000e+02
1.300000000000000000e+01 1.259000000000000000e+03
1.100000000000000000e+02 9.140000000000000000e+02
1.110000000000000000e+02 8.910000000000000000e+02
1.770000000000000000e+02 8.780000000000000000e+02
1.580000000000000000e+02 9.150000000000000000e+02
1.040000000000000000e+02 9.380000000000000000e+02
4.900000000000000000e+01 9.310000000000000000e+02
1.130000000000000000e+02 1.056000000000000000e+03
9.000000000000000000e+01 1.082000000000000000e+03
7.300000000000000000e+01 1.030000000000000000e+03
6.900000000000000000e+01 1.020000000000000000e+03
1.820000000000000000e+02 1.092000000000000000e+03
3.150000000000000000e+02 1.110000000000000000e+03
1.260000000000000000e+02 1.080000000000000000e+03
1.400000000000000000e+02 1.084000000000000000e+03
8.600000000000000000e+01 1.836000000000000000e+03
3.000000000000000000e+01 1.416000000000000000e+03
4.100000000000000000e+01 1.448000000000000000e+03
3.900000000000000000e+01 1.517000000000000000e+03
2.800000000000000000e+01 1.593000000000000000e+03
5.300000000000000000e+01 1.601000000000000000e+03
6.700000000000000000e+01 1.625000000000000000e+03
1.290000000000000000e+02 2.347000000000000000e+03
1.570000000000000000e+02 2.350000000000000000e+03
6.800000000000000000e+01 2.186000000000000000e+03
3.300000000000000000e+01 1.981000000000000000e+03
2.200000000000000000e+01 2.008000000000000000e+03
7.300000000000000000e+01 2.284000000000000000e+03
3.300000000000000000e+01 2.148000000000000000e+03
6.200000000000000000e+01 2.213000000000000000e+03
2.190000000000000000e+02 2.309000000000000000e+03
7.020000000000000000e+02 2.663000000000000000e+03
4.240000000000000000e+02 2.372000000000000000e+03
3.590000000000000000e+02 2.344000000000000000e+03
4.400000000000000000e+02 2.337000000000000000e+03
4.770000000000000000e+02 2.357000000000000000e+03
4.500000000000000000e+02 2.340000000000000000e+03
4.670000000000000000e+02 2.328000000000000000e+03
1.540000000000000000e+02 2.385000000000000000e+03
9.800000000000000000e+01 2.276000000000000000e+03
1.860000000000000000e+02 2.364000000000000000e+03
1.770000000000000000e+02 2.376000000000000000e+03
6.100000000000000000e+01 1.831000000000000000e+03
6.300000000000000000e+01 1.746000000000000000e+03
5.800000000000000000e+01 2.236000000000000000e+03
5.700000000000000000e+01 2.300000000000000000e+03
5.600000000000000000e+01 2.764000000000000000e+03
9.900000000000000000e+01 2.665000000000000000e+03
1.130000000000000000e+02 2.572000000000000000e+03
9.600000000000000000e+01 2.762000000000000000e+03
9.400000000000000000e+01 2.814000000000000000e+03
6.900000000000000000e+01 2.865000000000000000e+03
1.100000000000000000e+02 2.884000000000000000e+03
3.100000000000000000e+01 2.972000000000000000e+03
1.900000000000000000e+01 2.939000000000000000e+03
4.200000000000000000e+01 2.806000000000000000e+03
3.400000000000000000e+01 2.883000000000000000e+03
1.120000000000000000e+02 2.436000000000000000e+03
6.100000000000000000e+01 2.520000000000000000e+03
8.600000000000000000e+01 2.584000000000000000e+03
5.200000000000000000e+01 2.747000000000000000e+03
2.640000000000000000e+02 2.527000000000000000e+03
1.380000000000000000e+02 2.543000000000000000e+03
1.190000000000000000e+02 2.552000000000000000e+03
1.300000000000000000e+02 2.542000000000000000e+03
1.670000000000000000e+02 2.579000000000000000e+03
2.240000000000000000e+02 2.500000000000000000e+03
3.700000000000000000e+01 2.658000000000000000e+03
4.100000000000000000e+01 2.561000000000000000e+03
3.100000000000000000e+01 2.625000000000000000e+03
1.740000000000000000e+02 2.474000000000000000e+03
8.700000000000000000e+01 2.470000000000000000e+03
1.000000000000000000e+02 2.467000000000000000e+03
1.770000000000000000e+02 2.463000000000000000e+03
1.980000000000000000e+02 2.562000000000000000e+03
2.620000000000000000e+02 2.509000000000000000e+03
2.600000000000000000e+02 2.485000000000000000e+03
6.200000000000000000e+02 2.749000000000000000e+03
9.700000000000000000e+01 2.660000000000000000e+03
1.600000000000000000e+01 2.709000000000000000e+03
1.330000000000000000e+02 2.749000000000000000e+03
1.190000000000000000e+02 2.789000000000000000e+03
7.900000000000000000e+01 2.999000000000000000e+03
7.700000000000000000e+01 2.911000000000000000e+03
6.580000000000000000e+02 2.386000000000000000e+03
7.290000000000000000e+02 2.369000000000000000e+03
6.130000000000000000e+02 2.437000000000000000e+03
6.660000000000000000e+02 2.409000000000000000e+03
4.810000000000000000e+02 2.405000000000000000e+03
5.700000000000000000e+02 2.404000000000000000e+03
6.230000000000000000e+02 2.547000000000000000e+03
4.960000000000000000e+02 2.446000000000000000e+03
3.100000000000000000e+01 3.393000000000000000e+03
3.500000000000000000e+01 3.327000000000000000e+03
3.300000000000000000e+01 3.211000000000000000e+03
2.400000000000000000e+01 3.206000000000000000e+03
6.800000000000000000e+01 3.395000000000000000e+03
9.200000000000000000e+01 3.451000000000000000e+03
8.600000000000000000e+01 3.336000000000000000e+03
9.600000000000000000e+01 3.381000000000000000e+03
9.400000000000000000e+01 3.099000000000000000e+03
9.300000000000000000e+01 3.162000000000000000e+03
2.200000000000000000e+01 3.069000000000000000e+03
5.800000000000000000e+01 3.058000000000000000e+03
6.100000000000000000e+01 3.115000000000000000e+03
4.300000000000000000e+01 3.101000000000000000e+03
9.200000000000000000e+01 3.212000000000000000e+03
9.700000000000000000e+01 3.274000000000000000e+03
4.320000000000000000e+02 2.251000000000000000e+03
5.000000000000000000e+02 2.252000000000000000e+03
3.630000000000000000e+02 2.152000000000000000e+03
5.920000000000000000e+02 2.351000000000000000e+03
8.040000000000000000e+02 2.300000000000000000e+03
7.610000000000000000e+02 2.312000000000000000e+03
9.140000000000000000e+02 1.216000000000000000e+03
8.370000000000000000e+02 2.087000000000000000e+03
3.870000000000000000e+02 2.377000000000000000e+03
3.110000000000000000e+02 2.327000000000000000e+03
2.330000000000000000e+02 2.269000000000000000e+03
3.020000000000000000e+02 2.350000000000000000e+03
3.870000000000000000e+02 2.451000000000000000e+03
2.980000000000000000e+02 2.287000000000000000e+03
3.010000000000000000e+02 2.403000000000000000e+03
3.210000000000000000e+02 2.435000000000000000e+03
4.700000000000000000e+01 2.001000000000000000e+03
1.170000000000000000e+02 1.924000000000000000e+03
9.970000000000000000e+02 1.564000000000000000e+03
1.700000000000000000e+02 1.862000000000000000e+03
6.500000000000000000e+01 1.760000000000000000e+03
5.500000000000000000e+01 1.941000000000000000e+03
4.100000000000000000e+01 1.800000000000000000e+03
2.340000000000000000e+02 1.981000000000000000e+03
6.410000000000000000e+02 1.480000000000000000e+03
1.059000000000000000e+03 1.215000000000000000e+03
7.340000000000000000e+02 1.444000000000000000e+03
9.320000000000000000e+02 1.338000000000000000e+03
3.400000000000000000e+01 1.966000000000000000e+03
7.700000000000000000e+01 1.884000000000000000e+03
2.800000000000000000e+01 2.329000000000000000e+03
3.800000000000000000e+01 2.141000000000000000e+03
4.200000000000000000e+02 2.472000000000000000e+03
4.310000000000000000e+02 2.475000000000000000e+03
4.120000000000000000e+02 2.502000000000000000e+03
8.330000000000000000e+02 2.453000000000000000e+03
8.230000000000000000e+02 2.414000000000000000e+03
8.790000000000000000e+02 2.457000000000000000e+03
8.720000000000000000e+02 2.662000000000000000e+03
6.800000000000000000e+02 2.520000000000000000e+03
7.090000000000000000e+02 2.539000000000000000e+03
6.990000000000000000e+02 2.482000000000000000e+03
7.150000000000000000e+02 2.464000000000000000e+03
7.940000000000000000e+02 2.452000000000000000e+03
7.480000000000000000e+02 2.502000000000000000e+03
4.480000000000000000e+02 2.552000000000000000e+03
4.090000000000000000e+02 2.549000000000000000e+03
1.047000000000000000e+03 2.612000000000000000e+03
8.110000000000000000e+02 2.539000000000000000e+03
9.540000000000000000e+02 2.445000000000000000e+03
9.920000000000000000e+02 2.444000000000000000e+03
1.100000000000000000e+03 2.484000000000000000e+03
1.068000000000000000e+03 2.441000000000000000e+03
1.422000000000000000e+03 3.179000000000000000e+03
1.018000000000000000e+03 2.499000000000000000e+03
7.890000000000000000e+02 2.567000000000000000e+03
6.000000000000000000e+02 2.505000000000000000e+03
9.150000000000000000e+02 2.417000000000000000e+03
7.610000000000000000e+02 2.538000000000000000e+03
8.720000000000000000e+02 2.559000000000000000e+03
1.453000000000000000e+03 2.969000000000000000e+03
1.890000000000000000e+03 3.548000000000000000e+03
1.379000000000000000e+03 3.162000000000000000e+03
1.606000000000000000e+03 3.961000000000000000e+03
1.495000000000000000e+03 3.937000000000000000e+03
1.472000000000000000e+03 3.716000000000000000e+03
1.736000000000000000e+03 3.946000000000000000e+03
1.777000000000000000e+03 3.971000000000000000e+03
1.706000000000000000e+03 3.940000000000000000e+03
1.631000000000000000e+03 3.934000000000000000e+03
1.506000000000000000e+03 3.883000000000000000e+03
1.545000000000000000e+03 3.862000000000000000e+03
1.564000000000000000e+03 3.922000000000000000e+03
1.550000000000000000e+03 3.967000000000000000e+03
1.634000000000000000e+03 3.917000000000000000e+03
1.630000000000000000e+03 3.867000000000000000e+03
1.760000000000000000e+03 3.940000000000000000e+03
1.688000000000000000e+03 3.885000000000000000e+03
1.473000000000000000e+03 3.751000000000000000e+03
1.411000000000000000e+03 3.889000000000000000e+03
1.331000000000000000e+03 3.857000000000000000e+03
1.429000000000000000e+03 3.873000000000000000e+03
1.293000000000000000e+03 3.904000000000000000e+03
1.270000000000000000e+03 3.919000000000000000e+03
1.367000000000000000e+03 3.907000000000000000e+03
1.337000000000000000e+03 3.777000000000000000e+03
1.208000000000000000e+03 3.918000000000000000e+03
1.111000000000000000e+03 3.860000000000000000e+03
1.344000000000000000e+03 3.930000000000000000e+03
1.363000000000000000e+03 3.932000000000000000e+03
6.850000000000000000e+02 3.371000000000000000e+03
1.067000000000000000e+03 3.912000000000000000e+03
1.047000000000000000e+03 3.679000000000000000e+03
1.088000000000000000e+03 3.929000000000000000e+03
6.460000000000000000e+02 3.890000000000000000e+03
7.610000000000000000e+02 3.948000000000000000e+03
8.940000000000000000e+02 3.327000000000000000e+03
5.990000000000000000e+02 3.925000000000000000e+03
4.000000000000000000e+02 3.665000000000000000e+03
6.410000000000000000e+02 3.933000000000000000e+03
6.270000000000000000e+02 3.955000000000000000e+03
1.900000000000000000e+01 3.670000000000000000e+03
4.800000000000000000e+01 3.614000000000000000e+03
4.000000000000000000e+01 3.717000000000000000e+03
2.600000000000000000e+01 3.713000000000000000e+03
1.200000000000000000e+01 3.377000000000000000e+03
2.400000000000000000e+01 3.588000000000000000e+03
9.400000000000000000e+01 3.613000000000000000e+03
8.200000000000000000e+01 3.716000000000000000e+03
6.000000000000000000e+02 3.841000000000000000e+03
7.200000000000000000e+01 3.498000000000000000e+03
4.410000000000000000e+02 2.981000000000000000e+03
3.800000000000000000e+02 3.196000000000000000e+03
4.640000000000000000e+02 3.796000000000000000e+03
4.540000000000000000e+02 3.820000000000000000e+03
6.810000000000000000e+02 3.903000000000000000e+03
5.820000000000000000e+02 3.685000000000000000e+03
1.420000000000000000e+02 3.862000000000000000e+03
1.320000000000000000e+02 3.837000000000000000e+03
5.700000000000000000e+01 3.643000000000000000e+03
9.400000000000000000e+01 3.682000000000000000e+03
5.800000000000000000e+01 3.739000000000000000e+03
3.000000000000000000e+01 3.565000000000000000e+03
8.400000000000000000e+01 3.797000000000000000e+03
6.500000000000000000e+01 3.654000000000000000e+03
1.401000000000000000e+03 3.927000000000000000e+03
1.574000000000000000e+03 2.997000000000000000e+03
1.341000000000000000e+03 3.967000000000000000e+03
1.315000000000000000e+03 3.790000000000000000e+03
1.142000000000000000e+03 3.965000000000000000e+03
1.184000000000000000e+03 3.973000000000000000e+03
1.266000000000000000e+03 3.964000000000000000e+03
1.225000000000000000e+03 3.966000000000000000e+03
9.380000000000000000e+02 3.944000000000000000e+03
7.890000000000000000e+02 3.775000000000000000e+03
9.220000000000000000e+02 3.789000000000000000e+03
9.270000000000000000e+02 3.946000000000000000e+03
1.081000000000000000e+03 3.981000000000000000e+03
1.095000000000000000e+03 3.962000000000000000e+03
9.210000000000000000e+02 3.399000000000000000e+03
1.017000000000000000e+03 3.961000000000000000e+03
5.600000000000000000e+01 3.939000000000000000e+03
6.800000000000000000e+01 3.944000000000000000e+03
4.400000000000000000e+01 3.882000000000000000e+03
2.300000000000000000e+01 3.894000000000000000e+03
1.650000000000000000e+02 3.903000000000000000e+03
1.020000000000000000e+02 3.939000000000000000e+03
1.250000000000000000e+02 3.905000000000000000e+03
1.070000000000000000e+02 3.894000000000000000e+03
2.280000000000000000e+02 2.735000000000000000e+03
1.980000000000000000e+02 2.699000000000000000e+03
5.510000000000000000e+02 2.676000000000000000e+03
3.660000000000000000e+02 2.538000000000000000e+03
2.090000000000000000e+02 3.170000000000000000e+03
3.900000000000000000e+01 3.491000000000000000e+03
2.660000000000000000e+02 3.554000000000000000e+03
5.000000000000000000e+00 3.460000000000000000e+03
1.763000000000000000e+03 3.925000000000000000e+03
2.184000000000000000e+03 3.836000000000000000e+03
2.193000000000000000e+03 3.865000000000000000e+03
2.055000000000000000e+03 3.883000000000000000e+03
2.059000000000000000e+03 3.880000000000000000e+03
2.103000000000000000e+03 3.881000000000000000e+03
2.097000000000000000e+03 3.874000000000000000e+03
1.936000000000000000e+03 3.831000000000000000e+03
1.885000000000000000e+03 3.800000000000000000e+03
1.923000000000000000e+03 3.936000000000000000e+03
2.200000000000000000e+03 3.820000000000000000e+03
1.803000000000000000e+03 3.818000000000000000e+03
1.815000000000000000e+03 3.835000000000000000e+03
1.839000000000000000e+03 3.751000000000000000e+03
1.856000000000000000e+03 3.786000000000000000e+03
2.113000000000000000e+03 3.872000000000000000e+03
2.219000000000000000e+03 3.915000000000000000e+03
2.381000000000000000e+03 3.573000000000000000e+03
2.232000000000000000e+03 3.853000000000000000e+03
2.288000000000000000e+03 3.797000000000000000e+03
1.796000000000000000e+03 3.976000000000000000e+03
2.089000000000000000e+03 3.955000000000000000e+03
2.018000000000000000e+03 3.959000000000000000e+03
1.946000000000000000e+03 3.932000000000000000e+03
1.906000000000000000e+03 3.937000000000000000e+03
1.946000000000000000e+03 3.890000000000000000e+03
1.988000000000000000e+03 3.920000000000000000e+03
1.826000000000000000e+03 3.887000000000000000e+03
1.880000000000000000e+03 3.873000000000000000e+03
1.822000000000000000e+03 3.914000000000000000e+03
1.815000000000000000e+03 3.864000000000000000e+03
2.143000000000000000e+03 3.714000000000000000e+03
2.145000000000000000e+03 3.475000000000000000e+03
2.111000000000000000e+03 3.702000000000000000e+03
1.996000000000000000e+03 3.757000000000000000e+03
2.006000000000000000e+03 3.766000000000000000e+03
1.974000000000000000e+03 3.826000000000000000e+03
1.969000000000000000e+03 3.836000000000000000e+03
2.130000000000000000e+03 3.783000000000000000e+03
2.126000000000000000e+03 3.829000000000000000e+03
2.125000000000000000e+03 3.754000000000000000e+03
2.075000000000000000e+03 3.778000000000000000e+03
2.120000000000000000e+03 3.840000000000000000e+03
2.063000000000000000e+03 3.895000000000000000e+03
2.035000000000000000e+03 3.790000000000000000e+03
2.042000000000000000e+03 3.862000000000000000e+03
2.288000000000000000e+03 3.807000000000000000e+03
2.324000000000000000e+03 3.839000000000000000e+03
2.211000000000000000e+03 3.738000000000000000e+03
2.728000000000000000e+03 3.582000000000000000e+03
2.389000000000000000e+03 3.968000000000000000e+03
2.423000000000000000e+03 3.971000000000000000e+03
2.421000000000000000e+03 3.944000000000000000e+03
2.452000000000000000e+03 3.916000000000000000e+03
2.202000000000000000e+03 3.828000000000000000e+03
2.216000000000000000e+03 3.744000000000000000e+03
2.325000000000000000e+03 3.910000000000000000e+03
2.278000000000000000e+03 3.858000000000000000e+03
2.163000000000000000e+03 3.958000000000000000e+03
2.289000000000000000e+03 3.942000000000000000e+03
2.396000000000000000e+03 3.925000000000000000e+03
2.380000000000000000e+03 3.918000000000000000e+03
3.765000000000000000e+03 2.599000000000000000e+03
3.780000000000000000e+03 2.506000000000000000e+03
3.955000000000000000e+03 2.258000000000000000e+03
3.782000000000000000e+03 2.411000000000000000e+03
3.946000000000000000e+03 2.183000000000000000e+03
3.910000000000000000e+03 2.156000000000000000e+03
3.802000000000000000e+03 2.104000000000000000e+03
3.961000000000000000e+03 2.487000000000000000e+03
3.491000000000000000e+03 2.077000000000000000e+03
3.318000000000000000e+03 2.014000000000000000e+03
3.298000000000000000e+03 2.048000000000000000e+03
3.351000000000000000e+03 1.917000000000000000e+03
3.392000000000000000e+03 1.937000000000000000e+03
3.319000000000000000e+03 1.923000000000000000e+03
3.283000000000000000e+03 1.967000000000000000e+03
3.706000000000000000e+03 2.136000000000000000e+03
3.714000000000000000e+03 2.099000000000000000e+03
3.819000000000000000e+03 2.223000000000000000e+03
3.673000000000000000e+03 2.057000000000000000e+03
3.697000000000000000e+03 2.129000000000000000e+03
3.759000000000000000e+03 2.131000000000000000e+03
3.133000000000000000e+03 2.128000000000000000e+03
3.792000000000000000e+03 2.076000000000000000e+03
3.286000000000000000e+03 2.131000000000000000e+03
3.281000000000000000e+03 2.340000000000000000e+03
3.131000000000000000e+03 2.130000000000000000e+03
3.171000000000000000e+03 2.222000000000000000e+03
3.213000000000000000e+03 1.993000000000000000e+03
3.190000000000000000e+03 2.020000000000000000e+03
3.287000000000000000e+03 2.052000000000000000e+03
3.165000000000000000e+03 2.079000000000000000e+03
3.448000000000000000e+03 3.090000000000000000e+03
3.121000000000000000e+03 3.172000000000000000e+03
3.648000000000000000e+03 3.091000000000000000e+03
3.643000000000000000e+03 3.078000000000000000e+03
3.203000000000000000e+03 3.081000000000000000e+03
3.423000000000000000e+03 3.078000000000000000e+03
2.588000000000000000e+03 3.192000000000000000e+03
3.282000000000000000e+03 3.071000000000000000e+03
2.609000000000000000e+03 3.163000000000000000e+03
2.854000000000000000e+03 3.487000000000000000e+03
2.771000000000000000e+03 3.074000000000000000e+03
2.955000000000000000e+03 3.075000000000000000e+03
2.552000000000000000e+03 3.072000000000000000e+03
2.757000000000000000e+03 3.379000000000000000e+03
2.345000000000000000e+03 3.696000000000000000e+03
2.302000000000000000e+03 3.180000000000000000e+03
2.187000000000000000e+03 3.327000000000000000e+03
2.209000000000000000e+03 3.648000000000000000e+03
2.166000000000000000e+03 3.409000000000000000e+03
2.138000000000000000e+03 3.610000000000000000e+03
2.141000000000000000e+03 3.551000000000000000e+03
2.155000000000000000e+03 3.631000000000000000e+03
2.178000000000000000e+03 3.519000000000000000e+03
2.191000000000000000e+03 3.520000000000000000e+03
3.023000000000000000e+03 3.094000000000000000e+03
2.971000000000000000e+03 3.185000000000000000e+03
2.215000000000000000e+03 3.417000000000000000e+03
2.234000000000000000e+03 3.236000000000000000e+03
2.249000000000000000e+03 3.468000000000000000e+03
2.238000000000000000e+03 3.509000000000000000e+03
2.200000000000000000e+03 3.667000000000000000e+03
2.223000000000000000e+03 3.639000000000000000e+03
3.626000000000000000e+03 2.097000000000000000e+03
3.543000000000000000e+03 2.021000000000000000e+03
3.545000000000000000e+03 1.992000000000000000e+03
3.505000000000000000e+03 2.085000000000000000e+03
3.499000000000000000e+03 2.151000000000000000e+03
3.031000000000000000e+03 3.224000000000000000e+03
3.184000000000000000e+03 3.072000000000000000e+03
3.777000000000000000e+03 2.095000000000000000e+03
3.679000000000000000e+03 2.172000000000000000e+03
3.362000000000000000e+03 2.767000000000000000e+03
3.413000000000000000e+03 2.116000000000000000e+03
3.823000000000000000e+03 2.018000000000000000e+03
3.512000000000000000e+03 2.038000000000000000e+03
3.382000000000000000e+03 2.000000000000000000e+03
3.366000000000000000e+03 2.049000000000000000e+03
3.881000000000000000e+03 2.985000000000000000e+03
3.850000000000000000e+03 3.016000000000000000e+03
3.929000000000000000e+03 2.909000000000000000e+03
3.678000000000000000e+03 2.717000000000000000e+03
3.649000000000000000e+03 3.059000000000000000e+03
3.630000000000000000e+03 3.040000000000000000e+03
3.954000000000000000e+03 2.731000000000000000e+03
3.902000000000000000e+03 3.070000000000000000e+03
3.794000000000000000e+03 3.060000000000000000e+03
3.649000000000000000e+03 3.053000000000000000e+03
3.699000000000000000e+03 3.040000000000000000e+03
3.784000000000000000e+03 3.053000000000000000e+03
3.422000000000000000e+03 3.078000000000000000e+03
3.425000000000000000e+03 3.036000000000000000e+03
3.728000000000000000e+03 2.393000000000000000e+03
3.736000000000000000e+03 2.762000000000000000e+03
2.648000000000000000e+03 2.820000000000000000e+03
2.182000000000000000e+03 3.503000000000000000e+03
2.144000000000000000e+03 3.608000000000000000e+03
2.093000000000000000e+03 3.513000000000000000e+03
2.075000000000000000e+03 3.650000000000000000e+03
1.988000000000000000e+03 3.706000000000000000e+03
2.018000000000000000e+03 3.671000000000000000e+03
1.931000000000000000e+03 3.778000000000000000e+03
1.916000000000000000e+03 3.664000000000000000e+03
1.941000000000000000e+03 3.658000000000000000e+03
1.962000000000000000e+03 3.837000000000000000e+03
1.959000000000000000e+03 3.608000000000000000e+03
1.920000000000000000e+03 3.634000000000000000e+03
1.992000000000000000e+03 3.559000000000000000e+03
1.994000000000000000e+03 3.625000000000000000e+03
2.101000000000000000e+03 3.578000000000000000e+03
2.095000000000000000e+03 3.626000000000000000e+03
3.132000000000000000e+03 2.121000000000000000e+03
2.181000000000000000e+03 3.324000000000000000e+03
3.196000000000000000e+03 2.033000000000000000e+03
3.414000000000000000e+03 2.005000000000000000e+03
3.163000000000000000e+03 2.079000000000000000e+03
3.163000000000000000e+03 2.062000000000000000e+03
2.037000000000000000e+03 3.620000000000000000e+03
2.048000000000000000e+03 3.557000000000000000e+03
2.050000000000000000e+03 3.533000000000000000e+03
2.046000000000000000e+03 3.468000000000000000e+03
2.104000000000000000e+03 3.441000000000000000e+03
2.133000000000000000e+03 3.444000000000000000e+03
2.070000000000000000e+03 3.515000000000000000e+03
2.061000000000000000e+03 3.413000000000000000e+03
3.943000000000000000e+03 3.268000000000000000e+03
3.948000000000000000e+03 3.481000000000000000e+03
3.970000000000000000e+03 3.454000000000000000e+03
3.960000000000000000e+03 3.559000000000000000e+03
3.926000000000000000e+03 3.548000000000000000e+03
3.968000000000000000e+03 3.534000000000000000e+03
3.960000000000000000e+03 3.525000000000000000e+03
3.970000000000000000e+03 3.321000000000000000e+03
3.940000000000000000e+03 3.335000000000000000e+03
3.923000000000000000e+03 3.394000000000000000e+03
3.958000000000000000e+03 3.381000000000000000e+03
3.932000000000000000e+03 3.168000000000000000e+03
3.986000000000000000e+03 2.841000000000000000e+03
3.947000000000000000e+03 3.262000000000000000e+03
3.978000000000000000e+03 3.226000000000000000e+03
3.946000000000000000e+03 2.722000000000000000e+03
3.943000000000000000e+03 2.761000000000000000e+03
3.974000000000000000e+03 2.784000000000000000e+03
3.968000000000000000e+03 2.673000000000000000e+03
3.937000000000000000e+03 2.980000000000000000e+03
3.955000000000000000e+03 2.877000000000000000e+03
3.946000000000000000e+03 3.173000000000000000e+03
3.951000000000000000e+03 3.199000000000000000e+03
3.937000000000000000e+03 2.912000000000000000e+03
3.943000000000000000e+03 2.974000000000000000e+03
3.970000000000000000e+03 3.007000000000000000e+03
3.945000000000000000e+03 2.968000000000000000e+03
3.984000000000000000e+03 2.926000000000000000e+03
3.966000000000000000e+03 2.871000000000000000e+03
3.981000000000000000e+03 3.123000000000000000e+03
3.984000000000000000e+03 3.039000000000000000e+03
3.971000000000000000e+03 2.402000000000000000e+03
3.939000000000000000e+03 2.383000000000000000e+03
3.964000000000000000e+03 2.387000000000000000e+03
3.926000000000000000e+03 2.327000000000000000e+03
3.907000000000000000e+03 2.114000000000000000e+03
3.911000000000000000e+03 2.174000000000000000e+03
3.870000000000000000e+03 2.063000000000000000e+03
3.879000000000000000e+03 2.060000000000000000e+03
3.557000000000000000e+03 2.083000000000000000e+03
3.519000000000000000e+03 2.053000000000000000e+03
3.579000000000000000e+03 2.031000000000000000e+03
3.495000000000000000e+03 2.010000000000000000e+03
3.619000000000000000e+03 2.131000000000000000e+03
3.854000000000000000e+03 2.381000000000000000e+03
3.619000000000000000e+03 2.118000000000000000e+03
3.620000000000000000e+03 2.155000000000000000e+03
3.711000000000000000e+03 1.939000000000000000e+03
3.684000000000000000e+03 1.915000000000000000e+03
3.470000000000000000e+03 1.910000000000000000e+03
3.463000000000000000e+03 1.883000000000000000e+03
3.739000000000000000e+03 1.989000000000000000e+03
3.759000000000000000e+03 2.010000000000000000e+03
3.482000000000000000e+03 1.948000000000000000e+03
3.486000000000000000e+03 1.953000000000000000e+03
3.870000000000000000e+03 2.036000000000000000e+03
3.781000000000000000e+03 1.970000000000000000e+03
3.587000000000000000e+03 1.894000000000000000e+03
3.609000000000000000e+03 1.915000000000000000e+03
3.751000000000000000e+03 1.959000000000000000e+03
3.569000000000000000e+03 1.955000000000000000e+03
3.647000000000000000e+03 2.067000000000000000e+03
3.920000000000000000e+03 2.202000000000000000e+03
2.254000000000000000e+03 3.100000000000000000e+03
2.389000000000000000e+03 2.160000000000000000e+03
1.290000000000000000e+02 2.570000000000000000e+03
3.190000000000000000e+02 1.700000000000000000e+02
1.040000000000000000e+02 1.250000000000000000e+03
2.413000000000000000e+03 1.100000000000000000e+03
