3.414000000000000000e+03 1.343000000000000000e+03
3.953000000000000000e+03 1.315000000000000000e+03
3.953000000000000000e+03 1.264000000000000000e+03
3.971000000000000000e+03 1.480000000000000000e+03
3.975000000000000000e+03 1.430000000000000000e+03
3.475000000000000000e+03 1.525000000000000000e+03
3.956000000000000000e+03 1.603000000000000000e+03
3.911000000000000000e+03 1.391000000000000000e+03
3.813000000000000000e+03 1.367000000000000000e+03
3.907000000000000000e+03 1.473000000000000000e+03
3.893000000000000000e+03 1.428000000000000000e+03
3.902000000000000000e+03 1.541000000000000000e+03
3.951000000000000000e+03 1.473000000000000000e+03
3.966000000000000000e+03 1.369000000000000000e+03
3.936000000000000000e+03 1.360000000000000000e+03
3.912000000000000000e+03 1.719000000000000000e+03
3.931000000000000000e+03 1.787000000000000000e+03
3.900000000000000000e+03 1.588000000000000000e+03
3.924000000000000000e+03 1.647000000000000000e+03
3.941000000000000000e+03 1.659000000000000000e+03
3.969000000000000000e+03 1.673000000000000000e+03
3.940000000000000000e+03 1.749000000000000000e+03
3.980000000000000000e+03 1.865000000000000000e+03
9.710000000000000000e+02 1.343000000000000000e+03
3.120000000000000000e+02 1.164000000000000000e+03
3.320000000000000000e+03 1.682000000000000000e+03
3.035000000000000000e+03 1.741000000000000000e+03
3.951000000000000000e+03 1.933000000000000000e+03
3.972000000000000000e+03 2.116000000000000000e+03
3.945000000000000000e+03 1.887000000000000000e+03
3.926000000000000000e+03 1.835000000000000000e+03
2.100000000000000000e+01 1.118000000000000000e+03
1.900000000000000000e+01 9.710000000000000000e+02
1.700000000000000000e+01 1.066000000000000000e+03
1.280000000000000000e+02 8.930000000000000000e+02
9.200000000000000000e+01 9.030000000000000000e+02
4.000000000000000000e+01 8.820000000000000000e+02
2.500000000000000000e+01 8.770000000000000000e+02
9.500000000000000000e+01 9.280000000000000000e+02
1.390000000000000000e+02 9.570000000000000000e+02
1.220000000000000000e+02 1.045000000000000000e+03
6.000000000000000000e+01 1.226000000000000000e+03
5.400000000000000000e+01 1.260000000000000000e+03
7.000000000000000000e+01 1.033000000000000000e+03
7.600000000000000000e+01 9.910000000000000000e+02
8.500000000000000000e+01 1.103000000000000000e+03
2.520000000000000000e+02 1.054000000000000000e+03
1.620000000000000000e+02 9.790000000000000000e+02
1.400000000000000000e+02 7.970000000000000000e+02
6.700000000000000000e+01 8.450000000000000000e+02
1.590000000000000000e+02 1.083000000000000000e+03
7.600000000000000000e+01 1.246000000000000000e+03
1.970000000000000000e+02 1.000000000000000000e+03
2.090000000000000000e+02 1.097000000000000000e+03
2.280000000000000000e+02 9.510000000000000000e+02
1.690000000000000000e+02 8.110000000000000000e+02
1.350000000000000000e+02 8.940000000000000000e+02
1.360000000000000000e+02 8.670000000000000000e+02
2.810000000000000000e+02 1.121000000000000000e+03
2.910000000000000000e+02 1.149000000000000000e+03
3.480000000000000000e+02 1.137000000000000000e+03
3.300000000000000000e+02 1.098000000000000000e+03
3.942000000000000000e+03 1.006000000000000000e+03
3.972000000000000000e+03 9.620000000000000000e+02
3.943000000000000000e+03 9.330000000000000000e+02
3.937000000000000000e+03 8.560000000000000000e+02
3.889000000000000000e+03 8.440000000000000000e+02
3.937000000000000000e+03 9.180000000000000000e+02
3.955000000000000000e+03 9.100000000000000000e+02
3.933000000000000000e+03 1.030000000000000000e+03
3.904000000000000000e+03 9.800000000000000000e+02
3.942000000000000000e+03 1.060000000000000000e+03
3.920000000000000000e+03 1.045000000000000000e+03
3.823000000000000000e+03 9.710000000000000000e+02
3.954000000000000000e+03 1.105000000000000000e+03
3.859000000000000000e+03 1.024000000000000000e+03
3.861000000000000000e+03 9.320000000000000000e+02
3.843000000000000000e+03 9.190000000000000000e+02
3.851000000000000000e+03 8.850000000000000000e+02
3.791000000000000000e+03 9.110000000000000000e+02
2.992000000000000000e+03 1.112000000000000000e+03
3.806000000000000000e+03 8.250000000000000000e+02
3.788000000000000000e+03 7.890000000000000000e+02
3.258000000000000000e+03 9.190000000000000000e+02
3.448000000000000000e+03 1.192000000000000000e+03
3.861000000000000000e+03 1.030000000000000000e+03
3.786000000000000000e+03 9.760000000000000000e+02
3.779000000000000000e+03 1.011000000000000000e+03
3.716000000000000000e+03 9.330000000000000000e+02
3.763000000000000000e+03 8.810000000000000000e+02
3.723000000000000000e+03 8.790000000000000000e+02
3.734000000000000000e+03 9.520000000000000000e+02
3.747000000000000000e+03 9.290000000000000000e+02
3.598000000000000000e+03 1.070000000000000000e+02
3.672000000000000000e+03 8.000000000000000000e+01
3.513000000000000000e+03 6.900000000000000000e+01
3.550000000000000000e+03 8.700000000000000000e+01
3.726000000000000000e+03 1.340000000000000000e+02
3.905000000000000000e+03 3.100000000000000000e+02
3.715000000000000000e+03 8.200000000000000000e+01
3.775000000000000000e+03 1.590000000000000000e+02
3.385000000000000000e+03 1.800000000000000000e+01
3.444000000000000000e+03 6.400000000000000000e+01
3.344000000000000000e+03 3.100000000000000000e+01
3.312000000000000000e+03 4.300000000000000000e+01
3.612000000000000000e+03 2.000000000000000000e+01
3.669000000000000000e+03 5.500000000000000000e+01
3.564000000000000000e+03 5.600000000000000000e+01
3.603000000000000000e+03 4.600000000000000000e+01
3.813000000000000000e+03 7.300000000000000000e+01
3.893000000000000000e+03 1.340000000000000000e+02
3.760000000000000000e+03 6.300000000000000000e+01
3.864000000000000000e+03 1.030000000000000000e+02
3.967000000000000000e+03 3.970000000000000000e+02
3.944000000000000000e+03 3.550000000000000000e+02
3.840000000000000000e+03 1.510000000000000000e+02
3.843000000000000000e+03 2.020000000000000000e+02
3.913000000000000000e+03 3.260000000000000000e+02
3.873000000000000000e+03 1.320000000000000000e+02
3.862000000000000000e+03 6.200000000000000000e+01
3.836000000000000000e+03 2.700000000000000000e+01
3.970000000000000000e+03 4.860000000000000000e+02
3.975000000000000000e+03 5.380000000000000000e+02
3.682000000000000000e+03 9.200000000000000000e+01
3.904000000000000000e+03 1.110000000000000000e+02
9.750000000000000000e+02 3.300000000000000000e+01
8.660000000000000000e+02 7.200000000000000000e+01
1.038000000000000000e+03 3.000000000000000000e+01
7.680000000000000000e+02 8.500000000000000000e+01
8.700000000000000000e+02 5.000000000000000000e+01
9.240000000000000000e+02 3.900000000000000000e+01
8.000000000000000000e+02 1.430000000000000000e+02
6.510000000000000000e+02 2.500000000000000000e+01
7.390000000000000000e+02 1.800000000000000000e+01
6.970000000000000000e+02 3.700000000000000000e+01
6.020000000000000000e+02 1.080000000000000000e+02
8.290000000000000000e+02 3.400000000000000000e+01
3.944000000000000000e+03 7.740000000000000000e+02
7.900000000000000000e+02 3.100000000000000000e+01
7.530000000000000000e+02 3.200000000000000000e+01
7.180000000000000000e+02 1.340000000000000000e+02
9.120000000000000000e+02 1.180000000000000000e+02
1.023000000000000000e+03 1.940000000000000000e+02
1.099000000000000000e+03 3.700000000000000000e+01
1.078000000000000000e+03 1.020000000000000000e+02
1.045000000000000000e+03 2.300000000000000000e+02
1.173000000000000000e+03 1.600000000000000000e+02
3.255000000000000000e+03 6.840000000000000000e+02
7.320000000000000000e+02 1.210000000000000000e+02
7.730000000000000000e+02 9.200000000000000000e+01
8.370000000000000000e+02 1.130000000000000000e+02
7.430000000000000000e+02 1.910000000000000000e+02
6.450000000000000000e+02 9.800000000000000000e+01
6.150000000000000000e+02 1.330000000000000000e+02
6.510000000000000000e+02 1.080000000000000000e+02
5.710000000000000000e+02 2.540000000000000000e+02
3.877000000000000000e+03 8.190000000000000000e+02
3.777000000000000000e+03 7.650000000000000000e+02
3.849000000000000000e+03 7.670000000000000000e+02
3.908000000000000000e+03 7.570000000000000000e+02
3.898000000000000000e+03 6.680000000000000000e+02
3.861000000000000000e+03 7.650000000000000000e+02
3.865000000000000000e+03 7.230000000000000000e+02
3.964000000000000000e+03 6.340000000000000000e+02
3.827000000000000000e+03 6.240000000000000000e+02
3.803000000000000000e+03 6.470000000000000000e+02
3.897000000000000000e+03 6.980000000000000000e+02
3.765000000000000000e+03 5.720000000000000000e+02
3.761000000000000000e+03 6.230000000000000000e+02
3.725000000000000000e+03 7.110000000000000000e+02
3.739000000000000000e+03 6.830000000000000000e+02
3.955000000000000000e+03 7.570000000000000000e+02
3.936000000000000000e+03 7.590000000000000000e+02
3.919000000000000000e+03 6.740000000000000000e+02
3.915000000000000000e+03 6.160000000000000000e+02
3.955000000000000000e+03 5.610000000000000000e+02
3.983000000000000000e+03 6.620000000000000000e+02
3.946000000000000000e+03 7.060000000000000000e+02
3.923000000000000000e+03 6.080000000000000000e+02
3.875000000000000000e+03 4.910000000000000000e+02
3.853000000000000000e+03 4.690000000000000000e+02
3.900000000000000000e+03 4.740000000000000000e+02
3.930000000000000000e+03 4.730000000000000000e+02
3.807000000000000000e+03 5.050000000000000000e+02
3.812000000000000000e+03 4.940000000000000000e+02
3.851000000000000000e+03 5.370000000000000000e+02
3.826000000000000000e+03 5.620000000000000000e+02
1.567000000000000000e+03 9.600000000000000000e+01
3.047000000000000000e+03 1.500000000000000000e+01
3.229000000000000000e+03 3.300000000000000000e+01
2.501000000000000000e+03 1.840000000000000000e+02
3.240000000000000000e+03 9.500000000000000000e+01
3.110000000000000000e+03 8.600000000000000000e+01
3.177000000000000000e+03 7.000000000000000000e+01
3.108000000000000000e+03 2.700000000000000000e+01
3.109000000000000000e+03 5.900000000000000000e+01
3.205000000000000000e+03 2.300000000000000000e+01
3.016000000000000000e+03 4.300000000000000000e+01
3.041000000000000000e+03 1.020000000000000000e+02
3.076000000000000000e+03 1.080000000000000000e+02
3.016000000000000000e+03 1.300000000000000000e+02
3.025000000000000000e+03 1.020000000000000000e+02
2.920000000000000000e+02 2.600000000000000000e+01
2.620000000000000000e+02 7.800000000000000000e+01
3.380000000000000000e+02 8.200000000000000000e+01
3.360000000000000000e+02 8.300000000000000000e+01
5.500000000000000000e+02 1.600000000000000000e+01
4.470000000000000000e+02 1.600000000000000000e+01
3.850000000000000000e+02 2.600000000000000000e+01
4.270000000000000000e+02 2.000000000000000000e+01
3.610000000000000000e+02 2.490000000000000000e+02
4.260000000000000000e+02 1.120000000000000000e+02
3.300000000000000000e+02 1.880000000000000000e+02
4.340000000000000000e+02 1.350000000000000000e+02
4.340000000000000000e+02 1.160000000000000000e+02
5.640000000000000000e+02 1.020000000000000000e+02
4.480000000000000000e+02 8.800000000000000000e+01
5.130000000000000000e+02 1.190000000000000000e+02
3.418000000000000000e+03 5.600000000000000000e+01
3.463000000000000000e+03 3.400000000000000000e+01
6.600000000000000000e+01 5.950000000000000000e+02
2.000000000000000000e+01 6.730000000000000000e+02
3.150000000000000000e+03 9.500000000000000000e+01
3.235000000000000000e+03 2.300000000000000000e+02
3.347000000000000000e+03 3.030000000000000000e+02
3.337000000000000000e+03 8.800000000000000000e+01
9.820000000000000000e+02 1.460000000000000000e+02
9.610000000000000000e+02 2.360000000000000000e+02
1.893000000000000000e+03 2.820000000000000000e+02
3.227000000000000000e+03 7.500000000000000000e+02
1.043000000000000000e+03 1.580000000000000000e+02
1.052000000000000000e+03 1.130000000000000000e+02
9.910000000000000000e+02 1.190000000000000000e+02
8.810000000000000000e+02 1.480000000000000000e+02
2.139000000000000000e+03 7.530000000000000000e+02
1.659000000000000000e+03 4.810000000000000000e+02
2.674000000000000000e+03 7.870000000000000000e+02
2.345000000000000000e+03 6.540000000000000000e+02
1.410000000000000000e+02 5.560000000000000000e+02
1.025000000000000000e+03 7.630000000000000000e+02
2.192000000000000000e+03 1.017000000000000000e+03
3.021000000000000000e+03 7.050000000000000000e+02
2.330000000000000000e+02 9.050000000000000000e+02
4.500000000000000000e+01 6.770000000000000000e+02
2.345000000000000000e+03 3.780000000000000000e+02
3.042000000000000000e+03 1.230000000000000000e+02
5.410000000000000000e+02 1.056000000000000000e+03
5.090000000000000000e+02 1.065000000000000000e+03
5.200000000000000000e+02 9.130000000000000000e+02
3.940000000000000000e+02 1.069000000000000000e+03
3.846000000000000000e+03 1.268000000000000000e+03
3.793000000000000000e+03 1.257000000000000000e+03
3.813000000000000000e+03 1.245000000000000000e+03
3.951000000000000000e+03 1.175000000000000000e+03
3.935000000000000000e+03 1.219000000000000000e+03
3.883000000000000000e+03 1.234000000000000000e+03
3.895000000000000000e+03 1.225000000000000000e+03
3.522000000000000000e+03 1.188000000000000000e+03
3.588000000000000000e+03 1.201000000000000000e+03
3.692000000000000000e+03 1.196000000000000000e+03
3.676000000000000000e+03 1.181000000000000000e+03
3.565000000000000000e+03 1.152000000000000000e+03
3.844000000000000000e+03 1.155000000000000000e+03
3.632000000000000000e+03 1.151000000000000000e+03
3.568000000000000000e+03 8.970000000000000000e+02
3.723000000000000000e+03 1.077000000000000000e+03
3.792000000000000000e+03 1.164000000000000000e+03
3.699000000000000000e+03 1.039000000000000000e+03
3.653000000000000000e+03 1.048000000000000000e+03
3.919000000000000000e+03 1.165000000000000000e+03
3.621000000000000000e+03 1.095000000000000000e+03
3.692000000000000000e+03 1.106000000000000000e+03
3.825000000000000000e+03 1.152000000000000000e+03
3.749000000000000000e+03 1.130000000000000000e+03
3.512000000000000000e+03 1.111000000000000000e+03
3.691000000000000000e+03 7.750000000000000000e+02
3.559000000000000000e+03 1.086000000000000000e+03
3.500000000000000000e+03 1.059000000000000000e+03
3.486000000000000000e+03 1.127000000000000000e+03
3.561000000000000000e+03 1.039000000000000000e+03
3.769000000000000000e+03 1.147000000000000000e+03
3.511000000000000000e+03 9.650000000000000000e+02
3.630000000000000000e+03 1.013000000000000000e+03
3.821000000000000000e+03 1.099000000000000000e+03
3.780000000000000000e+03 1.200000000000000000e+03
3.820000000000000000e+03 1.177000000000000000e+03
3.798000000000000000e+03 1.063000000000000000e+03
3.817000000000000000e+03 1.088000000000000000e+03
3.821000000000000000e+03 1.442000000000000000e+03
3.802000000000000000e+03 1.461000000000000000e+03
3.857000000000000000e+03 1.378000000000000000e+03
3.862000000000000000e+03 1.416000000000000000e+03
3.785000000000000000e+03 1.315000000000000000e+03
3.453000000000000000e+03 1.272000000000000000e+03
3.833000000000000000e+03 1.343000000000000000e+03
3.842000000000000000e+03 1.313000000000000000e+03
3.983000000000000000e+03 1.741000000000000000e+03
3.835000000000000000e+03 1.545000000000000000e+03
2.227000000000000000e+03 2.021000000000000000e+03
3.912000000000000000e+03 1.627000000000000000e+03
3.577000000000000000e+03 1.403000000000000000e+03
3.866000000000000000e+03 1.603000000000000000e+03
3.758000000000000000e+03 1.396000000000000000e+03
3.716000000000000000e+03 1.721000000000000000e+03
3.458000000000000000e+03 1.616000000000000000e+03
3.212000000000000000e+03 1.669000000000000000e+03
3.140000000000000000e+03 1.668000000000000000e+03
2.818000000000000000e+03 1.424000000000000000e+03
2.350000000000000000e+03 1.469000000000000000e+03
2.494000000000000000e+03 1.354000000000000000e+03
2.565000000000000000e+03 1.200000000000000000e+03
2.527000000000000000e+03 1.193000000000000000e+03
2.056000000000000000e+03 1.287000000000000000e+03
2.103000000000000000e+03 1.359000000000000000e+03
2.161000000000000000e+03 1.344000000000000000e+03
1.961000000000000000e+03 1.428000000000000000e+03
2.173000000000000000e+03 1.816000000000000000e+03
1.600000000000000000e+03 8.980000000000000000e+02
1.545000000000000000e+03 1.941000000000000000e+03
1.944000000000000000e+03 1.307000000000000000e+03
1.922000000000000000e+03 1.312000000000000000e+03
1.733000000000000000e+03 1.352000000000000000e+03
1.760000000000000000e+03 1.397000000000000000e+03
2.124000000000000000e+03 1.860000000000000000e+03
2.104000000000000000e+03 1.648000000000000000e+03
2.058000000000000000e+03 2.140000000000000000e+03
2.267000000000000000e+03 1.887000000000000000e+03
3.833000000000000000e+03 1.571000000000000000e+03
3.781000000000000000e+03 1.565000000000000000e+03
3.475000000000000000e+03 1.462000000000000000e+03
2.206000000000000000e+03 1.393000000000000000e+03
2.011000000000000000e+03 1.305000000000000000e+03
3.599000000000000000e+03 1.358000000000000000e+03
3.842000000000000000e+03 1.577000000000000000e+03
3.860000000000000000e+03 1.504000000000000000e+03
3.872000000000000000e+03 1.574000000000000000e+03
3.850000000000000000e+03 1.602000000000000000e+03
9.460000000000000000e+02 1.197000000000000000e+03
2.565000000000000000e+03 1.433000000000000000e+03
9.270000000000000000e+02 1.244000000000000000e+03
7.700000000000000000e+02 1.246000000000000000e+03
7.050000000000000000e+02 1.299000000000000000e+03
6.740000000000000000e+02 1.260000000000000000e+03
1.105000000000000000e+03 1.260000000000000000e+03
9.770000000000000000e+02 1.270000000000000000e+03
1.858000000000000000e+03 1.224000000000000000e+03
3.218000000000000000e+03 1.187000000000000000e+03
9.390000000000000000e+02 1.257000000000000000e+03
9.510000000000000000e+02 1.260000000000000000e+03
1.363000000000000000e+03 1.204000000000000000e+03
2.476000000000000000e+03 1.187000000000000000e+03
6.640000000000000000e+02 1.249000000000000000e+03
8.240000000000000000e+02 1.261000000000000000e+03
6.530000000000000000e+02 1.276000000000000000e+03
6.930000000000000000e+02 1.243000000000000000e+03
9.950000000000000000e+02 1.160000000000000000e+03
9.730000000000000000e+02 1.196000000000000000e+03
1.000000000000000000e+03 1.186000000000000000e+03
2.247000000000000000e+03 1.038000000000000000e+03
8.760000000000000000e+02 1.092000000000000000e+03
8.270000000000000000e+02 1.108000000000000000e+03
8.010000000000000000e+02 1.159000000000000000e+03
9.090000000000000000e+02 1.118000000000000000e+03
6.410000000000000000e+02 1.079000000000000000e+03
8.700000000000000000e+02 1.053000000000000000e+03
8.330000000000000000e+02 1.147000000000000000e+03
8.330000000000000000e+02 1.066000000000000000e+03
8.150000000000000000e+02 1.177000000000000000e+03
1.024000000000000000e+03 8.000000000000000000e+02
8.360000000000000000e+02 1.088000000000000000e+03
7.610000000000000000e+02 1.092000000000000000e+03
6.880000000000000000e+02 1.154000000000000000e+03
6.730000000000000000e+02 1.156000000000000000e+03
6.510000000000000000e+02 1.187000000000000000e+03
6.720000000000000000e+02 1.191000000000000000e+03
2.030000000000000000e+02 1.652000000000000000e+03
2.310000000000000000e+02 1.376000000000000000e+03
1.150000000000000000e+02 2.259000000000000000e+03
6.460000000000000000e+02 1.227000000000000000e+03
2.350000000000000000e+02 1.380000000000000000e+03
6.530000000000000000e+02 1.164000000000000000e+03
2.050000000000000000e+02 1.358000000000000000e+03
5.230000000000000000e+02 1.152000000000000000e+03
6.180000000000000000e+02 1.080000000000000000e+03
6.540000000000000000e+02 1.044000000000000000e+03
6.800000000000000000e+02 1.075000000000000000e+03
6.830000000000000000e+02 1.107000000000000000e+03
5.820000000000000000e+02 1.148000000000000000e+03
6.190000000000000000e+02 1.167000000000000000e+03
6.110000000000000000e+02 1.124000000000000000e+03
3.090000000000000000e+02 1.593000000000000000e+03
4.990000000000000000e+02 1.370000000000000000e+03
3.300000000000000000e+02 1.388000000000000000e+03
6.280000000000000000e+02 1.318000000000000000e+03
4.930000000000000000e+02 1.269000000000000000e+03
5.890000000000000000e+02 1.237000000000000000e+03
5.150000000000000000e+02 1.254000000000000000e+03
5.580000000000000000e+02 1.180000000000000000e+03
3.970000000000000000e+02 1.235000000000000000e+03
3.580000000000000000e+02 1.229000000000000000e+03
3.130000000000000000e+02 1.187000000000000000e+03
3.290000000000000000e+02 1.199000000000000000e+03
5.990000000000000000e+02 1.293000000000000000e+03
3.450000000000000000e+02 1.251000000000000000e+03
2.630000000000000000e+02 1.304000000000000000e+03
2.270000000000000000e+02 1.332000000000000000e+03
2.128000000000000000e+03 1.538000000000000000e+03
1.790000000000000000e+03 1.415000000000000000e+03
1.416000000000000000e+03 1.334000000000000000e+03
4.060000000000000000e+02 1.158000000000000000e+03
3.940000000000000000e+02 1.178000000000000000e+03
4.290000000000000000e+02 1.180000000000000000e+03
3.210000000000000000e+02 1.230000000000000000e+03
1.650000000000000000e+03 9.800000000000000000e+01
1.803000000000000000e+03 2.650000000000000000e+02
1.141000000000000000e+03 9.400000000000000000e+02
1.859000000000000000e+03 2.380000000000000000e+02
4.470000000000000000e+02 1.242000000000000000e+03
4.510000000000000000e+02 1.224000000000000000e+03
4.190000000000000000e+02 1.280000000000000000e+03
4.140000000000000000e+02 1.318000000000000000e+03
1.640000000000000000e+03 2.500000000000000000e+01
1.714000000000000000e+03 3.200000000000000000e+01
1.736000000000000000e+03 1.700000000000000000e+01
1.800000000000000000e+03 2.300000000000000000e+01
1.879000000000000000e+03 2.300000000000000000e+01
1.904000000000000000e+03 2.700000000000000000e+01
1.818000000000000000e+03 1.800000000000000000e+01
1.838000000000000000e+03 9.000000000000000000e+00
1.749000000000000000e+03 6.500000000000000000e+01
1.787000000000000000e+03 6.200000000000000000e+01
1.847000000000000000e+03 6.500000000000000000e+01
1.787000000000000000e+03 1.010000000000000000e+02
1.649000000000000000e+03 8.500000000000000000e+01
1.661000000000000000e+03 7.600000000000000000e+01
1.708000000000000000e+03 1.060000000000000000e+02
1.616000000000000000e+03 1.050000000000000000e+02
1.682000000000000000e+03 1.384000000000000000e+03
1.445000000000000000e+03 1.360000000000000000e+02
2.039000000000000000e+03 1.065000000000000000e+03
1.194000000000000000e+03 1.210000000000000000e+02
1.148000000000000000e+03 3.100000000000000000e+01
1.228000000000000000e+03 3.200000000000000000e+01
1.501000000000000000e+03 4.330000000000000000e+02
7.600000000000000000e+01 1.127000000000000000e+03
7.400000000000000000e+01 1.103000000000000000e+03
1.110000000000000000e+02 1.137000000000000000e+03
1.140000000000000000e+02 1.142000000000000000e+03
1.200000000000000000e+02 1.142000000000000000e+03
6.630000000000000000e+02 1.115000000000000000e+03
1.610000000000000000e+02 1.200000000000000000e+03
1.680000000000000000e+02 1.168000000000000000e+03
1.469000000000000000e+03 8.000000000000000000e+01
1.416000000000000000e+03 8.100000000000000000e+01
1.570000000000000000e+03 7.800000000000000000e+01
1.501000000000000000e+03 8.500000000000000000e+01
1.414000000000000000e+03 2.300000000000000000e+01
1.486000000000000000e+03 2.500000000000000000e+01
1.576000000000000000e+03 4.400000000000000000e+01
1.573000000000000000e+03 2.000000000000000000e+01
1.384000000000000000e+03 1.000000000000000000e+02
1.251000000000000000e+03 6.400000000000000000e+01
1.351000000000000000e+03 6.700000000000000000e+01
1.359000000000000000e+03 4.400000000000000000e+01
1.339000000000000000e+03 1.040000000000000000e+02
1.273000000000000000e+03 2.270000000000000000e+02
1.482000000000000000e+03 1.240000000000000000e+02
1.412000000000000000e+03 9.600000000000000000e+01
1.080000000000000000e+02 4.480000000000000000e+02
5.000000000000000000e+02 4.380000000000000000e+02
3.300000000000000000e+01 4.810000000000000000e+02
5.900000000000000000e+01 4.320000000000000000e+02
9.500000000000000000e+01 5.830000000000000000e+02
7.600000000000000000e+01 5.050000000000000000e+02
2.070000000000000000e+02 5.810000000000000000e+02
7.910000000000000000e+02 4.700000000000000000e+02
1.470000000000000000e+02 5.660000000000000000e+02
1.340000000000000000e+02 5.960000000000000000e+02
1.240000000000000000e+02 6.170000000000000000e+02
2.000000000000000000e+02 8.640000000000000000e+02
5.000000000000000000e+01 7.080000000000000000e+02
9.200000000000000000e+01 5.400000000000000000e+02
1.150000000000000000e+02 5.350000000000000000e+02
1.150000000000000000e+02 5.600000000000000000e+02
1.300000000000000000e+02 7.020000000000000000e+02
1.400000000000000000e+01 1.264000000000000000e+03
1.030000000000000000e+02 7.300000000000000000e+02
1.040000000000000000e+02 7.310000000000000000e+02
1.490000000000000000e+02 6.720000000000000000e+02
1.510000000000000000e+02 6.820000000000000000e+02
8.200000000000000000e+01 9.200000000000000000e+02
3.800000000000000000e+01 8.280000000000000000e+02
1.440000000000000000e+02 1.279000000000000000e+03
1.260000000000000000e+02 1.303000000000000000e+03
1.000000000000000000e+02 1.254000000000000000e+03
7.500000000000000000e+01 1.158000000000000000e+03
2.070000000000000000e+02 1.199000000000000000e+03
3.480000000000000000e+02 1.240000000000000000e+03
1.660000000000000000e+02 1.247000000000000000e+03
1.760000000000000000e+02 1.244000000000000000e+03
2.550000000000000000e+02 1.868000000000000000e+03
3.420000000000000000e+02 1.316000000000000000e+03
3.770000000000000000e+02 1.323000000000000000e+03
4.200000000000000000e+02 1.344000000000000000e+03
4.540000000000000000e+02 1.486000000000000000e+03
5.140000000000000000e+02 1.343000000000000000e+03
4.910000000000000000e+02 1.383000000000000000e+03
8.600000000000000000e+02 1.629000000000000000e+03
8.190000000000000000e+02 2.481000000000000000e+03
6.530000000000000000e+02 2.038000000000000000e+03
6.510000000000000000e+02 1.388000000000000000e+03
4.830000000000000000e+02 1.376000000000000000e+03
8.500000000000000000e+02 1.381000000000000000e+03
7.490000000000000000e+02 1.342000000000000000e+03
6.900000000000000000e+02 1.432000000000000000e+03
6.230000000000000000e+02 2.504000000000000000e+03
9.190000000000000000e+02 2.821000000000000000e+03
5.960000000000000000e+02 2.594000000000000000e+03
5.990000000000000000e+02 2.550000000000000000e+03
5.110000000000000000e+02 2.537000000000000000e+03
4.940000000000000000e+02 2.561000000000000000e+03
4.490000000000000000e+02 2.560000000000000000e+03
4.150000000000000000e+02 2.537000000000000000e+03
3.740000000000000000e+02 2.486000000000000000e+03
3.820000000000000000e+02 2.406000000000000000e+03
3.250000000000000000e+02 2.439000000000000000e+03
3.490000000000000000e+02 2.468000000000000000e+03
3.980000000000000000e+02 1.446000000000000000e+03
4.300000000000000000e+02 1.322000000000000000e+03
4.080000000000000000e+02 2.310000000000000000e+03
3.750000000000000000e+02 2.405000000000000000e+03
1.010000000000000000e+02 2.873000000000000000e+03
2.070000000000000000e+02 2.908000000000000000e+03
2.080000000000000000e+02 2.845000000000000000e+03
1.800000000000000000e+02 2.938000000000000000e+03
1.650000000000000000e+02 2.973000000000000000e+03
8.600000000000000000e+01 2.902000000000000000e+03
1.480000000000000000e+02 2.991000000000000000e+03
2.900000000000000000e+01 2.985000000000000000e+03
2.700000000000000000e+01 2.961000000000000000e+03
8.000000000000000000e+01 2.872000000000000000e+03
6.200000000000000000e+01 2.913000000000000000e+03
1.570000000000000000e+02 2.586000000000000000e+03
8.100000000000000000e+01 2.683000000000000000e+03
1.180000000000000000e+02 2.773000000000000000e+03
9.100000000000000000e+01 2.843000000000000000e+03
1.520000000000000000e+02 2.748000000000000000e+03
1.220000000000000000e+02 2.751000000000000000e+03
1.690000000000000000e+02 2.828000000000000000e+03
1.390000000000000000e+02 2.783000000000000000e+03
6.800000000000000000e+01 2.760000000000000000e+03
8.900000000000000000e+01 2.728000000000000000e+03
2.800000000000000000e+01 2.764000000000000000e+03
2.600000000000000000e+01 2.665000000000000000e+03
3.600000000000000000e+01 2.747000000000000000e+03
1.130000000000000000e+02 2.602000000000000000e+03
8.300000000000000000e+01 2.653000000000000000e+03
7.600000000000000000e+01 2.622000000000000000e+03
8.300000000000000000e+01 2.544000000000000000e+03
5.000000000000000000e+01 2.631000000000000000e+03
1.310000000000000000e+02 2.578000000000000000e+03
1.210000000000000000e+02 2.564000000000000000e+03
6.140000000000000000e+02 2.773000000000000000e+03
2.300000000000000000e+01 2.784000000000000000e+03
2.800000000000000000e+01 2.821000000000000000e+03
1.430000000000000000e+02 2.833000000000000000e+03
1.280000000000000000e+02 2.856000000000000000e+03
4.100000000000000000e+01 3.032000000000000000e+03
7.200000000000000000e+01 2.959000000000000000e+03
6.560000000000000000e+02 2.539000000000000000e+03
7.240000000000000000e+02 2.517000000000000000e+03
5.730000000000000000e+02 2.527000000000000000e+03
6.190000000000000000e+02 2.509000000000000000e+03
4.530000000000000000e+02 2.475000000000000000e+03
5.130000000000000000e+02 2.479000000000000000e+03
5.320000000000000000e+02 2.632000000000000000e+03
4.440000000000000000e+02 2.514000000000000000e+03
2.000000000000000000e+01 3.358000000000000000e+03
1.700000000000000000e+01 3.283000000000000000e+03
4.300000000000000000e+01 3.176000000000000000e+03
2.300000000000000000e+01 3.181000000000000000e+03
8.600000000000000000e+01 3.275000000000000000e+03
1.140000000000000000e+02 3.249000000000000000e+03
1.060000000000000000e+02 3.208000000000000000e+03
1.460000000000000000e+02 3.252000000000000000e+03
1.650000000000000000e+02 3.068000000000000000e+03
1.850000000000000000e+02 3.121000000000000000e+03
9.800000000000000000e+01 3.079000000000000000e+03
1.220000000000000000e+02 3.060000000000000000e+03
4.400000000000000000e+01 3.103000000000000000e+03
2.100000000000000000e+01 3.100000000000000000e+03
1.100000000000000000e+02 3.138000000000000000e+03
1.170000000000000000e+02 3.168000000000000000e+03
5.020000000000000000e+02 2.399000000000000000e+03
5.600000000000000000e+02 2.377000000000000000e+03
3.690000000000000000e+02 2.152000000000000000e+03
6.000000000000000000e+02 2.460000000000000000e+03
8.160000000000000000e+02 2.448000000000000000e+03
7.690000000000000000e+02 2.440000000000000000e+03
9.270000000000000000e+02 1.341000000000000000e+03
8.630000000000000000e+02 2.323000000000000000e+03
2.030000000000000000e+02 2.545000000000000000e+03
1.630000000000000000e+02 2.510000000000000000e+03
1.640000000000000000e+02 2.473000000000000000e+03
2.160000000000000000e+02 2.478000000000000000e+03
2.610000000000000000e+02 2.490000000000000000e+03
2.410000000000000000e+02 2.408000000000000000e+03
2.950000000000000000e+02 2.484000000000000000e+03
2.950000000000000000e+02 2.453000000000000000e+03
3.000000000000000000e+01 2.177000000000000000e+03
9.200000000000000000e+01 2.039000000000000000e+03
9.210000000000000000e+02 1.700000000000000000e+03
1.350000000000000000e+02 1.904000000000000000e+03
6.500000000000000000e+01 1.772000000000000000e+03
4.300000000000000000e+01 1.904000000000000000e+03
7.600000000000000000e+01 1.900000000000000000e+03
1.980000000000000000e+02 2.105000000000000000e+03
6.380000000000000000e+02 1.552000000000000000e+03
1.074000000000000000e+03 1.324000000000000000e+03
7.180000000000000000e+02 1.547000000000000000e+03
9.000000000000000000e+02 1.477000000000000000e+03
5.000000000000000000e+00 2.006000000000000000e+03
6.000000000000000000e+00 1.571000000000000000e+03
6.400000000000000000e+01 2.479000000000000000e+03
1.500000000000000000e+01 2.056000000000000000e+03
2.950000000000000000e+02 2.596000000000000000e+03
2.710000000000000000e+02 2.582000000000000000e+03
2.470000000000000000e+02 2.593000000000000000e+03
3.150000000000000000e+02 2.814000000000000000e+03
3.470000000000000000e+02 2.823000000000000000e+03
3.080000000000000000e+02 2.864000000000000000e+03
4.220000000000000000e+02 2.953000000000000000e+03
2.630000000000000000e+02 2.668000000000000000e+03
2.750000000000000000e+02 2.656000000000000000e+03
3.370000000000000000e+02 2.675000000000000000e+03
3.340000000000000000e+02 2.703000000000000000e+03
3.160000000000000000e+02 2.762000000000000000e+03
2.580000000000000000e+02 2.756000000000000000e+03
1.940000000000000000e+02 2.720000000000000000e+03
1.700000000000000000e+02 2.703000000000000000e+03
4.240000000000000000e+02 3.003000000000000000e+03
2.290000000000000000e+02 2.919000000000000000e+03
3.340000000000000000e+02 2.937000000000000000e+03
3.410000000000000000e+02 2.971000000000000000e+03
3.400000000000000000e+02 3.063000000000000000e+03
3.680000000000000000e+02 3.025000000000000000e+03
1.029000000000000000e+03 3.452000000000000000e+03
2.850000000000000000e+02 3.021000000000000000e+03
5.190000000000000000e+02 2.689000000000000000e+03
3.230000000000000000e+02 2.638000000000000000e+03
3.540000000000000000e+02 2.895000000000000000e+03
2.380000000000000000e+02 2.852000000000000000e+03
3.360000000000000000e+02 2.783000000000000000e+03
1.169000000000000000e+03 3.036000000000000000e+03
2.064000000000000000e+03 3.213000000000000000e+03
1.193000000000000000e+03 3.262000000000000000e+03
1.624000000000000000e+03 3.974000000000000000e+03
1.486000000000000000e+03 3.948000000000000000e+03
1.444000000000000000e+03 3.690000000000000000e+03
1.810000000000000000e+03 3.965000000000000000e+03
1.825000000000000000e+03 3.969000000000000000e+03
1.755000000000000000e+03 3.970000000000000000e+03
1.700000000000000000e+03 3.967000000000000000e+03
1.523000000000000000e+03 3.916000000000000000e+03
1.592000000000000000e+03 3.915000000000000000e+03
1.578000000000000000e+03 3.945000000000000000e+03
1.549000000000000000e+03 3.977000000000000000e+03
1.691000000000000000e+03 3.926000000000000000e+03
1.695000000000000000e+03 3.923000000000000000e+03
1.775000000000000000e+03 3.959000000000000000e+03
1.786000000000000000e+03 3.923000000000000000e+03
1.404000000000000000e+03 3.791000000000000000e+03
1.268000000000000000e+03 3.930000000000000000e+03
1.079000000000000000e+03 3.910000000000000000e+03
1.303000000000000000e+03 3.906000000000000000e+03
1.115000000000000000e+03 3.937000000000000000e+03
1.026000000000000000e+03 3.932000000000000000e+03
1.182000000000000000e+03 3.938000000000000000e+03
1.230000000000000000e+03 3.799000000000000000e+03
1.022000000000000000e+03 3.942000000000000000e+03
9.140000000000000000e+02 3.894000000000000000e+03
1.287000000000000000e+03 3.940000000000000000e+03
1.304000000000000000e+03 3.937000000000000000e+03
5.990000000000000000e+02 3.421000000000000000e+03
8.160000000000000000e+02 3.940000000000000000e+03
8.280000000000000000e+02 3.676000000000000000e+03
9.060000000000000000e+02 3.960000000000000000e+03
5.470000000000000000e+02 3.864000000000000000e+03
6.610000000000000000e+02 3.933000000000000000e+03
7.540000000000000000e+02 3.305000000000000000e+03
5.420000000000000000e+02 3.836000000000000000e+03
3.350000000000000000e+02 3.259000000000000000e+03
5.360000000000000000e+02 3.957000000000000000e+03
5.610000000000000000e+02 3.956000000000000000e+03
3.190000000000000000e+02 3.358000000000000000e+03
3.090000000000000000e+02 3.346000000000000000e+03
3.600000000000000000e+02 3.396000000000000000e+03
3.380000000000000000e+02 3.415000000000000000e+03
5.100000000000000000e+01 3.324000000000000000e+03
2.290000000000000000e+02 3.330000000000000000e+03
3.020000000000000000e+02 3.310000000000000000e+03
3.450000000000000000e+02 3.298000000000000000e+03
5.620000000000000000e+02 3.825000000000000000e+03
1.530000000000000000e+02 3.375000000000000000e+03
5.660000000000000000e+02 2.986000000000000000e+03
5.750000000000000000e+02 3.145000000000000000e+03
3.850000000000000000e+02 3.619000000000000000e+03
3.630000000000000000e+02 3.538000000000000000e+03
5.050000000000000000e+02 3.843000000000000000e+03
4.830000000000000000e+02 3.532000000000000000e+03
2.320000000000000000e+02 3.480000000000000000e+03
2.560000000000000000e+02 3.445000000000000000e+03
1.480000000000000000e+02 3.400000000000000000e+03
2.280000000000000000e+02 3.388000000000000000e+03
1.590000000000000000e+02 3.392000000000000000e+03
6.300000000000000000e+01 3.436000000000000000e+03
1.970000000000000000e+02 3.409000000000000000e+03
1.730000000000000000e+02 3.416000000000000000e+03
1.433000000000000000e+03 3.877000000000000000e+03
1.781000000000000000e+03 2.923000000000000000e+03
1.330000000000000000e+03 3.962000000000000000e+03
1.311000000000000000e+03 3.806000000000000000e+03
1.114000000000000000e+03 3.980000000000000000e+03
1.168000000000000000e+03 3.974000000000000000e+03
1.257000000000000000e+03 3.967000000000000000e+03
1.220000000000000000e+03 3.972000000000000000e+03
7.220000000000000000e+02 3.967000000000000000e+03
7.000000000000000000e+02 3.777000000000000000e+03
6.980000000000000000e+02 3.840000000000000000e+03
7.520000000000000000e+02 3.965000000000000000e+03
1.040000000000000000e+03 3.977000000000000000e+03
1.011000000000000000e+03 3.980000000000000000e+03
7.390000000000000000e+02 3.430000000000000000e+03
9.010000000000000000e+02 3.981000000000000000e+03
7.700000000000000000e+01 3.550000000000000000e+03
1.180000000000000000e+02 3.486000000000000000e+03
1.270000000000000000e+02 3.482000000000000000e+03
8.700000000000000000e+01 3.492000000000000000e+03
2.180000000000000000e+02 3.481000000000000000e+03
1.560000000000000000e+02 3.554000000000000000e+03
1.880000000000000000e+02 3.520000000000000000e+03
1.810000000000000000e+02 3.506000000000000000e+03
1.620000000000000000e+02 2.811000000000000000e+03
1.300000000000000000e+02 2.754000000000000000e+03
4.250000000000000000e+02 2.749000000000000000e+03
2.150000000000000000e+02 2.645000000000000000e+03
2.950000000000000000e+02 3.160000000000000000e+03
5.000000000000000000e+01 3.409000000000000000e+03
3.690000000000000000e+02 3.210000000000000000e+03
4.600000000000000000e+01 3.368000000000000000e+03
1.876000000000000000e+03 3.934000000000000000e+03
2.241000000000000000e+03 3.663000000000000000e+03
2.241000000000000000e+03 3.739000000000000000e+03
2.160000000000000000e+03 3.613000000000000000e+03
2.178000000000000000e+03 3.614000000000000000e+03
2.205000000000000000e+03 3.637000000000000000e+03
2.181000000000000000e+03 3.623000000000000000e+03
2.083000000000000000e+03 3.696000000000000000e+03
2.101000000000000000e+03 3.658000000000000000e+03
2.007000000000000000e+03 3.938000000000000000e+03
2.238000000000000000e+03 3.846000000000000000e+03
2.139000000000000000e+03 3.704000000000000000e+03
2.060000000000000000e+03 3.783000000000000000e+03
2.145000000000000000e+03 3.678000000000000000e+03
2.088000000000000000e+03 3.698000000000000000e+03
2.153000000000000000e+03 3.794000000000000000e+03
2.240000000000000000e+03 3.830000000000000000e+03
2.407000000000000000e+03 3.533000000000000000e+03
2.244000000000000000e+03 3.774000000000000000e+03
2.318000000000000000e+03 3.787000000000000000e+03
1.952000000000000000e+03 3.956000000000000000e+03
2.128000000000000000e+03 3.921000000000000000e+03
2.048000000000000000e+03 3.911000000000000000e+03
2.091000000000000000e+03 3.862000000000000000e+03
2.109000000000000000e+03 3.861000000000000000e+03
2.160000000000000000e+03 3.818000000000000000e+03
2.160000000000000000e+03 3.857000000000000000e+03
2.116000000000000000e+03 3.765000000000000000e+03
2.161000000000000000e+03 3.782000000000000000e+03
2.050000000000000000e+03 3.848000000000000000e+03
2.142000000000000000e+03 3.751000000000000000e+03
2.473000000000000000e+03 3.915000000000000000e+03
2.481000000000000000e+03 3.619000000000000000e+03
2.412000000000000000e+03 3.905000000000000000e+03
2.200000000000000000e+03 3.889000000000000000e+03
2.218000000000000000e+03 3.912000000000000000e+03
2.098000000000000000e+03 3.909000000000000000e+03
2.123000000000000000e+03 3.922000000000000000e+03
2.404000000000000000e+03 3.946000000000000000e+03
2.332000000000000000e+03 3.969000000000000000e+03
2.408000000000000000e+03 3.940000000000000000e+03
2.335000000000000000e+03 3.935000000000000000e+03
2.258000000000000000e+03 3.956000000000000000e+03
2.140000000000000000e+03 3.897000000000000000e+03
2.278000000000000000e+03 3.920000000000000000e+03
2.192000000000000000e+03 3.953000000000000000e+03
2.602000000000000000e+03 3.841000000000000000e+03
2.655000000000000000e+03 3.908000000000000000e+03
2.559000000000000000e+03 3.903000000000000000e+03
2.870000000000000000e+03 3.598000000000000000e+03
2.731000000000000000e+03 3.923000000000000000e+03
2.709000000000000000e+03 3.929000000000000000e+03
2.600000000000000000e+03 3.927000000000000000e+03
2.589000000000000000e+03 3.913000000000000000e+03
2.522000000000000000e+03 3.962000000000000000e+03
2.587000000000000000e+03 3.941000000000000000e+03
2.694000000000000000e+03 3.959000000000000000e+03
2.615000000000000000e+03 3.940000000000000000e+03
2.324000000000000000e+03 3.987000000000000000e+03
2.599000000000000000e+03 3.989000000000000000e+03
2.730000000000000000e+03 3.970000000000000000e+03
2.639000000000000000e+03 3.961000000000000000e+03
3.739000000000000000e+03 2.683000000000000000e+03
3.834000000000000000e+03 2.613000000000000000e+03
3.850000000000000000e+03 2.445000000000000000e+03
3.710000000000000000e+03 2.576000000000000000e+03
3.857000000000000000e+03 2.400000000000000000e+03
3.858000000000000000e+03 2.374000000000000000e+03
3.846000000000000000e+03 2.319000000000000000e+03
3.903000000000000000e+03 2.530000000000000000e+03
3.652000000000000000e+03 2.842000000000000000e+03
3.552000000000000000e+03 2.970000000000000000e+03
3.529000000000000000e+03 2.993000000000000000e+03
3.645000000000000000e+03 2.954000000000000000e+03
3.686000000000000000e+03 2.937000000000000000e+03
3.728000000000000000e+03 2.939000000000000000e+03
3.658000000000000000e+03 2.995000000000000000e+03
3.887000000000000000e+03 2.298000000000000000e+03
3.910000000000000000e+03 2.287000000000000000e+03
3.976000000000000000e+03 2.359000000000000000e+03
3.879000000000000000e+03 2.373000000000000000e+03
3.802000000000000000e+03 2.309000000000000000e+03
3.848000000000000000e+03 2.293000000000000000e+03
3.140000000000000000e+03 2.942000000000000000e+03
3.884000000000000000e+03 2.297000000000000000e+03
3.385000000000000000e+03 2.948000000000000000e+03
3.269000000000000000e+03 2.870000000000000000e+03
3.184000000000000000e+03 2.970000000000000000e+03
3.195000000000000000e+03 2.938000000000000000e+03
3.416000000000000000e+03 3.001000000000000000e+03
3.372000000000000000e+03 3.020000000000000000e+03
3.395000000000000000e+03 2.917000000000000000e+03
3.286000000000000000e+03 3.011000000000000000e+03
3.689000000000000000e+03 3.054000000000000000e+03
3.194000000000000000e+03 3.153000000000000000e+03
3.783000000000000000e+03 3.054000000000000000e+03
3.708000000000000000e+03 3.053000000000000000e+03
3.423000000000000000e+03 3.057000000000000000e+03
3.647000000000000000e+03 3.051000000000000000e+03
2.647000000000000000e+03 3.162000000000000000e+03
3.598000000000000000e+03 3.048000000000000000e+03
2.641000000000000000e+03 3.140000000000000000e+03
3.132000000000000000e+03 3.467000000000000000e+03
2.789000000000000000e+03 3.043000000000000000e+03
2.888000000000000000e+03 3.059000000000000000e+03
2.563000000000000000e+03 3.051000000000000000e+03
2.669000000000000000e+03 3.329000000000000000e+03
2.368000000000000000e+03 3.645000000000000000e+03
2.413000000000000000e+03 3.057000000000000000e+03
2.261000000000000000e+03 3.043000000000000000e+03
2.260000000000000000e+03 3.515000000000000000e+03
2.203000000000000000e+03 3.108000000000000000e+03
2.184000000000000000e+03 3.439000000000000000e+03
2.182000000000000000e+03 3.330000000000000000e+03
2.198000000000000000e+03 3.467000000000000000e+03
2.203000000000000000e+03 3.260000000000000000e+03
2.221000000000000000e+03 3.260000000000000000e+03
3.279000000000000000e+03 3.039000000000000000e+03
3.234000000000000000e+03 3.143000000000000000e+03
2.243000000000000000e+03 3.108000000000000000e+03
2.387000000000000000e+03 3.030000000000000000e+03
2.264000000000000000e+03 3.196000000000000000e+03
2.256000000000000000e+03 3.252000000000000000e+03
2.233000000000000000e+03 3.534000000000000000e+03
2.238000000000000000e+03 3.477000000000000000e+03
3.855000000000000000e+03 2.107000000000000000e+03
3.853000000000000000e+03 2.022000000000000000e+03
3.878000000000000000e+03 2.006000000000000000e+03
3.842000000000000000e+03 2.078000000000000000e+03
3.825000000000000000e+03 2.188000000000000000e+03
3.468000000000000000e+03 3.146000000000000000e+03
3.677000000000000000e+03 2.976000000000000000e+03
3.939000000000000000e+03 2.156000000000000000e+03
3.911000000000000000e+03 2.258000000000000000e+03
3.817000000000000000e+03 2.475000000000000000e+03
3.835000000000000000e+03 2.259000000000000000e+03
3.947000000000000000e+03 2.038000000000000000e+03
3.889000000000000000e+03 2.132000000000000000e+03
3.849000000000000000e+03 2.100000000000000000e+03
3.828000000000000000e+03 2.130000000000000000e+03
3.869000000000000000e+03 2.835000000000000000e+03
3.859000000000000000e+03 2.867000000000000000e+03
3.920000000000000000e+03 2.781000000000000000e+03
3.655000000000000000e+03 2.698000000000000000e+03
3.834000000000000000e+03 2.808000000000000000e+03
3.857000000000000000e+03 2.729000000000000000e+03
3.944000000000000000e+03 2.637000000000000000e+03
3.879000000000000000e+03 2.788000000000000000e+03
3.840000000000000000e+03 2.959000000000000000e+03
3.828000000000000000e+03 2.803000000000000000e+03
3.811000000000000000e+03 2.964000000000000000e+03
3.835000000000000000e+03 3.008000000000000000e+03
3.773000000000000000e+03 2.687000000000000000e+03
3.828000000000000000e+03 2.602000000000000000e+03
3.768000000000000000e+03 2.457000000000000000e+03
3.896000000000000000e+03 2.589000000000000000e+03
2.784000000000000000e+03 2.743000000000000000e+03
2.343000000000000000e+03 3.402000000000000000e+03
2.273000000000000000e+03 3.564000000000000000e+03
2.304000000000000000e+03 3.348000000000000000e+03
2.156000000000000000e+03 3.428000000000000000e+03
2.131000000000000000e+03 3.532000000000000000e+03
2.146000000000000000e+03 3.500000000000000000e+03
2.051000000000000000e+03 3.678000000000000000e+03
2.107000000000000000e+03 3.506000000000000000e+03
2.081000000000000000e+03 3.460000000000000000e+03
2.045000000000000000e+03 3.792000000000000000e+03
2.095000000000000000e+03 3.407000000000000000e+03
2.118000000000000000e+03 3.443000000000000000e+03
2.134000000000000000e+03 3.291000000000000000e+03
2.077000000000000000e+03 3.405000000000000000e+03
2.173000000000000000e+03 3.376000000000000000e+03
2.168000000000000000e+03 3.419000000000000000e+03
3.504000000000000000e+03 2.055000000000000000e+03
2.178000000000000000e+03 3.248000000000000000e+03
3.616000000000000000e+03 2.011000000000000000e+03
3.733000000000000000e+03 2.009000000000000000e+03
3.575000000000000000e+03 2.039000000000000000e+03
3.584000000000000000e+03 2.029000000000000000e+03
2.086000000000000000e+03 3.397000000000000000e+03
2.104000000000000000e+03 3.287000000000000000e+03
2.158000000000000000e+03 3.238000000000000000e+03
2.146000000000000000e+03 3.184000000000000000e+03
2.144000000000000000e+03 3.105000000000000000e+03
2.170000000000000000e+03 3.114000000000000000e+03
2.135000000000000000e+03 3.230000000000000000e+03
2.115000000000000000e+03 3.063000000000000000e+03
3.958000000000000000e+03 3.210000000000000000e+03
3.976000000000000000e+03 3.422000000000000000e+03
3.960000000000000000e+03 3.268000000000000000e+03
3.972000000000000000e+03 3.314000000000000000e+03
3.929000000000000000e+03 3.315000000000000000e+03
3.955000000000000000e+03 3.329000000000000000e+03
3.933000000000000000e+03 3.407000000000000000e+03
3.952000000000000000e+03 3.137000000000000000e+03
3.961000000000000000e+03 3.135000000000000000e+03
3.934000000000000000e+03 3.218000000000000000e+03
3.961000000000000000e+03 3.196000000000000000e+03
3.923000000000000000e+03 3.014000000000000000e+03
3.983000000000000000e+03 2.814000000000000000e+03
3.936000000000000000e+03 3.064000000000000000e+03
3.974000000000000000e+03 3.070000000000000000e+03
3.949000000000000000e+03 2.673000000000000000e+03
3.931000000000000000e+03 2.721000000000000000e+03
3.969000000000000000e+03 2.747000000000000000e+03
3.961000000000000000e+03 2.663000000000000000e+03
3.917000000000000000e+03 2.909000000000000000e+03
3.946000000000000000e+03 2.806000000000000000e+03
3.933000000000000000e+03 3.039000000000000000e+03
3.918000000000000000e+03 3.047000000000000000e+03
3.926000000000000000e+03 2.873000000000000000e+03
3.911000000000000000e+03 2.909000000000000000e+03
3.917000000000000000e+03 2.955000000000000000e+03
3.893000000000000000e+03 2.889000000000000000e+03
3.978000000000000000e+03 2.895000000000000000e+03
3.959000000000000000e+03 2.832000000000000000e+03
3.965000000000000000e+03 2.990000000000000000e+03
3.967000000000000000e+03 2.916000000000000000e+03
3.971000000000000000e+03 2.450000000000000000e+03
3.930000000000000000e+03 2.469000000000000000e+03
3.956000000000000000e+03 2.449000000000000000e+03
3.923000000000000000e+03 2.411000000000000000e+03
3.942000000000000000e+03 2.236000000000000000e+03
3.940000000000000000e+03 2.321000000000000000e+03
3.933000000000000000e+03 2.124000000000000000e+03
3.931000000000000000e+03 2.158000000000000000e+03
3.695000000000000000e+03 2.005000000000000000e+03
3.666000000000000000e+03 1.975000000000000000e+03
3.770000000000000000e+03 1.982000000000000000e+03
3.726000000000000000e+03 1.951000000000000000e+03
3.748000000000000000e+03 2.097000000000000000e+03
3.914000000000000000e+03 2.388000000000000000e+03
3.740000000000000000e+03 2.045000000000000000e+03
3.736000000000000000e+03 2.087000000000000000e+03
3.871000000000000000e+03 1.854000000000000000e+03
3.867000000000000000e+03 1.763000000000000000e+03
3.777000000000000000e+03 1.764000000000000000e+03
3.782000000000000000e+03 1.729000000000000000e+03
3.873000000000000000e+03 1.979000000000000000e+03
3.905000000000000000e+03 1.992000000000000000e+03
3.759000000000000000e+03 1.847000000000000000e+03
3.760000000000000000e+03 1.861000000000000000e+03
3.927000000000000000e+03 1.988000000000000000e+03
3.885000000000000000e+03 1.910000000000000000e+03
3.812000000000000000e+03 1.825000000000000000e+03
3.834000000000000000e+03 1.809000000000000000e+03
3.882000000000000000e+03 1.921000000000000000e+03
3.795000000000000000e+03 1.890000000000000000e+03
3.836000000000000000e+03 2.029000000000000000e+03
3.959000000000000000e+03 2.259000000000000000e+03
2.263000000000000000e+03 3.080000000000000000e+03
2.277000000000000000e+03 2.070000000000000000e+03
4.010000000000000000e+02 2.630000000000000000e+03
2.040000000000000000e+02 1.700000000000000000e+02
2.100000000000000000e+01 1.370000000000000000e+03
2.221000000000000000e+03 1.230000000000000000e+03
