3.411000000000000000e+03 1.354000000000000000e+03
3.972000000000000000e+03 1.361000000000000000e+03
3.964000000000000000e+03 1.303000000000000000e+03
3.954000000000000000e+03 1.514000000000000000e+03
3.951000000000000000e+03 1.481000000000000000e+03
3.473000000000000000e+03 1.572000000000000000e+03
3.910000000000000000e+03 1.656000000000000000e+03
3.895000000000000000e+03 1.422000000000000000e+03
3.799000000000000000e+03 1.398000000000000000e+03
3.880000000000000000e+03 1.522000000000000000e+03
3.860000000000000000e+03 1.489000000000000000e+03
3.879000000000000000e+03 1.603000000000000000e+03
3.940000000000000000e+03 1.488000000000000000e+03
3.943000000000000000e+03 1.429000000000000000e+03
3.938000000000000000e+03 1.407000000000000000e+03
3.887000000000000000e+03 1.770000000000000000e+03
3.894000000000000000e+03 1.810000000000000000e+03
3.866000000000000000e+03 1.650000000000000000e+03
3.916000000000000000e+03 1.696000000000000000e+03
3.906000000000000000e+03 1.712000000000000000e+03
3.934000000000000000e+03 1.724000000000000000e+03
3.919000000000000000e+03 1.778000000000000000e+03
3.959000000000000000e+03 1.868000000000000000e+03
9.330000000000000000e+02 1.310000000000000000e+03
2.750000000000000000e+02 1.082000000000000000e+03
3.265000000000000000e+03 1.698000000000000000e+03
3.023000000000000000e+03 1.710000000000000000e+03
3.930000000000000000e+03 1.933000000000000000e+03
3.930000000000000000e+03 2.105000000000000000e+03
3.887000000000000000e+03 1.881000000000000000e+03
3.877000000000000000e+03 1.837000000000000000e+03
8.500000000000000000e+01 1.042000000000000000e+03
6.600000000000000000e+01 9.310000000000000000e+02
6.900000000000000000e+01 9.990000000000000000e+02
2.400000000000000000e+02 8.410000000000000000e+02
1.250000000000000000e+02 8.560000000000000000e+02
7.400000000000000000e+01 8.610000000000000000e+02
7.600000000000000000e+01 8.750000000000000000e+02
2.660000000000000000e+02 8.900000000000000000e+02
2.730000000000000000e+02 8.850000000000000000e+02
2.050000000000000000e+02 9.680000000000000000e+02
1.430000000000000000e+02 1.213000000000000000e+03
1.160000000000000000e+02 1.233000000000000000e+03
2.480000000000000000e+02 1.006000000000000000e+03
2.580000000000000000e+02 9.570000000000000000e+02
2.430000000000000000e+02 1.075000000000000000e+03
1.990000000000000000e+02 7.230000000000000000e+02
1.460000000000000000e+02 8.050000000000000000e+02
1.590000000000000000e+02 7.140000000000000000e+02
8.400000000000000000e+01 8.240000000000000000e+02
1.740000000000000000e+02 9.170000000000000000e+02
6.600000000000000000e+01 1.165000000000000000e+03
2.000000000000000000e+02 8.080000000000000000e+02
1.870000000000000000e+02 8.100000000000000000e+02
1.960000000000000000e+02 6.660000000000000000e+02
1.810000000000000000e+02 6.690000000000000000e+02
1.100000000000000000e+02 7.940000000000000000e+02
1.300000000000000000e+02 7.540000000000000000e+02
2.450000000000000000e+02 7.400000000000000000e+02
2.740000000000000000e+02 7.870000000000000000e+02
2.920000000000000000e+02 7.250000000000000000e+02
2.460000000000000000e+02 7.240000000000000000e+02
3.954000000000000000e+03 9.530000000000000000e+02
3.976000000000000000e+03 9.280000000000000000e+02
3.950000000000000000e+03 8.900000000000000000e+02
3.931000000000000000e+03 7.590000000000000000e+02
3.921000000000000000e+03 7.160000000000000000e+02
3.925000000000000000e+03 8.310000000000000000e+02
3.945000000000000000e+03 8.380000000000000000e+02
3.877000000000000000e+03 8.920000000000000000e+02
3.842000000000000000e+03 8.550000000000000000e+02
3.918000000000000000e+03 9.760000000000000000e+02
3.902000000000000000e+03 9.270000000000000000e+02
3.859000000000000000e+03 7.090000000000000000e+02
3.953000000000000000e+03 1.027000000000000000e+03
3.875000000000000000e+03 8.080000000000000000e+02
3.827000000000000000e+03 7.480000000000000000e+02
3.906000000000000000e+03 7.460000000000000000e+02
3.927000000000000000e+03 7.350000000000000000e+02
3.834000000000000000e+03 6.600000000000000000e+02
3.051000000000000000e+03 1.028000000000000000e+03
3.925000000000000000e+03 5.040000000000000000e+02
3.904000000000000000e+03 4.890000000000000000e+02
3.166000000000000000e+03 6.790000000000000000e+02
3.412000000000000000e+03 1.002000000000000000e+03
3.927000000000000000e+03 8.700000000000000000e+02
3.886000000000000000e+03 6.420000000000000000e+02
3.881000000000000000e+03 6.570000000000000000e+02
3.832000000000000000e+03 5.630000000000000000e+02
3.898000000000000000e+03 5.360000000000000000e+02
3.862000000000000000e+03 4.950000000000000000e+02
3.869000000000000000e+03 5.590000000000000000e+02
3.872000000000000000e+03 5.920000000000000000e+02
3.565000000000000000e+03 1.160000000000000000e+02
3.631000000000000000e+03 8.500000000000000000e+01
3.504000000000000000e+03 7.700000000000000000e+01
3.537000000000000000e+03 1.080000000000000000e+02
3.675000000000000000e+03 1.350000000000000000e+02
3.892000000000000000e+03 2.260000000000000000e+02
3.675000000000000000e+03 8.300000000000000000e+01
3.726000000000000000e+03 1.190000000000000000e+02
3.384000000000000000e+03 1.500000000000000000e+01
3.443000000000000000e+03 7.000000000000000000e+01
3.348000000000000000e+03 4.000000000000000000e+01
3.319000000000000000e+03 5.300000000000000000e+01
3.589000000000000000e+03 1.600000000000000000e+01
3.622000000000000000e+03 5.300000000000000000e+01
3.529000000000000000e+03 6.600000000000000000e+01
3.554000000000000000e+03 4.500000000000000000e+01
3.765000000000000000e+03 5.600000000000000000e+01
3.887000000000000000e+03 1.040000000000000000e+02
3.686000000000000000e+03 5.300000000000000000e+01
3.854000000000000000e+03 9.700000000000000000e+01
3.959000000000000000e+03 2.100000000000000000e+02
3.930000000000000000e+03 1.790000000000000000e+02
3.773000000000000000e+03 1.310000000000000000e+02
3.808000000000000000e+03 1.470000000000000000e+02
3.923000000000000000e+03 2.130000000000000000e+02
3.851000000000000000e+03 9.900000000000000000e+01
3.824000000000000000e+03 5.100000000000000000e+01
3.807000000000000000e+03 1.800000000000000000e+01
3.961000000000000000e+03 3.260000000000000000e+02
3.971000000000000000e+03 3.460000000000000000e+02
3.677000000000000000e+03 6.300000000000000000e+01
3.827000000000000000e+03 1.300000000000000000e+02
9.450000000000000000e+02 6.300000000000000000e+01
8.230000000000000000e+02 1.060000000000000000e+02
1.017000000000000000e+03 6.500000000000000000e+01
7.820000000000000000e+02 7.900000000000000000e+01
8.660000000000000000e+02 5.000000000000000000e+01
9.070000000000000000e+02 5.300000000000000000e+01
7.860000000000000000e+02 1.540000000000000000e+02
6.980000000000000000e+02 7.000000000000000000e+01
7.380000000000000000e+02 3.200000000000000000e+01
7.480000000000000000e+02 7.700000000000000000e+01
7.180000000000000000e+02 1.310000000000000000e+02
8.230000000000000000e+02 4.500000000000000000e+01
3.966000000000000000e+03 7.650000000000000000e+02
8.020000000000000000e+02 5.300000000000000000e+01
7.760000000000000000e+02 6.800000000000000000e+01
9.580000000000000000e+02 2.240000000000000000e+02
9.910000000000000000e+02 2.220000000000000000e+02
1.024000000000000000e+03 1.200000000000000000e+02
1.101000000000000000e+03 3.600000000000000000e+01
1.069000000000000000e+03 1.270000000000000000e+02
1.059000000000000000e+03 2.620000000000000000e+02
1.171000000000000000e+03 1.800000000000000000e+02
3.276000000000000000e+03 6.190000000000000000e+02
8.520000000000000000e+02 1.910000000000000000e+02
8.430000000000000000e+02 1.540000000000000000e+02
8.010000000000000000e+02 1.580000000000000000e+02
7.550000000000000000e+02 2.590000000000000000e+02
9.020000000000000000e+02 1.590000000000000000e+02
8.870000000000000000e+02 2.220000000000000000e+02
8.980000000000000000e+02 1.920000000000000000e+02
7.990000000000000000e+02 3.310000000000000000e+02
3.954000000000000000e+03 6.700000000000000000e+02
3.771000000000000000e+03 4.470000000000000000e+02
3.917000000000000000e+03 4.930000000000000000e+02
3.863000000000000000e+03 4.820000000000000000e+02
3.873000000000000000e+03 3.410000000000000000e+02
3.886000000000000000e+03 4.780000000000000000e+02
3.847000000000000000e+03 4.600000000000000000e+02
3.974000000000000000e+03 5.290000000000000000e+02
3.674000000000000000e+03 2.510000000000000000e+02
3.671000000000000000e+03 2.470000000000000000e+02
3.907000000000000000e+03 5.500000000000000000e+02
3.694000000000000000e+03 1.900000000000000000e+02
3.642000000000000000e+03 1.820000000000000000e+02
3.570000000000000000e+03 2.380000000000000000e+02
3.576000000000000000e+03 2.050000000000000000e+02
3.956000000000000000e+03 5.420000000000000000e+02
3.965000000000000000e+03 6.110000000000000000e+02
3.947000000000000000e+03 4.190000000000000000e+02
3.930000000000000000e+03 3.170000000000000000e+02
3.956000000000000000e+03 3.970000000000000000e+02
3.978000000000000000e+03 5.430000000000000000e+02
3.950000000000000000e+03 6.330000000000000000e+02
3.952000000000000000e+03 4.360000000000000000e+02
3.847000000000000000e+03 2.120000000000000000e+02
3.813000000000000000e+03 2.270000000000000000e+02
3.847000000000000000e+03 2.620000000000000000e+02
3.896000000000000000e+03 2.350000000000000000e+02
3.787000000000000000e+03 1.850000000000000000e+02
3.783000000000000000e+03 2.140000000000000000e+02
3.768000000000000000e+03 2.580000000000000000e+02
3.726000000000000000e+03 2.440000000000000000e+02
1.569000000000000000e+03 4.300000000000000000e+01
3.032000000000000000e+03 1.500000000000000000e+01
3.217000000000000000e+03 4.300000000000000000e+01
2.526000000000000000e+03 1.960000000000000000e+02
3.228000000000000000e+03 1.000000000000000000e+02
3.095000000000000000e+03 9.200000000000000000e+01
3.169000000000000000e+03 6.700000000000000000e+01
3.088000000000000000e+03 4.400000000000000000e+01
3.083000000000000000e+03 7.900000000000000000e+01
3.173000000000000000e+03 2.800000000000000000e+01
3.016000000000000000e+03 4.900000000000000000e+01
3.010000000000000000e+03 1.110000000000000000e+02
3.052000000000000000e+03 1.290000000000000000e+02
2.986000000000000000e+03 1.650000000000000000e+02
2.999000000000000000e+03 1.200000000000000000e+02
6.210000000000000000e+02 5.200000000000000000e+01
5.690000000000000000e+02 9.400000000000000000e+01
5.820000000000000000e+02 1.230000000000000000e+02
6.180000000000000000e+02 1.310000000000000000e+02
5.580000000000000000e+02 1.800000000000000000e+01
5.260000000000000000e+02 3.400000000000000000e+01
4.930000000000000000e+02 7.200000000000000000e+01
4.560000000000000000e+02 4.200000000000000000e+01
4.730000000000000000e+02 3.090000000000000000e+02
6.580000000000000000e+02 1.490000000000000000e+02
4.990000000000000000e+02 2.550000000000000000e+02
6.210000000000000000e+02 2.290000000000000000e+02
4.930000000000000000e+02 1.540000000000000000e+02
6.310000000000000000e+02 1.930000000000000000e+02
5.810000000000000000e+02 1.980000000000000000e+02
6.610000000000000000e+02 2.340000000000000000e+02
3.404000000000000000e+03 6.100000000000000000e+01
3.456000000000000000e+03 4.000000000000000000e+01
2.510000000000000000e+02 6.200000000000000000e+02
9.800000000000000000e+01 6.910000000000000000e+02
3.136000000000000000e+03 9.200000000000000000e+01
3.238000000000000000e+03 2.260000000000000000e+02
3.350000000000000000e+03 3.040000000000000000e+02
3.338000000000000000e+03 8.900000000000000000e+01
1.017000000000000000e+03 1.950000000000000000e+02
1.005000000000000000e+03 3.320000000000000000e+02
1.897000000000000000e+03 2.640000000000000000e+02
3.354000000000000000e+03 5.690000000000000000e+02
1.117000000000000000e+03 2.640000000000000000e+02
1.124000000000000000e+03 2.310000000000000000e+02
1.081000000000000000e+03 2.440000000000000000e+02
9.630000000000000000e+02 2.670000000000000000e+02
2.250000000000000000e+03 7.600000000000000000e+02
1.744000000000000000e+03 5.610000000000000000e+02
2.760000000000000000e+03 8.820000000000000000e+02
2.344000000000000000e+03 6.720000000000000000e+02
2.630000000000000000e+02 6.030000000000000000e+02
1.093000000000000000e+03 7.970000000000000000e+02
2.331000000000000000e+03 1.134000000000000000e+03
3.004000000000000000e+03 3.230000000000000000e+02
3.260000000000000000e+02 9.860000000000000000e+02
4.200000000000000000e+01 6.940000000000000000e+02
2.389000000000000000e+03 3.730000000000000000e+02
3.039000000000000000e+03 1.720000000000000000e+02
6.490000000000000000e+02 1.183000000000000000e+03
6.110000000000000000e+02 1.181000000000000000e+03
6.100000000000000000e+02 1.021000000000000000e+03
4.840000000000000000e+02 1.178000000000000000e+03
3.848000000000000000e+03 1.254000000000000000e+03
3.801000000000000000e+03 1.229000000000000000e+03
3.845000000000000000e+03 1.226000000000000000e+03
3.940000000000000000e+03 1.244000000000000000e+03
3.909000000000000000e+03 1.319000000000000000e+03
3.878000000000000000e+03 1.272000000000000000e+03
3.885000000000000000e+03 1.310000000000000000e+03
3.699000000000000000e+03 1.253000000000000000e+03
3.762000000000000000e+03 1.353000000000000000e+03
3.821000000000000000e+03 1.405000000000000000e+03
3.795000000000000000e+03 1.385000000000000000e+03
3.766000000000000000e+03 1.264000000000000000e+03
3.886000000000000000e+03 1.192000000000000000e+03
3.826000000000000000e+03 1.336000000000000000e+03
3.608000000000000000e+03 9.130000000000000000e+02
3.895000000000000000e+03 9.800000000000000000e+02
3.943000000000000000e+03 1.123000000000000000e+03
3.848000000000000000e+03 9.560000000000000000e+02
3.826000000000000000e+03 9.990000000000000000e+02
3.957000000000000000e+03 1.147000000000000000e+03
3.844000000000000000e+03 1.056000000000000000e+03
3.883000000000000000e+03 1.037000000000000000e+03
3.922000000000000000e+03 1.122000000000000000e+03
3.774000000000000000e+03 1.154000000000000000e+03
3.588000000000000000e+03 1.179000000000000000e+03
3.720000000000000000e+03 8.120000000000000000e+02
3.650000000000000000e+03 1.168000000000000000e+03
3.526000000000000000e+03 1.167000000000000000e+03
3.531000000000000000e+03 1.191000000000000000e+03
3.728000000000000000e+03 1.161000000000000000e+03
3.855000000000000000e+03 1.174000000000000000e+03
3.640000000000000000e+03 1.027000000000000000e+03
3.687000000000000000e+03 1.066000000000000000e+03
3.918000000000000000e+03 1.186000000000000000e+03
3.791000000000000000e+03 1.191000000000000000e+03
3.835000000000000000e+03 1.170000000000000000e+03
3.859000000000000000e+03 1.119000000000000000e+03
3.899000000000000000e+03 1.141000000000000000e+03
3.951000000000000000e+03 1.562000000000000000e+03
3.965000000000000000e+03 1.587000000000000000e+03
3.903000000000000000e+03 1.499000000000000000e+03
3.896000000000000000e+03 1.536000000000000000e+03
3.811000000000000000e+03 1.455000000000000000e+03
3.430000000000000000e+03 1.352000000000000000e+03
3.804000000000000000e+03 1.495000000000000000e+03
3.813000000000000000e+03 1.455000000000000000e+03
3.988000000000000000e+03 1.763000000000000000e+03
3.917000000000000000e+03 1.943000000000000000e+03
2.220000000000000000e+03 2.164000000000000000e+03
3.983000000000000000e+03 1.724000000000000000e+03
3.785000000000000000e+03 1.842000000000000000e+03
3.959000000000000000e+03 1.690000000000000000e+03
3.747000000000000000e+03 1.550000000000000000e+03
3.725000000000000000e+03 1.921000000000000000e+03
3.563000000000000000e+03 2.145000000000000000e+03
3.342000000000000000e+03 2.202000000000000000e+03
3.367000000000000000e+03 1.917000000000000000e+03
2.835000000000000000e+03 2.605000000000000000e+03
2.547000000000000000e+03 2.658000000000000000e+03
2.612000000000000000e+03 2.675000000000000000e+03
2.440000000000000000e+03 2.875000000000000000e+03
2.419000000000000000e+03 2.836000000000000000e+03
1.910000000000000000e+03 1.311000000000000000e+03
2.069000000000000000e+03 1.351000000000000000e+03
2.141000000000000000e+03 1.337000000000000000e+03
1.918000000000000000e+03 1.415000000000000000e+03
2.144000000000000000e+03 1.611000000000000000e+03
1.562000000000000000e+03 8.950000000000000000e+02
1.596000000000000000e+03 1.917000000000000000e+03
1.931000000000000000e+03 1.306000000000000000e+03
1.890000000000000000e+03 1.308000000000000000e+03
1.699000000000000000e+03 1.348000000000000000e+03
1.719000000000000000e+03 1.388000000000000000e+03
2.109000000000000000e+03 1.825000000000000000e+03
2.081000000000000000e+03 1.612000000000000000e+03
2.044000000000000000e+03 2.123000000000000000e+03
2.194000000000000000e+03 1.888000000000000000e+03
3.922000000000000000e+03 1.624000000000000000e+03
3.777000000000000000e+03 1.701000000000000000e+03
2.824000000000000000e+03 1.509000000000000000e+03
2.066000000000000000e+03 1.373000000000000000e+03
2.002000000000000000e+03 1.295000000000000000e+03
3.506000000000000000e+03 1.424000000000000000e+03
3.807000000000000000e+03 1.663000000000000000e+03
3.810000000000000000e+03 1.592000000000000000e+03
3.834000000000000000e+03 1.640000000000000000e+03
3.846000000000000000e+03 1.666000000000000000e+03
8.680000000000000000e+02 1.209000000000000000e+03
2.515000000000000000e+03 1.483000000000000000e+03
8.630000000000000000e+02 1.253000000000000000e+03
7.150000000000000000e+02 1.253000000000000000e+03
7.300000000000000000e+02 1.314000000000000000e+03
6.970000000000000000e+02 1.302000000000000000e+03
1.140000000000000000e+03 1.251000000000000000e+03
1.023000000000000000e+03 1.286000000000000000e+03
1.896000000000000000e+03 1.214000000000000000e+03
3.225000000000000000e+03 1.188000000000000000e+03
9.930000000000000000e+02 1.296000000000000000e+03
1.038000000000000000e+03 1.332000000000000000e+03
1.359000000000000000e+03 1.219000000000000000e+03
2.490000000000000000e+03 1.221000000000000000e+03
7.170000000000000000e+02 1.319000000000000000e+03
8.770000000000000000e+02 1.340000000000000000e+03
7.050000000000000000e+02 1.373000000000000000e+03
7.270000000000000000e+02 1.361000000000000000e+03
9.800000000000000000e+02 1.252000000000000000e+03
9.850000000000000000e+02 1.305000000000000000e+03
9.800000000000000000e+02 1.218000000000000000e+03
2.089000000000000000e+03 1.060000000000000000e+03
8.770000000000000000e+02 1.238000000000000000e+03
8.380000000000000000e+02 1.267000000000000000e+03
8.140000000000000000e+02 1.303000000000000000e+03
9.090000000000000000e+02 1.263000000000000000e+03
6.740000000000000000e+02 1.175000000000000000e+03
8.560000000000000000e+02 1.194000000000000000e+03
8.310000000000000000e+02 1.278000000000000000e+03
8.290000000000000000e+02 1.185000000000000000e+03
8.200000000000000000e+02 1.310000000000000000e+03
9.980000000000000000e+02 8.460000000000000000e+02
8.230000000000000000e+02 1.199000000000000000e+03
7.790000000000000000e+02 1.178000000000000000e+03
6.580000000000000000e+02 1.271000000000000000e+03
6.360000000000000000e+02 1.279000000000000000e+03
6.430000000000000000e+02 1.304000000000000000e+03
6.490000000000000000e+02 1.309000000000000000e+03
1.330000000000000000e+02 1.597000000000000000e+03
1.560000000000000000e+02 1.543000000000000000e+03
3.500000000000000000e+01 1.942000000000000000e+03
5.320000000000000000e+02 1.261000000000000000e+03
2.290000000000000000e+02 1.371000000000000000e+03
4.270000000000000000e+02 1.234000000000000000e+03
2.160000000000000000e+02 1.368000000000000000e+03
2.500000000000000000e+02 1.183000000000000000e+03
2.500000000000000000e+02 1.085000000000000000e+03
2.680000000000000000e+02 1.062000000000000000e+03
2.960000000000000000e+02 1.092000000000000000e+03
2.840000000000000000e+02 1.146000000000000000e+03
3.630000000000000000e+02 1.193000000000000000e+03
4.280000000000000000e+02 1.193000000000000000e+03
3.310000000000000000e+02 1.189000000000000000e+03
3.260000000000000000e+02 1.522000000000000000e+03
5.620000000000000000e+02 1.399000000000000000e+03
2.800000000000000000e+02 1.438000000000000000e+03
5.980000000000000000e+02 1.323000000000000000e+03
5.680000000000000000e+02 1.315000000000000000e+03
6.180000000000000000e+02 1.267000000000000000e+03
5.060000000000000000e+02 1.281000000000000000e+03
5.060000000000000000e+02 1.213000000000000000e+03
3.100000000000000000e+02 1.263000000000000000e+03
3.610000000000000000e+02 1.265000000000000000e+03
4.000000000000000000e+02 1.232000000000000000e+03
4.460000000000000000e+02 1.250000000000000000e+03
6.850000000000000000e+02 1.336000000000000000e+03
5.270000000000000000e+02 1.317000000000000000e+03
4.870000000000000000e+02 1.370000000000000000e+03
3.130000000000000000e+02 1.373000000000000000e+03
2.080000000000000000e+03 1.696000000000000000e+03
1.564000000000000000e+03 1.401000000000000000e+03
1.476000000000000000e+03 1.331000000000000000e+03
2.090000000000000000e+02 1.209000000000000000e+03
2.330000000000000000e+02 1.219000000000000000e+03
2.940000000000000000e+02 1.233000000000000000e+03
2.130000000000000000e+02 1.271000000000000000e+03
1.663000000000000000e+03 1.140000000000000000e+02
1.815000000000000000e+03 2.750000000000000000e+02
1.056000000000000000e+03 9.710000000000000000e+02
1.862000000000000000e+03 2.330000000000000000e+02
1.700000000000000000e+02 1.191000000000000000e+03
1.950000000000000000e+02 1.216000000000000000e+03
1.260000000000000000e+02 1.244000000000000000e+03
1.070000000000000000e+02 1.210000000000000000e+03
1.645000000000000000e+03 2.900000000000000000e+01
1.722000000000000000e+03 3.300000000000000000e+01
1.741000000000000000e+03 2.100000000000000000e+01
1.811000000000000000e+03 3.000000000000000000e+01
1.885000000000000000e+03 2.500000000000000000e+01
1.909000000000000000e+03 2.700000000000000000e+01
1.826000000000000000e+03 1.800000000000000000e+01
1.840000000000000000e+03 9.000000000000000000e+00
1.766000000000000000e+03 6.800000000000000000e+01
1.803000000000000000e+03 7.000000000000000000e+01
1.861000000000000000e+03 7.100000000000000000e+01
1.816000000000000000e+03 1.100000000000000000e+02
1.674000000000000000e+03 9.100000000000000000e+01
1.683000000000000000e+03 8.200000000000000000e+01
1.732000000000000000e+03 1.130000000000000000e+02
1.628000000000000000e+03 1.140000000000000000e+02
1.728000000000000000e+03 1.695000000000000000e+03
1.451000000000000000e+03 1.550000000000000000e+02
2.072000000000000000e+03 1.084000000000000000e+03
1.178000000000000000e+03 1.210000000000000000e+02
1.146000000000000000e+03 3.200000000000000000e+01
1.218000000000000000e+03 3.100000000000000000e+01
1.497000000000000000e+03 5.390000000000000000e+02
1.600000000000000000e+01 1.001000000000000000e+03
1.600000000000000000e+01 9.850000000000000000e+02
6.100000000000000000e+01 9.450000000000000000e+02
6.500000000000000000e+01 9.850000000000000000e+02
1.010000000000000000e+02 1.023000000000000000e+03
5.970000000000000000e+02 9.560000000000000000e+02
1.450000000000000000e+02 1.011000000000000000e+03
1.500000000000000000e+02 9.630000000000000000e+02
1.466000000000000000e+03 8.200000000000000000e+01
1.391000000000000000e+03 8.500000000000000000e+01
1.578000000000000000e+03 8.100000000000000000e+01
1.504000000000000000e+03 8.800000000000000000e+01
1.414000000000000000e+03 2.500000000000000000e+01
1.493000000000000000e+03 3.000000000000000000e+01
1.592000000000000000e+03 4.300000000000000000e+01
1.567000000000000000e+03 2.600000000000000000e+01
1.376000000000000000e+03 1.050000000000000000e+02
1.245000000000000000e+03 5.500000000000000000e+01
1.347000000000000000e+03 6.600000000000000000e+01
1.361000000000000000e+03 4.200000000000000000e+01
1.338000000000000000e+03 7.400000000000000000e+01
1.259000000000000000e+03 1.220000000000000000e+02
1.489000000000000000e+03 1.240000000000000000e+02
1.422000000000000000e+03 1.080000000000000000e+02
3.500000000000000000e+01 4.560000000000000000e+02
4.950000000000000000e+02 4.810000000000000000e+02
4.500000000000000000e+01 5.250000000000000000e+02
2.000000000000000000e+01 5.210000000000000000e+02
9.000000000000000000e+01 5.770000000000000000e+02
6.600000000000000000e+01 4.970000000000000000e+02
2.250000000000000000e+02 7.400000000000000000e+02
7.850000000000000000e+02 5.300000000000000000e+02
1.880000000000000000e+02 5.330000000000000000e+02
1.630000000000000000e+02 5.590000000000000000e+02
1.450000000000000000e+02 5.810000000000000000e+02
2.160000000000000000e+02 8.390000000000000000e+02
6.200000000000000000e+01 7.000000000000000000e+02
1.130000000000000000e+02 5.220000000000000000e+02
1.470000000000000000e+02 5.070000000000000000e+02
1.510000000000000000e+02 5.550000000000000000e+02
6.700000000000000000e+01 6.230000000000000000e+02
1.500000000000000000e+01 1.176000000000000000e+03
4.000000000000000000e+01 6.020000000000000000e+02
1.200000000000000000e+01 6.050000000000000000e+02
1.340000000000000000e+02 6.200000000000000000e+02
1.060000000000000000e+02 6.490000000000000000e+02
6.900000000000000000e+01 7.520000000000000000e+02
1.100000000000000000e+01 8.220000000000000000e+02
9.500000000000000000e+01 1.084000000000000000e+03
5.700000000000000000e+01 1.091000000000000000e+03
2.100000000000000000e+01 1.090000000000000000e+03
3.500000000000000000e+01 1.029000000000000000e+03
1.630000000000000000e+02 1.020000000000000000e+03
3.270000000000000000e+02 1.133000000000000000e+03
1.270000000000000000e+02 1.055000000000000000e+03
1.510000000000000000e+02 1.064000000000000000e+03
7.800000000000000000e+01 1.747000000000000000e+03
2.500000000000000000e+01 1.292000000000000000e+03
6.000000000000000000e+01 1.248000000000000000e+03
1.170000000000000000e+02 1.253000000000000000e+03
9.900000000000000000e+01 1.304000000000000000e+03
2.000000000000000000e+02 1.523000000000000000e+03
1.250000000000000000e+02 1.359000000000000000e+03
1.700000000000000000e+02 1.283000000000000000e+03
1.860000000000000000e+02 1.334000000000000000e+03
7.700000000000000000e+01 1.469000000000000000e+03
4.000000000000000000e+01 1.573000000000000000e+03
3.200000000000000000e+01 1.671000000000000000e+03
1.120000000000000000e+02 1.289000000000000000e+03
5.800000000000000000e+01 1.416000000000000000e+03
8.100000000000000000e+01 1.358000000000000000e+03
8.100000000000000000e+01 1.450000000000000000e+03
5.900000000000000000e+02 2.287000000000000000e+03
3.600000000000000000e+01 1.493000000000000000e+03
4.300000000000000000e+01 1.435000000000000000e+03
2.900000000000000000e+01 1.633000000000000000e+03
2.900000000000000000e+01 1.671000000000000000e+03
2.200000000000000000e+01 1.856000000000000000e+03
3.700000000000000000e+01 1.848000000000000000e+03
2.100000000000000000e+01 2.016000000000000000e+03
1.900000000000000000e+01 1.821000000000000000e+03
2.100000000000000000e+01 2.186000000000000000e+03
3.100000000000000000e+01 2.104000000000000000e+03
3.800000000000000000e+01 1.445000000000000000e+03
1.080000000000000000e+02 1.413000000000000000e+03
2.400000000000000000e+01 1.609000000000000000e+03
2.000000000000000000e+01 1.687000000000000000e+03
9.400000000000000000e+01 2.877000000000000000e+03
2.350000000000000000e+02 2.918000000000000000e+03
2.210000000000000000e+02 2.869000000000000000e+03
1.890000000000000000e+02 2.936000000000000000e+03
1.630000000000000000e+02 2.967000000000000000e+03
8.900000000000000000e+01 2.887000000000000000e+03
1.540000000000000000e+02 2.970000000000000000e+03
2.300000000000000000e+01 2.986000000000000000e+03
1.800000000000000000e+01 2.950000000000000000e+03
5.800000000000000000e+01 2.870000000000000000e+03
3.600000000000000000e+01 2.901000000000000000e+03
1.480000000000000000e+02 2.613000000000000000e+03
9.200000000000000000e+01 2.644000000000000000e+03
8.800000000000000000e+01 2.696000000000000000e+03
6.600000000000000000e+01 2.842000000000000000e+03
1.450000000000000000e+02 2.774000000000000000e+03
1.230000000000000000e+02 2.770000000000000000e+03
1.680000000000000000e+02 2.844000000000000000e+03
1.440000000000000000e+02 2.800000000000000000e+03
7.000000000000000000e+01 2.782000000000000000e+03
8.400000000000000000e+01 2.754000000000000000e+03
2.200000000000000000e+01 2.780000000000000000e+03
2.900000000000000000e+01 2.661000000000000000e+03
3.600000000000000000e+01 2.755000000000000000e+03
1.080000000000000000e+02 2.560000000000000000e+03
1.040000000000000000e+02 2.626000000000000000e+03
9.300000000000000000e+01 2.587000000000000000e+03
3.500000000000000000e+01 2.529000000000000000e+03
3.100000000000000000e+01 2.618000000000000000e+03
8.500000000000000000e+01 2.570000000000000000e+03
5.800000000000000000e+01 2.557000000000000000e+03
5.110000000000000000e+02 2.752000000000000000e+03
9.500000000000000000e+01 2.910000000000000000e+03
7.600000000000000000e+01 2.882000000000000000e+03
1.280000000000000000e+02 2.888000000000000000e+03
7.000000000000000000e+01 2.900000000000000000e+03
4.300000000000000000e+01 3.067000000000000000e+03
4.900000000000000000e+01 2.990000000000000000e+03
2.390000000000000000e+02 2.504000000000000000e+03
3.930000000000000000e+02 2.470000000000000000e+03
2.380000000000000000e+02 2.569000000000000000e+03
2.400000000000000000e+02 2.504000000000000000e+03
1.370000000000000000e+02 2.536000000000000000e+03
1.820000000000000000e+02 2.544000000000000000e+03
3.850000000000000000e+02 2.686000000000000000e+03
1.720000000000000000e+02 2.591000000000000000e+03
2.500000000000000000e+01 3.386000000000000000e+03
2.200000000000000000e+01 3.310000000000000000e+03
3.800000000000000000e+01 3.194000000000000000e+03
3.000000000000000000e+01 3.198000000000000000e+03
7.700000000000000000e+01 3.319000000000000000e+03
8.100000000000000000e+01 3.299000000000000000e+03
1.080000000000000000e+02 3.254000000000000000e+03
1.230000000000000000e+02 3.302000000000000000e+03
1.480000000000000000e+02 3.087000000000000000e+03
1.260000000000000000e+02 3.133000000000000000e+03
1.140000000000000000e+02 3.062000000000000000e+03
1.500000000000000000e+02 3.042000000000000000e+03
5.100000000000000000e+01 3.129000000000000000e+03
2.600000000000000000e+01 3.118000000000000000e+03
1.070000000000000000e+02 3.164000000000000000e+03
1.180000000000000000e+02 3.215000000000000000e+03
9.600000000000000000e+01 2.359000000000000000e+03
1.240000000000000000e+02 2.411000000000000000e+03
1.620000000000000000e+02 2.181000000000000000e+03
1.690000000000000000e+02 2.487000000000000000e+03
7.480000000000000000e+02 2.472000000000000000e+03
5.790000000000000000e+02 2.470000000000000000e+03
1.081000000000000000e+03 2.474000000000000000e+03
8.780000000000000000e+02 2.471000000000000000e+03
4.790000000000000000e+02 1.307000000000000000e+03
4.800000000000000000e+02 1.367000000000000000e+03
3.480000000000000000e+02 1.434000000000000000e+03
3.960000000000000000e+02 1.354000000000000000e+03
3.740000000000000000e+02 1.288000000000000000e+03
3.410000000000000000e+02 1.375000000000000000e+03
3.330000000000000000e+02 1.344000000000000000e+03
3.250000000000000000e+02 1.302000000000000000e+03
3.900000000000000000e+01 2.056000000000000000e+03
1.120000000000000000e+02 2.128000000000000000e+03
1.012000000000000000e+03 2.295000000000000000e+03
1.620000000000000000e+02 2.181000000000000000e+03
5.100000000000000000e+01 2.188000000000000000e+03
4.000000000000000000e+01 2.202000000000000000e+03
3.900000000000000000e+01 2.314000000000000000e+03
2.290000000000000000e+02 2.197000000000000000e+03
7.760000000000000000e+02 2.287000000000000000e+03
1.346000000000000000e+03 2.469000000000000000e+03
8.320000000000000000e+02 2.365000000000000000e+03
1.000000000000000000e+03 2.442000000000000000e+03
2.800000000000000000e+01 1.949000000000000000e+03
5.900000000000000000e+01 2.024000000000000000e+03
2.900000000000000000e+01 2.365000000000000000e+03
3.600000000000000000e+01 2.276000000000000000e+03
1.640000000000000000e+02 2.744000000000000000e+03
1.800000000000000000e+02 2.692000000000000000e+03
1.650000000000000000e+02 2.682000000000000000e+03
2.010000000000000000e+02 3.270000000000000000e+03
2.400000000000000000e+02 3.288000000000000000e+03
1.830000000000000000e+02 3.335000000000000000e+03
2.840000000000000000e+02 3.340000000000000000e+03
2.200000000000000000e+02 3.029000000000000000e+03
2.280000000000000000e+02 3.035000000000000000e+03
2.130000000000000000e+02 3.114000000000000000e+03
2.190000000000000000e+02 3.163000000000000000e+03
2.250000000000000000e+02 3.225000000000000000e+03
2.140000000000000000e+02 3.177000000000000000e+03
2.120000000000000000e+02 2.909000000000000000e+03
1.210000000000000000e+02 2.813000000000000000e+03
3.990000000000000000e+02 3.431000000000000000e+03
1.030000000000000000e+02 3.345000000000000000e+03
1.850000000000000000e+02 3.427000000000000000e+03
1.880000000000000000e+02 3.463000000000000000e+03
1.560000000000000000e+02 3.557000000000000000e+03
1.940000000000000000e+02 3.531000000000000000e+03
9.520000000000000000e+02 3.691000000000000000e+03
1.350000000000000000e+02 3.502000000000000000e+03
4.180000000000000000e+02 2.994000000000000000e+03
2.070000000000000000e+02 2.883000000000000000e+03
2.110000000000000000e+02 3.385000000000000000e+03
1.200000000000000000e+02 3.320000000000000000e+03
2.140000000000000000e+02 3.360000000000000000e+03
1.049000000000000000e+03 3.543000000000000000e+03
1.955000000000000000e+03 3.624000000000000000e+03
1.108000000000000000e+03 3.548000000000000000e+03
1.595000000000000000e+03 3.959000000000000000e+03
1.489000000000000000e+03 3.934000000000000000e+03
1.446000000000000000e+03 3.743000000000000000e+03
1.732000000000000000e+03 3.948000000000000000e+03
1.778000000000000000e+03 3.971000000000000000e+03
1.700000000000000000e+03 3.939000000000000000e+03
1.629000000000000000e+03 3.938000000000000000e+03
1.504000000000000000e+03 3.890000000000000000e+03
1.531000000000000000e+03 3.861000000000000000e+03
1.551000000000000000e+03 3.922000000000000000e+03
1.544000000000000000e+03 3.967000000000000000e+03
1.627000000000000000e+03 3.918000000000000000e+03
1.626000000000000000e+03 3.873000000000000000e+03
1.708000000000000000e+03 3.956000000000000000e+03
1.684000000000000000e+03 3.889000000000000000e+03
1.469000000000000000e+03 3.740000000000000000e+03
1.389000000000000000e+03 3.883000000000000000e+03
1.324000000000000000e+03 3.873000000000000000e+03
1.409000000000000000e+03 3.871000000000000000e+03
1.275000000000000000e+03 3.889000000000000000e+03
1.247000000000000000e+03 3.901000000000000000e+03
1.346000000000000000e+03 3.896000000000000000e+03
1.235000000000000000e+03 3.897000000000000000e+03
1.201000000000000000e+03 3.922000000000000000e+03
1.100000000000000000e+03 3.861000000000000000e+03
1.307000000000000000e+03 3.939000000000000000e+03
1.353000000000000000e+03 3.928000000000000000e+03
6.450000000000000000e+02 3.423000000000000000e+03
1.062000000000000000e+03 3.907000000000000000e+03
1.024000000000000000e+03 3.618000000000000000e+03
1.082000000000000000e+03 3.926000000000000000e+03
6.510000000000000000e+02 3.887000000000000000e+03
7.710000000000000000e+02 3.916000000000000000e+03
8.170000000000000000e+02 3.349000000000000000e+03
6.350000000000000000e+02 3.893000000000000000e+03
4.910000000000000000e+02 3.638000000000000000e+03
6.490000000000000000e+02 3.934000000000000000e+03
6.310000000000000000e+02 3.950000000000000000e+03
2.100000000000000000e+02 3.745000000000000000e+03
2.170000000000000000e+02 3.666000000000000000e+03
2.420000000000000000e+02 3.769000000000000000e+03
2.260000000000000000e+02 3.759000000000000000e+03
3.500000000000000000e+01 3.377000000000000000e+03
1.710000000000000000e+02 3.660000000000000000e+03
2.440000000000000000e+02 3.592000000000000000e+03
2.630000000000000000e+02 3.754000000000000000e+03
6.530000000000000000e+02 3.803000000000000000e+03
1.410000000000000000e+02 3.456000000000000000e+03
4.700000000000000000e+02 2.934000000000000000e+03
4.830000000000000000e+02 3.234000000000000000e+03
4.930000000000000000e+02 3.723000000000000000e+03
4.370000000000000000e+02 3.799000000000000000e+03
7.060000000000000000e+02 3.827000000000000000e+03
6.320000000000000000e+02 3.625000000000000000e+03
1.370000000000000000e+02 3.689000000000000000e+03
1.530000000000000000e+02 3.658000000000000000e+03
9.600000000000000000e+01 3.551000000000000000e+03
1.440000000000000000e+02 3.606000000000000000e+03
7.600000000000000000e+01 3.563000000000000000e+03
4.000000000000000000e+01 3.530000000000000000e+03
1.310000000000000000e+02 3.605000000000000000e+03
1.000000000000000000e+02 3.572000000000000000e+03
1.395000000000000000e+03 3.938000000000000000e+03
1.558000000000000000e+03 3.318000000000000000e+03
1.329000000000000000e+03 3.966000000000000000e+03
1.303000000000000000e+03 3.874000000000000000e+03
1.137000000000000000e+03 3.963000000000000000e+03
1.177000000000000000e+03 3.972000000000000000e+03
1.265000000000000000e+03 3.966000000000000000e+03
1.224000000000000000e+03 3.970000000000000000e+03
9.400000000000000000e+02 3.947000000000000000e+03
7.950000000000000000e+02 3.778000000000000000e+03
8.660000000000000000e+02 3.849000000000000000e+03
9.260000000000000000e+02 3.951000000000000000e+03
1.088000000000000000e+03 3.976000000000000000e+03
1.084000000000000000e+03 3.966000000000000000e+03
8.350000000000000000e+02 3.428000000000000000e+03
1.018000000000000000e+03 3.959000000000000000e+03
1.700000000000000000e+01 3.740000000000000000e+03
5.800000000000000000e+01 3.712000000000000000e+03
5.500000000000000000e+01 3.677000000000000000e+03
2.400000000000000000e+01 3.672000000000000000e+03
1.560000000000000000e+02 3.747000000000000000e+03
8.100000000000000000e+01 3.761000000000000000e+03
1.100000000000000000e+02 3.726000000000000000e+03
9.600000000000000000e+01 3.712000000000000000e+03
1.000000000000000000e+02 2.884000000000000000e+03
3.200000000000000000e+01 2.811000000000000000e+03
3.290000000000000000e+02 2.808000000000000000e+03
5.200000000000000000e+01 2.693000000000000000e+03
2.600000000000000000e+02 3.315000000000000000e+03
1.500000000000000000e+01 3.470000000000000000e+03
3.020000000000000000e+02 3.394000000000000000e+03
8.000000000000000000e+00 3.429000000000000000e+03
1.773000000000000000e+03 3.936000000000000000e+03
2.243000000000000000e+03 3.892000000000000000e+03
2.258000000000000000e+03 3.924000000000000000e+03
2.111000000000000000e+03 3.913000000000000000e+03
2.119000000000000000e+03 3.907000000000000000e+03
2.170000000000000000e+03 3.902000000000000000e+03
2.144000000000000000e+03 3.904000000000000000e+03
1.930000000000000000e+03 3.901000000000000000e+03
1.850000000000000000e+03 3.880000000000000000e+03
1.929000000000000000e+03 3.948000000000000000e+03
2.184000000000000000e+03 3.902000000000000000e+03
1.835000000000000000e+03 3.803000000000000000e+03
1.812000000000000000e+03 3.869000000000000000e+03
1.778000000000000000e+03 3.846000000000000000e+03
1.800000000000000000e+03 3.890000000000000000e+03
2.183000000000000000e+03 3.910000000000000000e+03
2.320000000000000000e+03 3.965000000000000000e+03
2.474000000000000000e+03 3.713000000000000000e+03
2.372000000000000000e+03 3.944000000000000000e+03
2.183000000000000000e+03 3.744000000000000000e+03
1.835000000000000000e+03 3.984000000000000000e+03
2.111000000000000000e+03 3.963000000000000000e+03
2.051000000000000000e+03 3.975000000000000000e+03
1.981000000000000000e+03 3.923000000000000000e+03
1.967000000000000000e+03 3.944000000000000000e+03
1.998000000000000000e+03 3.882000000000000000e+03
2.030000000000000000e+03 3.904000000000000000e+03
1.892000000000000000e+03 3.836000000000000000e+03
1.936000000000000000e+03 3.842000000000000000e+03
1.872000000000000000e+03 3.902000000000000000e+03
1.886000000000000000e+03 3.810000000000000000e+03
2.516000000000000000e+03 3.810000000000000000e+03
2.485000000000000000e+03 3.642000000000000000e+03
2.460000000000000000e+03 3.812000000000000000e+03
2.126000000000000000e+03 3.839000000000000000e+03
2.130000000000000000e+03 3.853000000000000000e+03
2.050000000000000000e+03 3.858000000000000000e+03
2.042000000000000000e+03 3.876000000000000000e+03
2.468000000000000000e+03 3.882000000000000000e+03
2.419000000000000000e+03 3.929000000000000000e+03
2.504000000000000000e+03 3.879000000000000000e+03
2.440000000000000000e+03 3.878000000000000000e+03
2.388000000000000000e+03 3.940000000000000000e+03
2.211000000000000000e+03 3.940000000000000000e+03
2.407000000000000000e+03 3.883000000000000000e+03
2.306000000000000000e+03 3.923000000000000000e+03
2.632000000000000000e+03 3.821000000000000000e+03
2.624000000000000000e+03 3.877000000000000000e+03
2.560000000000000000e+03 3.840000000000000000e+03
2.755000000000000000e+03 3.625000000000000000e+03
2.629000000000000000e+03 3.949000000000000000e+03
2.625000000000000000e+03 3.973000000000000000e+03
2.533000000000000000e+03 3.975000000000000000e+03
2.533000000000000000e+03 3.966000000000000000e+03
2.535000000000000000e+03 3.899000000000000000e+03
2.602000000000000000e+03 3.843000000000000000e+03
2.653000000000000000e+03 3.878000000000000000e+03
2.615000000000000000e+03 3.857000000000000000e+03
2.358000000000000000e+03 3.958000000000000000e+03
2.563000000000000000e+03 3.928000000000000000e+03
2.656000000000000000e+03 3.923000000000000000e+03
2.590000000000000000e+03 3.941000000000000000e+03
3.574000000000000000e+03 2.310000000000000000e+03
3.624000000000000000e+03 2.266000000000000000e+03
3.427000000000000000e+03 2.207000000000000000e+03
3.276000000000000000e+03 2.403000000000000000e+03
3.328000000000000000e+03 2.216000000000000000e+03
3.267000000000000000e+03 2.227000000000000000e+03
3.261000000000000000e+03 2.115000000000000000e+03
3.758000000000000000e+03 2.242000000000000000e+03
3.098000000000000000e+03 2.080000000000000000e+03
2.878000000000000000e+03 1.804000000000000000e+03
2.834000000000000000e+03 1.672000000000000000e+03
2.852000000000000000e+03 2.134000000000000000e+03
2.905000000000000000e+03 2.132000000000000000e+03
2.817000000000000000e+03 2.120000000000000000e+03
2.793000000000000000e+03 2.011000000000000000e+03
3.363000000000000000e+03 2.130000000000000000e+03
3.421000000000000000e+03 2.111000000000000000e+03
3.622000000000000000e+03 2.187000000000000000e+03
3.409000000000000000e+03 2.092000000000000000e+03
3.322000000000000000e+03 2.094000000000000000e+03
3.299000000000000000e+03 2.167000000000000000e+03
2.836000000000000000e+03 1.194000000000000000e+03
3.808000000000000000e+03 2.039000000000000000e+03
3.026000000000000000e+03 1.179000000000000000e+03
3.100000000000000000e+03 1.549000000000000000e+03
3.101000000000000000e+03 1.203000000000000000e+03
3.128000000000000000e+03 1.504000000000000000e+03
3.161000000000000000e+03 1.187000000000000000e+03
3.112000000000000000e+03 1.167000000000000000e+03
3.274000000000000000e+03 1.235000000000000000e+03
3.035000000000000000e+03 1.173000000000000000e+03
3.046000000000000000e+03 2.984000000000000000e+03
2.981000000000000000e+03 3.110000000000000000e+03
3.266000000000000000e+03 2.985000000000000000e+03
3.121000000000000000e+03 2.977000000000000000e+03
2.757000000000000000e+03 2.977000000000000000e+03
2.680000000000000000e+03 3.029000000000000000e+03
2.480000000000000000e+03 3.306000000000000000e+03
2.476000000000000000e+03 3.109000000000000000e+03
2.266000000000000000e+03 3.196000000000000000e+03
2.424000000000000000e+03 3.456000000000000000e+03
2.288000000000000000e+03 3.045000000000000000e+03
2.396000000000000000e+03 3.035000000000000000e+03
2.281000000000000000e+03 3.197000000000000000e+03
2.400000000000000000e+03 3.369000000000000000e+03
2.274000000000000000e+03 3.823000000000000000e+03
2.285000000000000000e+03 3.612000000000000000e+03
2.283000000000000000e+03 3.711000000000000000e+03
2.229000000000000000e+03 3.846000000000000000e+03
2.266000000000000000e+03 3.753000000000000000e+03
2.187000000000000000e+03 3.817000000000000000e+03
2.211000000000000000e+03 3.794000000000000000e+03
2.184000000000000000e+03 3.824000000000000000e+03
2.268000000000000000e+03 3.813000000000000000e+03
2.317000000000000000e+03 3.828000000000000000e+03
2.489000000000000000e+03 3.224000000000000000e+03
2.436000000000000000e+03 3.257000000000000000e+03
2.344000000000000000e+03 3.766000000000000000e+03
2.328000000000000000e+03 3.664000000000000000e+03
2.377000000000000000e+03 3.711000000000000000e+03
2.393000000000000000e+03 3.725000000000000000e+03
2.317000000000000000e+03 3.886000000000000000e+03
2.353000000000000000e+03 3.862000000000000000e+03
3.842000000000000000e+03 2.132000000000000000e+03
3.322000000000000000e+03 2.109000000000000000e+03
3.432000000000000000e+03 2.085000000000000000e+03
3.214000000000000000e+03 2.146000000000000000e+03
3.180000000000000000e+03 2.192000000000000000e+03
2.353000000000000000e+03 3.046000000000000000e+03
2.436000000000000000e+03 2.634000000000000000e+03
3.612000000000000000e+03 2.123000000000000000e+03
3.421000000000000000e+03 2.114000000000000000e+03
2.728000000000000000e+03 2.157000000000000000e+03
3.029000000000000000e+03 2.169000000000000000e+03
3.813000000000000000e+03 2.037000000000000000e+03
3.211000000000000000e+03 2.114000000000000000e+03
3.068000000000000000e+03 2.150000000000000000e+03
3.023000000000000000e+03 2.183000000000000000e+03
2.896000000000000000e+03 2.832000000000000000e+03
2.609000000000000000e+03 2.937000000000000000e+03
3.106000000000000000e+03 2.672000000000000000e+03
3.058000000000000000e+03 2.304000000000000000e+03
2.816000000000000000e+03 2.267000000000000000e+03
2.805000000000000000e+03 2.197000000000000000e+03
3.410000000000000000e+03 2.271000000000000000e+03
2.949000000000000000e+03 2.244000000000000000e+03
2.495000000000000000e+03 2.947000000000000000e+03
2.695000000000000000e+03 2.466000000000000000e+03
2.508000000000000000e+03 2.868000000000000000e+03
2.586000000000000000e+03 2.913000000000000000e+03
2.645000000000000000e+03 2.232000000000000000e+03
2.676000000000000000e+03 2.148000000000000000e+03
3.383000000000000000e+03 2.264000000000000000e+03
3.186000000000000000e+03 2.214000000000000000e+03
2.633000000000000000e+03 2.993000000000000000e+03
2.241000000000000000e+03 3.568000000000000000e+03
2.151000000000000000e+03 3.649000000000000000e+03
2.146000000000000000e+03 3.619000000000000000e+03
2.108000000000000000e+03 3.772000000000000000e+03
2.013000000000000000e+03 3.770000000000000000e+03
2.050000000000000000e+03 3.762000000000000000e+03
1.972000000000000000e+03 3.810000000000000000e+03
1.972000000000000000e+03 3.711000000000000000e+03
1.983000000000000000e+03 3.723000000000000000e+03
1.978000000000000000e+03 3.867000000000000000e+03
2.038000000000000000e+03 3.689000000000000000e+03
2.014000000000000000e+03 3.694000000000000000e+03
2.088000000000000000e+03 3.679000000000000000e+03
2.044000000000000000e+03 3.715000000000000000e+03
2.157000000000000000e+03 3.758000000000000000e+03
2.146000000000000000e+03 3.784000000000000000e+03
2.872000000000000000e+03 2.110000000000000000e+03
2.190000000000000000e+03 3.466000000000000000e+03
3.218000000000000000e+03 2.094000000000000000e+03
3.447000000000000000e+03 2.061000000000000000e+03
3.098000000000000000e+03 2.088000000000000000e+03
3.152000000000000000e+03 2.089000000000000000e+03
2.070000000000000000e+03 3.709000000000000000e+03
2.093000000000000000e+03 3.681000000000000000e+03
2.148000000000000000e+03 3.670000000000000000e+03
2.155000000000000000e+03 3.642000000000000000e+03
2.211000000000000000e+03 3.615000000000000000e+03
2.234000000000000000e+03 3.620000000000000000e+03
2.151000000000000000e+03 3.664000000000000000e+03
2.180000000000000000e+03 3.573000000000000000e+03
3.828000000000000000e+03 3.664000000000000000e+03
3.777000000000000000e+03 3.892000000000000000e+03
3.823000000000000000e+03 3.879000000000000000e+03
3.779000000000000000e+03 3.776000000000000000e+03
3.797000000000000000e+03 3.822000000000000000e+03
3.772000000000000000e+03 3.743000000000000000e+03
3.734000000000000000e+03 3.864000000000000000e+03
3.905000000000000000e+03 3.869000000000000000e+03
3.863000000000000000e+03 3.874000000000000000e+03
3.847000000000000000e+03 3.947000000000000000e+03
3.896000000000000000e+03 3.946000000000000000e+03
3.914000000000000000e+03 3.564000000000000000e+03
3.983000000000000000e+03 2.722000000000000000e+03
3.842000000000000000e+03 3.777000000000000000e+03
3.895000000000000000e+03 3.732000000000000000e+03
3.855000000000000000e+03 2.264000000000000000e+03
3.871000000000000000e+03 2.264000000000000000e+03
3.907000000000000000e+03 2.249000000000000000e+03
3.907000000000000000e+03 2.284000000000000000e+03
3.973000000000000000e+03 3.018000000000000000e+03
3.978000000000000000e+03 2.817000000000000000e+03
3.948000000000000000e+03 3.739000000000000000e+03
3.952000000000000000e+03 3.752000000000000000e+03
3.941000000000000000e+03 2.841000000000000000e+03
3.772000000000000000e+03 3.042000000000000000e+03
3.528000000000000000e+03 2.967000000000000000e+03
3.729000000000000000e+03 2.960000000000000000e+03
3.978000000000000000e+03 2.892000000000000000e+03
3.966000000000000000e+03 2.780000000000000000e+03
3.944000000000000000e+03 3.724000000000000000e+03
3.967000000000000000e+03 3.525000000000000000e+03
3.667000000000000000e+03 2.241000000000000000e+03
3.548000000000000000e+03 2.238000000000000000e+03
3.637000000000000000e+03 2.250000000000000000e+03
3.454000000000000000e+03 2.197000000000000000e+03
3.666000000000000000e+03 2.191000000000000000e+03
3.594000000000000000e+03 2.198000000000000000e+03
3.805000000000000000e+03 2.133000000000000000e+03
3.767000000000000000e+03 2.145000000000000000e+03
3.578000000000000000e+03 2.104000000000000000e+03
3.611000000000000000e+03 2.114000000000000000e+03
3.634000000000000000e+03 2.112000000000000000e+03
3.710000000000000000e+03 2.097000000000000000e+03
3.571000000000000000e+03 2.139000000000000000e+03
3.725000000000000000e+03 2.209000000000000000e+03
3.498000000000000000e+03 2.141000000000000000e+03
3.509000000000000000e+03 2.129000000000000000e+03
3.924000000000000000e+03 1.931000000000000000e+03
3.919000000000000000e+03 1.904000000000000000e+03
3.788000000000000000e+03 1.864000000000000000e+03
3.793000000000000000e+03 1.823000000000000000e+03
3.893000000000000000e+03 2.030000000000000000e+03
3.927000000000000000e+03 2.036000000000000000e+03
3.762000000000000000e+03 1.952000000000000000e+03
3.761000000000000000e+03 1.968000000000000000e+03
3.917000000000000000e+03 2.031000000000000000e+03
3.869000000000000000e+03 1.985000000000000000e+03
3.813000000000000000e+03 1.944000000000000000e+03
3.830000000000000000e+03 1.917000000000000000e+03
3.865000000000000000e+03 1.999000000000000000e+03
3.782000000000000000e+03 2.019000000000000000e+03
3.763000000000000000e+03 2.117000000000000000e+03
3.930000000000000000e+03 2.145000000000000000e+03
2.351000000000000000e+03 2.980000000000000000e+03
2.227000000000000000e+03 1.220000000000000000e+03
2.710000000000000000e+02 2.490000000000000000e+03
3.270000000000000000e+02 2.900000000000000000e+02
8.900000000000000000e+01 1.400000000000000000e+03
2.467000000000000000e+03 2.240000000000000000e+03
