3.413000000000000000e+03 1.249000000000000000e+03
3.938000000000000000e+03 1.169000000000000000e+03
3.971000000000000000e+03 1.154000000000000000e+03
3.935000000000000000e+03 1.257000000000000000e+03
3.921000000000000000e+03 1.238000000000000000e+03
3.486000000000000000e+03 1.480000000000000000e+03
3.975000000000000000e+03 1.511000000000000000e+03
3.626000000000000000e+03 1.223000000000000000e+03
3.675000000000000000e+03 1.147000000000000000e+03
3.743000000000000000e+03 1.164000000000000000e+03
3.722000000000000000e+03 1.143000000000000000e+03
3.747000000000000000e+03 1.203000000000000000e+03
3.949000000000000000e+03 1.286000000000000000e+03
3.869000000000000000e+03 1.168000000000000000e+03
3.910000000000000000e+03 1.197000000000000000e+03
3.840000000000000000e+03 1.987000000000000000e+03
3.845000000000000000e+03 2.002000000000000000e+03
3.786000000000000000e+03 1.499000000000000000e+03
3.905000000000000000e+03 1.777000000000000000e+03
3.932000000000000000e+03 1.806000000000000000e+03
3.974000000000000000e+03 1.740000000000000000e+03
3.930000000000000000e+03 1.922000000000000000e+03
3.962000000000000000e+03 1.964000000000000000e+03
9.670000000000000000e+02 1.353000000000000000e+03
3.330000000000000000e+02 1.054000000000000000e+03
3.226000000000000000e+03 1.904000000000000000e+03
3.009000000000000000e+03 1.833000000000000000e+03
3.898000000000000000e+03 2.053000000000000000e+03
3.920000000000000000e+03 2.130000000000000000e+03
3.866000000000000000e+03 2.040000000000000000e+03
3.833000000000000000e+03 2.022000000000000000e+03
2.500000000000000000e+01 1.001000000000000000e+03
2.700000000000000000e+01 8.780000000000000000e+02
2.300000000000000000e+01 9.600000000000000000e+02
1.310000000000000000e+02 7.330000000000000000e+02
8.800000000000000000e+01 7.750000000000000000e+02
4.400000000000000000e+01 7.900000000000000000e+02
2.300000000000000000e+01 7.660000000000000000e+02
1.030000000000000000e+02 8.040000000000000000e+02
1.490000000000000000e+02 8.070000000000000000e+02
1.560000000000000000e+02 9.050000000000000000e+02
1.380000000000000000e+02 1.216000000000000000e+03
9.900000000000000000e+01 1.201000000000000000e+03
9.800000000000000000e+01 9.290000000000000000e+02
1.000000000000000000e+02 8.850000000000000000e+02
1.300000000000000000e+02 1.015000000000000000e+03
2.750000000000000000e+02 7.910000000000000000e+02
2.000000000000000000e+02 7.810000000000000000e+02
1.540000000000000000e+02 8.300000000000000000e+02
7.000000000000000000e+01 8.230000000000000000e+02
1.970000000000000000e+02 8.530000000000000000e+02
1.520000000000000000e+02 1.265000000000000000e+03
2.350000000000000000e+02 7.390000000000000000e+02
2.650000000000000000e+02 7.880000000000000000e+02
2.270000000000000000e+02 8.800000000000000000e+02
2.050000000000000000e+02 8.870000000000000000e+02
1.780000000000000000e+02 9.900000000000000000e+02
1.760000000000000000e+02 9.420000000000000000e+02
2.840000000000000000e+02 8.530000000000000000e+02
2.970000000000000000e+02 9.400000000000000000e+02
2.910000000000000000e+02 9.620000000000000000e+02
2.340000000000000000e+02 9.720000000000000000e+02
3.909000000000000000e+03 1.040000000000000000e+03
3.970000000000000000e+03 1.000000000000000000e+03
3.936000000000000000e+03 9.810000000000000000e+02
3.946000000000000000e+03 8.810000000000000000e+02
3.900000000000000000e+03 8.730000000000000000e+02
3.942000000000000000e+03 9.500000000000000000e+02
3.963000000000000000e+03 9.440000000000000000e+02
3.872000000000000000e+03 1.065000000000000000e+03
3.857000000000000000e+03 1.034000000000000000e+03
3.860000000000000000e+03 1.083000000000000000e+03
3.864000000000000000e+03 1.071000000000000000e+03
3.697000000000000000e+03 1.108000000000000000e+03
3.916000000000000000e+03 1.115000000000000000e+03
3.763000000000000000e+03 1.071000000000000000e+03
3.765000000000000000e+03 1.044000000000000000e+03
3.860000000000000000e+03 9.240000000000000000e+02
3.900000000000000000e+03 9.210000000000000000e+02
3.616000000000000000e+03 1.085000000000000000e+03
2.946000000000000000e+03 1.072000000000000000e+03
3.858000000000000000e+03 9.380000000000000000e+02
3.853000000000000000e+03 9.290000000000000000e+02
3.337000000000000000e+03 9.780000000000000000e+02
3.324000000000000000e+03 1.213000000000000000e+03
3.808000000000000000e+03 1.045000000000000000e+03
3.672000000000000000e+03 1.046000000000000000e+03
3.696000000000000000e+03 1.064000000000000000e+03
3.599000000000000000e+03 1.025000000000000000e+03
3.763000000000000000e+03 1.004000000000000000e+03
3.698000000000000000e+03 1.003000000000000000e+03
3.663000000000000000e+03 1.025000000000000000e+03
3.693000000000000000e+03 9.940000000000000000e+02
3.587000000000000000e+03 9.600000000000000000e+01
3.659000000000000000e+03 6.600000000000000000e+01
3.507000000000000000e+03 6.000000000000000000e+01
3.545000000000000000e+03 7.600000000000000000e+01
3.742000000000000000e+03 1.070000000000000000e+02
3.948000000000000000e+03 3.280000000000000000e+02
3.707000000000000000e+03 5.800000000000000000e+01
3.799000000000000000e+03 1.230000000000000000e+02
3.372000000000000000e+03 4.000000000000000000e+00
3.439000000000000000e+03 1.290000000000000000e+02
3.345000000000000000e+03 3.000000000000000000e+01
3.316000000000000000e+03 4.200000000000000000e+01
3.599000000000000000e+03 1.000000000000000000e+01
3.658000000000000000e+03 4.000000000000000000e+01
3.548000000000000000e+03 4.900000000000000000e+01
3.583000000000000000e+03 2.900000000000000000e+01
3.824000000000000000e+03 5.400000000000000000e+01
3.913000000000000000e+03 1.250000000000000000e+02
3.765000000000000000e+03 4.200000000000000000e+01
3.874000000000000000e+03 9.800000000000000000e+01
3.969000000000000000e+03 4.220000000000000000e+02
3.964000000000000000e+03 3.750000000000000000e+02
3.864000000000000000e+03 1.430000000000000000e+02
3.857000000000000000e+03 2.030000000000000000e+02
3.939000000000000000e+03 3.750000000000000000e+02
3.892000000000000000e+03 1.360000000000000000e+02
3.896000000000000000e+03 5.700000000000000000e+01
3.862000000000000000e+03 2.600000000000000000e+01
3.968000000000000000e+03 5.090000000000000000e+02
3.973000000000000000e+03 5.740000000000000000e+02
3.674000000000000000e+03 8.700000000000000000e+01
3.924000000000000000e+03 1.050000000000000000e+02
9.560000000000000000e+02 5.600000000000000000e+01
8.380000000000000000e+02 8.100000000000000000e+01
1.027000000000000000e+03 4.000000000000000000e+01
7.690000000000000000e+02 8.900000000000000000e+01
8.670000000000000000e+02 8.500000000000000000e+01
9.120000000000000000e+02 5.100000000000000000e+01
7.860000000000000000e+02 1.460000000000000000e+02
6.840000000000000000e+02 4.200000000000000000e+01
7.390000000000000000e+02 2.800000000000000000e+01
7.430000000000000000e+02 5.200000000000000000e+01
6.690000000000000000e+02 1.320000000000000000e+02
8.300000000000000000e+02 4.300000000000000000e+01
3.951000000000000000e+03 7.440000000000000000e+02
8.030000000000000000e+02 4.100000000000000000e+01
7.750000000000000000e+02 5.400000000000000000e+01
9.800000000000000000e+02 1.036000000000000000e+03
9.890000000000000000e+02 1.014000000000000000e+03
1.022000000000000000e+03 3.310000000000000000e+02
1.089000000000000000e+03 3.000000000000000000e+01
9.750000000000000000e+02 3.420000000000000000e+02
1.195000000000000000e+03 6.320000000000000000e+02
1.187000000000000000e+03 2.440000000000000000e+02
3.273000000000000000e+03 6.590000000000000000e+02
1.047000000000000000e+03 1.127000000000000000e+03
1.014000000000000000e+03 1.113000000000000000e+03
1.061000000000000000e+03 1.089000000000000000e+03
1.022000000000000000e+03 1.132000000000000000e+03
9.210000000000000000e+02 1.077000000000000000e+03
9.130000000000000000e+02 1.035000000000000000e+03
9.670000000000000000e+02 1.094000000000000000e+03
8.980000000000000000e+02 1.086000000000000000e+03
3.881000000000000000e+03 8.390000000000000000e+02
3.832000000000000000e+03 5.060000000000000000e+02
3.868000000000000000e+03 7.900000000000000000e+02
3.897000000000000000e+03 7.740000000000000000e+02
3.884000000000000000e+03 6.840000000000000000e+02
3.855000000000000000e+03 7.920000000000000000e+02
3.852000000000000000e+03 7.450000000000000000e+02
3.977000000000000000e+03 6.490000000000000000e+02
3.917000000000000000e+03 3.990000000000000000e+02
3.909000000000000000e+03 3.260000000000000000e+02
3.937000000000000000e+03 5.400000000000000000e+02
3.850000000000000000e+03 4.190000000000000000e+02
3.850000000000000000e+03 3.790000000000000000e+02
3.846000000000000000e+03 2.600000000000000000e+02
3.840000000000000000e+03 3.150000000000000000e+02
3.939000000000000000e+03 8.100000000000000000e+02
3.947000000000000000e+03 8.110000000000000000e+02
3.889000000000000000e+03 6.960000000000000000e+02
3.838000000000000000e+03 6.520000000000000000e+02
3.940000000000000000e+03 6.310000000000000000e+02
3.977000000000000000e+03 6.840000000000000000e+02
3.954000000000000000e+03 6.980000000000000000e+02
3.919000000000000000e+03 6.710000000000000000e+02
3.843000000000000000e+03 5.530000000000000000e+02
3.864000000000000000e+03 5.300000000000000000e+02
3.873000000000000000e+03 5.850000000000000000e+02
3.923000000000000000e+03 5.630000000000000000e+02
3.828000000000000000e+03 5.170000000000000000e+02
3.864000000000000000e+03 4.650000000000000000e+02
3.907000000000000000e+03 4.990000000000000000e+02
3.903000000000000000e+03 4.520000000000000000e+02
1.548000000000000000e+03 7.000000000000000000e+01
3.024000000000000000e+03 4.200000000000000000e+01
3.160000000000000000e+03 7.400000000000000000e+01
2.459000000000000000e+03 1.970000000000000000e+02
3.158000000000000000e+03 2.100000000000000000e+02
3.040000000000000000e+03 4.300000000000000000e+01
3.134000000000000000e+03 3.400000000000000000e+01
3.055000000000000000e+03 5.600000000000000000e+01
2.991000000000000000e+03 9.200000000000000000e+01
3.127000000000000000e+03 1.400000000000000000e+01
2.981000000000000000e+03 1.900000000000000000e+01
2.920000000000000000e+03 3.400000000000000000e+01
2.929000000000000000e+03 8.300000000000000000e+01
2.881000000000000000e+03 7.300000000000000000e+01
2.908000000000000000e+03 3.800000000000000000e+01
1.380000000000000000e+02 2.900000000000000000e+01
1.350000000000000000e+02 8.800000000000000000e+01
2.120000000000000000e+02 7.000000000000000000e+01
2.000000000000000000e+02 7.800000000000000000e+01
5.500000000000000000e+02 1.600000000000000000e+01
3.990000000000000000e+02 1.100000000000000000e+01
2.900000000000000000e+02 1.000000000000000000e+01
3.890000000000000000e+02 1.200000000000000000e+01
2.580000000000000000e+02 2.650000000000000000e+02
3.550000000000000000e+02 1.070000000000000000e+02
2.250000000000000000e+02 1.400000000000000000e+02
2.740000000000000000e+02 1.060000000000000000e+02
3.650000000000000000e+02 5.400000000000000000e+01
5.940000000000000000e+02 3.900000000000000000e+01
2.730000000000000000e+02 3.200000000000000000e+01
3.160000000000000000e+02 5.400000000000000000e+01
3.403000000000000000e+03 4.900000000000000000e+01
3.452000000000000000e+03 3.400000000000000000e+01
7.500000000000000000e+01 4.920000000000000000e+02
2.300000000000000000e+01 6.070000000000000000e+02
3.145000000000000000e+03 4.000000000000000000e+01
3.230000000000000000e+03 2.210000000000000000e+02
3.335000000000000000e+03 2.680000000000000000e+02
3.343000000000000000e+03 6.700000000000000000e+01
1.019000000000000000e+03 5.360000000000000000e+02
1.018000000000000000e+03 1.001000000000000000e+03
1.874000000000000000e+03 3.240000000000000000e+02
3.283000000000000000e+03 8.960000000000000000e+02
1.122000000000000000e+03 9.790000000000000000e+02
1.136000000000000000e+03 1.046000000000000000e+03
1.089000000000000000e+03 1.010000000000000000e+03
9.310000000000000000e+02 9.910000000000000000e+02
2.215000000000000000e+03 5.000000000000000000e+02
1.732000000000000000e+03 4.050000000000000000e+02
2.759000000000000000e+03 1.950000000000000000e+02
2.279000000000000000e+03 3.420000000000000000e+02
7.800000000000000000e+01 4.830000000000000000e+02
1.084000000000000000e+03 7.790000000000000000e+02
2.315000000000000000e+03 9.800000000000000000e+01
2.924000000000000000e+03 5.750000000000000000e+02
2.750000000000000000e+02 2.510000000000000000e+02
3.100000000000000000e+01 5.750000000000000000e+02
2.385000000000000000e+03 3.030000000000000000e+02
2.961000000000000000e+03 6.100000000000000000e+01
3.970000000000000000e+02 1.040000000000000000e+02
5.860000000000000000e+02 8.200000000000000000e+01
5.650000000000000000e+02 6.100000000000000000e+01
4.320000000000000000e+02 7.800000000000000000e+01
3.384000000000000000e+03 1.194000000000000000e+03
3.344000000000000000e+03 1.142000000000000000e+03
3.379000000000000000e+03 1.152000000000000000e+03
3.733000000000000000e+03 1.128000000000000000e+03
3.614000000000000000e+03 1.151000000000000000e+03
3.487000000000000000e+03 1.176000000000000000e+03
3.536000000000000000e+03 1.153000000000000000e+03
3.217000000000000000e+03 1.079000000000000000e+03
3.181000000000000000e+03 1.101000000000000000e+03
3.115000000000000000e+03 1.092000000000000000e+03
3.164000000000000000e+03 1.082000000000000000e+03
3.191000000000000000e+03 1.015000000000000000e+03
3.583000000000000000e+03 1.069000000000000000e+03
3.126000000000000000e+03 1.012000000000000000e+03
3.389000000000000000e+03 8.050000000000000000e+02
3.472000000000000000e+03 1.052000000000000000e+03
3.588000000000000000e+03 1.112000000000000000e+03
3.431000000000000000e+03 1.048000000000000000e+03
3.411000000000000000e+03 1.044000000000000000e+03
3.601000000000000000e+03 1.124000000000000000e+03
3.397000000000000000e+03 9.930000000000000000e+02
3.507000000000000000e+03 1.011000000000000000e+03
3.576000000000000000e+03 1.107000000000000000e+03
3.494000000000000000e+03 1.027000000000000000e+03
3.256000000000000000e+03 1.009000000000000000e+03
3.540000000000000000e+03 7.570000000000000000e+02
3.320000000000000000e+03 9.920000000000000000e+02
3.299000000000000000e+03 1.051000000000000000e+03
3.271000000000000000e+03 1.059000000000000000e+03
3.340000000000000000e+03 1.060000000000000000e+03
3.568000000000000000e+03 1.109000000000000000e+03
3.284000000000000000e+03 9.910000000000000000e+02
3.355000000000000000e+03 1.022000000000000000e+03
3.493000000000000000e+03 1.124000000000000000e+03
3.400000000000000000e+03 1.140000000000000000e+03
3.422000000000000000e+03 1.119000000000000000e+03
3.447000000000000000e+03 1.097000000000000000e+03
3.471000000000000000e+03 1.131000000000000000e+03
3.699000000000000000e+03 1.222000000000000000e+03
3.841000000000000000e+03 1.228000000000000000e+03
3.642000000000000000e+03 1.217000000000000000e+03
3.626000000000000000e+03 1.234000000000000000e+03
3.530000000000000000e+03 1.217000000000000000e+03
3.185000000000000000e+03 1.202000000000000000e+03
3.380000000000000000e+03 1.222000000000000000e+03
3.445000000000000000e+03 1.221000000000000000e+03
3.985000000000000000e+03 1.777000000000000000e+03
3.928000000000000000e+03 1.563000000000000000e+03
2.344000000000000000e+03 2.006000000000000000e+03
3.975000000000000000e+03 1.618000000000000000e+03
3.677000000000000000e+03 1.419000000000000000e+03
3.905000000000000000e+03 1.477000000000000000e+03
3.272000000000000000e+03 1.261000000000000000e+03
3.648000000000000000e+03 1.778000000000000000e+03
3.545000000000000000e+03 1.624000000000000000e+03
3.322000000000000000e+03 1.633000000000000000e+03
3.291000000000000000e+03 1.718000000000000000e+03
2.945000000000000000e+03 1.420000000000000000e+03
2.566000000000000000e+03 1.325000000000000000e+03
2.680000000000000000e+03 1.277000000000000000e+03
2.796000000000000000e+03 1.223000000000000000e+03
2.752000000000000000e+03 1.212000000000000000e+03
1.932000000000000000e+03 1.271000000000000000e+03
2.080000000000000000e+03 1.303000000000000000e+03
2.161000000000000000e+03 1.319000000000000000e+03
1.952000000000000000e+03 1.413000000000000000e+03
2.162000000000000000e+03 1.810000000000000000e+03
1.617000000000000000e+03 8.920000000000000000e+02
1.554000000000000000e+03 1.900000000000000000e+03
1.921000000000000000e+03 1.283000000000000000e+03
1.924000000000000000e+03 1.299000000000000000e+03
1.737000000000000000e+03 1.348000000000000000e+03
1.757000000000000000e+03 1.386000000000000000e+03
2.115000000000000000e+03 1.875000000000000000e+03
2.082000000000000000e+03 1.659000000000000000e+03
2.048000000000000000e+03 2.171000000000000000e+03
2.249000000000000000e+03 1.925000000000000000e+03
3.795000000000000000e+03 1.431000000000000000e+03
3.188000000000000000e+03 1.216000000000000000e+03
2.501000000000000000e+03 1.249000000000000000e+03
2.047000000000000000e+03 1.300000000000000000e+03
1.994000000000000000e+03 1.236000000000000000e+03
2.577000000000000000e+03 1.236000000000000000e+03
3.255000000000000000e+03 1.458000000000000000e+03
3.243000000000000000e+03 1.231000000000000000e+03
3.276000000000000000e+03 1.182000000000000000e+03
3.349000000000000000e+03 1.211000000000000000e+03
9.600000000000000000e+02 1.203000000000000000e+03
2.216000000000000000e+03 1.245000000000000000e+03
9.720000000000000000e+02 1.240000000000000000e+03
8.060000000000000000e+02 1.251000000000000000e+03
7.390000000000000000e+02 1.266000000000000000e+03
7.040000000000000000e+02 1.259000000000000000e+03
1.134000000000000000e+03 1.250000000000000000e+03
9.970000000000000000e+02 1.250000000000000000e+03
1.818000000000000000e+03 1.214000000000000000e+03
3.072000000000000000e+03 1.184000000000000000e+03
9.550000000000000000e+02 1.242000000000000000e+03
9.660000000000000000e+02 1.250000000000000000e+03
1.361000000000000000e+03 1.202000000000000000e+03
2.346000000000000000e+03 1.183000000000000000e+03
6.860000000000000000e+02 1.228000000000000000e+03
8.440000000000000000e+02 1.226000000000000000e+03
6.960000000000000000e+02 1.208000000000000000e+03
7.240000000000000000e+02 1.179000000000000000e+03
9.570000000000000000e+02 1.169000000000000000e+03
9.780000000000000000e+02 1.162000000000000000e+03
1.006000000000000000e+03 1.191000000000000000e+03
2.102000000000000000e+03 1.060000000000000000e+03
8.060000000000000000e+02 1.096000000000000000e+03
7.660000000000000000e+02 1.050000000000000000e+03
7.530000000000000000e+02 1.048000000000000000e+03
8.410000000000000000e+02 1.082000000000000000e+03
6.020000000000000000e+02 1.145000000000000000e+03
7.790000000000000000e+02 1.127000000000000000e+03
7.870000000000000000e+02 1.114000000000000000e+03
7.720000000000000000e+02 1.054000000000000000e+03
7.780000000000000000e+02 1.132000000000000000e+03
9.640000000000000000e+02 7.980000000000000000e+02
7.400000000000000000e+02 1.182000000000000000e+03
6.590000000000000000e+02 1.176000000000000000e+03
6.400000000000000000e+02 1.041000000000000000e+03
6.230000000000000000e+02 1.070000000000000000e+03
6.370000000000000000e+02 1.116000000000000000e+03
6.430000000000000000e+02 1.121000000000000000e+03
1.710000000000000000e+02 1.322000000000000000e+03
2.330000000000000000e+02 1.235000000000000000e+03
1.270000000000000000e+02 1.442000000000000000e+03
4.750000000000000000e+02 1.077000000000000000e+03
2.630000000000000000e+02 1.251000000000000000e+03
5.200000000000000000e+02 1.076000000000000000e+03
2.320000000000000000e+02 1.261000000000000000e+03
5.440000000000000000e+02 1.154000000000000000e+03
6.330000000000000000e+02 1.055000000000000000e+03
6.510000000000000000e+02 1.018000000000000000e+03
6.130000000000000000e+02 1.035000000000000000e+03
5.850000000000000000e+02 1.001000000000000000e+03
5.290000000000000000e+02 1.031000000000000000e+03
5.220000000000000000e+02 1.031000000000000000e+03
5.720000000000000000e+02 1.075000000000000000e+03
2.030000000000000000e+02 1.306000000000000000e+03
3.110000000000000000e+02 1.095000000000000000e+03
2.880000000000000000e+02 1.267000000000000000e+03
4.070000000000000000e+02 1.072000000000000000e+03
3.730000000000000000e+02 1.059000000000000000e+03
4.300000000000000000e+02 1.024000000000000000e+03
3.840000000000000000e+02 1.095000000000000000e+03
4.810000000000000000e+02 9.950000000000000000e+02
4.080000000000000000e+02 1.185000000000000000e+03
3.890000000000000000e+02 1.170000000000000000e+03
3.290000000000000000e+02 1.133000000000000000e+03
3.830000000000000000e+02 1.146000000000000000e+03
6.190000000000000000e+02 1.247000000000000000e+03
3.550000000000000000e+02 1.148000000000000000e+03
2.950000000000000000e+02 1.209000000000000000e+03
2.230000000000000000e+02 1.260000000000000000e+03
2.124000000000000000e+03 1.579000000000000000e+03
1.690000000000000000e+03 1.517000000000000000e+03
1.411000000000000000e+03 1.294000000000000000e+03
4.990000000000000000e+02 1.188000000000000000e+03
4.940000000000000000e+02 1.165000000000000000e+03
4.790000000000000000e+02 1.148000000000000000e+03
4.320000000000000000e+02 1.220000000000000000e+03
1.662000000000000000e+03 9.300000000000000000e+01
1.832000000000000000e+03 2.610000000000000000e+02
1.075000000000000000e+03 9.670000000000000000e+02
1.868000000000000000e+03 2.180000000000000000e+02
5.030000000000000000e+02 1.222000000000000000e+03
5.180000000000000000e+02 1.221000000000000000e+03
4.580000000000000000e+02 1.286000000000000000e+03
4.890000000000000000e+02 1.306000000000000000e+03
1.648000000000000000e+03 2.300000000000000000e+01
1.728000000000000000e+03 2.700000000000000000e+01
1.748000000000000000e+03 1.300000000000000000e+01
1.809000000000000000e+03 2.300000000000000000e+01
1.902000000000000000e+03 2.500000000000000000e+01
1.915000000000000000e+03 2.800000000000000000e+01
1.814000000000000000e+03 1.600000000000000000e+01
1.845000000000000000e+03 5.000000000000000000e+00
1.771000000000000000e+03 6.000000000000000000e+01
1.813000000000000000e+03 5.800000000000000000e+01
1.867000000000000000e+03 6.700000000000000000e+01
1.820000000000000000e+03 1.000000000000000000e+02
1.675000000000000000e+03 7.600000000000000000e+01
1.688000000000000000e+03 6.700000000000000000e+01
1.738000000000000000e+03 9.900000000000000000e+01
1.638000000000000000e+03 9.400000000000000000e+01
1.536000000000000000e+03 1.476000000000000000e+03
1.466000000000000000e+03 1.310000000000000000e+02
1.976000000000000000e+03 1.203000000000000000e+03
1.186000000000000000e+03 1.050000000000000000e+02
1.147000000000000000e+03 2.300000000000000000e+01
1.221000000000000000e+03 2.400000000000000000e+01
1.529000000000000000e+03 4.370000000000000000e+02
7.700000000000000000e+01 1.036000000000000000e+03
6.000000000000000000e+01 9.960000000000000000e+02
1.110000000000000000e+02 1.013000000000000000e+03
1.240000000000000000e+02 1.035000000000000000e+03
1.340000000000000000e+02 1.084000000000000000e+03
6.920000000000000000e+02 1.059000000000000000e+03
1.910000000000000000e+02 1.133000000000000000e+03
1.980000000000000000e+02 1.099000000000000000e+03
1.469000000000000000e+03 6.400000000000000000e+01
1.399000000000000000e+03 6.300000000000000000e+01
1.576000000000000000e+03 6.300000000000000000e+01
1.503000000000000000e+03 6.900000000000000000e+01
1.416000000000000000e+03 1.500000000000000000e+01
1.489000000000000000e+03 1.500000000000000000e+01
1.596000000000000000e+03 3.200000000000000000e+01
1.567000000000000000e+03 2.100000000000000000e+01
1.388000000000000000e+03 8.100000000000000000e+01
1.244000000000000000e+03 4.700000000000000000e+01
1.351000000000000000e+03 5.100000000000000000e+01
1.361000000000000000e+03 2.700000000000000000e+01
1.339000000000000000e+03 7.400000000000000000e+01
1.258000000000000000e+03 2.320000000000000000e+02
1.493000000000000000e+03 1.020000000000000000e+02
1.418000000000000000e+03 1.820000000000000000e+02
1.050000000000000000e+02 6.030000000000000000e+02
3.870000000000000000e+02 7.010000000000000000e+02
4.800000000000000000e+01 5.910000000000000000e+02
2.900000000000000000e+01 5.850000000000000000e+02
1.090000000000000000e+02 6.150000000000000000e+02
8.100000000000000000e+01 5.750000000000000000e+02
1.230000000000000000e+02 6.350000000000000000e+02
8.020000000000000000e+02 4.700000000000000000e+02
2.340000000000000000e+02 5.720000000000000000e+02
2.360000000000000000e+02 5.930000000000000000e+02
2.400000000000000000e+02 6.190000000000000000e+02
2.820000000000000000e+02 8.330000000000000000e+02
9.300000000000000000e+01 6.660000000000000000e+02
1.570000000000000000e+02 5.610000000000000000e+02
1.870000000000000000e+02 5.550000000000000000e+02
1.930000000000000000e+02 5.940000000000000000e+02
2.180000000000000000e+02 6.800000000000000000e+02
3.000000000000000000e+01 1.212000000000000000e+03
1.650000000000000000e+02 6.810000000000000000e+02
1.480000000000000000e+02 6.610000000000000000e+02
2.610000000000000000e+02 6.600000000000000000e+02
2.620000000000000000e+02 6.810000000000000000e+02
1.390000000000000000e+02 8.260000000000000000e+02
5.300000000000000000e+01 7.670000000000000000e+02
2.330000000000000000e+02 1.081000000000000000e+03
1.960000000000000000e+02 1.081000000000000000e+03
1.620000000000000000e+02 1.068000000000000000e+03
1.310000000000000000e+02 9.870000000000000000e+02
2.530000000000000000e+02 1.125000000000000000e+03
4.180000000000000000e+02 1.146000000000000000e+03
2.680000000000000000e+02 1.047000000000000000e+03
2.720000000000000000e+02 1.081000000000000000e+03
2.830000000000000000e+02 1.989000000000000000e+03
4.220000000000000000e+02 1.269000000000000000e+03
4.760000000000000000e+02 1.254000000000000000e+03
5.360000000000000000e+02 1.267000000000000000e+03
4.840000000000000000e+02 1.384000000000000000e+03
5.330000000000000000e+02 1.469000000000000000e+03
5.090000000000000000e+02 1.357000000000000000e+03
5.940000000000000000e+02 2.360000000000000000e+03
5.490000000000000000e+02 2.373000000000000000e+03
4.310000000000000000e+02 2.321000000000000000e+03
4.310000000000000000e+02 2.265000000000000000e+03
3.240000000000000000e+02 2.168000000000000000e+03
7.730000000000000000e+02 2.372000000000000000e+03
6.070000000000000000e+02 2.310000000000000000e+03
6.880000000000000000e+02 2.302000000000000000e+03
3.910000000000000000e+02 2.355000000000000000e+03
7.690000000000000000e+02 2.706000000000000000e+03
4.010000000000000000e+02 2.446000000000000000e+03
3.920000000000000000e+02 2.387000000000000000e+03
3.500000000000000000e+02 2.421000000000000000e+03
3.420000000000000000e+02 2.445000000000000000e+03
3.050000000000000000e+02 2.442000000000000000e+03
2.890000000000000000e+02 2.419000000000000000e+03
2.190000000000000000e+02 2.407000000000000000e+03
2.270000000000000000e+02 2.334000000000000000e+03
1.720000000000000000e+02 2.402000000000000000e+03
2.060000000000000000e+02 2.403000000000000000e+03
3.470000000000000000e+02 1.338000000000000000e+03
3.880000000000000000e+02 1.288000000000000000e+03
2.660000000000000000e+02 2.231000000000000000e+03
2.380000000000000000e+02 2.316000000000000000e+03
8.400000000000000000e+01 2.897000000000000000e+03
1.990000000000000000e+02 2.964000000000000000e+03
1.970000000000000000e+02 2.901000000000000000e+03
1.690000000000000000e+02 2.985000000000000000e+03
1.490000000000000000e+02 2.998000000000000000e+03
7.400000000000000000e+01 2.907000000000000000e+03
1.300000000000000000e+02 3.006000000000000000e+03
2.600000000000000000e+01 2.999000000000000000e+03
2.100000000000000000e+01 2.961000000000000000e+03
8.600000000000000000e+01 2.893000000000000000e+03
5.400000000000000000e+01 2.914000000000000000e+03
1.500000000000000000e+02 2.671000000000000000e+03
9.600000000000000000e+01 2.698000000000000000e+03
1.020000000000000000e+02 2.791000000000000000e+03
8.300000000000000000e+01 2.859000000000000000e+03
1.590000000000000000e+02 2.785000000000000000e+03
1.280000000000000000e+02 2.772000000000000000e+03
1.660000000000000000e+02 2.860000000000000000e+03
1.520000000000000000e+02 2.814000000000000000e+03
6.700000000000000000e+01 2.790000000000000000e+03
9.200000000000000000e+01 2.764000000000000000e+03
2.300000000000000000e+01 2.785000000000000000e+03
3.100000000000000000e+01 2.662000000000000000e+03
2.900000000000000000e+01 2.761000000000000000e+03
1.030000000000000000e+02 2.597000000000000000e+03
1.090000000000000000e+02 2.686000000000000000e+03
9.100000000000000000e+01 2.627000000000000000e+03
1.070000000000000000e+02 2.523000000000000000e+03
6.500000000000000000e+01 2.624000000000000000e+03
1.020000000000000000e+02 2.591000000000000000e+03
1.000000000000000000e+02 2.554000000000000000e+03
5.870000000000000000e+02 2.730000000000000000e+03
5.800000000000000000e+01 2.849000000000000000e+03
5.900000000000000000e+01 2.895000000000000000e+03
1.180000000000000000e+02 2.899000000000000000e+03
9.800000000000000000e+01 2.918000000000000000e+03
4.300000000000000000e+01 3.090000000000000000e+03
3.900000000000000000e+01 3.013000000000000000e+03
6.060000000000000000e+02 2.470000000000000000e+03
6.820000000000000000e+02 2.435000000000000000e+03
5.280000000000000000e+02 2.479000000000000000e+03
5.740000000000000000e+02 2.457000000000000000e+03
4.010000000000000000e+02 2.466000000000000000e+03
4.580000000000000000e+02 2.457000000000000000e+03
5.060000000000000000e+02 2.594000000000000000e+03
3.840000000000000000e+02 2.487000000000000000e+03
3.000000000000000000e+01 3.371000000000000000e+03
3.600000000000000000e+01 3.302000000000000000e+03
4.400000000000000000e+01 3.200000000000000000e+03
3.100000000000000000e+01 3.204000000000000000e+03
9.800000000000000000e+01 3.292000000000000000e+03
1.070000000000000000e+02 3.268000000000000000e+03
1.340000000000000000e+02 3.238000000000000000e+03
1.710000000000000000e+02 3.282000000000000000e+03
1.790000000000000000e+02 3.097000000000000000e+03
1.840000000000000000e+02 3.165000000000000000e+03
1.140000000000000000e+02 3.101000000000000000e+03
1.360000000000000000e+02 3.074000000000000000e+03
6.500000000000000000e+01 3.151000000000000000e+03
3.200000000000000000e+01 3.135000000000000000e+03
1.220000000000000000e+02 3.171000000000000000e+03
1.370000000000000000e+02 3.204000000000000000e+03
4.990000000000000000e+02 2.347000000000000000e+03
5.680000000000000000e+02 2.354000000000000000e+03
3.740000000000000000e+02 2.237000000000000000e+03
5.550000000000000000e+02 2.415000000000000000e+03
7.980000000000000000e+02 2.398000000000000000e+03
7.560000000000000000e+02 2.426000000000000000e+03
9.160000000000000000e+02 2.391000000000000000e+03
8.730000000000000000e+02 2.393000000000000000e+03
6.400000000000000000e+01 1.122000000000000000e+03
4.800000000000000000e+01 1.174000000000000000e+03
4.900000000000000000e+01 1.236000000000000000e+03
1.110000000000000000e+02 1.177000000000000000e+03
6.600000000000000000e+01 1.048000000000000000e+03
1.090000000000000000e+02 1.176000000000000000e+03
1.020000000000000000e+02 1.106000000000000000e+03
4.300000000000000000e+01 1.064000000000000000e+03
1.900000000000000000e+01 2.014000000000000000e+03
9.100000000000000000e+01 2.165000000000000000e+03
9.190000000000000000e+02 2.171000000000000000e+03
1.310000000000000000e+02 2.146000000000000000e+03
8.100000000000000000e+01 2.358000000000000000e+03
4.000000000000000000e+01 2.335000000000000000e+03
3.000000000000000000e+01 2.452000000000000000e+03
1.670000000000000000e+02 2.197000000000000000e+03
6.150000000000000000e+02 2.287000000000000000e+03
1.046000000000000000e+03 2.386000000000000000e+03
7.140000000000000000e+02 2.309000000000000000e+03
8.860000000000000000e+02 2.352000000000000000e+03
6.400000000000000000e+01 2.227000000000000000e+03
1.490000000000000000e+02 2.356000000000000000e+03
1.020000000000000000e+02 2.457000000000000000e+03
1.180000000000000000e+02 2.452000000000000000e+03
3.300000000000000000e+02 2.500000000000000000e+03
2.110000000000000000e+02 2.509000000000000000e+03
1.620000000000000000e+02 2.558000000000000000e+03
9.230000000000000000e+02 2.478000000000000000e+03
9.010000000000000000e+02 2.445000000000000000e+03
9.670000000000000000e+02 2.476000000000000000e+03
6.880000000000000000e+02 2.708000000000000000e+03
6.680000000000000000e+02 2.507000000000000000e+03
6.680000000000000000e+02 2.506000000000000000e+03
7.570000000000000000e+02 2.473000000000000000e+03
7.730000000000000000e+02 2.472000000000000000e+03
8.690000000000000000e+02 2.480000000000000000e+03
8.290000000000000000e+02 2.517000000000000000e+03
1.770000000000000000e+02 2.673000000000000000e+03
1.340000000000000000e+02 2.663000000000000000e+03
1.130000000000000000e+03 2.584000000000000000e+03
5.130000000000000000e+02 2.585000000000000000e+03
1.046000000000000000e+03 2.450000000000000000e+03
1.086000000000000000e+03 2.438000000000000000e+03
1.193000000000000000e+03 2.471000000000000000e+03
1.161000000000000000e+03 2.424000000000000000e+03
1.446000000000000000e+03 3.153000000000000000e+03
1.111000000000000000e+03 2.483000000000000000e+03
5.310000000000000000e+02 2.571000000000000000e+03
3.360000000000000000e+02 2.527000000000000000e+03
1.001000000000000000e+03 2.437000000000000000e+03
5.140000000000000000e+02 2.580000000000000000e+03
6.150000000000000000e+02 2.552000000000000000e+03
1.565000000000000000e+03 2.954000000000000000e+03
1.929000000000000000e+03 3.428000000000000000e+03
1.424000000000000000e+03 3.142000000000000000e+03
1.574000000000000000e+03 3.959000000000000000e+03
1.463000000000000000e+03 3.932000000000000000e+03
1.445000000000000000e+03 3.706000000000000000e+03
1.649000000000000000e+03 3.957000000000000000e+03
1.759000000000000000e+03 3.977000000000000000e+03
1.615000000000000000e+03 3.940000000000000000e+03
1.572000000000000000e+03 3.935000000000000000e+03
1.436000000000000000e+03 3.872000000000000000e+03
1.472000000000000000e+03 3.844000000000000000e+03
1.510000000000000000e+03 3.902000000000000000e+03
1.526000000000000000e+03 3.963000000000000000e+03
1.565000000000000000e+03 3.859000000000000000e+03
1.559000000000000000e+03 3.868000000000000000e+03
1.717000000000000000e+03 3.925000000000000000e+03
1.608000000000000000e+03 3.850000000000000000e+03
1.427000000000000000e+03 3.719000000000000000e+03
1.359000000000000000e+03 3.874000000000000000e+03
1.247000000000000000e+03 3.852000000000000000e+03
1.360000000000000000e+03 3.856000000000000000e+03
1.266000000000000000e+03 3.895000000000000000e+03
1.244000000000000000e+03 3.909000000000000000e+03
1.316000000000000000e+03 3.906000000000000000e+03
1.260000000000000000e+03 3.896000000000000000e+03
1.193000000000000000e+03 3.917000000000000000e+03
1.098000000000000000e+03 3.858000000000000000e+03
1.309000000000000000e+03 3.928000000000000000e+03
1.341000000000000000e+03 3.923000000000000000e+03
6.910000000000000000e+02 3.389000000000000000e+03
1.060000000000000000e+03 3.904000000000000000e+03
1.041000000000000000e+03 3.702000000000000000e+03
1.080000000000000000e+03 3.921000000000000000e+03
6.430000000000000000e+02 3.871000000000000000e+03
7.610000000000000000e+02 3.897000000000000000e+03
8.100000000000000000e+02 3.291000000000000000e+03
6.180000000000000000e+02 3.898000000000000000e+03
4.740000000000000000e+02 3.654000000000000000e+03
6.340000000000000000e+02 3.930000000000000000e+03
6.210000000000000000e+02 3.954000000000000000e+03
1.240000000000000000e+02 3.410000000000000000e+03
1.450000000000000000e+02 3.375000000000000000e+03
1.580000000000000000e+02 3.446000000000000000e+03
1.740000000000000000e+02 3.409000000000000000e+03
5.000000000000000000e+01 3.344000000000000000e+03
1.050000000000000000e+02 3.370000000000000000e+03
1.720000000000000000e+02 3.336000000000000000e+03
2.070000000000000000e+02 3.419000000000000000e+03
6.330000000000000000e+02 3.792000000000000000e+03
9.200000000000000000e+01 3.384000000000000000e+03
4.470000000000000000e+02 3.755000000000000000e+03
4.470000000000000000e+02 3.597000000000000000e+03
4.780000000000000000e+02 3.771000000000000000e+03
4.180000000000000000e+02 3.846000000000000000e+03
7.010000000000000000e+02 3.860000000000000000e+03
6.140000000000000000e+02 3.786000000000000000e+03
1.740000000000000000e+02 3.607000000000000000e+03
1.870000000000000000e+02 3.576000000000000000e+03
9.600000000000000000e+01 3.478000000000000000e+03
1.430000000000000000e+02 3.486000000000000000e+03
1.060000000000000000e+02 3.490000000000000000e+03
4.600000000000000000e+01 3.481000000000000000e+03
1.550000000000000000e+02 3.535000000000000000e+03
1.080000000000000000e+02 3.471000000000000000e+03
1.387000000000000000e+03 3.922000000000000000e+03
1.513000000000000000e+03 3.119000000000000000e+03
1.333000000000000000e+03 3.960000000000000000e+03
1.299000000000000000e+03 3.896000000000000000e+03
1.136000000000000000e+03 3.959000000000000000e+03
1.174000000000000000e+03 3.962000000000000000e+03
1.259000000000000000e+03 3.966000000000000000e+03
1.221000000000000000e+03 3.967000000000000000e+03
9.340000000000000000e+02 3.951000000000000000e+03
7.930000000000000000e+02 3.776000000000000000e+03
8.680000000000000000e+02 3.857000000000000000e+03
9.210000000000000000e+02 3.951000000000000000e+03
1.085000000000000000e+03 3.970000000000000000e+03
1.088000000000000000e+03 3.972000000000000000e+03
7.850000000000000000e+02 3.425000000000000000e+03
1.017000000000000000e+03 3.960000000000000000e+03
2.300000000000000000e+01 3.641000000000000000e+03
6.000000000000000000e+01 3.611000000000000000e+03
7.100000000000000000e+01 3.590000000000000000e+03
3.200000000000000000e+01 3.586000000000000000e+03
1.280000000000000000e+02 3.622000000000000000e+03
9.000000000000000000e+01 3.656000000000000000e+03
1.330000000000000000e+02 3.633000000000000000e+03
1.250000000000000000e+02 3.620000000000000000e+03
9.300000000000000000e+01 2.859000000000000000e+03
2.200000000000000000e+01 2.769000000000000000e+03
2.990000000000000000e+02 2.767000000000000000e+03
6.500000000000000000e+01 2.656000000000000000e+03
2.420000000000000000e+02 3.192000000000000000e+03
1.600000000000000000e+01 3.441000000000000000e+03
3.040000000000000000e+02 3.375000000000000000e+03
1.700000000000000000e+01 3.392000000000000000e+03
1.750000000000000000e+03 3.942000000000000000e+03
2.124000000000000000e+03 3.896000000000000000e+03
2.146000000000000000e+03 3.906000000000000000e+03
2.025000000000000000e+03 3.913000000000000000e+03
2.026000000000000000e+03 3.888000000000000000e+03
2.052000000000000000e+03 3.903000000000000000e+03
2.045000000000000000e+03 3.886000000000000000e+03
1.926000000000000000e+03 3.868000000000000000e+03
1.867000000000000000e+03 3.850000000000000000e+03
1.927000000000000000e+03 3.925000000000000000e+03
2.183000000000000000e+03 3.829000000000000000e+03
1.701000000000000000e+03 3.831000000000000000e+03
1.774000000000000000e+03 3.886000000000000000e+03
1.793000000000000000e+03 3.837000000000000000e+03
1.825000000000000000e+03 3.863000000000000000e+03
2.065000000000000000e+03 3.904000000000000000e+03
2.158000000000000000e+03 3.946000000000000000e+03
2.328000000000000000e+03 3.671000000000000000e+03
2.166000000000000000e+03 3.901000000000000000e+03
2.150000000000000000e+03 3.785000000000000000e+03
1.803000000000000000e+03 3.978000000000000000e+03
1.937000000000000000e+03 3.954000000000000000e+03
1.878000000000000000e+03 3.961000000000000000e+03
1.826000000000000000e+03 3.948000000000000000e+03
1.804000000000000000e+03 3.927000000000000000e+03
1.713000000000000000e+03 3.912000000000000000e+03
1.868000000000000000e+03 3.962000000000000000e+03
1.690000000000000000e+03 3.889000000000000000e+03
1.677000000000000000e+03 3.909000000000000000e+03
1.785000000000000000e+03 3.898000000000000000e+03
1.676000000000000000e+03 3.861000000000000000e+03
2.105000000000000000e+03 3.685000000000000000e+03
2.134000000000000000e+03 3.532000000000000000e+03
2.085000000000000000e+03 3.693000000000000000e+03
1.977000000000000000e+03 3.738000000000000000e+03
1.982000000000000000e+03 3.749000000000000000e+03
1.949000000000000000e+03 3.818000000000000000e+03
1.947000000000000000e+03 3.822000000000000000e+03
2.085000000000000000e+03 3.779000000000000000e+03
2.101000000000000000e+03 3.821000000000000000e+03
2.077000000000000000e+03 3.754000000000000000e+03
2.036000000000000000e+03 3.768000000000000000e+03
2.091000000000000000e+03 3.816000000000000000e+03
2.063000000000000000e+03 3.896000000000000000e+03
2.003000000000000000e+03 3.796000000000000000e+03
2.020000000000000000e+03 3.874000000000000000e+03
2.259000000000000000e+03 3.791000000000000000e+03
2.280000000000000000e+03 3.865000000000000000e+03
2.171000000000000000e+03 3.740000000000000000e+03
2.739000000000000000e+03 3.576000000000000000e+03
2.413000000000000000e+03 3.977000000000000000e+03
2.481000000000000000e+03 3.980000000000000000e+03
2.489000000000000000e+03 3.969000000000000000e+03
2.512000000000000000e+03 3.945000000000000000e+03
2.163000000000000000e+03 3.834000000000000000e+03
2.145000000000000000e+03 3.766000000000000000e+03
2.369000000000000000e+03 3.930000000000000000e+03
2.256000000000000000e+03 3.866000000000000000e+03
2.159000000000000000e+03 3.969000000000000000e+03
2.329000000000000000e+03 3.951000000000000000e+03
2.487000000000000000e+03 3.925000000000000000e+03
2.472000000000000000e+03 3.943000000000000000e+03
3.757000000000000000e+03 2.703000000000000000e+03
3.763000000000000000e+03 2.581000000000000000e+03
3.919000000000000000e+03 2.324000000000000000e+03
3.776000000000000000e+03 2.470000000000000000e+03
3.967000000000000000e+03 2.301000000000000000e+03
3.963000000000000000e+03 2.352000000000000000e+03
3.923000000000000000e+03 2.254000000000000000e+03
3.935000000000000000e+03 2.548000000000000000e+03
3.573000000000000000e+03 2.907000000000000000e+03
3.384000000000000000e+03 3.065000000000000000e+03
3.348000000000000000e+03 3.080000000000000000e+03
3.472000000000000000e+03 3.057000000000000000e+03
3.538000000000000000e+03 3.019000000000000000e+03
3.530000000000000000e+03 3.056000000000000000e+03
3.453000000000000000e+03 3.095000000000000000e+03
3.922000000000000000e+03 2.180000000000000000e+03
3.899000000000000000e+03 2.172000000000000000e+03
3.953000000000000000e+03 2.253000000000000000e+03
3.854000000000000000e+03 2.263000000000000000e+03
3.861000000000000000e+03 2.237000000000000000e+03
3.938000000000000000e+03 2.209000000000000000e+03
3.032000000000000000e+03 3.024000000000000000e+03
3.762000000000000000e+03 2.308000000000000000e+03
3.306000000000000000e+03 3.028000000000000000e+03
3.272000000000000000e+03 2.966000000000000000e+03
3.089000000000000000e+03 3.024000000000000000e+03
3.064000000000000000e+03 3.000000000000000000e+03
3.254000000000000000e+03 3.071000000000000000e+03
3.228000000000000000e+03 3.071000000000000000e+03
3.202000000000000000e+03 3.007000000000000000e+03
3.159000000000000000e+03 3.046000000000000000e+03
3.846000000000000000e+03 3.192000000000000000e+03
3.186000000000000000e+03 3.213000000000000000e+03
3.881000000000000000e+03 3.149000000000000000e+03
3.773000000000000000e+03 3.116000000000000000e+03
3.591000000000000000e+03 3.187000000000000000e+03
3.944000000000000000e+03 3.182000000000000000e+03
2.587000000000000000e+03 3.208000000000000000e+03
3.906000000000000000e+03 3.182000000000000000e+03
2.585000000000000000e+03 3.176000000000000000e+03
3.102000000000000000e+03 3.499000000000000000e+03
2.717000000000000000e+03 3.098000000000000000e+03
2.912000000000000000e+03 3.095000000000000000e+03
2.509000000000000000e+03 3.081000000000000000e+03
2.706000000000000000e+03 3.372000000000000000e+03
2.348000000000000000e+03 3.669000000000000000e+03
2.380000000000000000e+03 3.069000000000000000e+03
2.168000000000000000e+03 3.083000000000000000e+03
2.228000000000000000e+03 3.550000000000000000e+03
2.109000000000000000e+03 3.175000000000000000e+03
2.115000000000000000e+03 3.496000000000000000e+03
2.101000000000000000e+03 3.382000000000000000e+03
2.137000000000000000e+03 3.561000000000000000e+03
2.122000000000000000e+03 3.299000000000000000e+03
2.146000000000000000e+03 3.254000000000000000e+03
3.504000000000000000e+03 3.128000000000000000e+03
3.489000000000000000e+03 3.210000000000000000e+03
2.161000000000000000e+03 3.102000000000000000e+03
2.274000000000000000e+03 3.083000000000000000e+03
2.287000000000000000e+03 3.179000000000000000e+03
2.199000000000000000e+03 3.229000000000000000e+03
2.143000000000000000e+03 3.521000000000000000e+03
2.162000000000000000e+03 3.456000000000000000e+03
3.495000000000000000e+03 2.111000000000000000e+03
3.600000000000000000e+03 2.025000000000000000e+03
3.518000000000000000e+03 2.021000000000000000e+03
3.606000000000000000e+03 2.077000000000000000e+03
3.630000000000000000e+03 2.143000000000000000e+03
3.333000000000000000e+03 3.271000000000000000e+03
3.518000000000000000e+03 3.189000000000000000e+03
3.747000000000000000e+03 2.101000000000000000e+03
3.717000000000000000e+03 2.170000000000000000e+03
3.577000000000000000e+03 2.768000000000000000e+03
3.555000000000000000e+03 2.132000000000000000e+03
3.710000000000000000e+03 2.039000000000000000e+03
3.591000000000000000e+03 2.067000000000000000e+03
3.476000000000000000e+03 2.054000000000000000e+03
3.466000000000000000e+03 2.102000000000000000e+03
3.898000000000000000e+03 2.836000000000000000e+03
3.889000000000000000e+03 2.876000000000000000e+03
3.908000000000000000e+03 2.757000000000000000e+03
3.645000000000000000e+03 2.738000000000000000e+03
3.803000000000000000e+03 3.047000000000000000e+03
3.799000000000000000e+03 3.034000000000000000e+03
3.941000000000000000e+03 2.720000000000000000e+03
3.886000000000000000e+03 3.014000000000000000e+03
3.868000000000000000e+03 3.073000000000000000e+03
3.781000000000000000e+03 3.041000000000000000e+03
3.799000000000000000e+03 3.077000000000000000e+03
3.843000000000000000e+03 3.088000000000000000e+03
3.639000000000000000e+03 3.083000000000000000e+03
3.650000000000000000e+03 3.027000000000000000e+03
3.735000000000000000e+03 2.469000000000000000e+03
3.817000000000000000e+03 2.765000000000000000e+03
2.684000000000000000e+03 2.866000000000000000e+03
2.181000000000000000e+03 3.489000000000000000e+03
2.144000000000000000e+03 3.601000000000000000e+03
2.072000000000000000e+03 3.491000000000000000e+03
2.068000000000000000e+03 3.620000000000000000e+03
1.983000000000000000e+03 3.680000000000000000e+03
2.009000000000000000e+03 3.638000000000000000e+03
1.929000000000000000e+03 3.743000000000000000e+03
1.919000000000000000e+03 3.616000000000000000e+03
1.944000000000000000e+03 3.607000000000000000e+03
1.958000000000000000e+03 3.809000000000000000e+03
1.954000000000000000e+03 3.561000000000000000e+03
1.923000000000000000e+03 3.574000000000000000e+03
1.985000000000000000e+03 3.512000000000000000e+03
1.990000000000000000e+03 3.586000000000000000e+03
2.092000000000000000e+03 3.569000000000000000e+03
2.084000000000000000e+03 3.611000000000000000e+03
3.137000000000000000e+03 2.116000000000000000e+03
2.138000000000000000e+03 3.304000000000000000e+03
3.197000000000000000e+03 2.038000000000000000e+03
3.411000000000000000e+03 2.024000000000000000e+03
3.168000000000000000e+03 2.082000000000000000e+03
3.169000000000000000e+03 2.065000000000000000e+03
2.024000000000000000e+03 3.582000000000000000e+03
2.035000000000000000e+03 3.517000000000000000e+03
2.041000000000000000e+03 3.495000000000000000e+03
2.032000000000000000e+03 3.424000000000000000e+03
2.083000000000000000e+03 3.402000000000000000e+03
2.112000000000000000e+03 3.405000000000000000e+03
2.053000000000000000e+03 3.468000000000000000e+03
2.042000000000000000e+03 3.372000000000000000e+03
3.891000000000000000e+03 3.241000000000000000e+03
3.864000000000000000e+03 3.388000000000000000e+03
3.910000000000000000e+03 3.344000000000000000e+03
3.893000000000000000e+03 3.279000000000000000e+03
3.849000000000000000e+03 3.275000000000000000e+03
3.877000000000000000e+03 3.293000000000000000e+03
3.835000000000000000e+03 3.351000000000000000e+03
3.952000000000000000e+03 3.318000000000000000e+03
3.982000000000000000e+03 3.358000000000000000e+03
3.932000000000000000e+03 3.418000000000000000e+03
3.961000000000000000e+03 3.407000000000000000e+03
3.944000000000000000e+03 3.153000000000000000e+03
3.982000000000000000e+03 2.815000000000000000e+03
3.959000000000000000e+03 3.249000000000000000e+03
3.981000000000000000e+03 3.213000000000000000e+03
3.939000000000000000e+03 2.681000000000000000e+03
3.921000000000000000e+03 2.725000000000000000e+03
3.964000000000000000e+03 2.747000000000000000e+03
3.951000000000000000e+03 2.665000000000000000e+03
3.932000000000000000e+03 2.915000000000000000e+03
3.954000000000000000e+03 2.812000000000000000e+03
3.965000000000000000e+03 3.093000000000000000e+03
3.959000000000000000e+03 3.121000000000000000e+03
3.936000000000000000e+03 2.859000000000000000e+03
3.938000000000000000e+03 2.915000000000000000e+03
3.937000000000000000e+03 2.961000000000000000e+03
3.926000000000000000e+03 2.899000000000000000e+03
3.975000000000000000e+03 2.894000000000000000e+03
3.964000000000000000e+03 2.818000000000000000e+03
3.986000000000000000e+03 3.029000000000000000e+03
3.980000000000000000e+03 2.925000000000000000e+03
3.964000000000000000e+03 2.457000000000000000e+03
3.920000000000000000e+03 2.476000000000000000e+03
3.943000000000000000e+03 2.460000000000000000e+03
3.890000000000000000e+03 2.433000000000000000e+03
3.809000000000000000e+03 2.170000000000000000e+03
3.871000000000000000e+03 2.283000000000000000e+03
3.722000000000000000e+03 2.113000000000000000e+03
3.743000000000000000e+03 2.109000000000000000e+03
3.402000000000000000e+03 2.028000000000000000e+03
3.344000000000000000e+03 2.025000000000000000e+03
3.327000000000000000e+03 2.102000000000000000e+03
3.258000000000000000e+03 2.096000000000000000e+03
3.458000000000000000e+03 2.109000000000000000e+03
3.807000000000000000e+03 2.395000000000000000e+03
3.439000000000000000e+03 2.100000000000000000e+03
3.465000000000000000e+03 2.150000000000000000e+03
3.548000000000000000e+03 1.980000000000000000e+03
3.469000000000000000e+03 1.978000000000000000e+03
3.185000000000000000e+03 2.022000000000000000e+03
3.169000000000000000e+03 1.992000000000000000e+03
3.620000000000000000e+03 2.044000000000000000e+03
3.673000000000000000e+03 2.047000000000000000e+03
3.182000000000000000e+03 2.079000000000000000e+03
3.176000000000000000e+03 2.092000000000000000e+03
3.799000000000000000e+03 2.067000000000000000e+03
3.641000000000000000e+03 2.016000000000000000e+03
3.261000000000000000e+03 2.000000000000000000e+03
3.337000000000000000e+03 1.989000000000000000e+03
3.541000000000000000e+03 2.022000000000000000e+03
3.242000000000000000e+03 2.079000000000000000e+03
3.401000000000000000e+03 2.171000000000000000e+03
3.855000000000000000e+03 2.274000000000000000e+03
2.168000000000000000e+03 3.120000000000000000e+03
2.347000000000000000e+03 2.150000000000000000e+03
2.230000000000000000e+02 2.540000000000000000e+03
3.200000000000000000e+02 1.200000000000000000e+02
1.300000000000000000e+01 1.280000000000000000e+03
2.450000000000000000e+03 1.250000000000000000e+03
