5.163000000000000000e+03 4.700000000000000000e+02
4.770000000000000000e+03 7.790000000000000000e+02
5.372000000000000000e+03 5.600000000000000000e+02
5.203000000000000000e+03 5.890000000000000000e+02
5.914000000000000000e+03 5.410000000000000000e+02
5.815000000000000000e+03 5.270000000000000000e+02
5.876000000000000000e+03 5.050000000000000000e+02
4.895000000000000000e+03 3.710000000000000000e+02
4.894000000000000000e+03 4.360000000000000000e+02
4.869000000000000000e+03 5.370000000000000000e+02
4.961000000000000000e+03 5.090000000000000000e+02
4.881000000000000000e+03 3.740000000000000000e+02
4.785000000000000000e+03 6.760000000000000000e+02
4.997000000000000000e+03 3.260000000000000000e+02
5.143000000000000000e+03 2.670000000000000000e+02
6.021000000000000000e+03 4.990000000000000000e+02
6.034000000000000000e+03 4.980000000000000000e+02
5.710000000000000000e+03 4.800000000000000000e+02
5.705000000000000000e+03 4.220000000000000000e+02
6.046000000000000000e+03 3.920000000000000000e+02
6.033000000000000000e+03 5.040000000000000000e+02
6.031000000000000000e+03 3.850000000000000000e+02
5.992000000000000000e+03 4.340000000000000000e+02
5.895000000000000000e+03 1.690000000000000000e+02
5.880000000000000000e+03 1.630000000000000000e+02
6.041000000000000000e+03 1.980000000000000000e+02
5.965000000000000000e+03 1.320000000000000000e+02
5.738000000000000000e+03 3.730000000000000000e+02
5.807000000000000000e+03 3.990000000000000000e+02
5.839000000000000000e+03 2.560000000000000000e+02
5.714000000000000000e+03 2.360000000000000000e+02
5.299000000000000000e+03 2.520000000000000000e+02
5.236000000000000000e+03 3.030000000000000000e+02
5.194000000000000000e+03 3.190000000000000000e+02
4.305000000000000000e+03 4.270000000000000000e+02
4.326000000000000000e+03 4.040000000000000000e+02
4.319000000000000000e+03 4.870000000000000000e+02
4.375000000000000000e+03 4.830000000000000000e+02
4.544000000000000000e+03 3.730000000000000000e+02
4.405000000000000000e+03 2.850000000000000000e+02
4.529000000000000000e+03 3.510000000000000000e+02
4.559000000000000000e+03 5.000000000000000000e+02
4.186000000000000000e+03 3.000000000000000000e+02
4.251000000000000000e+03 3.090000000000000000e+02
4.295000000000000000e+03 2.330000000000000000e+02
4.344000000000000000e+03 2.710000000000000000e+02
5.004000000000000000e+03 9.960000000000000000e+02
5.213000000000000000e+03 3.890000000000000000e+02
5.057000000000000000e+03 4.580000000000000000e+02
5.190000000000000000e+03 4.350000000000000000e+02
5.056000000000000000e+03 5.300000000000000000e+02
5.037000000000000000e+03 4.960000000000000000e+02
5.213000000000000000e+03 5.580000000000000000e+02
5.168000000000000000e+03 5.270000000000000000e+02
6.520000000000000000e+03 3.740000000000000000e+02
6.554000000000000000e+03 3.050000000000000000e+02
6.463000000000000000e+03 2.350000000000000000e+02
6.523000000000000000e+03 1.790000000000000000e+02
6.472000000000000000e+03 5.470000000000000000e+02
6.607000000000000000e+03 5.640000000000000000e+02
6.648000000000000000e+03 5.280000000000000000e+02
6.580000000000000000e+03 4.630000000000000000e+02
6.509000000000000000e+03 7.760000000000000000e+02
6.841000000000000000e+03 9.340000000000000000e+02
6.804000000000000000e+03 8.560000000000000000e+02
6.806000000000000000e+03 9.440000000000000000e+02
6.807000000000000000e+03 1.018000000000000000e+03
6.715000000000000000e+03 9.030000000000000000e+02
6.726000000000000000e+03 8.080000000000000000e+02
6.898000000000000000e+03 6.020000000000000000e+02
6.995000000000000000e+03 5.750000000000000000e+02
6.993000000000000000e+03 1.025000000000000000e+03
6.895000000000000000e+03 6.120000000000000000e+02
6.805000000000000000e+03 4.800000000000000000e+02
6.781000000000000000e+03 6.080000000000000000e+02
6.897000000000000000e+03 4.880000000000000000e+02
7.041000000000000000e+03 9.970000000000000000e+02
6.887000000000000000e+03 1.180000000000000000e+03
6.439000000000000000e+03 9.160000000000000000e+02
6.610000000000000000e+03 1.223000000000000000e+03
6.886000000000000000e+03 1.290000000000000000e+03
6.870000000000000000e+03 1.410000000000000000e+03
6.832000000000000000e+03 1.394000000000000000e+03
5.787000000000000000e+03 1.417000000000000000e+03
5.875000000000000000e+03 7.360000000000000000e+02
5.457000000000000000e+03 3.930000000000000000e+02
5.425000000000000000e+03 4.020000000000000000e+02
5.341000000000000000e+03 4.840000000000000000e+02
5.427000000000000000e+03 3.150000000000000000e+02
5.499000000000000000e+03 5.400000000000000000e+02
5.473000000000000000e+03 4.720000000000000000e+02
5.377000000000000000e+03 4.630000000000000000e+02
5.380000000000000000e+03 5.380000000000000000e+02
6.541000000000000000e+03 1.756000000000000000e+03
6.786000000000000000e+03 1.385000000000000000e+03
7.006000000000000000e+03 1.860000000000000000e+03
6.973000000000000000e+03 1.916000000000000000e+03
6.801000000000000000e+03 1.532000000000000000e+03
6.945000000000000000e+03 1.580000000000000000e+03
6.863000000000000000e+03 1.573000000000000000e+03
6.929000000000000000e+03 1.580000000000000000e+03
6.823000000000000000e+03 1.862000000000000000e+03
6.835000000000000000e+03 1.767000000000000000e+03
6.894000000000000000e+03 1.753000000000000000e+03
7.013000000000000000e+03 1.858000000000000000e+03
7.034000000000000000e+03 1.782000000000000000e+03
7.110000000000000000e+03 1.856000000000000000e+03
6.910000000000000000e+03 1.586000000000000000e+03
7.008000000000000000e+03 1.696000000000000000e+03
6.774000000000000000e+03 1.995000000000000000e+03
6.828000000000000000e+03 1.364000000000000000e+03
6.588000000000000000e+03 6.760000000000000000e+02
6.966000000000000000e+03 7.400000000000000000e+02
6.908000000000000000e+03 1.912000000000000000e+03
6.149000000000000000e+03 1.085000000000000000e+03
6.166000000000000000e+03 1.121000000000000000e+03
6.893000000000000000e+03 2.055000000000000000e+03
6.868000000000000000e+03 1.468000000000000000e+03
7.008000000000000000e+03 3.430000000000000000e+02
6.909000000000000000e+03 3.360000000000000000e+02
6.870000000000000000e+03 3.890000000000000000e+02
6.827000000000000000e+03 5.410000000000000000e+02
7.076000000000000000e+03 5.140000000000000000e+02
6.779000000000000000e+03 5.110000000000000000e+02
6.934000000000000000e+03 4.010000000000000000e+02
3.675000000000000000e+03 3.726000000000000000e+03
3.588000000000000000e+03 3.825000000000000000e+03
3.615000000000000000e+03 3.897000000000000000e+03
3.602000000000000000e+03 3.482000000000000000e+03
3.599000000000000000e+03 3.668000000000000000e+03
3.547000000000000000e+03 3.759000000000000000e+03
3.645000000000000000e+03 3.584000000000000000e+03
3.997000000000000000e+03 3.564000000000000000e+03
4.045000000000000000e+03 3.667000000000000000e+03
4.090000000000000000e+03 3.583000000000000000e+03
4.001000000000000000e+03 3.534000000000000000e+03
3.952000000000000000e+03 3.843000000000000000e+03
3.827000000000000000e+03 3.880000000000000000e+03
4.014000000000000000e+03 3.855000000000000000e+03
3.993000000000000000e+03 3.787000000000000000e+03
3.740000000000000000e+03 3.208000000000000000e+03
3.781000000000000000e+03 3.128000000000000000e+03
3.907000000000000000e+03 3.230000000000000000e+03
3.868000000000000000e+03 3.300000000000000000e+03
3.763000000000000000e+03 3.275000000000000000e+03
3.699000000000000000e+03 3.428000000000000000e+03
3.886000000000000000e+03 3.371000000000000000e+03
3.919000000000000000e+03 3.314000000000000000e+03
3.757000000000000000e+03 3.574000000000000000e+03
3.836000000000000000e+03 3.527000000000000000e+03
3.918000000000000000e+03 3.429000000000000000e+03
3.953000000000000000e+03 3.307000000000000000e+03
3.869000000000000000e+03 3.777000000000000000e+03
3.812000000000000000e+03 3.728000000000000000e+03
3.838000000000000000e+03 3.703000000000000000e+03
3.777000000000000000e+03 3.659000000000000000e+03
4.311000000000000000e+03 1.322000000000000000e+03
3.836000000000000000e+03 3.591000000000000000e+03
3.769000000000000000e+03 3.579000000000000000e+03
4.150000000000000000e+03 5.170000000000000000e+02
4.113000000000000000e+03 5.270000000000000000e+02
6.626000000000000000e+03 4.160000000000000000e+02
5.145000000000000000e+03 5.200000000000000000e+02
4.696000000000000000e+03 3.990000000000000000e+02
4.679000000000000000e+03 4.850000000000000000e+02
4.540000000000000000e+03 9.970000000000000000e+02
4.614000000000000000e+03 4.460000000000000000e+02
4.232000000000000000e+03 5.390000000000000000e+02
4.373000000000000000e+03 5.400000000000000000e+02
4.475000000000000000e+03 4.960000000000000000e+02
4.502000000000000000e+03 5.080000000000000000e+02
3.933000000000000000e+03 2.677000000000000000e+03
3.996000000000000000e+03 3.240000000000000000e+02
3.928000000000000000e+03 2.030000000000000000e+02
3.938000000000000000e+03 2.590000000000000000e+02
3.954000000000000000e+03 1.940000000000000000e+02
3.968000000000000000e+03 1.450000000000000000e+02
4.227000000000000000e+03 1.620000000000000000e+02
4.179000000000000000e+03 2.080000000000000000e+02
6.738000000000000000e+03 2.780000000000000000e+02
6.796000000000000000e+03 2.580000000000000000e+02
6.720000000000000000e+03 3.510000000000000000e+02
6.700000000000000000e+03 3.420000000000000000e+02
6.622000000000000000e+03 2.060000000000000000e+02
6.646000000000000000e+03 1.560000000000000000e+02
6.753000000000000000e+03 1.990000000000000000e+02
6.712000000000000000e+03 1.500000000000000000e+02
2.777000000000000000e+03 3.732000000000000000e+03
2.344000000000000000e+03 4.749000000000000000e+03
2.834000000000000000e+03 4.419000000000000000e+03
2.472000000000000000e+03 4.696000000000000000e+03
2.319000000000000000e+03 4.889000000000000000e+03
2.305000000000000000e+03 4.843000000000000000e+03
2.541000000000000000e+03 4.497000000000000000e+03
3.951000000000000000e+03 4.590000000000000000e+02
3.898000000000000000e+03 4.480000000000000000e+02
4.026000000000000000e+03 3.300000000000000000e+02
4.127000000000000000e+03 2.560000000000000000e+02
3.051000000000000000e+03 4.413000000000000000e+03
3.041000000000000000e+03 4.646000000000000000e+03
2.403000000000000000e+03 5.021000000000000000e+03
2.388000000000000000e+03 4.968000000000000000e+03
2.190000000000000000e+03 4.626000000000000000e+03
1.529000000000000000e+03 4.983000000000000000e+03
2.174000000000000000e+03 5.164000000000000000e+03
2.996000000000000000e+03 5.127000000000000000e+03
2.243000000000000000e+03 4.994000000000000000e+03
3.512000000000000000e+03 4.494000000000000000e+03
2.831000000000000000e+03 3.704000000000000000e+03
1.999000000000000000e+03 5.036000000000000000e+03
1.743000000000000000e+03 4.979000000000000000e+03
2.172000000000000000e+03 4.738000000000000000e+03
2.328000000000000000e+03 4.508000000000000000e+03
2.416000000000000000e+03 4.290000000000000000e+03
3.407000000000000000e+03 4.690000000000000000e+03
3.821000000000000000e+03 4.390000000000000000e+03
3.556000000000000000e+03 3.246000000000000000e+03
4.382000000000000000e+03 2.148000000000000000e+03
5.748000000000000000e+03 3.530000000000000000e+02
5.677000000000000000e+03 3.180000000000000000e+02
5.596000000000000000e+03 6.230000000000000000e+02
5.680000000000000000e+03 4.570000000000000000e+02
5.663000000000000000e+03 2.880000000000000000e+02
5.736000000000000000e+03 3.140000000000000000e+02
5.823000000000000000e+03 2.060000000000000000e+02
5.910000000000000000e+03 2.670000000000000000e+02
6.142000000000000000e+03 2.940000000000000000e+02
6.238000000000000000e+03 1.500000000000000000e+02
6.191000000000000000e+03 2.980000000000000000e+02
6.135000000000000000e+03 3.060000000000000000e+02
6.229000000000000000e+03 3.270000000000000000e+02
6.218000000000000000e+03 4.220000000000000000e+02
6.100000000000000000e+03 5.860000000000000000e+02
6.204000000000000000e+03 5.500000000000000000e+02
6.212000000000000000e+03 5.220000000000000000e+02
6.359000000000000000e+03 5.190000000000000000e+02
6.411000000000000000e+03 4.410000000000000000e+02
6.372000000000000000e+03 4.810000000000000000e+02
6.351000000000000000e+03 3.720000000000000000e+02
6.402000000000000000e+03 2.860000000000000000e+02
6.400000000000000000e+03 2.060000000000000000e+02
6.293000000000000000e+03 2.390000000000000000e+02
4.184000000000000000e+03 5.390000000000000000e+02
4.158000000000000000e+03 3.950000000000000000e+02
4.003000000000000000e+03 4.610000000000000000e+02
3.960000000000000000e+03 5.080000000000000000e+02
3.664000000000000000e+03 7.820000000000000000e+02
3.397000000000000000e+03 2.955000000000000000e+03
3.859000000000000000e+03 5.130000000000000000e+02
3.250000000000000000e+03 8.150000000000000000e+02
5.408000000000000000e+03 2.210000000000000000e+02
5.602000000000000000e+03 2.880000000000000000e+02
6.287000000000000000e+03 5.890000000000000000e+02
5.203000000000000000e+03 1.840000000000000000e+02
5.381000000000000000e+03 1.950000000000000000e+02
5.232000000000000000e+03 1.710000000000000000e+02
5.418000000000000000e+03 2.690000000000000000e+02
6.333000000000000000e+03 6.490000000000000000e+02
6.751000000000000000e+03 7.370000000000000000e+02
6.531000000000000000e+03 5.330000000000000000e+02
6.129000000000000000e+03 4.790000000000000000e+02
5.623000000000000000e+03 2.540000000000000000e+02
5.501000000000000000e+03 2.920000000000000000e+02
6.277000000000000000e+03 4.570000000000000000e+02
6.893000000000000000e+03 8.220000000000000000e+02
4.749000000000000000e+03 2.780000000000000000e+02
4.777000000000000000e+03 1.970000000000000000e+02
4.638000000000000000e+03 3.050000000000000000e+02
4.455000000000000000e+03 2.160000000000000000e+02
4.609000000000000000e+03 2.170000000000000000e+02
4.592000000000000000e+03 3.120000000000000000e+02
4.583000000000000000e+03 2.650000000000000000e+02
4.676000000000000000e+03 2.150000000000000000e+02
4.632000000000000000e+03 2.530000000000000000e+02
4.686000000000000000e+03 2.950000000000000000e+02
4.573000000000000000e+03 4.310000000000000000e+02
4.708000000000000000e+03 2.290000000000000000e+02
4.729000000000000000e+03 2.390000000000000000e+02
4.714000000000000000e+03 2.600000000000000000e+02
4.792000000000000000e+03 1.900000000000000000e+02
4.785000000000000000e+03 2.100000000000000000e+02
5.642000000000000000e+03 1.734000000000000000e+03
7.152000000000000000e+03 1.234000000000000000e+03
6.729000000000000000e+03 1.162000000000000000e+03
5.826000000000000000e+03 3.840000000000000000e+02
6.473000000000000000e+03 6.560000000000000000e+02
5.418000000000000000e+03 1.640000000000000000e+02
5.745000000000000000e+03 3.490000000000000000e+02
7.094000000000000000e+03 2.603000000000000000e+03
7.154000000000000000e+03 3.217000000000000000e+03
7.139000000000000000e+03 1.595000000000000000e+03
7.070000000000000000e+03 2.061000000000000000e+03
7.130000000000000000e+03 1.116000000000000000e+03
7.095000000000000000e+03 1.350000000000000000e+03
6.103000000000000000e+03 1.176000000000000000e+03
5.999000000000000000e+03 3.048000000000000000e+03
7.119000000000000000e+03 1.206000000000000000e+03
7.137000000000000000e+03 1.090000000000000000e+03
6.695000000000000000e+03 9.610000000000000000e+02
6.244000000000000000e+03 9.140000000000000000e+02
7.004000000000000000e+03 1.353000000000000000e+03
7.116000000000000000e+03 1.342000000000000000e+03
6.784000000000000000e+03 9.110000000000000000e+02
6.567000000000000000e+03 9.190000000000000000e+02
7.107000000000000000e+03 1.574000000000000000e+03
7.065000000000000000e+03 1.409000000000000000e+03
7.159000000000000000e+03 1.527000000000000000e+03
7.098000000000000000e+03 1.390000000000000000e+03
6.928000000000000000e+03 1.446000000000000000e+03
7.123000000000000000e+03 1.362000000000000000e+03
7.040000000000000000e+03 1.442000000000000000e+03
7.122000000000000000e+03 1.302000000000000000e+03
3.626000000000000000e+03 3.657000000000000000e+03
3.602000000000000000e+03 3.523000000000000000e+03
3.451000000000000000e+03 3.425000000000000000e+03
3.148000000000000000e+03 3.997000000000000000e+03
3.082000000000000000e+03 3.743000000000000000e+03
2.934000000000000000e+03 3.249000000000000000e+03
3.441000000000000000e+03 3.983000000000000000e+03
3.514000000000000000e+03 3.198000000000000000e+03
3.983000000000000000e+03 2.636000000000000000e+03
3.589000000000000000e+03 3.232000000000000000e+03
3.646000000000000000e+03 3.073000000000000000e+03
3.524000000000000000e+03 3.327000000000000000e+03
3.554000000000000000e+03 3.340000000000000000e+03
3.439000000000000000e+03 3.182000000000000000e+03
3.510000000000000000e+03 3.386000000000000000e+03
3.478000000000000000e+03 4.212000000000000000e+03
3.396000000000000000e+03 4.166000000000000000e+03
3.533000000000000000e+03 4.146000000000000000e+03
3.553000000000000000e+03 4.093000000000000000e+03
3.464000000000000000e+03 3.257000000000000000e+03
3.018000000000000000e+03 3.929000000000000000e+03
3.576000000000000000e+03 4.024000000000000000e+03
3.535000000000000000e+03 3.981000000000000000e+03
2.985000000000000000e+03 4.095000000000000000e+03
3.260000000000000000e+03 4.090000000000000000e+03
3.205000000000000000e+03 4.040000000000000000e+03
3.073000000000000000e+03 4.040000000000000000e+03
3.239000000000000000e+03 3.861000000000000000e+03
3.100000000000000000e+03 3.809000000000000000e+03
3.181000000000000000e+03 3.901000000000000000e+03
3.228000000000000000e+03 3.959000000000000000e+03
3.422000000000000000e+03 3.747000000000000000e+03
3.289000000000000000e+03 3.861000000000000000e+03
3.617000000000000000e+03 3.946000000000000000e+03
3.305000000000000000e+03 3.789000000000000000e+03
2.988000000000000000e+03 2.775000000000000000e+03
3.406000000000000000e+03 3.695000000000000000e+03
3.309000000000000000e+03 3.670000000000000000e+03
3.357000000000000000e+03 3.830000000000000000e+03
3.689000000000000000e+03 4.274000000000000000e+03
3.588000000000000000e+03 4.236000000000000000e+03
3.704000000000000000e+03 4.176000000000000000e+03
3.790000000000000000e+03 4.123000000000000000e+03
3.930000000000000000e+03 4.008000000000000000e+03
3.994000000000000000e+03 3.988000000000000000e+03
3.605000000000000000e+03 4.166000000000000000e+03
3.670000000000000000e+03 4.141000000000000000e+03
3.442000000000000000e+03 1.517000000000000000e+03
3.418000000000000000e+03 2.864000000000000000e+03
4.806000000000000000e+03 2.132000000000000000e+03
4.431000000000000000e+03 2.562000000000000000e+03
4.563000000000000000e+03 2.110000000000000000e+03
3.461000000000000000e+03 1.465000000000000000e+03
4.242000000000000000e+03 2.886000000000000000e+03
3.525000000000000000e+03 2.859000000000000000e+03
3.843000000000000000e+03 3.012000000000000000e+03
3.603000000000000000e+03 3.099000000000000000e+03
4.729000000000000000e+03 2.866000000000000000e+03
4.169000000000000000e+03 2.542000000000000000e+03
5.433000000000000000e+03 2.734000000000000000e+03
4.487000000000000000e+03 2.502000000000000000e+03
5.131000000000000000e+03 2.300000000000000000e+03
4.600000000000000000e+03 2.910000000000000000e+03
3.354000000000000000e+03 1.863000000000000000e+03
3.093000000000000000e+03 1.708000000000000000e+03
2.975000000000000000e+03 8.310000000000000000e+02
3.452000000000000000e+03 1.511000000000000000e+03
3.511000000000000000e+03 2.026000000000000000e+03
3.413000000000000000e+03 1.549000000000000000e+03
3.341000000000000000e+03 5.100000000000000000e+02
3.078000000000000000e+03 1.747000000000000000e+03
3.099000000000000000e+03 3.780000000000000000e+02
3.042000000000000000e+03 5.030000000000000000e+02
2.991000000000000000e+03 9.620000000000000000e+02
3.069000000000000000e+03 2.110000000000000000e+02
3.124000000000000000e+03 1.830000000000000000e+02
3.228000000000000000e+03 1.012000000000000000e+03
3.106000000000000000e+03 2.980000000000000000e+02
3.403000000000000000e+03 2.286000000000000000e+03
3.273000000000000000e+03 3.900000000000000000e+02
3.207000000000000000e+03 2.219000000000000000e+03
3.242000000000000000e+03 3.210000000000000000e+02
3.426000000000000000e+03 1.432000000000000000e+03
3.239000000000000000e+03 3.100000000000000000e+02
3.217000000000000000e+03 1.940000000000000000e+02
3.332000000000000000e+03 1.430000000000000000e+02
3.291000000000000000e+03 1.208000000000000000e+03
3.290000000000000000e+03 4.780000000000000000e+02
3.286000000000000000e+03 5.400000000000000000e+02
3.141000000000000000e+03 6.210000000000000000e+02
3.305000000000000000e+03 9.240000000000000000e+02
3.409000000000000000e+03 3.460000000000000000e+02
3.417000000000000000e+03 1.940000000000000000e+02
3.429000000000000000e+03 2.830000000000000000e+02
3.478000000000000000e+03 3.980000000000000000e+02
3.629000000000000000e+03 1.437000000000000000e+03
3.526000000000000000e+03 3.810000000000000000e+02
3.599000000000000000e+03 1.622000000000000000e+03
3.555000000000000000e+03 2.000000000000000000e+02
3.528000000000000000e+03 2.350000000000000000e+02
3.576000000000000000e+03 1.540000000000000000e+02
2.910000000000000000e+03 1.068000000000000000e+03
2.909000000000000000e+03 5.450000000000000000e+02
3.176000000000000000e+03 1.154000000000000000e+03
3.562000000000000000e+03 1.624000000000000000e+03
3.681000000000000000e+03 1.329000000000000000e+03
3.561000000000000000e+03 4.510000000000000000e+02
3.523000000000000000e+03 5.430000000000000000e+02
3.682000000000000000e+03 1.587000000000000000e+03
3.742000000000000000e+03 2.050000000000000000e+02
3.675000000000000000e+03 1.540000000000000000e+02
3.819000000000000000e+03 2.210000000000000000e+02
3.694000000000000000e+03 3.100000000000000000e+02
3.717000000000000000e+03 4.310000000000000000e+02
3.794000000000000000e+03 3.530000000000000000e+02
3.675000000000000000e+03 5.460000000000000000e+02
3.683000000000000000e+03 4.860000000000000000e+02
2.828000000000000000e+03 1.325000000000000000e+03
2.909000000000000000e+03 4.940000000000000000e+02
3.029000000000000000e+03 3.560000000000000000e+02
2.925000000000000000e+03 4.080000000000000000e+02
2.945000000000000000e+03 1.750000000000000000e+02
2.933000000000000000e+03 2.100000000000000000e+02
2.904000000000000000e+03 6.010000000000000000e+02
2.963000000000000000e+03 2.860000000000000000e+02
3.078000000000000000e+03 1.515000000000000000e+03
2.869000000000000000e+03 2.014000000000000000e+03
2.889000000000000000e+03 1.430000000000000000e+03
2.521000000000000000e+03 4.530000000000000000e+02
2.644000000000000000e+03 5.920000000000000000e+02
2.819000000000000000e+03 1.145000000000000000e+03
2.956000000000000000e+03 7.740000000000000000e+02
2.716000000000000000e+03 3.350000000000000000e+02
2.658000000000000000e+03 3.760000000000000000e+02
2.708000000000000000e+03 1.640000000000000000e+02
2.692000000000000000e+03 2.320000000000000000e+02
2.822000000000000000e+03 6.960000000000000000e+02
2.745000000000000000e+03 5.030000000000000000e+02
2.859000000000000000e+03 1.377000000000000000e+03
2.903000000000000000e+03 1.265000000000000000e+03
2.415000000000000000e+03 2.120000000000000000e+02
2.387000000000000000e+03 2.470000000000000000e+02
2.546000000000000000e+03 1.570000000000000000e+02
2.526000000000000000e+03 1.450000000000000000e+02
2.375000000000000000e+03 4.240000000000000000e+02
2.444000000000000000e+03 3.760000000000000000e+02
2.901000000000000000e+03 8.880000000000000000e+02
2.610000000000000000e+03 3.130000000000000000e+02
2.750000000000000000e+03 3.170000000000000000e+02
2.805000000000000000e+03 3.030000000000000000e+02
2.843000000000000000e+03 1.780000000000000000e+02
2.794000000000000000e+03 1.610000000000000000e+02
2.808000000000000000e+03 4.320000000000000000e+02
2.803000000000000000e+03 8.080000000000000000e+02
2.875000000000000000e+03 9.160000000000000000e+02
2.892000000000000000e+03 9.820000000000000000e+02
2.831000000000000000e+03 1.532000000000000000e+03
2.809000000000000000e+03 1.292000000000000000e+03
2.729000000000000000e+03 7.780000000000000000e+02
2.539000000000000000e+03 4.480000000000000000e+02
2.501000000000000000e+03 3.730000000000000000e+02
2.736000000000000000e+03 2.760000000000000000e+02
2.577000000000000000e+03 1.870000000000000000e+02
2.550000000000000000e+03 2.790000000000000000e+02
3.019000000000000000e+03 2.016000000000000000e+03
2.838000000000000000e+03 2.285000000000000000e+03
2.842000000000000000e+03 2.921000000000000000e+03
2.862000000000000000e+03 3.075000000000000000e+03
2.894000000000000000e+03 3.117000000000000000e+03
2.866000000000000000e+03 2.348000000000000000e+03
2.834000000000000000e+03 2.597000000000000000e+03
2.806000000000000000e+03 3.060000000000000000e+03
3.155000000000000000e+03 3.206000000000000000e+03
3.019000000000000000e+03 2.855000000000000000e+03
3.233000000000000000e+03 3.062000000000000000e+03
3.132000000000000000e+03 3.155000000000000000e+03
2.928000000000000000e+03 3.131000000000000000e+03
2.983000000000000000e+03 3.174000000000000000e+03
3.054000000000000000e+03 3.105000000000000000e+03
3.015000000000000000e+03 2.816000000000000000e+03
3.273000000000000000e+03 3.191000000000000000e+03
3.303000000000000000e+03 3.131000000000000000e+03
3.433000000000000000e+03 3.146000000000000000e+03
3.443000000000000000e+03 3.053000000000000000e+03
3.059000000000000000e+03 2.799000000000000000e+03
3.128000000000000000e+03 2.876000000000000000e+03
3.250000000000000000e+03 3.301000000000000000e+03
3.290000000000000000e+03 3.214000000000000000e+03
3.608000000000000000e+03 6.894000000000000000e+03
4.500000000000000000e+03 5.099000000000000000e+03
4.489000000000000000e+03 5.289000000000000000e+03
3.379000000000000000e+03 5.824000000000000000e+03
3.225000000000000000e+03 6.012000000000000000e+03
1.812000000000000000e+03 7.424000000000000000e+03
2.492000000000000000e+03 7.038000000000000000e+03
4.840000000000000000e+03 7.158000000000000000e+03
4.694000000000000000e+03 7.179000000000000000e+03
4.643000000000000000e+03 7.140000000000000000e+03
4.962000000000000000e+03 7.205000000000000000e+03
4.416000000000000000e+03 7.029000000000000000e+03
4.744000000000000000e+03 7.103000000000000000e+03
4.814000000000000000e+03 7.170000000000000000e+03
4.725000000000000000e+03 7.094000000000000000e+03
3.241000000000000000e+03 7.328000000000000000e+03
3.111000000000000000e+03 7.290000000000000000e+03
3.094000000000000000e+03 7.353000000000000000e+03
3.199000000000000000e+03 7.107000000000000000e+03
2.929000000000000000e+03 7.231000000000000000e+03
2.931000000000000000e+03 7.366000000000000000e+03
2.452000000000000000e+03 7.361000000000000000e+03
2.991000000000000000e+03 7.283000000000000000e+03
1.874000000000000000e+03 7.464000000000000000e+03
2.052000000000000000e+03 7.467000000000000000e+03
1.840000000000000000e+03 7.358000000000000000e+03
1.943000000000000000e+03 7.460000000000000000e+03
1.967000000000000000e+03 7.466000000000000000e+03
2.845000000000000000e+03 7.090000000000000000e+03
2.541000000000000000e+03 7.335000000000000000e+03
2.798000000000000000e+03 7.174000000000000000e+03
3.108000000000000000e+03 7.454000000000000000e+03
4.347000000000000000e+03 5.960000000000000000e+03
5.055000000000000000e+03 5.608000000000000000e+03
3.248000000000000000e+03 7.455000000000000000e+03
3.263000000000000000e+03 7.376000000000000000e+03
3.104000000000000000e+03 7.454000000000000000e+03
3.194000000000000000e+03 7.428000000000000000e+03
2.822000000000000000e+03 7.472000000000000000e+03
2.537000000000000000e+03 7.462000000000000000e+03
2.726000000000000000e+03 7.474000000000000000e+03
3.696000000000000000e+03 6.718000000000000000e+03
2.615000000000000000e+03 7.419000000000000000e+03
2.739000000000000000e+03 7.455000000000000000e+03
2.858000000000000000e+03 7.462000000000000000e+03
2.857000000000000000e+03 7.450000000000000000e+03
3.267000000000000000e+03 6.685000000000000000e+03
3.185000000000000000e+03 6.766000000000000000e+03
4.321000000000000000e+03 5.184000000000000000e+03
3.755000000000000000e+03 6.754000000000000000e+03
3.634000000000000000e+03 7.308000000000000000e+03
4.145000000000000000e+03 6.522000000000000000e+03
3.756000000000000000e+03 6.956000000000000000e+03
3.621000000000000000e+03 7.217000000000000000e+03
3.062000000000000000e+03 7.032000000000000000e+03
3.050000000000000000e+03 7.153000000000000000e+03
3.212000000000000000e+03 7.219000000000000000e+03
3.047000000000000000e+03 7.210000000000000000e+03
2.914000000000000000e+03 7.215000000000000000e+03
2.846000000000000000e+03 6.980000000000000000e+03
2.873000000000000000e+03 7.044000000000000000e+03
2.964000000000000000e+03 7.154000000000000000e+03
4.163000000000000000e+03 5.003000000000000000e+03
4.088000000000000000e+03 4.913000000000000000e+03
3.940000000000000000e+03 4.928000000000000000e+03
4.056000000000000000e+03 4.907000000000000000e+03
3.998000000000000000e+03 5.027000000000000000e+03
4.734000000000000000e+03 4.892000000000000000e+03
4.611000000000000000e+03 4.888000000000000000e+03
4.907000000000000000e+03 5.488000000000000000e+03
4.936000000000000000e+03 5.520000000000000000e+03
4.814000000000000000e+03 5.038000000000000000e+03
4.836000000000000000e+03 5.114000000000000000e+03
4.772000000000000000e+03 5.143000000000000000e+03
4.899000000000000000e+03 4.953000000000000000e+03
4.773000000000000000e+03 5.061000000000000000e+03
4.800000000000000000e+03 5.119000000000000000e+03
4.080000000000000000e+03 4.492000000000000000e+03
4.083000000000000000e+03 4.649000000000000000e+03
4.085000000000000000e+03 4.496000000000000000e+03
4.200000000000000000e+03 4.490000000000000000e+03
4.094000000000000000e+03 4.936000000000000000e+03
4.150000000000000000e+03 5.120000000000000000e+03
4.139000000000000000e+03 4.703000000000000000e+03
4.192000000000000000e+03 4.746000000000000000e+03
4.201000000000000000e+03 4.654000000000000000e+03
4.293000000000000000e+03 4.733000000000000000e+03
4.327000000000000000e+03 4.533000000000000000e+03
4.314000000000000000e+03 4.496000000000000000e+03
4.159000000000000000e+03 4.896000000000000000e+03
4.242000000000000000e+03 4.731000000000000000e+03
4.223000000000000000e+03 4.753000000000000000e+03
4.226000000000000000e+03 4.633000000000000000e+03
4.347000000000000000e+03 4.351000000000000000e+03
4.366000000000000000e+03 4.354000000000000000e+03
4.247000000000000000e+03 4.297000000000000000e+03
4.335000000000000000e+03 4.048000000000000000e+03
3.971000000000000000e+03 4.548000000000000000e+03
4.075000000000000000e+03 4.507000000000000000e+03
4.219000000000000000e+03 4.452000000000000000e+03
4.347000000000000000e+03 4.298000000000000000e+03
4.060000000000000000e+03 4.221000000000000000e+03
4.051000000000000000e+03 4.289000000000000000e+03
4.172000000000000000e+03 4.145000000000000000e+03
4.132000000000000000e+03 3.962000000000000000e+03
3.997000000000000000e+03 4.421000000000000000e+03
4.027000000000000000e+03 4.331000000000000000e+03
4.050000000000000000e+03 4.371000000000000000e+03
4.194000000000000000e+03 4.155000000000000000e+03
4.518000000000000000e+03 4.933000000000000000e+03
4.630000000000000000e+03 4.958000000000000000e+03
4.584000000000000000e+03 5.064000000000000000e+03
4.468000000000000000e+03 5.010000000000000000e+03
4.387000000000000000e+03 4.810000000000000000e+03
4.455000000000000000e+03 4.876000000000000000e+03
4.287000000000000000e+03 4.967000000000000000e+03
4.354000000000000000e+03 4.897000000000000000e+03
4.939000000000000000e+03 5.065000000000000000e+03
5.111000000000000000e+03 5.058000000000000000e+03
4.834000000000000000e+03 5.069000000000000000e+03
4.609000000000000000e+03 5.126000000000000000e+03
4.418000000000000000e+03 5.050000000000000000e+03
4.564000000000000000e+03 5.162000000000000000e+03
4.333000000000000000e+03 5.031000000000000000e+03
4.328000000000000000e+03 5.146000000000000000e+03
4.479000000000000000e+03 4.727000000000000000e+03
4.608000000000000000e+03 4.718000000000000000e+03
4.716000000000000000e+03 4.835000000000000000e+03
4.411000000000000000e+03 4.662000000000000000e+03
4.456000000000000000e+03 4.599000000000000000e+03
4.439000000000000000e+03 4.449000000000000000e+03
4.447000000000000000e+03 4.524000000000000000e+03
5.448000000000000000e+03 4.951000000000000000e+03
5.374000000000000000e+03 4.915000000000000000e+03
5.528000000000000000e+03 4.949000000000000000e+03
5.623000000000000000e+03 5.021000000000000000e+03
5.357000000000000000e+03 4.974000000000000000e+03
5.346000000000000000e+03 5.008000000000000000e+03
5.218000000000000000e+03 4.929000000000000000e+03
5.226000000000000000e+03 4.969000000000000000e+03
5.956000000000000000e+03 7.251000000000000000e+03
5.575000000000000000e+03 6.487000000000000000e+03
5.956000000000000000e+03 7.127000000000000000e+03
6.146000000000000000e+03 7.464000000000000000e+03
6.435000000000000000e+03 7.462000000000000000e+03
6.491000000000000000e+03 7.474000000000000000e+03
6.302000000000000000e+03 7.228000000000000000e+03
5.848000000000000000e+03 6.319000000000000000e+03
4.558000000000000000e+03 7.251000000000000000e+03
4.513000000000000000e+03 7.209000000000000000e+03
4.408000000000000000e+03 7.300000000000000000e+03
4.473000000000000000e+03 7.285000000000000000e+03
4.756000000000000000e+03 7.282000000000000000e+03
4.867000000000000000e+03 7.327000000000000000e+03
4.623000000000000000e+03 7.207000000000000000e+03
4.697000000000000000e+03 7.218000000000000000e+03
4.934000000000000000e+03 7.040000000000000000e+03
4.673000000000000000e+03 6.945000000000000000e+03
4.571000000000000000e+03 7.109000000000000000e+03
5.416000000000000000e+03 6.834000000000000000e+03
4.800000000000000000e+03 7.397000000000000000e+03
5.174000000000000000e+03 7.017000000000000000e+03
5.155000000000000000e+03 6.667000000000000000e+03
4.460000000000000000e+03 7.394000000000000000e+03
4.451000000000000000e+03 7.093000000000000000e+03
4.408000000000000000e+03 7.429000000000000000e+03
4.337000000000000000e+03 7.412000000000000000e+03
5.093000000000000000e+03 6.824000000000000000e+03
4.774000000000000000e+03 6.946000000000000000e+03
4.604000000000000000e+03 7.384000000000000000e+03
4.551000000000000000e+03 7.422000000000000000e+03
5.492000000000000000e+03 7.400000000000000000e+03
5.843000000000000000e+03 7.435000000000000000e+03
5.752000000000000000e+03 7.441000000000000000e+03
5.025000000000000000e+03 7.338000000000000000e+03
5.958000000000000000e+03 7.405000000000000000e+03
5.480000000000000000e+03 7.360000000000000000e+03
5.782000000000000000e+03 7.415000000000000000e+03
5.261000000000000000e+03 7.340000000000000000e+03
3.578000000000000000e+03 7.367000000000000000e+03
3.491000000000000000e+03 7.350000000000000000e+03
3.631000000000000000e+03 7.410000000000000000e+03
3.596000000000000000e+03 7.392000000000000000e+03
3.697000000000000000e+03 7.242000000000000000e+03
3.384000000000000000e+03 7.242000000000000000e+03
3.357000000000000000e+03 7.346000000000000000e+03
3.304000000000000000e+03 7.287000000000000000e+03
4.782000000000000000e+03 6.747000000000000000e+03
4.441000000000000000e+03 4.172000000000000000e+03
4.447000000000000000e+03 4.334000000000000000e+03
4.847000000000000000e+03 5.974000000000000000e+03
4.720000000000000000e+03 6.721000000000000000e+03
4.895000000000000000e+03 6.188000000000000000e+03
4.345000000000000000e+03 7.151000000000000000e+03
4.144000000000000000e+03 7.405000000000000000e+03
4.228000000000000000e+03 7.462000000000000000e+03
4.649000000000000000e+03 5.713000000000000000e+03
4.194000000000000000e+03 7.362000000000000000e+03
4.267000000000000000e+03 7.310000000000000000e+03
4.192000000000000000e+03 7.304000000000000000e+03
4.745000000000000000e+03 5.835000000000000000e+03
4.296000000000000000e+03 7.195000000000000000e+03
4.465000000000000000e+03 3.894000000000000000e+03
4.411000000000000000e+03 3.952000000000000000e+03
4.403000000000000000e+03 3.714000000000000000e+03
4.474000000000000000e+03 3.841000000000000000e+03
4.376000000000000000e+03 4.217000000000000000e+03
4.313000000000000000e+03 4.261000000000000000e+03
4.425000000000000000e+03 4.100000000000000000e+03
4.429000000000000000e+03 4.046000000000000000e+03
4.290000000000000000e+03 3.836000000000000000e+03
4.245000000000000000e+03 3.817000000000000000e+03
4.249000000000000000e+03 3.865000000000000000e+03
4.230000000000000000e+03 3.790000000000000000e+03
4.255000000000000000e+03 3.932000000000000000e+03
4.194000000000000000e+03 3.933000000000000000e+03
4.263000000000000000e+03 4.007000000000000000e+03
4.279000000000000000e+03 4.118000000000000000e+03
4.490000000000000000e+03 7.127000000000000000e+03
5.566000000000000000e+03 6.856000000000000000e+03
4.264000000000000000e+03 6.750000000000000000e+03
4.229000000000000000e+03 7.149000000000000000e+03
6.066000000000000000e+03 6.621000000000000000e+03
5.790000000000000000e+03 6.805000000000000000e+03
5.255000000000000000e+03 7.275000000000000000e+03
5.474000000000000000e+03 7.216000000000000000e+03
5.160000000000000000e+03 6.613000000000000000e+03
4.122000000000000000e+03 7.237000000000000000e+03
4.088000000000000000e+03 7.148000000000000000e+03
4.197000000000000000e+03 5.918000000000000000e+03
4.044000000000000000e+03 7.446000000000000000e+03
4.020000000000000000e+03 7.414000000000000000e+03
4.048000000000000000e+03 6.657000000000000000e+03
3.998000000000000000e+03 7.318000000000000000e+03
3.865000000000000000e+03 7.458000000000000000e+03
3.779000000000000000e+03 7.436000000000000000e+03
3.860000000000000000e+03 7.350000000000000000e+03
3.892000000000000000e+03 7.306000000000000000e+03
3.769000000000000000e+03 7.233000000000000000e+03
3.897000000000000000e+03 7.231000000000000000e+03
3.867000000000000000e+03 7.199000000000000000e+03
3.999000000000000000e+03 7.274000000000000000e+03
6.452000000000000000e+03 6.274000000000000000e+03
5.153000000000000000e+03 7.429000000000000000e+03
5.752000000000000000e+03 6.797000000000000000e+03
6.262000000000000000e+03 6.516000000000000000e+03
5.876000000000000000e+03 6.771000000000000000e+03
5.529000000000000000e+03 6.915000000000000000e+03
5.352000000000000000e+03 7.461000000000000000e+03
5.348000000000000000e+03 7.466000000000000000e+03
3.110000000000000000e+03 4.312000000000000000e+03
3.217000000000000000e+03 4.234000000000000000e+03
3.068000000000000000e+03 4.181000000000000000e+03
3.241000000000000000e+03 4.132000000000000000e+03
2.973000000000000000e+03 4.239000000000000000e+03
3.000000000000000000e+03 4.463000000000000000e+03
3.008000000000000000e+03 4.350000000000000000e+03
2.678000000000000000e+03 4.497000000000000000e+03
2.695000000000000000e+03 4.433000000000000000e+03
2.647000000000000000e+03 4.520000000000000000e+03
2.530000000000000000e+03 4.519000000000000000e+03
2.878000000000000000e+03 4.348000000000000000e+03
2.835000000000000000e+03 4.410000000000000000e+03
2.850000000000000000e+03 4.546000000000000000e+03
2.923000000000000000e+03 4.428000000000000000e+03
2.803000000000000000e+03 4.815000000000000000e+03
3.046000000000000000e+03 4.927000000000000000e+03
3.011000000000000000e+03 5.052000000000000000e+03
2.914000000000000000e+03 5.023000000000000000e+03
3.549000000000000000e+03 4.539000000000000000e+03
3.018000000000000000e+03 4.729000000000000000e+03
3.011000000000000000e+03 4.877000000000000000e+03
3.039000000000000000e+03 4.816000000000000000e+03
2.623000000000000000e+03 4.711000000000000000e+03
3.540000000000000000e+03 4.744000000000000000e+03
2.813000000000000000e+03 4.826000000000000000e+03
3.001000000000000000e+03 3.862000000000000000e+03
2.762000000000000000e+03 4.962000000000000000e+03
2.823000000000000000e+03 4.889000000000000000e+03
2.682000000000000000e+03 4.978000000000000000e+03
2.781000000000000000e+03 5.037000000000000000e+03
3.335000000000000000e+03 4.600000000000000000e+03
3.170000000000000000e+03 4.705000000000000000e+03
3.121000000000000000e+03 4.624000000000000000e+03
3.176000000000000000e+03 5.010000000000000000e+03
3.210000000000000000e+03 4.999000000000000000e+03
3.180000000000000000e+03 4.831000000000000000e+03
3.185000000000000000e+03 4.964000000000000000e+03
3.415000000000000000e+03 4.871000000000000000e+03
3.390000000000000000e+03 4.790000000000000000e+03
3.347000000000000000e+03 5.075000000000000000e+03
3.373000000000000000e+03 4.995000000000000000e+03
3.261000000000000000e+03 4.535000000000000000e+03
3.296000000000000000e+03 4.789000000000000000e+03
3.291000000000000000e+03 4.589000000000000000e+03
3.209000000000000000e+03 4.334000000000000000e+03
3.452000000000000000e+03 4.598000000000000000e+03
3.836000000000000000e+03 4.522000000000000000e+03
3.494000000000000000e+03 4.762000000000000000e+03
3.435000000000000000e+03 4.711000000000000000e+03
3.324000000000000000e+03 4.638000000000000000e+03
3.316000000000000000e+03 4.482000000000000000e+03
3.808000000000000000e+03 4.310000000000000000e+03
3.419000000000000000e+03 4.520000000000000000e+03
3.334000000000000000e+03 4.228000000000000000e+03
3.343000000000000000e+03 4.275000000000000000e+03
3.229000000000000000e+03 4.340000000000000000e+03
3.297000000000000000e+03 4.342000000000000000e+03
3.212000000000000000e+03 4.236000000000000000e+03
3.243000000000000000e+03 4.174000000000000000e+03
3.176000000000000000e+03 4.303000000000000000e+03
3.234000000000000000e+03 4.340000000000000000e+03
4.621000000000000000e+03 3.033000000000000000e+03
4.623000000000000000e+03 3.137000000000000000e+03
4.770000000000000000e+03 3.101000000000000000e+03
4.403000000000000000e+03 3.176000000000000000e+03
4.538000000000000000e+03 3.120000000000000000e+03
4.410000000000000000e+03 3.153000000000000000e+03
4.325000000000000000e+03 3.144000000000000000e+03
4.400000000000000000e+03 3.640000000000000000e+03
4.435000000000000000e+03 3.545000000000000000e+03
4.276000000000000000e+03 3.617000000000000000e+03
4.270000000000000000e+03 3.707000000000000000e+03
4.443000000000000000e+03 3.338000000000000000e+03
4.336000000000000000e+03 3.311000000000000000e+03
4.376000000000000000e+03 3.395000000000000000e+03
4.382000000000000000e+03 3.182000000000000000e+03
4.335000000000000000e+03 3.429000000000000000e+03
4.259000000000000000e+03 3.428000000000000000e+03
4.207000000000000000e+03 3.620000000000000000e+03
4.285000000000000000e+03 3.605000000000000000e+03
3.587000000000000000e+03 3.306000000000000000e+03
3.740000000000000000e+03 3.462000000000000000e+03
3.727000000000000000e+03 3.814000000000000000e+03
4.132000000000000000e+03 3.551000000000000000e+03
4.227000000000000000e+03 3.157000000000000000e+03
4.157000000000000000e+03 3.164000000000000000e+03
3.939000000000000000e+03 3.142000000000000000e+03
4.111000000000000000e+03 3.249000000000000000e+03
4.160000000000000000e+03 3.407000000000000000e+03
4.249000000000000000e+03 3.310000000000000000e+03
4.105000000000000000e+03 3.405000000000000000e+03
4.087000000000000000e+03 3.160000000000000000e+03
3.083000000000000000e+03 3.748000000000000000e+03
3.055000000000000000e+03 3.660000000000000000e+03
3.210000000000000000e+03 3.539000000000000000e+03
3.162000000000000000e+03 3.714000000000000000e+03
3.136000000000000000e+03 3.345000000000000000e+03
3.046000000000000000e+03 3.399000000000000000e+03
3.018000000000000000e+03 3.605000000000000000e+03
3.005000000000000000e+03 3.506000000000000000e+03
3.409000000000000000e+03 3.495000000000000000e+03
3.454000000000000000e+03 3.336000000000000000e+03
3.399000000000000000e+03 3.481000000000000000e+03
3.279000000000000000e+03 3.564000000000000000e+03
3.216000000000000000e+03 3.489000000000000000e+03
3.130000000000000000e+03 3.293000000000000000e+03
2.984000000000000000e+03 3.507000000000000000e+03
2.952000000000000000e+03 3.569000000000000000e+03
3.006000000000000000e+03 3.122000000000000000e+03
2.907000000000000000e+03 3.450000000000000000e+03
2.615000000000000000e+03 4.244000000000000000e+03
1.858000000000000000e+03 4.459000000000000000e+03
2.756000000000000000e+03 3.582000000000000000e+03
1.508000000000000000e+03 3.495000000000000000e+03
1.853000000000000000e+03 4.366000000000000000e+03
1.602000000000000000e+03 4.472000000000000000e+03
2.828000000000000000e+03 3.616000000000000000e+03
2.831000000000000000e+03 3.354000000000000000e+03
4.253000000000000000e+03 3.099000000000000000e+03
3.356000000000000000e+03 2.981000000000000000e+03
2.726000000000000000e+03 3.349000000000000000e+03
3.014000000000000000e+03 3.253000000000000000e+03
2.757000000000000000e+03 3.077000000000000000e+03
2.874000000000000000e+03 2.863000000000000000e+03
4.873000000000000000e+03 5.493000000000000000e+03
5.265000000000000000e+03 6.589000000000000000e+03
5.213000000000000000e+03 7.151000000000000000e+03
5.144000000000000000e+03 7.173000000000000000e+03
5.065000000000000000e+03 6.457000000000000000e+03
5.100000000000000000e+03 7.182000000000000000e+03
5.093000000000000000e+03 7.164000000000000000e+03
4.720000000000000000e+03 4.744000000000000000e+03
4.947000000000000000e+03 4.766000000000000000e+03
5.683000000000000000e+03 5.048000000000000000e+03
5.169000000000000000e+03 4.840000000000000000e+03
5.604000000000000000e+03 5.143000000000000000e+03
5.595000000000000000e+03 5.157000000000000000e+03
5.512000000000000000e+03 4.928000000000000000e+03
5.377000000000000000e+03 5.180000000000000000e+03
2.580000000000000000e+03 4.864000000000000000e+03
3.084000000000000000e+03 4.789000000000000000e+03
2.593000000000000000e+03 4.997000000000000000e+03
2.529000000000000000e+03 5.029000000000000000e+03
3.027000000000000000e+03 4.666000000000000000e+03
3.755000000000000000e+03 4.339000000000000000e+03
2.726000000000000000e+03 4.726000000000000000e+03
2.504000000000000000e+03 4.782000000000000000e+03
3.854000000000000000e+03 4.638000000000000000e+03
3.801000000000000000e+03 4.549000000000000000e+03
3.456000000000000000e+03 4.694000000000000000e+03
3.617000000000000000e+03 4.681000000000000000e+03
3.879000000000000000e+03 4.454000000000000000e+03
4.114000000000000000e+03 4.293000000000000000e+03
3.507000000000000000e+03 4.404000000000000000e+03
3.904000000000000000e+03 4.277000000000000000e+03
4.512000000000000000e+03 5.245000000000000000e+03
3.429000000000000000e+03 4.433000000000000000e+03
3.886000000000000000e+03 5.102000000000000000e+03
5.442000000000000000e+03 4.995000000000000000e+03
5.623000000000000000e+03 5.165000000000000000e+03
5.270000000000000000e+03 5.014000000000000000e+03
5.448000000000000000e+03 6.115000000000000000e+03
5.308000000000000000e+03 7.191000000000000000e+03
5.292000000000000000e+03 7.200000000000000000e+03
5.364000000000000000e+03 7.241000000000000000e+03
5.369000000000000000e+03 7.229000000000000000e+03
5.244000000000000000e+03 5.077000000000000000e+03
5.382000000000000000e+03 7.095000000000000000e+03
5.499000000000000000e+03 7.209000000000000000e+03
5.543000000000000000e+03 7.170000000000000000e+03
2.652000000000000000e+03 4.596000000000000000e+03
2.711000000000000000e+03 4.607000000000000000e+03
2.869000000000000000e+03 4.570000000000000000e+03
2.666000000000000000e+03 4.635000000000000000e+03
2.524000000000000000e+03 4.716000000000000000e+03
2.560000000000000000e+03 4.645000000000000000e+03
2.479000000000000000e+03 4.842000000000000000e+03
2.464000000000000000e+03 4.784000000000000000e+03
3.531000000000000000e+03 4.995000000000000000e+03
3.475000000000000000e+03 4.985000000000000000e+03
3.656000000000000000e+03 4.912000000000000000e+03
3.320000000000000000e+03 4.911000000000000000e+03
3.708000000000000000e+03 4.857000000000000000e+03
3.677000000000000000e+03 4.832000000000000000e+03
3.372000000000000000e+03 4.542000000000000000e+03
3.646000000000000000e+03 4.719000000000000000e+03
4.210000000000000000e+03 5.594000000000000000e+03
3.783000000000000000e+03 4.506000000000000000e+03
3.700000000000000000e+03 4.458000000000000000e+03
4.014000000000000000e+03 4.839000000000000000e+03
4.257000000000000000e+03 5.030000000000000000e+03
3.291000000000000000e+03 4.420000000000000000e+03
3.474000000000000000e+03 5.051000000000000000e+03
3.506000000000000000e+03 4.381000000000000000e+03
3.733000000000000000e+03 4.618000000000000000e+03
3.701000000000000000e+03 4.700000000000000000e+03
3.666000000000000000e+03 4.901000000000000000e+03
3.849000000000000000e+03 4.942000000000000000e+03
3.759000000000000000e+03 4.930000000000000000e+03
3.733000000000000000e+03 5.064000000000000000e+03
3.778000000000000000e+03 5.076000000000000000e+03
5.977000000000000000e+03 7.182000000000000000e+03
6.112000000000000000e+03 7.204000000000000000e+03
4.302000000000000000e+03 5.179000000000000000e+03
3.731000000000000000e+03 4.739000000000000000e+03
6.483000000000000000e+03 7.163000000000000000e+03
6.326000000000000000e+03 7.060000000000000000e+03
6.297000000000000000e+03 7.162000000000000000e+03
6.191000000000000000e+03 7.121000000000000000e+03
6.292000000000000000e+03 7.302000000000000000e+03
5.801000000000000000e+03 6.609000000000000000e+03
6.309000000000000000e+03 7.130000000000000000e+03
6.374000000000000000e+03 7.291000000000000000e+03
6.168000000000000000e+03 7.284000000000000000e+03
5.918000000000000000e+03 6.612000000000000000e+03
5.877000000000000000e+03 5.987000000000000000e+03
6.034000000000000000e+03 6.808000000000000000e+03
3.495000000000000000e+03 6.968000000000000000e+03
3.509000000000000000e+03 7.024000000000000000e+03
3.124000000000000000e+03 7.053000000000000000e+03
3.208000000000000000e+03 7.100000000000000000e+03
5.178000000000000000e+03 6.933000000000000000e+03
5.416000000000000000e+03 6.818000000000000000e+03
5.207000000000000000e+03 5.176000000000000000e+03
6.217000000000000000e+03 5.153000000000000000e+03
5.719000000000000000e+03 6.311000000000000000e+03
5.491000000000000000e+03 6.361000000000000000e+03
5.594000000000000000e+03 6.424000000000000000e+03
6.417000000000000000e+03 6.056000000000000000e+03
6.017000000000000000e+03 6.437000000000000000e+03
5.924000000000000000e+03 5.189000000000000000e+03
5.700000000000000000e+03 5.959000000000000000e+03
4.551000000000000000e+03 6.856000000000000000e+03
3.387000000000000000e+03 7.153000000000000000e+03
3.368000000000000000e+03 5.776000000000000000e+03
6.607000000000000000e+03 7.010000000000000000e+03
4.699000000000000000e+03 7.014000000000000000e+03
6.656000000000000000e+03 7.118000000000000000e+03
5.606000000000000000e+03 6.328000000000000000e+03
6.465000000000000000e+03 7.010000000000000000e+03
6.751000000000000000e+03 7.168000000000000000e+03
5.543000000000000000e+03 5.538000000000000000e+03
5.980000000000000000e+03 5.801000000000000000e+03
5.705000000000000000e+03 7.116000000000000000e+03
5.379000000000000000e+03 6.197000000000000000e+03
6.816000000000000000e+03 6.526000000000000000e+03
6.392000000000000000e+03 5.181000000000000000e+03
6.092000000000000000e+03 6.247000000000000000e+03
6.643000000000000000e+03 6.962000000000000000e+03
5.000000000000000000e+00 5.110000000000000000e+03
2.912000000000000000e+03 6.200000000000000000e+02
3.249000000000000000e+03 5.210000000000000000e+03
3.640000000000000000e+02 5.100000000000000000e+02
4.509000000000000000e+03 3.150000000000000000e+03
-4.000000000000000000e+00 0.000000000000000000e+00
7.164000000000000000e+03 0.000000000000000000e+00
3.000000000000000000e+00 0.000000000000000000e+00
