3.795000000000000000e+03 2.299000000000000000e+03
3.014000000000000000e+03 2.262000000000000000e+03
2.406000000000000000e+03 1.602000000000000000e+03
2.035000000000000000e+03 1.816000000000000000e+03
1.699000000000000000e+03 1.755000000000000000e+03
2.229000000000000000e+03 1.541000000000000000e+03
2.009000000000000000e+03 1.619000000000000000e+03
3.063000000000000000e+03 2.770000000000000000e+03
3.014000000000000000e+03 2.723000000000000000e+03
3.009000000000000000e+03 2.464000000000000000e+03
3.109000000000000000e+03 2.596000000000000000e+03
2.996000000000000000e+03 2.703000000000000000e+03
3.027000000000000000e+03 2.500000000000000000e+03
3.135000000000000000e+03 2.766000000000000000e+03
3.199000000000000000e+03 2.706000000000000000e+03
1.705000000000000000e+03 1.671000000000000000e+03
1.710000000000000000e+03 1.655000000000000000e+03
2.640000000000000000e+03 1.680000000000000000e+03
2.669000000000000000e+03 1.650000000000000000e+03
2.213000000000000000e+03 1.626000000000000000e+03
1.828000000000000000e+03 1.625000000000000000e+03
1.756000000000000000e+03 1.556000000000000000e+03
1.813000000000000000e+03 1.533000000000000000e+03
2.157000000000000000e+03 1.982000000000000000e+03
1.900000000000000000e+03 1.807000000000000000e+03
2.017000000000000000e+03 1.687000000000000000e+03
1.877000000000000000e+03 1.804000000000000000e+03
2.222000000000000000e+03 1.668000000000000000e+03
2.403000000000000000e+03 1.550000000000000000e+03
2.364000000000000000e+03 1.650000000000000000e+03
2.107000000000000000e+03 1.753000000000000000e+03
5.613000000000000000e+03 3.633000000000000000e+03
5.625000000000000000e+03 4.622000000000000000e+03
5.586000000000000000e+03 4.586000000000000000e+03
3.227000000000000000e+03 2.701000000000000000e+03
3.314000000000000000e+03 2.865000000000000000e+03
3.045000000000000000e+03 2.457000000000000000e+03
3.210000000000000000e+03 2.645000000000000000e+03
3.114000000000000000e+03 3.319000000000000000e+03
3.147000000000000000e+03 3.116000000000000000e+03
3.228000000000000000e+03 3.280000000000000000e+03
3.173000000000000000e+03 3.006000000000000000e+03
2.680000000000000000e+03 2.054000000000000000e+03
3.158000000000000000e+03 2.632000000000000000e+03
3.202000000000000000e+03 2.977000000000000000e+03
3.258000000000000000e+03 3.125000000000000000e+03
4.633000000000000000e+03 3.998000000000000000e+03
5.641000000000000000e+03 4.710000000000000000e+03
5.811000000000000000e+03 4.757000000000000000e+03
5.715000000000000000e+03 4.744000000000000000e+03
5.851000000000000000e+03 4.772000000000000000e+03
5.784000000000000000e+03 4.622000000000000000e+03
6.236000000000000000e+03 3.747000000000000000e+03
5.842000000000000000e+03 4.653000000000000000e+03
6.883000000000000000e+03 1.708000000000000000e+03
6.999000000000000000e+03 1.832000000000000000e+03
6.935000000000000000e+03 1.650000000000000000e+03
7.064000000000000000e+03 1.723000000000000000e+03
6.793000000000000000e+03 1.971000000000000000e+03
6.981000000000000000e+03 1.824000000000000000e+03
7.031000000000000000e+03 2.122000000000000000e+03
6.928000000000000000e+03 1.749000000000000000e+03
6.094000000000000000e+03 1.881000000000000000e+03
6.362000000000000000e+03 3.969000000000000000e+03
6.330000000000000000e+03 4.113000000000000000e+03
6.763000000000000000e+03 3.150000000000000000e+02
6.822000000000000000e+03 4.720000000000000000e+02
6.713000000000000000e+03 4.200000000000000000e+02
6.755000000000000000e+03 6.610000000000000000e+02
5.964000000000000000e+03 4.785000000000000000e+03
6.068000000000000000e+03 4.814000000000000000e+03
6.112000000000000000e+03 4.793000000000000000e+03
6.156000000000000000e+03 4.702000000000000000e+03
6.199000000000000000e+03 4.582000000000000000e+03
6.195000000000000000e+03 4.465000000000000000e+03
6.163000000000000000e+03 4.721000000000000000e+03
6.406000000000000000e+03 3.644000000000000000e+03
6.863000000000000000e+03 2.740000000000000000e+02
5.445000000000000000e+03 8.210000000000000000e+02
6.015000000000000000e+03 7.560000000000000000e+02
6.951000000000000000e+03 3.250000000000000000e+02
6.945000000000000000e+03 5.490000000000000000e+02
6.952000000000000000e+03 5.550000000000000000e+02
6.815000000000000000e+03 9.010000000000000000e+02
6.496000000000000000e+03 1.841000000000000000e+03
3.158000000000000000e+03 3.239000000000000000e+03
3.040000000000000000e+03 3.203000000000000000e+03
3.195000000000000000e+03 2.935000000000000000e+03
3.087000000000000000e+03 3.025000000000000000e+03
3.582000000000000000e+03 4.076000000000000000e+03
3.154000000000000000e+03 3.675000000000000000e+03
5.121000000000000000e+03 4.240000000000000000e+03
4.347000000000000000e+03 4.466000000000000000e+03
6.407000000000000000e+03 8.140000000000000000e+02
6.958000000000000000e+03 8.630000000000000000e+02
7.094000000000000000e+03 2.210000000000000000e+02
7.048000000000000000e+03 1.890000000000000000e+02
6.994000000000000000e+03 4.030000000000000000e+02
7.110000000000000000e+03 3.510000000000000000e+02
6.971000000000000000e+03 3.480000000000000000e+02
7.102000000000000000e+03 3.610000000000000000e+02
6.881000000000000000e+03 5.860000000000000000e+02
6.928000000000000000e+03 6.530000000000000000e+02
6.911000000000000000e+03 7.500000000000000000e+02
7.043000000000000000e+03 8.360000000000000000e+02
7.104000000000000000e+03 7.040000000000000000e+02
7.118000000000000000e+03 8.140000000000000000e+02
7.072000000000000000e+03 5.460000000000000000e+02
7.125000000000000000e+03 5.340000000000000000e+02
6.718000000000000000e+03 3.670000000000000000e+02
6.419000000000000000e+03 2.645000000000000000e+03
5.744000000000000000e+03 3.969000000000000000e+03
5.971000000000000000e+03 4.843000000000000000e+03
6.920000000000000000e+03 3.720000000000000000e+02
6.023000000000000000e+03 2.006000000000000000e+03
5.892000000000000000e+03 1.733000000000000000e+03
6.847000000000000000e+03 2.370000000000000000e+02
6.286000000000000000e+03 2.595000000000000000e+03
5.958000000000000000e+03 4.517000000000000000e+03
6.052000000000000000e+03 4.574000000000000000e+03
6.033000000000000000e+03 4.529000000000000000e+03
5.878000000000000000e+03 4.743000000000000000e+03
5.900000000000000000e+03 4.740000000000000000e+03
5.800000000000000000e+03 4.145000000000000000e+03
5.915000000000000000e+03 4.306000000000000000e+03
2.670000000000000000e+03 1.297000000000000000e+03
2.646000000000000000e+03 1.467000000000000000e+03
2.634000000000000000e+03 1.525000000000000000e+03
2.687000000000000000e+03 5.870000000000000000e+02
2.687000000000000000e+03 6.820000000000000000e+02
2.717000000000000000e+03 7.350000000000000000e+02
2.713000000000000000e+03 6.750000000000000000e+02
2.835000000000000000e+03 9.680000000000000000e+02
2.810000000000000000e+03 1.063000000000000000e+03
2.854000000000000000e+03 1.390000000000000000e+03
2.865000000000000000e+03 9.710000000000000000e+02
2.931000000000000000e+03 1.738000000000000000e+03
2.776000000000000000e+03 9.980000000000000000e+02
2.819000000000000000e+03 1.817000000000000000e+03
2.750000000000000000e+03 1.527000000000000000e+03
2.722000000000000000e+03 1.035000000000000000e+03
2.762000000000000000e+03 1.078000000000000000e+03
2.704000000000000000e+03 1.372000000000000000e+03
2.694000000000000000e+03 1.287000000000000000e+03
3.035000000000000000e+03 1.163000000000000000e+03
2.903000000000000000e+03 1.140000000000000000e+03
2.759000000000000000e+03 1.341000000000000000e+03
3.049000000000000000e+03 1.554000000000000000e+03
2.434000000000000000e+03 7.330000000000000000e+02
2.393000000000000000e+03 6.540000000000000000e+02
2.466000000000000000e+03 6.360000000000000000e+02
2.629000000000000000e+03 6.010000000000000000e+02
2.600000000000000000e+03 7.090000000000000000e+02
2.608000000000000000e+03 5.890000000000000000e+02
2.613000000000000000e+03 8.210000000000000000e+02
2.453000000000000000e+03 7.930000000000000000e+02
3.716000000000000000e+03 2.188000000000000000e+03
2.659000000000000000e+03 1.770000000000000000e+03
2.710000000000000000e+03 1.716000000000000000e+03
3.198000000000000000e+03 2.287000000000000000e+03
3.136000000000000000e+03 2.283000000000000000e+03
6.820000000000000000e+03 1.529000000000000000e+03
3.576000000000000000e+03 1.880000000000000000e+03
5.046000000000000000e+03 4.358000000000000000e+03
4.770000000000000000e+03 4.559000000000000000e+03
5.516000000000000000e+03 2.838000000000000000e+03
4.788000000000000000e+03 4.497000000000000000e+03
3.259000000000000000e+03 3.138000000000000000e+03
3.410000000000000000e+03 4.488000000000000000e+03
3.503000000000000000e+03 4.480000000000000000e+03
3.691000000000000000e+03 4.500000000000000000e+03
5.653000000000000000e+03 4.574000000000000000e+03
5.154000000000000000e+03 4.436000000000000000e+03
5.129000000000000000e+03 4.580000000000000000e+03
5.117000000000000000e+03 4.638000000000000000e+03
5.335000000000000000e+03 4.703000000000000000e+03
5.282000000000000000e+03 4.672000000000000000e+03
5.330000000000000000e+03 4.571000000000000000e+03
5.401000000000000000e+03 4.545000000000000000e+03
6.814000000000000000e+03 1.382000000000000000e+03
6.923000000000000000e+03 1.408000000000000000e+03
6.884000000000000000e+03 1.563000000000000000e+03
6.917000000000000000e+03 1.539000000000000000e+03
6.783000000000000000e+03 1.392000000000000000e+03
6.803000000000000000e+03 1.333000000000000000e+03
6.895000000000000000e+03 1.332000000000000000e+03
6.846000000000000000e+03 1.257000000000000000e+03
2.484000000000000000e+03 1.412000000000000000e+03
2.370000000000000000e+03 4.520000000000000000e+02
2.545000000000000000e+03 9.720000000000000000e+02
2.694000000000000000e+03 7.880000000000000000e+02
2.562000000000000000e+03 4.090000000000000000e+02
2.483000000000000000e+03 4.430000000000000000e+02
2.564000000000000000e+03 9.800000000000000000e+02
5.505000000000000000e+03 4.445000000000000000e+03
5.639000000000000000e+03 4.550000000000000000e+03
5.461000000000000000e+03 4.544000000000000000e+03
5.473000000000000000e+03 4.515000000000000000e+03
2.428000000000000000e+03 9.620000000000000000e+02
2.289000000000000000e+03 8.500000000000000000e+02
2.514000000000000000e+03 3.470000000000000000e+02
2.392000000000000000e+03 3.360000000000000000e+02
3.271000000000000000e+03 5.980000000000000000e+02
3.283000000000000000e+03 3.350000000000000000e+02
4.432000000000000000e+03 6.080000000000000000e+02
5.461000000000000000e+03 7.680000000000000000e+02
2.616000000000000000e+03 3.250000000000000000e+02
5.942000000000000000e+03 1.712000000000000000e+03
4.759000000000000000e+03 1.063000000000000000e+03
2.681000000000000000e+03 2.480000000000000000e+02
2.370000000000000000e+03 1.680000000000000000e+02
2.305000000000000000e+03 2.180000000000000000e+02
2.591000000000000000e+03 3.790000000000000000e+02
2.776000000000000000e+03 7.670000000000000000e+02
4.151000000000000000e+03 1.414000000000000000e+03
6.586000000000000000e+03 2.201000000000000000e+03
5.043000000000000000e+03 8.860000000000000000e+02
6.310000000000000000e+03 1.031000000000000000e+03
5.319000000000000000e+03 4.500000000000000000e+03
5.813000000000000000e+03 4.264000000000000000e+03
6.735000000000000000e+03 1.677000000000000000e+03
6.714000000000000000e+03 1.621000000000000000e+03
6.129000000000000000e+03 4.676000000000000000e+03
5.835000000000000000e+03 4.562000000000000000e+03
5.227000000000000000e+03 4.661000000000000000e+03
5.023000000000000000e+03 4.596000000000000000e+03
6.866000000000000000e+03 2.209000000000000000e+03
7.082000000000000000e+03 1.920000000000000000e+03
6.852000000000000000e+03 3.630000000000000000e+03
6.953000000000000000e+03 2.224000000000000000e+03
6.457000000000000000e+03 3.498000000000000000e+03
3.823000000000000000e+03 3.709000000000000000e+03
1.911000000000000000e+03 1.455000000000000000e+03
1.251000000000000000e+03 2.528000000000000000e+03
2.426000000000000000e+03 1.438000000000000000e+03
1.923000000000000000e+03 1.481000000000000000e+03
1.001000000000000000e+03 1.467000000000000000e+03
1.919000000000000000e+03 1.582000000000000000e+03
1.804000000000000000e+03 1.509000000000000000e+03
1.035000000000000000e+03 1.191000000000000000e+03
8.870000000000000000e+02 1.176000000000000000e+03
1.292000000000000000e+03 1.267000000000000000e+03
4.107000000000000000e+03 4.130000000000000000e+03
4.385000000000000000e+03 4.483000000000000000e+03
3.601000000000000000e+03 4.247000000000000000e+03
3.539000000000000000e+03 4.225000000000000000e+03
3.299000000000000000e+03 2.225000000000000000e+03
3.149000000000000000e+03 2.255000000000000000e+03
3.262000000000000000e+03 2.961000000000000000e+03
3.122000000000000000e+03 2.209000000000000000e+03
6.330000000000000000e+03 5.600000000000000000e+02
5.977000000000000000e+03 7.010000000000000000e+02
6.156000000000000000e+03 9.780000000000000000e+02
6.525000000000000000e+03 6.120000000000000000e+02
6.397000000000000000e+03 5.950000000000000000e+02
6.356000000000000000e+03 5.420000000000000000e+02
6.319000000000000000e+03 6.620000000000000000e+02
6.668000000000000000e+03 9.270000000000000000e+02
6.744000000000000000e+03 9.280000000000000000e+02
6.516000000000000000e+03 7.840000000000000000e+02
6.676000000000000000e+03 7.820000000000000000e+02
6.529000000000000000e+03 7.330000000000000000e+02
6.367000000000000000e+03 7.390000000000000000e+02
6.527000000000000000e+03 8.210000000000000000e+02
6.929000000000000000e+03 9.200000000000000000e+02
3.531000000000000000e+03 5.830000000000000000e+02
3.004000000000000000e+03 3.980000000000000000e+02
3.443000000000000000e+03 6.610000000000000000e+02
3.123000000000000000e+03 5.670000000000000000e+02
3.096000000000000000e+03 6.180000000000000000e+02
3.055000000000000000e+03 5.220000000000000000e+02
3.118000000000000000e+03 6.640000000000000000e+02
3.046000000000000000e+03 7.600000000000000000e+02
3.352000000000000000e+03 5.130000000000000000e+02
3.074000000000000000e+03 4.640000000000000000e+02
3.192000000000000000e+03 6.710000000000000000e+02
3.106000000000000000e+03 4.320000000000000000e+02
3.394000000000000000e+03 5.480000000000000000e+02
3.111000000000000000e+03 4.580000000000000000e+02
3.033000000000000000e+03 5.060000000000000000e+02
2.962000000000000000e+03 3.940000000000000000e+02
5.637000000000000000e+03 1.502000000000000000e+03
7.101000000000000000e+03 1.253000000000000000e+03
6.632000000000000000e+03 1.112000000000000000e+03
6.655000000000000000e+03 9.070000000000000000e+02
6.832000000000000000e+03 9.050000000000000000e+02
6.381000000000000000e+03 6.550000000000000000e+02
6.605000000000000000e+03 7.310000000000000000e+02
6.977000000000000000e+03 3.369000000000000000e+03
6.993000000000000000e+03 4.471000000000000000e+03
7.070000000000000000e+03 1.610000000000000000e+03
6.929000000000000000e+03 2.408000000000000000e+03
7.037000000000000000e+03 1.164000000000000000e+03
6.936000000000000000e+03 1.351000000000000000e+03
6.567000000000000000e+03 1.306000000000000000e+03
6.533000000000000000e+03 2.521000000000000000e+03
7.040000000000000000e+03 1.262000000000000000e+03
7.074000000000000000e+03 1.131000000000000000e+03
6.530000000000000000e+03 1.184000000000000000e+03
6.066000000000000000e+03 1.190000000000000000e+03
6.993000000000000000e+03 1.446000000000000000e+03
7.082000000000000000e+03 1.355000000000000000e+03
6.815000000000000000e+03 1.090000000000000000e+03
6.250000000000000000e+03 1.156000000000000000e+03
7.091000000000000000e+03 1.601000000000000000e+03
7.093000000000000000e+03 1.422000000000000000e+03
7.122000000000000000e+03 1.564000000000000000e+03
7.107000000000000000e+03 1.441000000000000000e+03
6.935000000000000000e+03 1.468000000000000000e+03
6.941000000000000000e+03 1.330000000000000000e+03
6.941000000000000000e+03 1.345000000000000000e+03
7.154000000000000000e+03 1.337000000000000000e+03
2.860000000000000000e+03 2.455000000000000000e+03
2.862000000000000000e+03 1.322000000000000000e+03
3.512000000000000000e+03 1.490000000000000000e+03
2.794000000000000000e+03 3.652000000000000000e+03
2.750000000000000000e+03 3.418000000000000000e+03
2.816000000000000000e+03 2.541000000000000000e+03
3.024000000000000000e+03 3.496000000000000000e+03
2.529000000000000000e+03 1.261000000000000000e+03
2.748000000000000000e+03 1.091000000000000000e+03
2.588000000000000000e+03 1.133000000000000000e+03
2.703000000000000000e+03 9.340000000000000000e+02
2.542000000000000000e+03 1.309000000000000000e+03
2.558000000000000000e+03 1.280000000000000000e+03
2.620000000000000000e+03 1.503000000000000000e+03
2.572000000000000000e+03 1.411000000000000000e+03
2.951000000000000000e+03 4.054000000000000000e+03
2.983000000000000000e+03 4.054000000000000000e+03
3.020000000000000000e+03 3.856000000000000000e+03
3.065000000000000000e+03 3.798000000000000000e+03
2.933000000000000000e+03 3.176000000000000000e+03
2.452000000000000000e+03 3.022000000000000000e+03
3.056000000000000000e+03 3.728000000000000000e+03
3.044000000000000000e+03 3.632000000000000000e+03
2.817000000000000000e+03 3.647000000000000000e+03
3.144000000000000000e+03 3.472000000000000000e+03
3.137000000000000000e+03 3.362000000000000000e+03
3.006000000000000000e+03 3.367000000000000000e+03
3.028000000000000000e+03 2.979000000000000000e+03
2.910000000000000000e+03 3.094000000000000000e+03
3.100000000000000000e+03 2.966000000000000000e+03
3.191000000000000000e+03 3.252000000000000000e+03
3.237000000000000000e+03 3.974000000000000000e+03
3.054000000000000000e+03 4.012000000000000000e+03
2.836000000000000000e+03 3.004000000000000000e+03
3.049000000000000000e+03 3.856000000000000000e+03
2.732000000000000000e+03 2.279000000000000000e+03
3.215000000000000000e+03 3.888000000000000000e+03
3.139000000000000000e+03 3.978000000000000000e+03
3.100000000000000000e+03 3.949000000000000000e+03
3.035000000000000000e+03 4.624000000000000000e+03
3.011000000000000000e+03 4.549000000000000000e+03
3.039000000000000000e+03 4.472000000000000000e+03
2.946000000000000000e+03 3.338000000000000000e+03
3.209000000000000000e+03 4.378000000000000000e+03
3.215000000000000000e+03 4.485000000000000000e+03
3.003000000000000000e+03 4.430000000000000000e+03
3.003000000000000000e+03 4.382000000000000000e+03
3.284000000000000000e+03 3.037000000000000000e+03
3.603000000000000000e+03 4.293000000000000000e+03
3.372000000000000000e+03 2.880000000000000000e+03
2.980000000000000000e+03 3.399000000000000000e+03
4.265000000000000000e+03 3.979000000000000000e+03
4.862000000000000000e+03 9.310000000000000000e+02
3.863000000000000000e+03 3.967000000000000000e+03
3.027000000000000000e+03 2.761000000000000000e+03
4.125000000000000000e+03 4.259000000000000000e+03
3.851000000000000000e+03 4.475000000000000000e+03
4.986000000000000000e+03 4.456000000000000000e+03
4.428000000000000000e+03 4.263000000000000000e+03
5.233000000000000000e+03 4.082000000000000000e+03
5.166000000000000000e+03 4.151000000000000000e+03
4.887000000000000000e+03 3.304000000000000000e+03
4.785000000000000000e+03 4.002000000000000000e+03
2.242000000000000000e+03 1.078000000000000000e+03
1.791000000000000000e+03 1.215000000000000000e+03
1.694000000000000000e+03 1.195000000000000000e+03
2.131000000000000000e+03 1.240000000000000000e+03
2.186000000000000000e+03 1.227000000000000000e+03
2.151000000000000000e+03 1.318000000000000000e+03
2.022000000000000000e+03 1.122000000000000000e+03
1.793000000000000000e+03 9.140000000000000000e+02
1.597000000000000000e+03 8.850000000000000000e+02
1.638000000000000000e+03 1.048000000000000000e+03
1.678000000000000000e+03 1.130000000000000000e+03
1.584000000000000000e+03 6.470000000000000000e+02
1.681000000000000000e+03 5.750000000000000000e+02
1.616000000000000000e+03 7.840000000000000000e+02
1.620000000000000000e+03 7.210000000000000000e+02
2.376000000000000000e+03 1.400000000000000000e+03
2.008000000000000000e+03 1.032000000000000000e+03
2.429000000000000000e+03 1.261000000000000000e+03
1.937000000000000000e+03 9.800000000000000000e+02
2.190000000000000000e+03 1.237000000000000000e+03
2.010000000000000000e+03 9.010000000000000000e+02
1.946000000000000000e+03 8.670000000000000000e+02
2.011000000000000000e+03 7.330000000000000000e+02
2.040000000000000000e+03 1.252000000000000000e+03
1.889000000000000000e+03 1.081000000000000000e+03
2.075000000000000000e+03 1.177000000000000000e+03
2.000000000000000000e+03 1.275000000000000000e+03
1.969000000000000000e+03 1.142000000000000000e+03
1.881000000000000000e+03 9.210000000000000000e+02
1.844000000000000000e+03 7.700000000000000000e+02
1.822000000000000000e+03 8.390000000000000000e+02
1.856000000000000000e+03 8.280000000000000000e+02
2.089000000000000000e+03 1.422000000000000000e+03
1.749000000000000000e+03 1.057000000000000000e+03
2.090000000000000000e+03 1.110000000000000000e+03
1.759000000000000000e+03 6.580000000000000000e+02
1.700000000000000000e+03 6.920000000000000000e+02
1.811000000000000000e+03 5.640000000000000000e+02
1.819000000000000000e+03 1.125000000000000000e+03
1.687000000000000000e+03 9.090000000000000000e+02
2.313000000000000000e+03 1.025000000000000000e+03
2.217000000000000000e+03 1.248000000000000000e+03
2.155000000000000000e+03 1.557000000000000000e+03
1.799000000000000000e+03 1.208000000000000000e+03
1.929000000000000000e+03 1.238000000000000000e+03
2.291000000000000000e+03 1.435000000000000000e+03
1.916000000000000000e+03 6.260000000000000000e+02
1.893000000000000000e+03 5.470000000000000000e+02
2.105000000000000000e+03 6.610000000000000000e+02
2.027000000000000000e+03 7.530000000000000000e+02
2.069000000000000000e+03 9.190000000000000000e+02
2.256000000000000000e+03 7.740000000000000000e+02
2.169000000000000000e+03 1.046000000000000000e+03
2.110000000000000000e+03 9.810000000000000000e+02
1.645000000000000000e+03 1.197000000000000000e+03
1.618000000000000000e+03 8.100000000000000000e+02
1.735000000000000000e+03 5.730000000000000000e+02
1.588000000000000000e+03 5.680000000000000000e+02
1.661000000000000000e+03 4.350000000000000000e+02
1.628000000000000000e+03 3.300000000000000000e+02
1.590000000000000000e+03 6.720000000000000000e+02
1.573000000000000000e+03 4.550000000000000000e+02
2.289000000000000000e+03 8.470000000000000000e+02
2.230000000000000000e+03 1.119000000000000000e+03
2.188000000000000000e+03 9.050000000000000000e+02
2.170000000000000000e+03 3.990000000000000000e+02
2.216000000000000000e+03 4.250000000000000000e+02
2.223000000000000000e+03 4.780000000000000000e+02
2.245000000000000000e+03 4.920000000000000000e+02
2.196000000000000000e+03 5.490000000000000000e+02
2.181000000000000000e+03 5.810000000000000000e+02
2.104000000000000000e+03 3.840000000000000000e+02
2.105000000000000000e+03 4.480000000000000000e+02
2.254000000000000000e+03 7.440000000000000000e+02
2.264000000000000000e+03 6.750000000000000000e+02
2.226000000000000000e+03 8.550000000000000000e+02
2.362000000000000000e+03 8.140000000000000000e+02
2.035000000000000000e+03 2.260000000000000000e+02
2.124000000000000000e+03 1.980000000000000000e+02
2.041000000000000000e+03 1.790000000000000000e+02
2.092000000000000000e+03 1.790000000000000000e+02
2.194000000000000000e+03 3.310000000000000000e+02
2.150000000000000000e+03 3.200000000000000000e+02
2.164000000000000000e+03 8.760000000000000000e+02
2.303000000000000000e+03 2.790000000000000000e+02
1.715000000000000000e+03 2.840000000000000000e+02
1.761000000000000000e+03 3.070000000000000000e+02
1.786000000000000000e+03 2.050000000000000000e+02
1.837000000000000000e+03 1.860000000000000000e+02
1.805000000000000000e+03 4.080000000000000000e+02
1.824000000000000000e+03 4.680000000000000000e+02
2.134000000000000000e+03 5.960000000000000000e+02
2.195000000000000000e+03 6.750000000000000000e+02
2.182000000000000000e+03 6.470000000000000000e+02
2.021000000000000000e+03 5.990000000000000000e+02
1.922000000000000000e+03 4.940000000000000000e+02
1.919000000000000000e+03 4.320000000000000000e+02
1.898000000000000000e+03 3.520000000000000000e+02
2.128000000000000000e+03 2.940000000000000000e+02
1.944000000000000000e+03 2.110000000000000000e+02
1.928000000000000000e+03 2.820000000000000000e+02
2.392000000000000000e+03 1.512000000000000000e+03
2.212000000000000000e+03 1.817000000000000000e+03
2.332000000000000000e+03 1.344000000000000000e+03
2.345000000000000000e+03 1.277000000000000000e+03
2.290000000000000000e+03 1.753000000000000000e+03
2.404000000000000000e+03 1.411000000000000000e+03
2.424000000000000000e+03 1.524000000000000000e+03
2.412000000000000000e+03 1.334000000000000000e+03
2.503000000000000000e+03 1.104000000000000000e+03
2.348000000000000000e+03 1.202000000000000000e+03
2.592000000000000000e+03 1.068000000000000000e+03
2.582000000000000000e+03 9.930000000000000000e+02
2.333000000000000000e+03 1.213000000000000000e+03
2.453000000000000000e+03 1.173000000000000000e+03
2.409000000000000000e+03 1.158000000000000000e+03
2.355000000000000000e+03 1.195000000000000000e+03
2.368000000000000000e+03 9.980000000000000000e+02
2.367000000000000000e+03 9.150000000000000000e+02
2.501000000000000000e+03 8.840000000000000000e+02
2.566000000000000000e+03 8.830000000000000000e+02
2.290000000000000000e+03 1.365000000000000000e+03
2.327000000000000000e+03 1.272000000000000000e+03
2.385000000000000000e+03 1.098000000000000000e+03
2.518000000000000000e+03 9.690000000000000000e+02
3.371000000000000000e+03 6.421000000000000000e+03
3.429000000000000000e+03 4.908000000000000000e+03
3.378000000000000000e+03 4.835000000000000000e+03
2.963000000000000000e+03 5.399000000000000000e+03
2.830000000000000000e+03 5.675000000000000000e+03
1.415000000000000000e+03 7.129000000000000000e+03
2.183000000000000000e+03 6.822000000000000000e+03
3.667000000000000000e+03 4.856000000000000000e+03
3.674000000000000000e+03 5.196000000000000000e+03
3.474000000000000000e+03 5.307000000000000000e+03
3.706000000000000000e+03 5.060000000000000000e+03
3.479000000000000000e+03 5.057000000000000000e+03
3.567000000000000000e+03 4.976000000000000000e+03
3.617000000000000000e+03 4.796000000000000000e+03
3.563000000000000000e+03 5.079000000000000000e+03
3.990000000000000000e+03 7.443000000000000000e+03
3.863000000000000000e+03 7.435000000000000000e+03
3.795000000000000000e+03 7.407000000000000000e+03
3.529000000000000000e+03 7.055000000000000000e+03
2.972000000000000000e+03 7.270000000000000000e+03
3.643000000000000000e+03 7.332000000000000000e+03
2.525000000000000000e+03 7.270000000000000000e+03
3.032000000000000000e+03 7.252000000000000000e+03
1.085000000000000000e+03 7.364000000000000000e+03
1.455000000000000000e+03 7.417000000000000000e+03
9.500000000000000000e+02 7.337000000000000000e+03
9.920000000000000000e+02 7.391000000000000000e+03
1.238000000000000000e+03 7.351000000000000000e+03
3.438000000000000000e+03 6.730000000000000000e+03
2.802000000000000000e+03 7.234000000000000000e+03
3.375000000000000000e+03 6.404000000000000000e+03
3.399000000000000000e+03 7.158000000000000000e+03
3.614000000000000000e+03 6.161000000000000000e+03
4.470000000000000000e+03 5.542000000000000000e+03
3.333000000000000000e+03 7.327000000000000000e+03
3.399000000000000000e+03 7.187000000000000000e+03
3.275000000000000000e+03 7.288000000000000000e+03
3.361000000000000000e+03 7.245000000000000000e+03
3.146000000000000000e+03 7.331000000000000000e+03
3.164000000000000000e+03 7.125000000000000000e+03
3.212000000000000000e+03 7.347000000000000000e+03
3.793000000000000000e+03 6.413000000000000000e+03
3.007000000000000000e+03 6.403000000000000000e+03
3.098000000000000000e+03 6.641000000000000000e+03
3.230000000000000000e+03 7.101000000000000000e+03
3.162000000000000000e+03 6.999000000000000000e+03
3.783000000000000000e+03 6.806000000000000000e+03
2.744000000000000000e+03 6.768000000000000000e+03
5.489000000000000000e+03 5.149000000000000000e+03
5.095000000000000000e+03 6.512000000000000000e+03
5.012000000000000000e+03 7.103000000000000000e+03
4.457000000000000000e+03 6.349000000000000000e+03
5.259000000000000000e+03 6.865000000000000000e+03
5.273000000000000000e+03 7.115000000000000000e+03
3.115000000000000000e+03 7.016000000000000000e+03
3.874000000000000000e+03 7.210000000000000000e+03
3.920000000000000000e+03 7.355000000000000000e+03
3.831000000000000000e+03 7.278000000000000000e+03
3.780000000000000000e+03 7.107000000000000000e+03
3.490000000000000000e+03 7.044000000000000000e+03
3.597000000000000000e+03 6.747000000000000000e+03
3.825000000000000000e+03 7.159000000000000000e+03
3.632000000000000000e+03 4.786000000000000000e+03
3.565000000000000000e+03 4.436000000000000000e+03
3.562000000000000000e+03 4.505000000000000000e+03
3.952000000000000000e+03 4.621000000000000000e+03
3.875000000000000000e+03 4.748000000000000000e+03
3.306000000000000000e+03 4.781000000000000000e+03
3.307000000000000000e+03 4.697000000000000000e+03
3.563000000000000000e+03 5.003000000000000000e+03
3.604000000000000000e+03 5.189000000000000000e+03
3.453000000000000000e+03 4.723000000000000000e+03
3.529000000000000000e+03 4.866000000000000000e+03
3.468000000000000000e+03 4.901000000000000000e+03
3.373000000000000000e+03 4.804000000000000000e+03
3.454000000000000000e+03 4.749000000000000000e+03
3.454000000000000000e+03 4.782000000000000000e+03
4.153000000000000000e+03 4.510000000000000000e+03
4.084000000000000000e+03 4.635000000000000000e+03
4.239000000000000000e+03 4.564000000000000000e+03
4.258000000000000000e+03 4.663000000000000000e+03
3.703000000000000000e+03 4.622000000000000000e+03
3.671000000000000000e+03 4.765000000000000000e+03
3.924000000000000000e+03 4.553000000000000000e+03
3.976000000000000000e+03 4.601000000000000000e+03
4.358000000000000000e+03 4.575000000000000000e+03
4.405000000000000000e+03 4.612000000000000000e+03
4.452000000000000000e+03 4.477000000000000000e+03
4.428000000000000000e+03 4.618000000000000000e+03
3.938000000000000000e+03 4.546000000000000000e+03
4.174000000000000000e+03 4.629000000000000000e+03
4.280000000000000000e+03 4.536000000000000000e+03
4.230000000000000000e+03 4.404000000000000000e+03
3.937000000000000000e+03 4.690000000000000000e+03
3.992000000000000000e+03 4.766000000000000000e+03
4.124000000000000000e+03 4.745000000000000000e+03
4.089000000000000000e+03 4.493000000000000000e+03
3.534000000000000000e+03 5.040000000000000000e+03
3.611000000000000000e+03 4.874000000000000000e+03
3.755000000000000000e+03 4.736000000000000000e+03
3.839000000000000000e+03 4.689000000000000000e+03
3.894000000000000000e+03 4.908000000000000000e+03
3.732000000000000000e+03 4.962000000000000000e+03
4.065000000000000000e+03 4.781000000000000000e+03
4.035000000000000000e+03 4.749000000000000000e+03
3.647000000000000000e+03 5.002000000000000000e+03
3.774000000000000000e+03 4.898000000000000000e+03
3.670000000000000000e+03 5.006000000000000000e+03
3.672000000000000000e+03 4.832000000000000000e+03
4.403000000000000000e+03 4.945000000000000000e+03
4.408000000000000000e+03 5.003000000000000000e+03
4.432000000000000000e+03 5.115000000000000000e+03
4.544000000000000000e+03 5.094000000000000000e+03
4.316000000000000000e+03 4.854000000000000000e+03
4.449000000000000000e+03 4.877000000000000000e+03
4.251000000000000000e+03 4.858000000000000000e+03
4.333000000000000000e+03 4.765000000000000000e+03
4.002000000000000000e+03 5.085000000000000000e+03
3.819000000000000000e+03 5.072000000000000000e+03
3.975000000000000000e+03 5.088000000000000000e+03
4.043000000000000000e+03 5.056000000000000000e+03
4.185000000000000000e+03 4.996000000000000000e+03
4.185000000000000000e+03 5.094000000000000000e+03
4.216000000000000000e+03 4.889000000000000000e+03
4.259000000000000000e+03 5.011000000000000000e+03
5.224000000000000000e+03 4.792000000000000000e+03
5.267000000000000000e+03 4.689000000000000000e+03
5.314000000000000000e+03 4.869000000000000000e+03
5.129000000000000000e+03 4.916000000000000000e+03
5.181000000000000000e+03 4.729000000000000000e+03
5.059000000000000000e+03 4.720000000000000000e+03
5.101000000000000000e+03 4.752000000000000000e+03
5.799000000000000000e+03 4.952000000000000000e+03
5.757000000000000000e+03 4.905000000000000000e+03
5.838000000000000000e+03 5.032000000000000000e+03
5.766000000000000000e+03 5.066000000000000000e+03
5.710000000000000000e+03 4.923000000000000000e+03
5.676000000000000000e+03 4.944000000000000000e+03
5.507000000000000000e+03 4.904000000000000000e+03
5.541000000000000000e+03 4.920000000000000000e+03
6.072000000000000000e+03 7.111000000000000000e+03
5.746000000000000000e+03 6.441000000000000000e+03
5.880000000000000000e+03 7.111000000000000000e+03
6.143000000000000000e+03 7.463000000000000000e+03
6.435000000000000000e+03 7.463000000000000000e+03
6.488000000000000000e+03 7.477000000000000000e+03
6.250000000000000000e+03 7.208000000000000000e+03
5.715000000000000000e+03 6.312000000000000000e+03
4.850000000000000000e+03 7.235000000000000000e+03
4.819000000000000000e+03 7.239000000000000000e+03
4.696000000000000000e+03 7.308000000000000000e+03
4.720000000000000000e+03 7.272000000000000000e+03
5.155000000000000000e+03 7.291000000000000000e+03
5.227000000000000000e+03 7.319000000000000000e+03
4.947000000000000000e+03 7.234000000000000000e+03
5.058000000000000000e+03 7.238000000000000000e+03
5.239000000000000000e+03 6.781000000000000000e+03
4.957000000000000000e+03 6.933000000000000000e+03
4.910000000000000000e+03 7.112000000000000000e+03
5.630000000000000000e+03 6.801000000000000000e+03
5.230000000000000000e+03 7.185000000000000000e+03
5.459000000000000000e+03 6.969000000000000000e+03
5.408000000000000000e+03 6.672000000000000000e+03
4.844000000000000000e+03 7.349000000000000000e+03
4.733000000000000000e+03 6.870000000000000000e+03
4.792000000000000000e+03 7.384000000000000000e+03
4.668000000000000000e+03 7.395000000000000000e+03
5.372000000000000000e+03 6.802000000000000000e+03
5.217000000000000000e+03 6.811000000000000000e+03
5.056000000000000000e+03 7.238000000000000000e+03
4.990000000000000000e+03 7.331000000000000000e+03
5.502000000000000000e+03 7.395000000000000000e+03
5.843000000000000000e+03 7.435000000000000000e+03
5.749000000000000000e+03 7.439000000000000000e+03
5.081000000000000000e+03 7.368000000000000000e+03
5.954000000000000000e+03 7.400000000000000000e+03
5.471000000000000000e+03 7.372000000000000000e+03
5.784000000000000000e+03 7.407000000000000000e+03
5.256000000000000000e+03 7.291000000000000000e+03
4.098000000000000000e+03 7.409000000000000000e+03
4.135000000000000000e+03 7.365000000000000000e+03
4.244000000000000000e+03 7.442000000000000000e+03
4.196000000000000000e+03 7.451000000000000000e+03
3.993000000000000000e+03 7.074000000000000000e+03
3.980000000000000000e+03 7.155000000000000000e+03
4.074000000000000000e+03 7.295000000000000000e+03
4.010000000000000000e+03 7.246000000000000000e+03
5.046000000000000000e+03 6.747000000000000000e+03
4.890000000000000000e+03 4.884000000000000000e+03
4.960000000000000000e+03 4.974000000000000000e+03
5.002000000000000000e+03 6.059000000000000000e+03
4.950000000000000000e+03 6.688000000000000000e+03
4.961000000000000000e+03 6.078000000000000000e+03
4.737000000000000000e+03 7.103000000000000000e+03
4.591000000000000000e+03 7.337000000000000000e+03
4.546000000000000000e+03 7.409000000000000000e+03
4.600000000000000000e+03 5.633000000000000000e+03
4.571000000000000000e+03 7.298000000000000000e+03
4.591000000000000000e+03 7.202000000000000000e+03
4.613000000000000000e+03 7.211000000000000000e+03
4.853000000000000000e+03 5.822000000000000000e+03
4.659000000000000000e+03 7.101000000000000000e+03
4.951000000000000000e+03 4.657000000000000000e+03
4.943000000000000000e+03 4.690000000000000000e+03
4.790000000000000000e+03 4.532000000000000000e+03
4.872000000000000000e+03 4.641000000000000000e+03
4.731000000000000000e+03 4.731000000000000000e+03
4.591000000000000000e+03 4.769000000000000000e+03
4.839000000000000000e+03 4.853000000000000000e+03
4.887000000000000000e+03 4.810000000000000000e+03
4.493000000000000000e+03 4.585000000000000000e+03
4.612000000000000000e+03 4.641000000000000000e+03
4.643000000000000000e+03 4.670000000000000000e+03
4.596000000000000000e+03 4.580000000000000000e+03
4.591000000000000000e+03 4.706000000000000000e+03
4.610000000000000000e+03 4.705000000000000000e+03
4.727000000000000000e+03 4.781000000000000000e+03
4.660000000000000000e+03 4.879000000000000000e+03
4.714000000000000000e+03 7.101000000000000000e+03
5.577000000000000000e+03 6.847000000000000000e+03
4.475000000000000000e+03 6.423000000000000000e+03
4.500000000000000000e+03 6.971000000000000000e+03
6.050000000000000000e+03 6.618000000000000000e+03
5.792000000000000000e+03 6.790000000000000000e+03
5.262000000000000000e+03 7.288000000000000000e+03
5.479000000000000000e+03 7.216000000000000000e+03
5.403000000000000000e+03 6.573000000000000000e+03
4.503000000000000000e+03 7.224000000000000000e+03
4.426000000000000000e+03 7.136000000000000000e+03
4.421000000000000000e+03 5.679000000000000000e+03
4.399000000000000000e+03 7.441000000000000000e+03
4.412000000000000000e+03 7.355000000000000000e+03
4.381000000000000000e+03 6.259000000000000000e+03
4.415000000000000000e+03 7.323000000000000000e+03
4.290000000000000000e+03 7.332000000000000000e+03
4.235000000000000000e+03 7.318000000000000000e+03
4.294000000000000000e+03 7.166000000000000000e+03
4.230000000000000000e+03 6.950000000000000000e+03
4.132000000000000000e+03 7.121000000000000000e+03
4.124000000000000000e+03 7.187000000000000000e+03
4.192000000000000000e+03 7.085000000000000000e+03
4.382000000000000000e+03 7.121000000000000000e+03
6.447000000000000000e+03 6.244000000000000000e+03
5.154000000000000000e+03 7.431000000000000000e+03
5.755000000000000000e+03 6.711000000000000000e+03
6.246000000000000000e+03 6.448000000000000000e+03
5.860000000000000000e+03 6.770000000000000000e+03
5.518000000000000000e+03 6.920000000000000000e+03
5.333000000000000000e+03 7.466000000000000000e+03
5.341000000000000000e+03 7.462000000000000000e+03
5.570000000000000000e+02 1.915000000000000000e+03
5.590000000000000000e+02 1.812000000000000000e+03
3.980000000000000000e+02 1.845000000000000000e+03
1.018000000000000000e+03 1.860000000000000000e+03
3.190000000000000000e+02 2.012000000000000000e+03
3.240000000000000000e+02 2.453000000000000000e+03
2.990000000000000000e+02 2.195000000000000000e+03
3.010000000000000000e+02 2.721000000000000000e+03
4.840000000000000000e+02 2.622000000000000000e+03
2.900000000000000000e+02 2.821000000000000000e+03
3.230000000000000000e+02 2.904000000000000000e+03
7.280000000000000000e+02 2.292000000000000000e+03
4.110000000000000000e+02 2.460000000000000000e+03
4.220000000000000000e+02 2.874000000000000000e+03
5.350000000000000000e+02 2.459000000000000000e+03
3.320000000000000000e+02 4.119000000000000000e+03
3.460000000000000000e+02 4.374000000000000000e+03
2.920000000000000000e+02 4.638000000000000000e+03
3.220000000000000000e+02 4.703000000000000000e+03
1.336000000000000000e+03 4.459000000000000000e+03
4.360000000000000000e+02 4.357000000000000000e+03
3.060000000000000000e+02 4.424000000000000000e+03
3.450000000000000000e+02 4.377000000000000000e+03
3.720000000000000000e+02 4.760000000000000000e+03
7.350000000000000000e+02 4.733000000000000000e+03
3.600000000000000000e+02 4.848000000000000000e+03
1.433000000000000000e+03 3.859000000000000000e+03
4.020000000000000000e+02 5.082000000000000000e+03
3.800000000000000000e+02 4.915000000000000000e+03
3.000000000000000000e+02 4.965000000000000000e+03
3.320000000000000000e+02 5.092000000000000000e+03
7.660000000000000000e+02 3.731000000000000000e+03
4.200000000000000000e+02 3.761000000000000000e+03
4.040000000000000000e+02 3.659000000000000000e+03
3.760000000000000000e+02 4.040000000000000000e+03
4.130000000000000000e+02 4.062000000000000000e+03
4.060000000000000000e+02 3.875000000000000000e+03
4.490000000000000000e+02 4.023000000000000000e+03
3.150000000000000000e+02 3.515000000000000000e+03
6.040000000000000000e+02 3.110000000000000000e+03
4.770000000000000000e+02 3.905000000000000000e+03
3.260000000000000000e+02 3.829000000000000000e+03
5.430000000000000000e+02 2.991000000000000000e+03
3.250000000000000000e+02 3.372000000000000000e+03
7.480000000000000000e+02 2.703000000000000000e+03
1.495000000000000000e+03 2.141000000000000000e+03
3.170000000000000000e+02 3.151000000000000000e+03
1.968000000000000000e+03 3.131000000000000000e+03
5.400000000000000000e+02 3.354000000000000000e+03
4.670000000000000000e+02 3.284000000000000000e+03
4.340000000000000000e+02 3.453000000000000000e+03
3.900000000000000000e+02 3.046000000000000000e+03
1.953000000000000000e+03 2.829000000000000000e+03
3.700000000000000000e+02 3.061000000000000000e+03
3.580000000000000000e+02 2.094000000000000000e+03
3.480000000000000000e+02 2.234000000000000000e+03
4.200000000000000000e+02 2.692000000000000000e+03
4.910000000000000000e+02 2.575000000000000000e+03
4.620000000000000000e+02 2.072000000000000000e+03
4.620000000000000000e+02 2.067000000000000000e+03
4.580000000000000000e+02 2.269000000000000000e+03
5.030000000000000000e+02 2.414000000000000000e+03
1.694000000000000000e+03 1.304000000000000000e+03
1.394000000000000000e+03 1.228000000000000000e+03
1.489000000000000000e+03 1.271000000000000000e+03
1.326000000000000000e+03 1.055000000000000000e+03
1.363000000000000000e+03 1.143000000000000000e+03
1.354000000000000000e+03 9.550000000000000000e+02
1.318000000000000000e+03 9.060000000000000000e+02
1.493000000000000000e+03 1.152000000000000000e+03
1.468000000000000000e+03 1.067000000000000000e+03
1.514000000000000000e+03 1.244000000000000000e+03
1.618000000000000000e+03 1.243000000000000000e+03
1.435000000000000000e+03 8.360000000000000000e+02
1.408000000000000000e+03 8.900000000000000000e+02
1.438000000000000000e+03 9.540000000000000000e+02
1.689000000000000000e+03 9.720000000000000000e+02
1.511000000000000000e+03 1.421000000000000000e+03
1.413000000000000000e+03 1.339000000000000000e+03
1.220000000000000000e+03 1.528000000000000000e+03
1.359000000000000000e+03 1.513000000000000000e+03
1.332000000000000000e+03 1.666000000000000000e+03
9.070000000000000000e+02 1.685000000000000000e+03
1.535000000000000000e+03 1.556000000000000000e+03
9.830000000000000000e+02 1.582000000000000000e+03
1.535000000000000000e+03 1.416000000000000000e+03
1.545000000000000000e+03 1.413000000000000000e+03
1.690000000000000000e+03 1.415000000000000000e+03
1.593000000000000000e+03 1.445000000000000000e+03
1.895000000000000000e+03 1.559000000000000000e+03
2.102000000000000000e+03 1.616000000000000000e+03
1.847000000000000000e+03 1.432000000000000000e+03
1.863000000000000000e+03 1.330000000000000000e+03
1.038000000000000000e+03 1.070000000000000000e+03
1.135000000000000000e+03 1.226000000000000000e+03
1.229000000000000000e+03 9.470000000000000000e+02
1.061000000000000000e+03 9.470000000000000000e+02
1.271000000000000000e+03 1.131000000000000000e+03
1.160000000000000000e+03 1.193000000000000000e+03
1.204000000000000000e+03 1.392000000000000000e+03
1.143000000000000000e+03 1.328000000000000000e+03
1.278000000000000000e+03 1.496000000000000000e+03
1.331000000000000000e+03 1.347000000000000000e+03
1.433000000000000000e+03 1.580000000000000000e+03
1.437000000000000000e+03 1.693000000000000000e+03
1.310000000000000000e+03 1.717000000000000000e+03
1.371000000000000000e+03 1.657000000000000000e+03
1.177000000000000000e+03 1.439000000000000000e+03
1.175000000000000000e+03 1.588000000000000000e+03
1.624000000000000000e+03 1.862000000000000000e+03
8.670000000000000000e+02 3.178000000000000000e+03
4.540000000000000000e+02 5.744000000000000000e+03
4.940000000000000000e+02 5.879000000000000000e+03
8.680000000000000000e+02 2.549000000000000000e+03
9.340000000000000000e+02 4.217000000000000000e+03
8.000000000000000000e+02 5.789000000000000000e+03
5.980000000000000000e+02 5.956000000000000000e+03
4.660000000000000000e+02 2.703000000000000000e+03
4.750000000000000000e+02 3.211000000000000000e+03
1.965000000000000000e+03 1.644000000000000000e+03
1.858000000000000000e+03 1.880000000000000000e+03
9.290000000000000000e+02 1.658000000000000000e+03
1.061000000000000000e+03 1.442000000000000000e+03
1.166000000000000000e+03 1.918000000000000000e+03
1.672000000000000000e+03 1.715000000000000000e+03
3.094000000000000000e+03 5.302000000000000000e+03
3.182000000000000000e+03 5.284000000000000000e+03
3.621000000000000000e+03 5.158000000000000000e+03
3.830000000000000000e+03 5.157000000000000000e+03
3.471000000000000000e+03 5.089000000000000000e+03
4.087000000000000000e+03 5.301000000000000000e+03
4.078000000000000000e+03 5.238000000000000000e+03
2.408000000000000000e+03 5.648000000000000000e+03
1.388000000000000000e+03 5.881000000000000000e+03
3.277000000000000000e+03 5.683000000000000000e+03
2.718000000000000000e+03 5.496000000000000000e+03
3.304000000000000000e+03 5.644000000000000000e+03
3.196000000000000000e+03 5.769000000000000000e+03
3.187000000000000000e+03 5.691000000000000000e+03
3.302000000000000000e+03 5.692000000000000000e+03
2.940000000000000000e+02 5.524000000000000000e+03
9.410000000000000000e+02 4.814000000000000000e+03
3.070000000000000000e+02 5.383000000000000000e+03
3.790000000000000000e+02 5.361000000000000000e+03
4.600000000000000000e+02 5.512000000000000000e+03
1.110000000000000000e+03 3.658000000000000000e+03
3.600000000000000000e+02 5.635000000000000000e+03
2.830000000000000000e+02 5.632000000000000000e+03
3.063000000000000000e+03 4.215000000000000000e+03
2.969000000000000000e+03 3.927000000000000000e+03
2.743000000000000000e+03 4.458000000000000000e+03
2.945000000000000000e+03 4.354000000000000000e+03
2.984000000000000000e+03 4.060000000000000000e+03
2.852000000000000000e+03 2.674000000000000000e+03
2.616000000000000000e+03 3.609000000000000000e+03
2.805000000000000000e+03 3.308000000000000000e+03
3.544000000000000000e+03 4.691000000000000000e+03
1.132000000000000000e+03 5.090000000000000000e+03
3.140000000000000000e+03 5.381000000000000000e+03
5.011000000000000000e+03 4.867000000000000000e+03
4.977000000000000000e+03 5.078000000000000000e+03
4.887000000000000000e+03 4.851000000000000000e+03
4.827000000000000000e+03 4.984000000000000000e+03
4.548000000000000000e+03 5.169000000000000000e+03
4.557000000000000000e+03 5.108000000000000000e+03
4.660000000000000000e+03 5.067000000000000000e+03
4.696000000000000000e+03 5.138000000000000000e+03
4.319000000000000000e+03 4.792000000000000000e+03
4.720000000000000000e+03 5.091000000000000000e+03
4.801000000000000000e+03 5.083000000000000000e+03
4.843000000000000000e+03 5.065000000000000000e+03
4.030000000000000000e+02 4.390000000000000000e+03
3.600000000000000000e+02 4.263000000000000000e+03
3.280000000000000000e+02 4.157000000000000000e+03
3.190000000000000000e+02 4.251000000000000000e+03
3.630000000000000000e+02 5.043000000000000000e+03
5.090000000000000000e+02 4.705000000000000000e+03
3.100000000000000000e+02 5.190000000000000000e+03
3.830000000000000000e+02 5.253000000000000000e+03
2.976000000000000000e+03 4.791000000000000000e+03
2.853000000000000000e+03 4.884000000000000000e+03
3.005000000000000000e+03 4.979000000000000000e+03
2.783000000000000000e+03 4.876000000000000000e+03
3.047000000000000000e+03 5.121000000000000000e+03
2.997000000000000000e+03 5.057000000000000000e+03
1.305000000000000000e+03 5.221000000000000000e+03
2.069000000000000000e+03 4.750000000000000000e+03
3.548000000000000000e+03 4.743000000000000000e+03
2.301000000000000000e+03 4.868000000000000000e+03
1.938000000000000000e+03 5.250000000000000000e+03
2.663000000000000000e+03 4.272000000000000000e+03
2.989000000000000000e+03 4.468000000000000000e+03
3.084000000000000000e+03 4.101000000000000000e+03
3.142000000000000000e+03 5.018000000000000000e+03
3.041000000000000000e+03 4.395000000000000000e+03
3.240000000000000000e+03 4.682000000000000000e+03
3.162000000000000000e+03 4.700000000000000000e+03
3.100000000000000000e+03 4.886000000000000000e+03
3.289000000000000000e+03 4.968000000000000000e+03
3.251000000000000000e+03 4.943000000000000000e+03
3.159000000000000000e+03 5.083000000000000000e+03
3.233000000000000000e+03 5.081000000000000000e+03
5.761000000000000000e+03 6.610000000000000000e+03
5.815000000000000000e+03 7.164000000000000000e+03
3.733000000000000000e+03 5.005000000000000000e+03
3.790000000000000000e+03 4.656000000000000000e+03
6.239000000000000000e+03 7.196000000000000000e+03
6.119000000000000000e+03 7.084000000000000000e+03
6.008000000000000000e+03 7.208000000000000000e+03
6.013000000000000000e+03 7.181000000000000000e+03
5.995000000000000000e+03 7.209000000000000000e+03
5.695000000000000000e+03 6.418000000000000000e+03
5.985000000000000000e+03 6.980000000000000000e+03
6.052000000000000000e+03 7.189000000000000000e+03
5.924000000000000000e+03 7.092000000000000000e+03
5.731000000000000000e+03 6.013000000000000000e+03
5.639000000000000000e+03 5.055000000000000000e+03
5.844000000000000000e+03 5.054000000000000000e+03
2.989000000000000000e+03 5.385000000000000000e+03
3.088000000000000000e+03 4.844000000000000000e+03
3.184000000000000000e+03 4.891000000000000000e+03
3.108000000000000000e+03 5.060000000000000000e+03
5.077000000000000000e+03 6.528000000000000000e+03
4.581000000000000000e+03 5.197000000000000000e+03
4.273000000000000000e+03 5.066000000000000000e+03
5.540000000000000000e+03 5.120000000000000000e+03
5.624000000000000000e+03 6.088000000000000000e+03
5.425000000000000000e+03 6.226000000000000000e+03
5.404000000000000000e+03 6.230000000000000000e+03
6.378000000000000000e+03 5.842000000000000000e+03
5.764000000000000000e+03 5.701000000000000000e+03
6.022000000000000000e+03 5.163000000000000000e+03
5.476000000000000000e+03 5.309000000000000000e+03
4.292000000000000000e+03 5.409000000000000000e+03
3.098000000000000000e+03 5.311000000000000000e+03
2.920000000000000000e+03 5.342000000000000000e+03
6.526000000000000000e+03 6.974000000000000000e+03
4.553000000000000000e+03 5.988000000000000000e+03
6.496000000000000000e+03 5.198000000000000000e+03
5.563000000000000000e+03 5.216000000000000000e+03
6.365000000000000000e+03 6.841000000000000000e+03
6.468000000000000000e+03 6.823000000000000000e+03
4.876000000000000000e+03 4.901000000000000000e+03
5.665000000000000000e+03 5.261000000000000000e+03
5.225000000000000000e+03 5.088000000000000000e+03
4.448000000000000000e+03 5.080000000000000000e+03
6.623000000000000000e+03 7.166000000000000000e+03
6.410000000000000000e+03 6.050000000000000000e+03
5.894000000000000000e+03 6.157000000000000000e+03
6.600000000000000000e+03 7.126000000000000000e+03
2.920000000000000000e+03 1.100000000000000000e+02
3.288000000000000000e+03 2.020000000000000000e+03
3.260000000000000000e+03 5.190000000000000000e+03
5.030000000000000000e+02 1.930000000000000000e+03
7.530000000000000000e+02 5.840000000000000000e+03
-4.000000000000000000e+00 0.000000000000000000e+00
7.164000000000000000e+03 0.000000000000000000e+00
3.000000000000000000e+00 0.000000000000000000e+00
