4.786000000000000000e+03 6.100000000000000000e+02
4.422000000000000000e+03 7.000000000000000000e+02
4.622000000000000000e+03 6.570000000000000000e+02
4.553000000000000000e+03 5.250000000000000000e+02
4.968000000000000000e+03 5.670000000000000000e+02
4.904000000000000000e+03 6.190000000000000000e+02
5.009000000000000000e+03 6.150000000000000000e+02
4.553000000000000000e+03 5.260000000000000000e+02
4.532000000000000000e+03 5.610000000000000000e+02
4.412000000000000000e+03 5.970000000000000000e+02
4.530000000000000000e+03 6.160000000000000000e+02
4.538000000000000000e+03 4.760000000000000000e+02
4.473000000000000000e+03 5.860000000000000000e+02
4.532000000000000000e+03 4.400000000000000000e+02
4.664000000000000000e+03 4.280000000000000000e+02
5.089000000000000000e+03 4.990000000000000000e+02
5.138000000000000000e+03 5.080000000000000000e+02
4.815000000000000000e+03 5.320000000000000000e+02
4.821000000000000000e+03 4.750000000000000000e+02
5.296000000000000000e+03 4.050000000000000000e+02
5.177000000000000000e+03 4.480000000000000000e+02
5.245000000000000000e+03 3.780000000000000000e+02
5.226000000000000000e+03 3.700000000000000000e+02
5.112000000000000000e+03 2.600000000000000000e+02
4.981000000000000000e+03 2.990000000000000000e+02
5.168000000000000000e+03 2.250000000000000000e+02
5.029000000000000000e+03 2.270000000000000000e+02
4.729000000000000000e+03 4.070000000000000000e+02
4.800000000000000000e+03 4.090000000000000000e+02
4.969000000000000000e+03 3.230000000000000000e+02
4.811000000000000000e+03 3.550000000000000000e+02
5.963000000000000000e+03 4.800000000000000000e+02
6.212000000000000000e+03 5.260000000000000000e+02
6.116000000000000000e+03 5.060000000000000000e+02
4.256000000000000000e+03 1.051000000000000000e+03
4.354000000000000000e+03 9.750000000000000000e+02
4.256000000000000000e+03 9.720000000000000000e+02
4.315000000000000000e+03 9.000000000000000000e+02
4.439000000000000000e+03 7.750000000000000000e+02
4.337000000000000000e+03 8.310000000000000000e+02
4.430000000000000000e+03 7.170000000000000000e+02
4.422000000000000000e+03 6.540000000000000000e+02
4.208000000000000000e+03 8.410000000000000000e+02
4.283000000000000000e+03 9.630000000000000000e+02
4.343000000000000000e+03 9.310000000000000000e+02
4.399000000000000000e+03 8.990000000000000000e+02
5.701000000000000000e+03 5.280000000000000000e+02
6.150000000000000000e+03 5.960000000000000000e+02
5.932000000000000000e+03 6.280000000000000000e+02
6.090000000000000000e+03 6.110000000000000000e+02
5.947000000000000000e+03 5.470000000000000000e+02
5.958000000000000000e+03 6.170000000000000000e+02
5.993000000000000000e+03 4.500000000000000000e+02
6.023000000000000000e+03 4.980000000000000000e+02
5.940000000000000000e+03 1.990000000000000000e+02
5.891000000000000000e+03 1.640000000000000000e+02
5.797000000000000000e+03 2.250000000000000000e+02
5.817000000000000000e+03 1.830000000000000000e+02
5.999000000000000000e+03 3.590000000000000000e+02
6.069000000000000000e+03 3.350000000000000000e+02
6.037000000000000000e+03 2.610000000000000000e+02
6.009000000000000000e+03 2.000000000000000000e+02
6.080000000000000000e+03 4.650000000000000000e+02
6.922000000000000000e+03 5.080000000000000000e+02
6.824000000000000000e+03 5.890000000000000000e+02
6.155000000000000000e+03 1.600000000000000000e+02
6.166000000000000000e+03 2.370000000000000000e+02
6.115000000000000000e+03 2.150000000000000000e+02
6.028000000000000000e+03 2.760000000000000000e+02
6.993000000000000000e+03 5.020000000000000000e+02
7.105000000000000000e+03 6.080000000000000000e+02
7.026000000000000000e+03 4.390000000000000000e+02
7.083000000000000000e+03 5.880000000000000000e+02
6.942000000000000000e+03 6.850000000000000000e+02
6.875000000000000000e+03 6.140000000000000000e+02
7.005000000000000000e+03 7.570000000000000000e+02
6.961000000000000000e+03 4.710000000000000000e+02
6.277000000000000000e+03 1.700000000000000000e+02
6.331000000000000000e+03 2.010000000000000000e+02
6.386000000000000000e+03 3.030000000000000000e+02
6.334000000000000000e+03 2.020000000000000000e+02
6.312000000000000000e+03 2.930000000000000000e+02
6.291000000000000000e+03 3.550000000000000000e+02
5.877000000000000000e+03 5.080000000000000000e+02
6.208000000000000000e+03 4.500000000000000000e+02
6.243000000000000000e+03 5.140000000000000000e+02
6.392000000000000000e+03 4.530000000000000000e+02
6.202000000000000000e+03 5.040000000000000000e+02
6.290000000000000000e+03 4.970000000000000000e+02
6.514000000000000000e+03 5.250000000000000000e+02
6.471000000000000000e+03 5.020000000000000000e+02
6.370000000000000000e+03 5.960000000000000000e+02
6.456000000000000000e+03 6.190000000000000000e+02
6.377000000000000000e+03 3.150000000000000000e+02
6.397000000000000000e+03 2.560000000000000000e+02
6.791000000000000000e+03 1.430000000000000000e+02
6.848000000000000000e+03 1.670000000000000000e+02
6.434000000000000000e+03 1.800000000000000000e+02
6.605000000000000000e+03 1.430000000000000000e+02
6.553000000000000000e+03 2.280000000000000000e+02
6.604000000000000000e+03 1.620000000000000000e+02
6.559000000000000000e+03 4.370000000000000000e+02
6.581000000000000000e+03 3.760000000000000000e+02
6.624000000000000000e+03 3.860000000000000000e+02
6.764000000000000000e+03 3.560000000000000000e+02
6.733000000000000000e+03 2.910000000000000000e+02
6.813000000000000000e+03 2.660000000000000000e+02
6.581000000000000000e+03 2.500000000000000000e+02
6.617000000000000000e+03 2.520000000000000000e+02
6.597000000000000000e+03 4.730000000000000000e+02
6.643000000000000000e+03 5.460000000000000000e+02
6.404000000000000000e+03 5.790000000000000000e+02
6.861000000000000000e+03 4.780000000000000000e+02
6.854000000000000000e+03 2.400000000000000000e+02
6.047000000000000000e+03 4.800000000000000000e+02
6.045000000000000000e+03 4.760000000000000000e+02
6.848000000000000000e+03 3.250000000000000000e+02
6.673000000000000000e+03 4.250000000000000000e+02
6.850000000000000000e+03 5.370000000000000000e+02
6.746000000000000000e+03 5.330000000000000000e+02
6.691000000000000000e+03 5.540000000000000000e+02
6.794000000000000000e+03 5.690000000000000000e+02
6.988000000000000000e+03 3.900000000000000000e+02
6.682000000000000000e+03 5.210000000000000000e+02
6.888000000000000000e+03 5.220000000000000000e+02
3.568000000000000000e+03 2.630000000000000000e+02
3.437000000000000000e+03 2.590000000000000000e+02
3.481000000000000000e+03 3.150000000000000000e+02
3.533000000000000000e+03 1.690000000000000000e+02
3.473000000000000000e+03 1.580000000000000000e+02
3.381000000000000000e+03 2.190000000000000000e+02
3.564000000000000000e+03 1.730000000000000000e+02
4.135000000000000000e+03 1.920000000000000000e+02
4.101000000000000000e+03 2.200000000000000000e+02
4.112000000000000000e+03 3.670000000000000000e+02
4.073000000000000000e+03 2.330000000000000000e+02
4.163000000000000000e+03 5.380000000000000000e+02
4.101000000000000000e+03 5.400000000000000000e+02
4.243000000000000000e+03 5.300000000000000000e+02
4.173000000000000000e+03 4.130000000000000000e+02
3.730000000000000000e+03 1.490000000000000000e+02
3.809000000000000000e+03 1.560000000000000000e+02
3.812000000000000000e+03 2.810000000000000000e+02
3.834000000000000000e+03 2.530000000000000000e+02
3.979000000000000000e+03 1.950000000000000000e+02
3.961000000000000000e+03 3.000000000000000000e+02
3.957000000000000000e+03 2.750000000000000000e+02
4.001000000000000000e+03 3.230000000000000000e+02
4.202000000000000000e+03 3.250000000000000000e+02
4.337000000000000000e+03 3.130000000000000000e+02
4.284000000000000000e+03 2.090000000000000000e+02
4.232000000000000000e+03 1.990000000000000000e+02
4.200000000000000000e+03 6.610000000000000000e+02
4.120000000000000000e+03 5.620000000000000000e+02
4.257000000000000000e+03 5.320000000000000000e+02
4.298000000000000000e+03 4.150000000000000000e+02
4.253000000000000000e+03 8.220000000000000000e+02
3.858000000000000000e+03 5.390000000000000000e+02
3.713000000000000000e+03 3.990000000000000000e+02
4.221000000000000000e+03 1.333000000000000000e+03
4.232000000000000000e+03 1.205000000000000000e+03
5.668000000000000000e+03 5.470000000000000000e+02
4.827000000000000000e+03 7.930000000000000000e+02
4.486000000000000000e+03 9.660000000000000000e+02
4.470000000000000000e+03 1.076000000000000000e+03
4.403000000000000000e+03 9.730000000000000000e+02
4.473000000000000000e+03 1.068000000000000000e+03
4.313000000000000000e+03 1.364000000000000000e+03
4.414000000000000000e+03 1.356000000000000000e+03
4.475000000000000000e+03 1.290000000000000000e+03
4.438000000000000000e+03 1.249000000000000000e+03
4.183000000000000000e+03 1.641000000000000000e+03
4.369000000000000000e+03 1.691000000000000000e+03
4.396000000000000000e+03 1.746000000000000000e+03
4.382000000000000000e+03 1.819000000000000000e+03
4.420000000000000000e+03 1.731000000000000000e+03
4.462000000000000000e+03 1.693000000000000000e+03
4.500000000000000000e+03 1.396000000000000000e+03
4.486000000000000000e+03 1.387000000000000000e+03
5.774000000000000000e+03 5.620000000000000000e+02
5.846000000000000000e+03 5.110000000000000000e+02
5.710000000000000000e+03 5.760000000000000000e+02
5.735000000000000000e+03 5.060000000000000000e+02
5.788000000000000000e+03 3.470000000000000000e+02
5.837000000000000000e+03 3.280000000000000000e+02
5.816000000000000000e+03 4.530000000000000000e+02
5.836000000000000000e+03 4.620000000000000000e+02
3.468000000000000000e+03 1.688000000000000000e+03
2.027000000000000000e+03 2.540000000000000000e+02
3.043000000000000000e+03 5.880000000000000000e+02
2.332000000000000000e+03 5.230000000000000000e+02
1.990000000000000000e+03 2.830000000000000000e+02
1.885000000000000000e+03 2.440000000000000000e+02
2.646000000000000000e+03 8.150000000000000000e+02
4.265000000000000000e+03 1.642000000000000000e+03
4.210000000000000000e+03 1.681000000000000000e+03
4.359000000000000000e+03 1.542000000000000000e+03
4.394000000000000000e+03 1.480000000000000000e+03
3.448000000000000000e+03 7.780000000000000000e+02
3.438000000000000000e+03 7.820000000000000000e+02
2.646000000000000000e+03 3.180000000000000000e+02
2.690000000000000000e+03 2.960000000000000000e+02
2.250000000000000000e+03 5.410000000000000000e+02
1.801000000000000000e+03 5.030000000000000000e+02
2.417000000000000000e+03 7.230000000000000000e+02
3.233000000000000000e+03 7.020000000000000000e+02
2.456000000000000000e+03 3.430000000000000000e+02
3.692000000000000000e+03 1.502000000000000000e+03
3.078000000000000000e+03 9.510000000000000000e+02
2.201000000000000000e+03 3.400000000000000000e+02
1.593000000000000000e+03 2.850000000000000000e+02
1.660000000000000000e+03 2.170000000000000000e+02
1.830000000000000000e+03 2.790000000000000000e+02
2.155000000000000000e+03 5.450000000000000000e+02
3.757000000000000000e+03 8.950000000000000000e+02
4.139000000000000000e+03 1.646000000000000000e+03
3.492000000000000000e+03 7.430000000000000000e+02
4.294000000000000000e+03 8.850000000000000000e+02
5.018000000000000000e+03 4.620000000000000000e+02
5.005000000000000000e+03 4.510000000000000000e+02
4.733000000000000000e+03 5.820000000000000000e+02
4.824000000000000000e+03 5.530000000000000000e+02
4.948000000000000000e+03 4.300000000000000000e+02
5.041000000000000000e+03 3.520000000000000000e+02
5.114000000000000000e+03 3.430000000000000000e+02
5.203000000000000000e+03 3.020000000000000000e+02
5.467000000000000000e+03 2.930000000000000000e+02
5.473000000000000000e+03 3.940000000000000000e+02
5.364000000000000000e+03 4.670000000000000000e+02
5.359000000000000000e+03 4.200000000000000000e+02
5.358000000000000000e+03 4.670000000000000000e+02
5.254000000000000000e+03 5.980000000000000000e+02
5.100000000000000000e+03 6.180000000000000000e+02
5.179000000000000000e+03 5.910000000000000000e+02
5.381000000000000000e+03 5.580000000000000000e+02
5.440000000000000000e+03 5.630000000000000000e+02
5.515000000000000000e+03 5.340000000000000000e+02
5.507000000000000000e+03 5.890000000000000000e+02
5.525000000000000000e+03 5.510000000000000000e+02
5.600000000000000000e+03 4.220000000000000000e+02
5.627000000000000000e+03 4.130000000000000000e+02
5.615000000000000000e+03 3.230000000000000000e+02
4.382000000000000000e+03 1.151000000000000000e+03
4.338000000000000000e+03 1.212000000000000000e+03
4.322000000000000000e+03 1.414000000000000000e+03
4.307000000000000000e+03 1.517000000000000000e+03
4.169000000000000000e+03 1.541000000000000000e+03
4.145000000000000000e+03 1.381000000000000000e+03
4.334000000000000000e+03 1.317000000000000000e+03
4.200000000000000000e+03 1.415000000000000000e+03
5.429000000000000000e+03 2.170000000000000000e+02
5.595000000000000000e+03 2.020000000000000000e+02
6.320000000000000000e+03 6.420000000000000000e+02
5.272000000000000000e+03 1.790000000000000000e+02
5.366000000000000000e+03 2.670000000000000000e+02
5.242000000000000000e+03 1.680000000000000000e+02
5.416000000000000000e+03 2.350000000000000000e+02
6.349000000000000000e+03 6.100000000000000000e+02
6.766000000000000000e+03 7.770000000000000000e+02
6.560000000000000000e+03 5.410000000000000000e+02
6.175000000000000000e+03 4.680000000000000000e+02
5.629000000000000000e+03 3.300000000000000000e+02
5.513000000000000000e+03 3.570000000000000000e+02
6.298000000000000000e+03 4.250000000000000000e+02
6.927000000000000000e+03 8.500000000000000000e+02
4.702000000000000000e+03 2.910000000000000000e+02
4.777000000000000000e+03 2.460000000000000000e+02
4.582000000000000000e+03 4.150000000000000000e+02
4.459000000000000000e+03 1.560000000000000000e+02
4.597000000000000000e+03 2.400000000000000000e+02
4.559000000000000000e+03 1.940000000000000000e+02
4.554000000000000000e+03 2.720000000000000000e+02
4.504000000000000000e+03 4.750000000000000000e+02
4.550000000000000000e+03 2.860000000000000000e+02
4.617000000000000000e+03 3.220000000000000000e+02
4.486000000000000000e+03 4.930000000000000000e+02
4.630000000000000000e+03 2.560000000000000000e+02
4.651000000000000000e+03 2.430000000000000000e+02
4.623000000000000000e+03 2.970000000000000000e+02
4.635000000000000000e+03 2.410000000000000000e+02
4.699000000000000000e+03 3.280000000000000000e+02
5.435000000000000000e+03 1.486000000000000000e+03
7.173000000000000000e+03 1.233000000000000000e+03
6.689000000000000000e+03 9.760000000000000000e+02
5.811000000000000000e+03 3.000000000000000000e+02
6.418000000000000000e+03 6.480000000000000000e+02
5.450000000000000000e+03 1.280000000000000000e+02
5.797000000000000000e+03 3.080000000000000000e+02
7.098000000000000000e+03 2.532000000000000000e+03
7.202000000000000000e+03 3.071000000000000000e+03
7.125000000000000000e+03 1.433000000000000000e+03
6.994000000000000000e+03 2.082000000000000000e+03
7.156000000000000000e+03 1.157000000000000000e+03
7.124000000000000000e+03 1.355000000000000000e+03
5.997000000000000000e+03 9.010000000000000000e+02
5.748000000000000000e+03 3.017000000000000000e+03
7.149000000000000000e+03 1.223000000000000000e+03
7.152000000000000000e+03 1.107000000000000000e+03
6.697000000000000000e+03 9.570000000000000000e+02
6.195000000000000000e+03 1.100000000000000000e+03
6.981000000000000000e+03 1.361000000000000000e+03
7.106000000000000000e+03 1.405000000000000000e+03
6.784000000000000000e+03 9.250000000000000000e+02
6.587000000000000000e+03 9.400000000000000000e+02
7.113000000000000000e+03 1.617000000000000000e+03
7.098000000000000000e+03 1.535000000000000000e+03
7.145000000000000000e+03 1.546000000000000000e+03
7.112000000000000000e+03 1.440000000000000000e+03
6.906000000000000000e+03 1.600000000000000000e+03
7.091000000000000000e+03 1.463000000000000000e+03
7.015000000000000000e+03 1.477000000000000000e+03
7.120000000000000000e+03 1.298000000000000000e+03
2.946000000000000000e+03 2.791000000000000000e+03
3.293000000000000000e+03 3.080000000000000000e+02
3.260000000000000000e+03 1.044000000000000000e+03
2.306000000000000000e+03 6.806000000000000000e+03
2.451000000000000000e+03 6.772000000000000000e+03
3.977000000000000000e+03 2.686000000000000000e+03
2.377000000000000000e+03 7.124000000000000000e+03
3.033000000000000000e+03 1.750000000000000000e+02
3.812000000000000000e+03 1.820000000000000000e+02
3.133000000000000000e+03 1.650000000000000000e+02
3.237000000000000000e+03 1.360000000000000000e+02
3.107000000000000000e+03 2.500000000000000000e+02
3.066000000000000000e+03 2.400000000000000000e+02
3.680000000000000000e+03 4.960000000000000000e+02
3.171000000000000000e+03 2.910000000000000000e+02
1.957000000000000000e+03 7.025000000000000000e+03
1.906000000000000000e+03 7.022000000000000000e+03
2.078000000000000000e+03 7.129000000000000000e+03
2.113000000000000000e+03 7.154000000000000000e+03
3.650000000000000000e+03 4.196000000000000000e+03
2.980000000000000000e+03 4.983000000000000000e+03
2.208000000000000000e+03 7.162000000000000000e+03
2.295000000000000000e+03 7.151000000000000000e+03
1.478000000000000000e+03 6.757000000000000000e+03
1.546000000000000000e+03 7.138000000000000000e+03
1.635000000000000000e+03 7.154000000000000000e+03
1.541000000000000000e+03 7.043000000000000000e+03
1.869000000000000000e+03 7.037000000000000000e+03
1.832000000000000000e+03 6.861000000000000000e+03
1.814000000000000000e+03 7.143000000000000000e+03
1.720000000000000000e+03 7.152000000000000000e+03
1.502000000000000000e+03 7.017000000000000000e+03
1.483000000000000000e+03 6.901000000000000000e+03
3.394000000000000000e+03 4.117000000000000000e+03
1.748000000000000000e+03 6.726000000000000000e+03
3.369000000000000000e+03 4.011000000000000000e+03
1.569000000000000000e+03 6.954000000000000000e+03
1.596000000000000000e+03 6.901000000000000000e+03
1.674000000000000000e+03 6.931000000000000000e+03
2.069000000000000000e+03 7.021000000000000000e+03
1.961000000000000000e+03 6.958000000000000000e+03
2.076000000000000000e+03 6.926000000000000000e+03
3.282000000000000000e+03 4.982000000000000000e+03
2.287000000000000000e+03 7.019000000000000000e+03
2.281000000000000000e+03 6.939000000000000000e+03
2.080000000000000000e+03 6.895000000000000000e+03
2.150000000000000000e+03 6.918000000000000000e+03
1.013000000000000000e+03 5.027000000000000000e+03
8.380000000000000000e+02 6.719000000000000000e+03
3.262000000000000000e+03 4.012000000000000000e+03
2.432000000000000000e+03 5.886000000000000000e+03
2.861000000000000000e+03 4.741000000000000000e+03
3.918000000000000000e+03 2.201000000000000000e+03
1.946000000000000000e+03 6.615000000000000000e+03
3.028000000000000000e+03 4.598000000000000000e+03
1.550000000000000000e+03 6.634000000000000000e+03
1.226000000000000000e+03 6.751000000000000000e+03
2.087000000000000000e+03 6.700000000000000000e+03
1.890000000000000000e+03 5.823000000000000000e+03
3.049000000000000000e+03 5.574000000000000000e+03
2.688000000000000000e+03 5.643000000000000000e+03
2.847000000000000000e+03 5.061000000000000000e+03
2.381000000000000000e+03 5.797000000000000000e+03
4.113000000000000000e+03 2.611000000000000000e+03
3.973000000000000000e+03 2.992000000000000000e+03
3.829000000000000000e+03 2.969000000000000000e+03
3.715000000000000000e+03 2.922000000000000000e+03
3.801000000000000000e+03 2.796000000000000000e+03
3.786000000000000000e+03 2.951000000000000000e+03
3.745000000000000000e+03 2.936000000000000000e+03
3.819000000000000000e+03 2.709000000000000000e+03
3.878000000000000000e+03 2.716000000000000000e+03
3.786000000000000000e+03 2.758000000000000000e+03
3.722000000000000000e+03 2.889000000000000000e+03
4.075000000000000000e+03 2.650000000000000000e+03
4.194000000000000000e+03 2.652000000000000000e+03
4.009000000000000000e+03 2.747000000000000000e+03
3.979000000000000000e+03 2.645000000000000000e+03
3.909000000000000000e+03 2.983000000000000000e+03
3.873000000000000000e+03 2.901000000000000000e+03
4.126000000000000000e+03 2.805000000000000000e+03
3.959000000000000000e+03 2.884000000000000000e+03
4.254000000000000000e+03 2.818000000000000000e+03
4.097000000000000000e+03 2.846000000000000000e+03
4.075000000000000000e+03 2.801000000000000000e+03
4.223000000000000000e+03 2.682000000000000000e+03
4.196000000000000000e+03 3.058000000000000000e+03
4.170000000000000000e+03 2.947000000000000000e+03
4.172000000000000000e+03 2.849000000000000000e+03
4.078000000000000000e+03 2.985000000000000000e+03
4.287000000000000000e+03 2.959000000000000000e+03
4.258000000000000000e+03 2.798000000000000000e+03
4.388000000000000000e+03 2.745000000000000000e+03
4.323000000000000000e+03 2.808000000000000000e+03
3.797000000000000000e+03 2.519000000000000000e+03
3.465000000000000000e+03 2.680000000000000000e+03
3.602000000000000000e+03 2.559000000000000000e+03
3.601000000000000000e+03 2.711000000000000000e+03
3.788000000000000000e+03 2.563000000000000000e+03
3.747000000000000000e+03 2.643000000000000000e+03
3.868000000000000000e+03 2.582000000000000000e+03
3.857000000000000000e+03 2.500000000000000000e+03
3.884000000000000000e+03 2.532000000000000000e+03
4.083000000000000000e+03 2.167000000000000000e+03
3.817000000000000000e+03 2.698000000000000000e+03
3.577000000000000000e+03 2.977000000000000000e+03
3.566000000000000000e+03 2.631000000000000000e+03
3.637000000000000000e+03 2.745000000000000000e+03
3.630000000000000000e+03 2.830000000000000000e+03
3.693000000000000000e+03 2.325000000000000000e+03
3.773000000000000000e+03 2.377000000000000000e+03
3.671000000000000000e+03 2.323000000000000000e+03
3.592000000000000000e+03 2.368000000000000000e+03
3.473000000000000000e+03 2.441000000000000000e+03
3.597000000000000000e+03 2.305000000000000000e+03
3.554000000000000000e+03 2.462000000000000000e+03
3.486000000000000000e+03 2.414000000000000000e+03
4.068000000000000000e+03 2.518000000000000000e+03
3.926000000000000000e+03 2.559000000000000000e+03
4.164000000000000000e+03 2.521000000000000000e+03
4.145000000000000000e+03 2.554000000000000000e+03
4.428000000000000000e+03 2.554000000000000000e+03
4.435000000000000000e+03 2.593000000000000000e+03
4.314000000000000000e+03 2.603000000000000000e+03
4.315000000000000000e+03 2.616000000000000000e+03
4.193000000000000000e+03 1.676000000000000000e+03
4.116000000000000000e+03 1.784000000000000000e+03
4.126000000000000000e+03 2.214000000000000000e+03
4.230000000000000000e+03 2.006000000000000000e+03
4.255000000000000000e+03 1.943000000000000000e+03
4.227000000000000000e+03 1.880000000000000000e+03
4.204000000000000000e+03 1.890000000000000000e+03
4.028000000000000000e+03 2.382000000000000000e+03
3.955000000000000000e+03 2.421000000000000000e+03
4.261000000000000000e+03 2.342000000000000000e+03
4.122000000000000000e+03 2.414000000000000000e+03
3.984000000000000000e+03 2.330000000000000000e+03
3.971000000000000000e+03 2.360000000000000000e+03
4.113000000000000000e+03 2.282000000000000000e+03
4.036000000000000000e+03 2.211000000000000000e+03
4.444000000000000000e+03 1.986000000000000000e+03
4.372000000000000000e+03 1.940000000000000000e+03
4.472000000000000000e+03 1.936000000000000000e+03
4.467000000000000000e+03 1.965000000000000000e+03
4.254000000000000000e+03 2.058000000000000000e+03
4.299000000000000000e+03 2.083000000000000000e+03
3.761000000000000000e+03 2.410000000000000000e+03
4.363000000000000000e+03 1.903000000000000000e+03
4.357000000000000000e+03 2.476000000000000000e+03
4.351000000000000000e+03 2.428000000000000000e+03
4.463000000000000000e+03 2.401000000000000000e+03
4.434000000000000000e+03 2.348000000000000000e+03
4.263000000000000000e+03 2.454000000000000000e+03
4.196000000000000000e+03 2.509000000000000000e+03
4.052000000000000000e+03 2.345000000000000000e+03
3.977000000000000000e+03 2.324000000000000000e+03
4.168000000000000000e+03 2.042000000000000000e+03
4.182000000000000000e+03 2.178000000000000000e+03
4.227000000000000000e+03 2.245000000000000000e+03
4.287000000000000000e+03 2.234000000000000000e+03
4.366000000000000000e+03 2.245000000000000000e+03
4.447000000000000000e+03 2.030000000000000000e+03
4.425000000000000000e+03 2.051000000000000000e+03
4.464000000000000000e+03 2.167000000000000000e+03
3.612000000000000000e+03 1.541000000000000000e+03
3.788000000000000000e+03 1.925000000000000000e+03
2.464000000000000000e+03 2.360000000000000000e+02
2.429000000000000000e+03 1.810000000000000000e+02
4.018000000000000000e+03 2.950000000000000000e+03
3.886000000000000000e+03 1.378000000000000000e+03
3.429000000000000000e+03 4.980000000000000000e+02
2.748000000000000000e+03 2.290000000000000000e+02
3.209000000000000000e+03 4.720000000000000000e+02
3.407000000000000000e+03 6.060000000000000000e+02
2.980000000000000000e+03 1.750000000000000000e+02
2.871000000000000000e+03 1.480000000000000000e+02
2.512000000000000000e+03 1.480000000000000000e+02
2.622000000000000000e+03 1.740000000000000000e+02
2.694000000000000000e+03 1.350000000000000000e+02
2.711000000000000000e+03 1.670000000000000000e+02
2.082000000000000000e+03 1.740000000000000000e+02
2.009000000000000000e+03 1.390000000000000000e+02
2.392000000000000000e+03 1.460000000000000000e+02
2.436000000000000000e+03 1.310000000000000000e+02
2.964000000000000000e+03 5.860000000000000000e+02
2.534000000000000000e+03 3.630000000000000000e+02
2.291000000000000000e+03 2.150000000000000000e+02
2.703000000000000000e+03 2.180000000000000000e+02
3.411000000000000000e+03 6.559000000000000000e+03
4.168000000000000000e+03 5.080000000000000000e+03
4.084000000000000000e+03 4.976000000000000000e+03
3.476000000000000000e+03 5.466000000000000000e+03
3.131000000000000000e+03 5.615000000000000000e+03
1.812000000000000000e+03 7.442000000000000000e+03
2.415000000000000000e+03 7.204000000000000000e+03
4.275000000000000000e+03 6.782000000000000000e+03
4.141000000000000000e+03 7.039000000000000000e+03
4.074000000000000000e+03 7.069000000000000000e+03
4.250000000000000000e+03 7.129000000000000000e+03
3.968000000000000000e+03 4.914000000000000000e+03
4.183000000000000000e+03 5.050000000000000000e+03
4.273000000000000000e+03 5.637000000000000000e+03
4.187000000000000000e+03 5.275000000000000000e+03
3.675000000000000000e+03 7.418000000000000000e+03
3.564000000000000000e+03 7.399000000000000000e+03
3.554000000000000000e+03 7.343000000000000000e+03
3.359000000000000000e+03 7.130000000000000000e+03
3.026000000000000000e+03 7.198000000000000000e+03
3.371000000000000000e+03 7.345000000000000000e+03
2.682000000000000000e+03 7.371000000000000000e+03
3.099000000000000000e+03 7.291000000000000000e+03
1.872000000000000000e+03 7.466000000000000000e+03
2.058000000000000000e+03 7.466000000000000000e+03
1.831000000000000000e+03 7.151000000000000000e+03
1.950000000000000000e+03 7.461000000000000000e+03
1.967000000000000000e+03 7.467000000000000000e+03
3.092000000000000000e+03 7.135000000000000000e+03
2.801000000000000000e+03 7.382000000000000000e+03
3.030000000000000000e+03 7.049000000000000000e+03
3.117000000000000000e+03 7.452000000000000000e+03
4.200000000000000000e+03 5.894000000000000000e+03
4.940000000000000000e+03 5.583000000000000000e+03
3.252000000000000000e+03 7.453000000000000000e+03
3.278000000000000000e+03 7.371000000000000000e+03
3.118000000000000000e+03 7.435000000000000000e+03
3.204000000000000000e+03 7.427000000000000000e+03
2.824000000000000000e+03 7.472000000000000000e+03
2.538000000000000000e+03 7.463000000000000000e+03
2.730000000000000000e+03 7.466000000000000000e+03
3.526000000000000000e+03 6.718000000000000000e+03
2.693000000000000000e+03 7.277000000000000000e+03
2.742000000000000000e+03 7.454000000000000000e+03
2.860000000000000000e+03 7.462000000000000000e+03
2.860000000000000000e+03 7.453000000000000000e+03
3.332000000000000000e+03 6.797000000000000000e+03
2.928000000000000000e+03 6.808000000000000000e+03
5.634000000000000000e+03 5.148000000000000000e+03
4.988000000000000000e+03 7.003000000000000000e+03
3.798000000000000000e+03 7.155000000000000000e+03
4.006000000000000000e+03 6.486000000000000000e+03
4.798000000000000000e+03 7.082000000000000000e+03
3.862000000000000000e+03 7.112000000000000000e+03
3.332000000000000000e+03 7.119000000000000000e+03
3.529000000000000000e+03 7.181000000000000000e+03
3.661000000000000000e+03 7.215000000000000000e+03
3.531000000000000000e+03 7.261000000000000000e+03
3.316000000000000000e+03 7.216000000000000000e+03
3.052000000000000000e+03 7.045000000000000000e+03
3.235000000000000000e+03 7.058000000000000000e+03
3.416000000000000000e+03 7.212000000000000000e+03
4.360000000000000000e+03 5.014000000000000000e+03
4.058000000000000000e+03 4.688000000000000000e+03
4.147000000000000000e+03 4.796000000000000000e+03
4.427000000000000000e+03 4.826000000000000000e+03
4.384000000000000000e+03 4.927000000000000000e+03
4.224000000000000000e+03 4.967000000000000000e+03
4.161000000000000000e+03 4.863000000000000000e+03
4.094000000000000000e+03 7.091000000000000000e+03
4.093000000000000000e+03 7.061000000000000000e+03
4.165000000000000000e+03 4.626000000000000000e+03
4.119000000000000000e+03 5.900000000000000000e+03
4.177000000000000000e+03 5.136000000000000000e+03
4.137000000000000000e+03 4.806000000000000000e+03
4.211000000000000000e+03 4.682000000000000000e+03
4.231000000000000000e+03 4.783000000000000000e+03
4.312000000000000000e+03 4.426000000000000000e+03
4.353000000000000000e+03 4.614000000000000000e+03
4.316000000000000000e+03 4.443000000000000000e+03
4.333000000000000000e+03 4.364000000000000000e+03
4.345000000000000000e+03 4.810000000000000000e+03
4.298000000000000000e+03 5.058000000000000000e+03
4.397000000000000000e+03 4.673000000000000000e+03
4.454000000000000000e+03 4.710000000000000000e+03
4.423000000000000000e+03 4.529000000000000000e+03
4.501000000000000000e+03 4.560000000000000000e+03
4.464000000000000000e+03 4.215000000000000000e+03
4.429000000000000000e+03 4.306000000000000000e+03
4.413000000000000000e+03 4.747000000000000000e+03
4.586000000000000000e+03 4.647000000000000000e+03
4.504000000000000000e+03 4.627000000000000000e+03
4.578000000000000000e+03 4.505000000000000000e+03
4.345000000000000000e+03 3.967000000000000000e+03
4.327000000000000000e+03 3.966000000000000000e+03
4.447000000000000000e+03 3.938000000000000000e+03
4.448000000000000000e+03 3.749000000000000000e+03
3.948000000000000000e+03 4.187000000000000000e+03
4.122000000000000000e+03 4.141000000000000000e+03
4.330000000000000000e+03 4.088000000000000000e+03
4.232000000000000000e+03 3.919000000000000000e+03
4.242000000000000000e+03 3.696000000000000000e+03
4.157000000000000000e+03 3.804000000000000000e+03
4.382000000000000000e+03 3.731000000000000000e+03
4.358000000000000000e+03 3.561000000000000000e+03
3.827000000000000000e+03 3.757000000000000000e+03
4.096000000000000000e+03 3.687000000000000000e+03
3.862000000000000000e+03 3.652000000000000000e+03
3.835000000000000000e+03 3.555000000000000000e+03
4.531000000000000000e+03 5.072000000000000000e+03
4.621000000000000000e+03 5.087000000000000000e+03
4.682000000000000000e+03 5.081000000000000000e+03
4.727000000000000000e+03 5.005000000000000000e+03
4.443000000000000000e+03 4.943000000000000000e+03
4.524000000000000000e+03 4.985000000000000000e+03
4.427000000000000000e+03 4.940000000000000000e+03
4.418000000000000000e+03 4.943000000000000000e+03
4.838000000000000000e+03 4.908000000000000000e+03
4.914000000000000000e+03 4.900000000000000000e+03
4.818000000000000000e+03 4.831000000000000000e+03
4.746000000000000000e+03 4.847000000000000000e+03
4.643000000000000000e+03 4.811000000000000000e+03
4.739000000000000000e+03 4.893000000000000000e+03
4.579000000000000000e+03 4.807000000000000000e+03
4.596000000000000000e+03 4.925000000000000000e+03
5.360000000000000000e+03 4.712000000000000000e+03
5.320000000000000000e+03 4.725000000000000000e+03
5.373000000000000000e+03 4.912000000000000000e+03
5.451000000000000000e+03 4.678000000000000000e+03
5.393000000000000000e+03 4.591000000000000000e+03
5.279000000000000000e+03 4.605000000000000000e+03
5.341000000000000000e+03 4.610000000000000000e+03
5.659000000000000000e+03 4.903000000000000000e+03
5.717000000000000000e+03 4.836000000000000000e+03
5.661000000000000000e+03 4.960000000000000000e+03
5.771000000000000000e+03 4.990000000000000000e+03
5.753000000000000000e+03 4.746000000000000000e+03
5.700000000000000000e+03 4.834000000000000000e+03
5.579000000000000000e+03 4.721000000000000000e+03
5.590000000000000000e+03 4.778000000000000000e+03
6.005000000000000000e+03 7.156000000000000000e+03
5.724000000000000000e+03 6.487000000000000000e+03
5.959000000000000000e+03 7.131000000000000000e+03
6.146000000000000000e+03 7.462000000000000000e+03
6.437000000000000000e+03 7.460000000000000000e+03
6.493000000000000000e+03 7.474000000000000000e+03
6.296000000000000000e+03 7.225000000000000000e+03
5.852000000000000000e+03 6.309000000000000000e+03
4.691000000000000000e+03 7.426000000000000000e+03
4.599000000000000000e+03 7.412000000000000000e+03
4.432000000000000000e+03 7.423000000000000000e+03
4.492000000000000000e+03 7.454000000000000000e+03
5.199000000000000000e+03 7.316000000000000000e+03
5.317000000000000000e+03 7.310000000000000000e+03
4.887000000000000000e+03 7.369000000000000000e+03
5.066000000000000000e+03 7.348000000000000000e+03
5.057000000000000000e+03 7.155000000000000000e+03
4.605000000000000000e+03 6.945000000000000000e+03
4.472000000000000000e+03 7.117000000000000000e+03
5.656000000000000000e+03 6.812000000000000000e+03
5.203000000000000000e+03 7.261000000000000000e+03
5.478000000000000000e+03 6.976000000000000000e+03
5.445000000000000000e+03 6.675000000000000000e+03
4.708000000000000000e+03 7.302000000000000000e+03
4.809000000000000000e+03 6.883000000000000000e+03
4.729000000000000000e+03 7.359000000000000000e+03
4.587000000000000000e+03 7.363000000000000000e+03
5.469000000000000000e+03 6.696000000000000000e+03
5.238000000000000000e+03 6.859000000000000000e+03
4.973000000000000000e+03 7.279000000000000000e+03
4.859000000000000000e+03 7.295000000000000000e+03
5.537000000000000000e+03 7.413000000000000000e+03
5.844000000000000000e+03 7.432000000000000000e+03
5.755000000000000000e+03 7.443000000000000000e+03
5.104000000000000000e+03 7.395000000000000000e+03
5.969000000000000000e+03 7.402000000000000000e+03
5.512000000000000000e+03 7.254000000000000000e+03
5.788000000000000000e+03 7.406000000000000000e+03
5.328000000000000000e+03 7.336000000000000000e+03
3.829000000000000000e+03 7.433000000000000000e+03
3.813000000000000000e+03 7.365000000000000000e+03
3.884000000000000000e+03 7.447000000000000000e+03
3.878000000000000000e+03 7.426000000000000000e+03
4.001000000000000000e+03 7.228000000000000000e+03
3.794000000000000000e+03 7.229000000000000000e+03
3.770000000000000000e+03 7.309000000000000000e+03
3.707000000000000000e+03 7.269000000000000000e+03
5.034000000000000000e+03 6.810000000000000000e+03
5.161000000000000000e+03 4.905000000000000000e+03
5.171000000000000000e+03 5.047000000000000000e+03
5.106000000000000000e+03 6.211000000000000000e+03
5.107000000000000000e+03 6.788000000000000000e+03
5.054000000000000000e+03 6.444000000000000000e+03
4.966000000000000000e+03 7.202000000000000000e+03
4.512000000000000000e+03 7.279000000000000000e+03
4.443000000000000000e+03 7.339000000000000000e+03
4.806000000000000000e+03 5.744000000000000000e+03
4.513000000000000000e+03 7.238000000000000000e+03
4.669000000000000000e+03 7.235000000000000000e+03
4.660000000000000000e+03 7.238000000000000000e+03
4.955000000000000000e+03 5.875000000000000000e+03
4.850000000000000000e+03 7.205000000000000000e+03
5.138000000000000000e+03 4.698000000000000000e+03
5.180000000000000000e+03 4.670000000000000000e+03
5.025000000000000000e+03 4.486000000000000000e+03
5.071000000000000000e+03 4.707000000000000000e+03
5.082000000000000000e+03 4.742000000000000000e+03
5.018000000000000000e+03 4.760000000000000000e+03
5.178000000000000000e+03 4.835000000000000000e+03
5.160000000000000000e+03 4.794000000000000000e+03
4.814000000000000000e+03 4.508000000000000000e+03
4.748000000000000000e+03 4.645000000000000000e+03
4.847000000000000000e+03 4.616000000000000000e+03
4.794000000000000000e+03 4.580000000000000000e+03
4.920000000000000000e+03 4.614000000000000000e+03
4.816000000000000000e+03 4.672000000000000000e+03
4.977000000000000000e+03 4.737000000000000000e+03
5.016000000000000000e+03 4.848000000000000000e+03
5.052000000000000000e+03 7.122000000000000000e+03
5.577000000000000000e+03 6.847000000000000000e+03
4.907000000000000000e+03 6.720000000000000000e+03
4.899000000000000000e+03 7.149000000000000000e+03
6.044000000000000000e+03 6.618000000000000000e+03
5.776000000000000000e+03 6.792000000000000000e+03
5.262000000000000000e+03 7.222000000000000000e+03
5.473000000000000000e+03 7.207000000000000000e+03
5.352000000000000000e+03 6.593000000000000000e+03
4.453000000000000000e+03 7.239000000000000000e+03
4.623000000000000000e+03 7.169000000000000000e+03
4.789000000000000000e+03 5.714000000000000000e+03
4.283000000000000000e+03 7.447000000000000000e+03
4.257000000000000000e+03 7.383000000000000000e+03
4.426000000000000000e+03 6.595000000000000000e+03
4.268000000000000000e+03 7.302000000000000000e+03
4.149000000000000000e+03 7.439000000000000000e+03
4.042000000000000000e+03 7.443000000000000000e+03
4.019000000000000000e+03 7.333000000000000000e+03
4.077000000000000000e+03 7.314000000000000000e+03
4.095000000000000000e+03 7.213000000000000000e+03
4.210000000000000000e+03 7.254000000000000000e+03
4.040000000000000000e+03 7.216000000000000000e+03
4.200000000000000000e+03 7.264000000000000000e+03
6.465000000000000000e+03 6.197000000000000000e+03
5.166000000000000000e+03 7.434000000000000000e+03
5.742000000000000000e+03 6.699000000000000000e+03
6.222000000000000000e+03 6.490000000000000000e+03
5.877000000000000000e+03 6.769000000000000000e+03
5.525000000000000000e+03 6.925000000000000000e+03
5.370000000000000000e+03 7.462000000000000000e+03
5.351000000000000000e+03 7.462000000000000000e+03
3.731000000000000000e+03 3.644000000000000000e+03
3.812000000000000000e+03 3.667000000000000000e+03
3.621000000000000000e+03 3.689000000000000000e+03
3.799000000000000000e+03 3.633000000000000000e+03
3.505000000000000000e+03 3.734000000000000000e+03
3.369000000000000000e+03 3.891000000000000000e+03
3.414000000000000000e+03 3.771000000000000000e+03
3.439000000000000000e+03 3.927000000000000000e+03
3.629000000000000000e+03 3.945000000000000000e+03
3.584000000000000000e+03 4.004000000000000000e+03
3.431000000000000000e+03 4.012000000000000000e+03
3.832000000000000000e+03 3.815000000000000000e+03
3.661000000000000000e+03 3.814000000000000000e+03
3.651000000000000000e+03 3.981000000000000000e+03
3.805000000000000000e+03 3.874000000000000000e+03
3.292000000000000000e+03 4.277000000000000000e+03
3.477000000000000000e+03 4.365000000000000000e+03
3.392000000000000000e+03 4.347000000000000000e+03
3.277000000000000000e+03 4.388000000000000000e+03
3.507000000000000000e+03 4.766000000000000000e+03
3.630000000000000000e+03 4.241000000000000000e+03
3.532000000000000000e+03 4.328000000000000000e+03
3.589000000000000000e+03 4.351000000000000000e+03
3.193000000000000000e+03 4.000000000000000000e+03
3.363000000000000000e+03 4.010000000000000000e+03
3.267000000000000000e+03 3.930000000000000000e+03
3.452000000000000000e+03 3.737000000000000000e+03
3.177000000000000000e+03 4.157000000000000000e+03
3.272000000000000000e+03 4.051000000000000000e+03
3.185000000000000000e+03 4.291000000000000000e+03
3.226000000000000000e+03 4.297000000000000000e+03
4.254000000000000000e+03 4.412000000000000000e+03
3.968000000000000000e+03 4.385000000000000000e+03
4.017000000000000000e+03 4.345000000000000000e+03
3.761000000000000000e+03 4.348000000000000000e+03
3.698000000000000000e+03 4.376000000000000000e+03
3.874000000000000000e+03 4.348000000000000000e+03
3.828000000000000000e+03 4.457000000000000000e+03
3.792000000000000000e+03 4.050000000000000000e+03
3.776000000000000000e+03 3.921000000000000000e+03
3.846000000000000000e+03 4.326000000000000000e+03
3.899000000000000000e+03 4.202000000000000000e+03
3.706000000000000000e+03 3.882000000000000000e+03
3.759000000000000000e+03 4.152000000000000000e+03
3.965000000000000000e+03 4.044000000000000000e+03
4.016000000000000000e+03 3.939000000000000000e+03
4.165000000000000000e+03 4.098000000000000000e+03
4.263000000000000000e+03 4.566000000000000000e+03
4.126000000000000000e+03 4.188000000000000000e+03
4.072000000000000000e+03 4.144000000000000000e+03
4.096000000000000000e+03 4.421000000000000000e+03
4.133000000000000000e+03 4.282000000000000000e+03
4.178000000000000000e+03 4.698000000000000000e+03
4.189000000000000000e+03 4.226000000000000000e+03
3.849000000000000000e+03 3.827000000000000000e+03
3.836000000000000000e+03 3.910000000000000000e+03
3.778000000000000000e+03 3.933000000000000000e+03
3.936000000000000000e+03 3.904000000000000000e+03
4.011000000000000000e+03 3.785000000000000000e+03
3.914000000000000000e+03 3.777000000000000000e+03
4.013000000000000000e+03 3.843000000000000000e+03
4.090000000000000000e+03 3.852000000000000000e+03
3.889000000000000000e+03 3.139000000000000000e+03
3.744000000000000000e+03 3.301000000000000000e+03
3.734000000000000000e+03 3.366000000000000000e+03
3.672000000000000000e+03 3.166000000000000000e+03
3.633000000000000000e+03 3.278000000000000000e+03
3.750000000000000000e+03 3.059000000000000000e+03
3.738000000000000000e+03 3.071000000000000000e+03
3.579000000000000000e+03 3.223000000000000000e+03
3.551000000000000000e+03 3.177000000000000000e+03
3.642000000000000000e+03 3.258000000000000000e+03
3.524000000000000000e+03 3.399000000000000000e+03
3.533000000000000000e+03 3.041000000000000000e+03
3.666000000000000000e+03 2.983000000000000000e+03
3.576000000000000000e+03 3.077000000000000000e+03
3.675000000000000000e+03 2.861000000000000000e+03
4.404000000000000000e+03 3.103000000000000000e+03
4.474000000000000000e+03 3.004000000000000000e+03
4.350000000000000000e+03 3.329000000000000000e+03
4.384000000000000000e+03 3.261000000000000000e+03
4.178000000000000000e+03 3.317000000000000000e+03
4.136000000000000000e+03 3.460000000000000000e+03
4.243000000000000000e+03 3.515000000000000000e+03
4.241000000000000000e+03 3.367000000000000000e+03
4.019000000000000000e+03 3.112000000000000000e+03
3.960000000000000000e+03 3.215000000000000000e+03
3.997000000000000000e+03 3.250000000000000000e+03
4.029000000000000000e+03 3.308000000000000000e+03
3.986000000000000000e+03 3.386000000000000000e+03
3.865000000000000000e+03 3.451000000000000000e+03
4.021000000000000000e+03 3.462000000000000000e+03
4.064000000000000000e+03 3.216000000000000000e+03
3.371000000000000000e+03 2.985000000000000000e+03
3.345000000000000000e+03 2.827000000000000000e+03
3.515000000000000000e+03 2.797000000000000000e+03
3.450000000000000000e+03 2.949000000000000000e+03
3.520000000000000000e+03 2.682000000000000000e+03
3.399000000000000000e+03 2.726000000000000000e+03
3.367000000000000000e+03 2.678000000000000000e+03
3.365000000000000000e+03 2.626000000000000000e+03
4.365000000000000000e+03 2.984000000000000000e+03
4.445000000000000000e+03 2.812000000000000000e+03
4.306000000000000000e+03 2.991000000000000000e+03
4.238000000000000000e+03 3.109000000000000000e+03
4.210000000000000000e+03 3.184000000000000000e+03
4.223000000000000000e+03 3.102000000000000000e+03
3.358000000000000000e+03 2.460000000000000000e+03
3.407000000000000000e+03 2.371000000000000000e+03
4.316000000000000000e+03 2.931000000000000000e+03
4.259000000000000000e+03 3.255000000000000000e+03
4.398000000000000000e+03 3.335000000000000000e+03
4.455000000000000000e+03 2.832000000000000000e+03
3.989000000000000000e+03 2.678000000000000000e+03
4.764000000000000000e+03 1.907000000000000000e+03
4.454000000000000000e+03 1.709000000000000000e+03
4.473000000000000000e+03 2.055000000000000000e+03
4.479000000000000000e+03 3.420000000000000000e+03
4.489000000000000000e+03 3.257000000000000000e+03
3.937000000000000000e+03 3.261000000000000000e+03
4.288000000000000000e+03 2.975000000000000000e+03
4.069000000000000000e+03 2.937000000000000000e+03
3.941000000000000000e+03 2.955000000000000000e+03
3.929000000000000000e+03 2.980000000000000000e+03
3.853000000000000000e+03 3.178000000000000000e+03
3.698000000000000000e+03 4.763000000000000000e+03
4.419000000000000000e+03 4.257000000000000000e+03
4.716000000000000000e+03 7.031000000000000000e+03
4.711000000000000000e+03 7.068000000000000000e+03
4.241000000000000000e+03 6.068000000000000000e+03
4.775000000000000000e+03 7.109000000000000000e+03
4.765000000000000000e+03 7.102000000000000000e+03
2.697000000000000000e+03 4.131000000000000000e+03
1.879000000000000000e+03 4.112000000000000000e+03
2.887000000000000000e+03 4.447000000000000000e+03
2.760000000000000000e+03 4.081000000000000000e+03
3.100000000000000000e+03 4.478000000000000000e+03
2.825000000000000000e+03 4.565000000000000000e+03
2.934000000000000000e+03 4.264000000000000000e+03
3.628000000000000000e+03 4.688000000000000000e+03
2.931000000000000000e+03 4.221000000000000000e+03
3.015000000000000000e+03 4.096000000000000000e+03
2.943000000000000000e+03 4.328000000000000000e+03
2.893000000000000000e+03 4.409000000000000000e+03
3.156000000000000000e+03 3.963000000000000000e+03
3.320000000000000000e+03 3.754000000000000000e+03
3.126000000000000000e+03 4.056000000000000000e+03
2.854000000000000000e+03 4.197000000000000000e+03
2.638000000000000000e+03 7.158000000000000000e+03
2.697000000000000000e+03 6.667000000000000000e+03
2.361000000000000000e+03 6.918000000000000000e+03
2.528000000000000000e+03 7.068000000000000000e+03
2.754000000000000000e+03 7.172000000000000000e+03
3.163000000000000000e+03 4.523000000000000000e+03
2.701000000000000000e+03 5.945000000000000000e+03
2.991000000000000000e+03 5.987000000000000000e+03
4.169000000000000000e+03 5.554000000000000000e+03
4.047000000000000000e+03 3.847000000000000000e+03
3.291000000000000000e+03 7.000000000000000000e+03
4.613000000000000000e+03 6.323000000000000000e+03
5.295000000000000000e+03 6.338000000000000000e+03
4.691000000000000000e+03 4.816000000000000000e+03
5.196000000000000000e+03 5.669000000000000000e+03
5.102000000000000000e+03 7.097000000000000000e+03
5.126000000000000000e+03 7.087000000000000000e+03
5.217000000000000000e+03 7.128000000000000000e+03
5.255000000000000000e+03 7.132000000000000000e+03
4.370000000000000000e+03 4.790000000000000000e+03
5.196000000000000000e+03 6.780000000000000000e+03
5.387000000000000000e+03 7.087000000000000000e+03
5.388000000000000000e+03 4.992000000000000000e+03
3.460000000000000000e+03 4.209000000000000000e+03
3.424000000000000000e+03 4.144000000000000000e+03
3.659000000000000000e+03 4.115000000000000000e+03
3.343000000000000000e+03 4.167000000000000000e+03
3.129000000000000000e+03 4.288000000000000000e+03
3.327000000000000000e+03 4.267000000000000000e+03
3.119000000000000000e+03 4.413000000000000000e+03
2.958000000000000000e+03 4.346000000000000000e+03
2.626000000000000000e+03 6.987000000000000000e+03
2.468000000000000000e+03 6.867000000000000000e+03
2.723000000000000000e+03 6.974000000000000000e+03
2.451000000000000000e+03 6.787000000000000000e+03
2.843000000000000000e+03 6.992000000000000000e+03
2.827000000000000000e+03 6.948000000000000000e+03
3.913000000000000000e+03 3.953000000000000000e+03
4.239000000000000000e+03 4.038000000000000000e+03
4.596000000000000000e+03 5.608000000000000000e+03
4.271000000000000000e+03 4.724000000000000000e+03
4.371000000000000000e+03 4.089000000000000000e+03
4.998000000000000000e+03 4.762000000000000000e+03
5.042000000000000000e+03 4.843000000000000000e+03
3.760000000000000000e+03 5.696000000000000000e+03
3.515000000000000000e+03 7.062000000000000000e+03
3.086000000000000000e+03 6.664000000000000000e+03
3.165000000000000000e+03 6.947000000000000000e+03
3.092000000000000000e+03 7.040000000000000000e+03
2.997000000000000000e+03 6.951000000000000000e+03
2.943000000000000000e+03 7.154000000000000000e+03
2.996000000000000000e+03 7.153000000000000000e+03
2.915000000000000000e+03 7.024000000000000000e+03
3.030000000000000000e+03 7.060000000000000000e+03
6.158000000000000000e+03 7.081000000000000000e+03
6.267000000000000000e+03 7.104000000000000000e+03
5.111000000000000000e+03 5.191000000000000000e+03
4.885000000000000000e+03 4.877000000000000000e+03
6.477000000000000000e+03 7.225000000000000000e+03
6.354000000000000000e+03 7.127000000000000000e+03
6.401000000000000000e+03 7.107000000000000000e+03
6.234000000000000000e+03 7.137000000000000000e+03
6.171000000000000000e+03 7.262000000000000000e+03
5.823000000000000000e+03 6.565000000000000000e+03
6.173000000000000000e+03 7.085000000000000000e+03
6.217000000000000000e+03 7.258000000000000000e+03
6.059000000000000000e+03 7.206000000000000000e+03
5.892000000000000000e+03 6.558000000000000000e+03
5.878000000000000000e+03 6.137000000000000000e+03
5.942000000000000000e+03 6.790000000000000000e+03
3.254000000000000000e+03 7.068000000000000000e+03
3.748000000000000000e+03 7.045000000000000000e+03
3.508000000000000000e+03 7.080000000000000000e+03
3.356000000000000000e+03 7.094000000000000000e+03
5.355000000000000000e+03 6.916000000000000000e+03
5.580000000000000000e+03 6.888000000000000000e+03
5.109000000000000000e+03 5.171000000000000000e+03
5.931000000000000000e+03 5.137000000000000000e+03
5.741000000000000000e+03 6.264000000000000000e+03
5.614000000000000000e+03 6.355000000000000000e+03
5.608000000000000000e+03 6.666000000000000000e+03
6.476000000000000000e+03 6.128000000000000000e+03
6.036000000000000000e+03 6.392000000000000000e+03
6.127000000000000000e+03 5.138000000000000000e+03
5.710000000000000000e+03 5.884000000000000000e+03
4.579000000000000000e+03 6.464000000000000000e+03
3.259000000000000000e+03 6.948000000000000000e+03
3.076000000000000000e+03 6.910000000000000000e+03
6.598000000000000000e+03 7.062000000000000000e+03
4.677000000000000000e+03 6.976000000000000000e+03
6.862000000000000000e+03 7.092000000000000000e+03
6.035000000000000000e+03 6.273000000000000000e+03
6.533000000000000000e+03 7.064000000000000000e+03
6.941000000000000000e+03 7.162000000000000000e+03
5.140000000000000000e+03 5.491000000000000000e+03
5.459000000000000000e+03 5.922000000000000000e+03
5.673000000000000000e+03 7.059000000000000000e+03
5.321000000000000000e+03 6.173000000000000000e+03
6.562000000000000000e+03 6.752000000000000000e+03
6.408000000000000000e+03 6.125000000000000000e+03
6.056000000000000000e+03 6.290000000000000000e+03
6.629000000000000000e+03 7.132000000000000000e+03
2.620000000000000000e+02 3.700000000000000000e+02
1.380000000000000000e+02 4.480000000000000000e+03
3.491000000000000000e+03 5.170000000000000000e+03
4.525000000000000000e+03 6.800000000000000000e+02
5.990000000000000000e+02 2.470000000000000000e+03
-4.000000000000000000e+00 0.000000000000000000e+00
7.164000000000000000e+03 0.000000000000000000e+00
3.000000000000000000e+00 0.000000000000000000e+00
