5.363000000000000000e+03 5.530000000000000000e+02
5.112000000000000000e+03 6.270000000000000000e+02
4.831000000000000000e+03 5.510000000000000000e+02
5.012000000000000000e+03 6.680000000000000000e+02
5.071000000000000000e+03 6.010000000000000000e+02
4.969000000000000000e+03 5.550000000000000000e+02
5.066000000000000000e+03 5.320000000000000000e+02
5.654000000000000000e+03 7.080000000000000000e+02
5.601000000000000000e+03 7.130000000000000000e+02
5.449000000000000000e+03 6.970000000000000000e+02
5.580000000000000000e+03 6.330000000000000000e+02
5.650000000000000000e+03 7.470000000000000000e+02
5.349000000000000000e+03 7.840000000000000000e+02
5.787000000000000000e+03 6.850000000000000000e+02
5.801000000000000000e+03 6.110000000000000000e+02
5.187000000000000000e+03 5.820000000000000000e+02
5.183000000000000000e+03 5.630000000000000000e+02
4.688000000000000000e+03 4.790000000000000000e+02
4.737000000000000000e+03 4.390000000000000000e+02
5.389000000000000000e+03 4.620000000000000000e+02
5.274000000000000000e+03 6.030000000000000000e+02
5.329000000000000000e+03 5.240000000000000000e+02
5.303000000000000000e+03 5.180000000000000000e+02
5.191000000000000000e+03 2.670000000000000000e+02
5.011000000000000000e+03 2.930000000000000000e+02
5.238000000000000000e+03 2.440000000000000000e+02
5.058000000000000000e+03 2.180000000000000000e+02
4.646000000000000000e+03 3.960000000000000000e+02
4.691000000000000000e+03 3.840000000000000000e+02
5.002000000000000000e+03 3.280000000000000000e+02
4.751000000000000000e+03 3.600000000000000000e+02
5.924000000000000000e+03 4.550000000000000000e+02
6.138000000000000000e+03 4.920000000000000000e+02
6.093000000000000000e+03 5.480000000000000000e+02
4.415000000000000000e+03 8.670000000000000000e+02
4.539000000000000000e+03 8.120000000000000000e+02
4.399000000000000000e+03 8.970000000000000000e+02
4.451000000000000000e+03 8.210000000000000000e+02
4.477000000000000000e+03 6.160000000000000000e+02
4.405000000000000000e+03 6.680000000000000000e+02
4.540000000000000000e+03 6.240000000000000000e+02
4.487000000000000000e+03 5.930000000000000000e+02
4.233000000000000000e+03 8.630000000000000000e+02
4.341000000000000000e+03 8.020000000000000000e+02
4.416000000000000000e+03 7.400000000000000000e+02
4.471000000000000000e+03 7.330000000000000000e+02
5.764000000000000000e+03 4.420000000000000000e+02
6.077000000000000000e+03 5.320000000000000000e+02
5.962000000000000000e+03 5.850000000000000000e+02
6.064000000000000000e+03 6.110000000000000000e+02
6.022000000000000000e+03 6.360000000000000000e+02
6.019000000000000000e+03 6.980000000000000000e+02
5.966000000000000000e+03 7.300000000000000000e+02
6.102000000000000000e+03 6.990000000000000000e+02
5.980000000000000000e+03 1.760000000000000000e+02
5.958000000000000000e+03 1.600000000000000000e+02
5.845000000000000000e+03 2.060000000000000000e+02
5.862000000000000000e+03 1.690000000000000000e+02
6.038000000000000000e+03 3.660000000000000000e+02
6.099000000000000000e+03 3.270000000000000000e+02
6.105000000000000000e+03 2.440000000000000000e+02
6.057000000000000000e+03 2.040000000000000000e+02
6.072000000000000000e+03 4.360000000000000000e+02
6.728000000000000000e+03 7.210000000000000000e+02
6.534000000000000000e+03 6.670000000000000000e+02
6.258000000000000000e+03 1.430000000000000000e+02
6.211000000000000000e+03 1.920000000000000000e+02
6.188000000000000000e+03 2.140000000000000000e+02
6.093000000000000000e+03 2.700000000000000000e+02
6.866000000000000000e+03 6.020000000000000000e+02
6.955000000000000000e+03 5.760000000000000000e+02
6.943000000000000000e+03 6.420000000000000000e+02
6.923000000000000000e+03 6.920000000000000000e+02
6.780000000000000000e+03 4.870000000000000000e+02
6.749000000000000000e+03 4.710000000000000000e+02
6.884000000000000000e+03 5.050000000000000000e+02
6.921000000000000000e+03 4.400000000000000000e+02
6.354000000000000000e+03 1.970000000000000000e+02
6.382000000000000000e+03 2.370000000000000000e+02
6.416000000000000000e+03 3.660000000000000000e+02
6.387000000000000000e+03 2.410000000000000000e+02
6.332000000000000000e+03 3.350000000000000000e+02
6.292000000000000000e+03 3.660000000000000000e+02
5.875000000000000000e+03 5.570000000000000000e+02
6.205000000000000000e+03 4.520000000000000000e+02
6.278000000000000000e+03 5.550000000000000000e+02
6.314000000000000000e+03 4.970000000000000000e+02
6.147000000000000000e+03 5.590000000000000000e+02
6.230000000000000000e+03 5.630000000000000000e+02
6.422000000000000000e+03 5.770000000000000000e+02
6.383000000000000000e+03 5.500000000000000000e+02
6.281000000000000000e+03 6.570000000000000000e+02
6.370000000000000000e+03 7.080000000000000000e+02
6.435000000000000000e+03 3.320000000000000000e+02
6.446000000000000000e+03 2.050000000000000000e+02
6.881000000000000000e+03 2.740000000000000000e+02
6.875000000000000000e+03 3.230000000000000000e+02
6.477000000000000000e+03 2.190000000000000000e+02
6.645000000000000000e+03 2.300000000000000000e+02
6.610000000000000000e+03 2.580000000000000000e+02
6.642000000000000000e+03 2.650000000000000000e+02
6.482000000000000000e+03 3.690000000000000000e+02
6.552000000000000000e+03 3.470000000000000000e+02
6.632000000000000000e+03 3.380000000000000000e+02
6.797000000000000000e+03 2.900000000000000000e+02
6.781000000000000000e+03 1.980000000000000000e+02
6.866000000000000000e+03 1.640000000000000000e+02
6.620000000000000000e+03 1.690000000000000000e+02
6.696000000000000000e+03 1.520000000000000000e+02
6.503000000000000000e+03 5.080000000000000000e+02
6.498000000000000000e+03 5.210000000000000000e+02
6.294000000000000000e+03 6.410000000000000000e+02
6.688000000000000000e+03 7.290000000000000000e+02
6.765000000000000000e+03 4.000000000000000000e+02
6.071000000000000000e+03 5.460000000000000000e+02
6.083000000000000000e+03 4.740000000000000000e+02
6.679000000000000000e+03 4.950000000000000000e+02
6.595000000000000000e+03 5.290000000000000000e+02
6.678000000000000000e+03 5.660000000000000000e+02
6.602000000000000000e+03 5.400000000000000000e+02
6.538000000000000000e+03 5.570000000000000000e+02
6.653000000000000000e+03 6.920000000000000000e+02
6.811000000000000000e+03 6.540000000000000000e+02
6.544000000000000000e+03 5.880000000000000000e+02
6.693000000000000000e+03 5.660000000000000000e+02
3.767000000000000000e+03 2.840000000000000000e+02
3.643000000000000000e+03 2.340000000000000000e+02
3.667000000000000000e+03 2.980000000000000000e+02
3.773000000000000000e+03 1.800000000000000000e+02
3.765000000000000000e+03 1.600000000000000000e+02
3.644000000000000000e+03 1.530000000000000000e+02
3.805000000000000000e+03 1.910000000000000000e+02
4.289000000000000000e+03 2.860000000000000000e+02
4.360000000000000000e+03 2.910000000000000000e+02
4.413000000000000000e+03 3.590000000000000000e+02
4.276000000000000000e+03 2.350000000000000000e+02
4.304000000000000000e+03 4.930000000000000000e+02
4.155000000000000000e+03 4.420000000000000000e+02
4.389000000000000000e+03 4.890000000000000000e+02
4.361000000000000000e+03 4.160000000000000000e+02
3.958000000000000000e+03 1.690000000000000000e+02
4.033000000000000000e+03 1.640000000000000000e+02
4.137000000000000000e+03 1.730000000000000000e+02
4.174000000000000000e+03 1.780000000000000000e+02
4.074000000000000000e+03 3.140000000000000000e+02
4.076000000000000000e+03 3.620000000000000000e+02
4.191000000000000000e+03 2.920000000000000000e+02
4.188000000000000000e+03 4.310000000000000000e+02
4.134000000000000000e+03 6.010000000000000000e+02
4.231000000000000000e+03 6.990000000000000000e+02
4.248000000000000000e+03 5.850000000000000000e+02
4.234000000000000000e+03 4.980000000000000000e+02
4.105000000000000000e+03 6.110000000000000000e+02
4.096000000000000000e+03 5.040000000000000000e+02
4.110000000000000000e+03 7.200000000000000000e+02
4.154000000000000000e+03 7.450000000000000000e+02
4.546000000000000000e+03 5.220000000000000000e+02
4.017000000000000000e+03 4.740000000000000000e+02
3.967000000000000000e+03 3.290000000000000000e+02
4.652000000000000000e+03 6.570000000000000000e+02
4.753000000000000000e+03 6.270000000000000000e+02
5.722000000000000000e+03 4.630000000000000000e+02
5.076000000000000000e+03 6.350000000000000000e+02
5.237000000000000000e+03 6.810000000000000000e+02
5.269000000000000000e+03 7.350000000000000000e+02
4.906000000000000000e+03 6.960000000000000000e+02
5.077000000000000000e+03 7.130000000000000000e+02
4.642000000000000000e+03 6.820000000000000000e+02
4.716000000000000000e+03 6.850000000000000000e+02
4.826000000000000000e+03 7.250000000000000000e+02
4.880000000000000000e+03 7.120000000000000000e+02
4.259000000000000000e+03 1.381000000000000000e+03
4.454000000000000000e+03 1.214000000000000000e+03
4.384000000000000000e+03 1.125000000000000000e+03
4.415000000000000000e+03 1.153000000000000000e+03
4.335000000000000000e+03 1.085000000000000000e+03
4.353000000000000000e+03 1.028000000000000000e+03
4.425000000000000000e+03 9.250000000000000000e+02
4.441000000000000000e+03 8.930000000000000000e+02
5.817000000000000000e+03 5.160000000000000000e+02
5.876000000000000000e+03 4.790000000000000000e+02
5.759000000000000000e+03 5.110000000000000000e+02
5.787000000000000000e+03 4.380000000000000000e+02
5.831000000000000000e+03 3.110000000000000000e+02
5.896000000000000000e+03 3.130000000000000000e+02
5.890000000000000000e+03 4.460000000000000000e+02
5.891000000000000000e+03 4.450000000000000000e+02
2.592000000000000000e+03 1.782000000000000000e+03
2.043000000000000000e+03 1.570000000000000000e+02
2.689000000000000000e+03 3.570000000000000000e+02
2.031000000000000000e+03 7.160000000000000000e+02
1.992000000000000000e+03 2.210000000000000000e+02
1.959000000000000000e+03 1.920000000000000000e+02
2.159000000000000000e+03 9.460000000000000000e+02
4.496000000000000000e+03 1.468000000000000000e+03
4.440000000000000000e+03 1.584000000000000000e+03
4.490000000000000000e+03 1.201000000000000000e+03
4.504000000000000000e+03 1.042000000000000000e+03
3.100000000000000000e+03 4.260000000000000000e+02
2.894000000000000000e+03 3.900000000000000000e+02
2.380000000000000000e+03 2.360000000000000000e+02
2.246000000000000000e+03 2.230000000000000000e+02
2.255000000000000000e+03 5.080000000000000000e+02
1.782000000000000000e+03 4.700000000000000000e+02
2.411000000000000000e+03 6.790000000000000000e+02
3.212000000000000000e+03 6.820000000000000000e+02
2.344000000000000000e+03 3.280000000000000000e+02
3.708000000000000000e+03 1.574000000000000000e+03
3.034000000000000000e+03 8.190000000000000000e+02
2.091000000000000000e+03 3.120000000000000000e+02
1.598000000000000000e+03 2.880000000000000000e+02
1.670000000000000000e+03 2.520000000000000000e+02
1.817000000000000000e+03 2.650000000000000000e+02
2.077000000000000000e+03 5.730000000000000000e+02
3.441000000000000000e+03 9.000000000000000000e+02
4.134000000000000000e+03 1.694000000000000000e+03
3.405000000000000000e+03 6.960000000000000000e+02
4.216000000000000000e+03 8.530000000000000000e+02
5.028000000000000000e+03 4.150000000000000000e+02
5.013000000000000000e+03 3.960000000000000000e+02
4.696000000000000000e+03 5.210000000000000000e+02
4.731000000000000000e+03 4.690000000000000000e+02
4.948000000000000000e+03 4.320000000000000000e+02
5.149000000000000000e+03 3.820000000000000000e+02
5.164000000000000000e+03 3.220000000000000000e+02
5.275000000000000000e+03 3.050000000000000000e+02
5.456000000000000000e+03 2.870000000000000000e+02
5.445000000000000000e+03 3.710000000000000000e+02
5.242000000000000000e+03 4.320000000000000000e+02
5.261000000000000000e+03 4.280000000000000000e+02
5.204000000000000000e+03 4.270000000000000000e+02
4.975000000000000000e+03 5.110000000000000000e+02
4.775000000000000000e+03 4.870000000000000000e+02
4.889000000000000000e+03 4.650000000000000000e+02
5.438000000000000000e+03 5.050000000000000000e+02
5.478000000000000000e+03 4.950000000000000000e+02
5.557000000000000000e+03 4.710000000000000000e+02
5.550000000000000000e+03 5.570000000000000000e+02
5.575000000000000000e+03 5.660000000000000000e+02
5.646000000000000000e+03 4.260000000000000000e+02
5.640000000000000000e+03 3.340000000000000000e+02
5.615000000000000000e+03 3.160000000000000000e+02
4.541000000000000000e+03 1.010000000000000000e+03
4.572000000000000000e+03 1.016000000000000000e+03
4.559000000000000000e+03 1.333000000000000000e+03
4.539000000000000000e+03 1.454000000000000000e+03
4.517000000000000000e+03 1.706000000000000000e+03
4.410000000000000000e+03 1.834000000000000000e+03
4.585000000000000000e+03 1.642000000000000000e+03
4.530000000000000000e+03 1.931000000000000000e+03
5.423000000000000000e+03 2.020000000000000000e+02
5.617000000000000000e+03 1.900000000000000000e+02
6.345000000000000000e+03 5.190000000000000000e+02
5.277000000000000000e+03 2.000000000000000000e+02
5.392000000000000000e+03 2.430000000000000000e+02
5.239000000000000000e+03 1.710000000000000000e+02
5.448000000000000000e+03 2.480000000000000000e+02
6.365000000000000000e+03 5.940000000000000000e+02
6.745000000000000000e+03 7.210000000000000000e+02
6.612000000000000000e+03 4.740000000000000000e+02
6.159000000000000000e+03 4.110000000000000000e+02
5.623000000000000000e+03 3.100000000000000000e+02
5.502000000000000000e+03 3.070000000000000000e+02
6.319000000000000000e+03 3.690000000000000000e+02
6.896000000000000000e+03 7.780000000000000000e+02
4.761000000000000000e+03 1.730000000000000000e+02
4.742000000000000000e+03 2.260000000000000000e+02
4.563000000000000000e+03 3.480000000000000000e+02
4.462000000000000000e+03 1.620000000000000000e+02
4.591000000000000000e+03 1.610000000000000000e+02
4.568000000000000000e+03 2.160000000000000000e+02
4.560000000000000000e+03 2.570000000000000000e+02
4.665000000000000000e+03 4.970000000000000000e+02
4.621000000000000000e+03 2.740000000000000000e+02
4.659000000000000000e+03 3.110000000000000000e+02
4.455000000000000000e+03 3.750000000000000000e+02
4.656000000000000000e+03 1.700000000000000000e+02
4.715000000000000000e+03 2.420000000000000000e+02
4.686000000000000000e+03 2.940000000000000000e+02
4.736000000000000000e+03 2.140000000000000000e+02
4.715000000000000000e+03 2.600000000000000000e+02
5.353000000000000000e+03 1.170000000000000000e+03
7.158000000000000000e+03 1.169000000000000000e+03
6.734000000000000000e+03 8.810000000000000000e+02
5.934000000000000000e+03 3.630000000000000000e+02
6.472000000000000000e+03 5.640000000000000000e+02
5.414000000000000000e+03 1.280000000000000000e+02
5.823000000000000000e+03 3.370000000000000000e+02
7.114000000000000000e+03 2.946000000000000000e+03
7.180000000000000000e+03 3.725000000000000000e+03
7.136000000000000000e+03 1.503000000000000000e+03
7.057000000000000000e+03 2.105000000000000000e+03
7.166000000000000000e+03 1.088000000000000000e+03
7.105000000000000000e+03 1.340000000000000000e+03
6.482000000000000000e+03 8.510000000000000000e+02
6.542000000000000000e+03 2.834000000000000000e+03
7.113000000000000000e+03 1.176000000000000000e+03
7.165000000000000000e+03 1.031000000000000000e+03
6.748000000000000000e+03 8.830000000000000000e+02
6.107000000000000000e+03 8.940000000000000000e+02
7.035000000000000000e+03 1.438000000000000000e+03
7.151000000000000000e+03 1.429000000000000000e+03
6.832000000000000000e+03 8.230000000000000000e+02
6.558000000000000000e+03 8.000000000000000000e+02
7.109000000000000000e+03 1.669000000000000000e+03
7.139000000000000000e+03 1.447000000000000000e+03
7.141000000000000000e+03 1.668000000000000000e+03
7.135000000000000000e+03 1.444000000000000000e+03
6.912000000000000000e+03 1.465000000000000000e+03
7.108000000000000000e+03 1.440000000000000000e+03
7.096000000000000000e+03 1.469000000000000000e+03
7.159000000000000000e+03 1.293000000000000000e+03
2.692000000000000000e+03 2.073000000000000000e+03
3.502000000000000000e+03 2.860000000000000000e+02
3.354000000000000000e+03 9.570000000000000000e+02
1.364000000000000000e+03 4.900000000000000000e+03
1.659000000000000000e+03 4.771000000000000000e+03
4.007000000000000000e+03 3.107000000000000000e+03
1.372000000000000000e+03 5.077000000000000000e+03
3.256000000000000000e+03 1.500000000000000000e+02
3.983000000000000000e+03 1.850000000000000000e+02
3.381000000000000000e+03 1.590000000000000000e+02
3.473000000000000000e+03 1.460000000000000000e+02
3.281000000000000000e+03 2.310000000000000000e+02
3.280000000000000000e+03 2.090000000000000000e+02
3.681000000000000000e+03 4.390000000000000000e+02
3.327000000000000000e+03 2.860000000000000000e+02
1.147000000000000000e+03 5.285000000000000000e+03
1.119000000000000000e+03 5.329000000000000000e+03
1.274000000000000000e+03 5.331000000000000000e+03
1.279000000000000000e+03 5.334000000000000000e+03
3.519000000000000000e+03 4.137000000000000000e+03
2.204000000000000000e+03 4.976000000000000000e+03
1.352000000000000000e+03 5.322000000000000000e+03
1.363000000000000000e+03 5.228000000000000000e+03
1.323000000000000000e+03 5.159000000000000000e+03
1.473000000000000000e+03 5.256000000000000000e+03
1.519000000000000000e+03 5.204000000000000000e+03
1.509000000000000000e+03 5.227000000000000000e+03
1.555000000000000000e+03 4.955000000000000000e+03
1.531000000000000000e+03 4.910000000000000000e+03
1.582000000000000000e+03 5.027000000000000000e+03
1.563000000000000000e+03 5.123000000000000000e+03
1.625000000000000000e+03 5.488000000000000000e+03
1.471000000000000000e+03 5.410000000000000000e+03
3.302000000000000000e+03 2.990000000000000000e+03
1.655000000000000000e+03 5.015000000000000000e+03
3.034000000000000000e+03 3.615000000000000000e+03
1.657000000000000000e+03 5.451000000000000000e+03
1.694000000000000000e+03 5.448000000000000000e+03
1.575000000000000000e+03 5.395000000000000000e+03
1.124000000000000000e+03 5.140000000000000000e+03
1.089000000000000000e+03 5.213000000000000000e+03
1.172000000000000000e+03 5.139000000000000000e+03
2.763000000000000000e+03 3.270000000000000000e+03
1.522000000000000000e+03 5.203000000000000000e+03
1.639000000000000000e+03 5.311000000000000000e+03
1.217000000000000000e+03 5.144000000000000000e+03
1.289000000000000000e+03 5.120000000000000000e+03
3.159000000000000000e+03 5.402000000000000000e+03
3.251000000000000000e+03 7.151000000000000000e+03
5.212000000000000000e+03 4.805000000000000000e+03
3.129000000000000000e+03 5.126000000000000000e+03
4.497000000000000000e+03 5.088000000000000000e+03
4.363000000000000000e+03 2.467000000000000000e+03
3.327000000000000000e+03 5.983000000000000000e+03
3.203000000000000000e+03 4.144000000000000000e+03
3.339000000000000000e+03 6.429000000000000000e+03
3.000000000000000000e+03 6.531000000000000000e+03
4.695000000000000000e+03 5.098000000000000000e+03
4.203000000000000000e+03 4.877000000000000000e+03
5.347000000000000000e+03 5.860000000000000000e+03
4.745000000000000000e+03 5.868000000000000000e+03
5.196000000000000000e+03 5.510000000000000000e+03
4.668000000000000000e+03 6.234000000000000000e+03
3.731000000000000000e+03 2.116000000000000000e+03
3.609000000000000000e+03 2.471000000000000000e+03
3.563000000000000000e+03 2.380000000000000000e+03
3.365000000000000000e+03 2.411000000000000000e+03
3.313000000000000000e+03 2.276000000000000000e+03
3.458000000000000000e+03 2.458000000000000000e+03
3.711000000000000000e+03 2.454000000000000000e+03
3.613000000000000000e+03 2.204000000000000000e+03
3.943000000000000000e+03 2.260000000000000000e+03
3.707000000000000000e+03 2.292000000000000000e+03
3.593000000000000000e+03 2.300000000000000000e+03
4.138000000000000000e+03 1.584000000000000000e+03
4.156000000000000000e+03 1.525000000000000000e+03
3.927000000000000000e+03 1.758000000000000000e+03
4.130000000000000000e+03 1.663000000000000000e+03
3.439000000000000000e+03 2.382000000000000000e+03
3.954000000000000000e+03 2.390000000000000000e+03
3.320000000000000000e+03 2.209000000000000000e+03
4.080000000000000000e+03 2.259000000000000000e+03
3.852000000000000000e+03 2.106000000000000000e+03
4.115000000000000000e+03 1.922000000000000000e+03
4.146000000000000000e+03 1.876000000000000000e+03
4.215000000000000000e+03 1.720000000000000000e+03
3.629000000000000000e+03 2.503000000000000000e+03
3.895000000000000000e+03 2.493000000000000000e+03
3.791000000000000000e+03 2.418000000000000000e+03
3.609000000000000000e+03 2.522000000000000000e+03
3.785000000000000000e+03 2.191000000000000000e+03
4.067000000000000000e+03 2.271000000000000000e+03
4.174000000000000000e+03 1.983000000000000000e+03
4.120000000000000000e+03 2.124000000000000000e+03
4.141000000000000000e+03 2.183000000000000000e+03
3.710000000000000000e+03 2.397000000000000000e+03
3.914000000000000000e+03 2.365000000000000000e+03
3.624000000000000000e+03 2.453000000000000000e+03
4.207000000000000000e+03 2.147000000000000000e+03
4.195000000000000000e+03 2.225000000000000000e+03
4.230000000000000000e+03 2.030000000000000000e+03
4.079000000000000000e+03 2.475000000000000000e+03
4.144000000000000000e+03 2.351000000000000000e+03
4.236000000000000000e+03 2.168000000000000000e+03
3.769000000000000000e+03 2.160000000000000000e+03
3.601000000000000000e+03 2.483000000000000000e+03
3.740000000000000000e+03 2.378000000000000000e+03
3.597000000000000000e+03 2.348000000000000000e+03
3.520000000000000000e+03 2.308000000000000000e+03
4.468000000000000000e+03 2.025000000000000000e+03
4.464000000000000000e+03 1.920000000000000000e+03
4.550000000000000000e+03 1.996000000000000000e+03
4.472000000000000000e+03 2.238000000000000000e+03
4.514000000000000000e+03 2.469000000000000000e+03
4.548000000000000000e+03 2.262000000000000000e+03
4.517000000000000000e+03 2.605000000000000000e+03
4.490000000000000000e+03 2.519000000000000000e+03
4.225000000000000000e+03 2.408000000000000000e+03
4.233000000000000000e+03 2.296000000000000000e+03
4.368000000000000000e+03 1.746000000000000000e+03
4.356000000000000000e+03 1.876000000000000000e+03
4.265000000000000000e+03 1.516000000000000000e+03
4.336000000000000000e+03 1.462000000000000000e+03
4.373000000000000000e+03 1.739000000000000000e+03
4.346000000000000000e+03 1.601000000000000000e+03
4.421000000000000000e+03 2.114000000000000000e+03
4.407000000000000000e+03 2.602000000000000000e+03
4.402000000000000000e+03 2.510000000000000000e+03
4.281000000000000000e+03 1.915000000000000000e+03
4.335000000000000000e+03 1.985000000000000000e+03
4.343000000000000000e+03 2.077000000000000000e+03
4.354000000000000000e+03 2.057000000000000000e+03
4.465000000000000000e+03 1.816000000000000000e+03
4.432000000000000000e+03 1.854000000000000000e+03
4.437000000000000000e+03 1.479000000000000000e+03
4.454000000000000000e+03 1.568000000000000000e+03
4.411000000000000000e+03 2.346000000000000000e+03
4.403000000000000000e+03 2.257000000000000000e+03
4.389000000000000000e+03 2.480000000000000000e+03
4.373000000000000000e+03 2.363000000000000000e+03
4.168000000000000000e+03 1.216000000000000000e+03
4.155000000000000000e+03 1.245000000000000000e+03
4.199000000000000000e+03 1.121000000000000000e+03
4.194000000000000000e+03 1.138000000000000000e+03
4.124000000000000000e+03 1.418000000000000000e+03
4.171000000000000000e+03 1.436000000000000000e+03
4.544000000000000000e+03 2.324000000000000000e+03
4.249000000000000000e+03 1.322000000000000000e+03
4.274000000000000000e+03 1.220000000000000000e+03
4.308000000000000000e+03 1.270000000000000000e+03
4.258000000000000000e+03 1.133000000000000000e+03
4.251000000000000000e+03 1.121000000000000000e+03
4.353000000000000000e+03 1.361000000000000000e+03
4.399000000000000000e+03 1.336000000000000000e+03
4.500000000000000000e+03 1.852000000000000000e+03
4.536000000000000000e+03 2.113000000000000000e+03
4.275000000000000000e+03 2.526000000000000000e+03
4.258000000000000000e+03 2.477000000000000000e+03
4.236000000000000000e+03 2.420000000000000000e+03
4.300000000000000000e+03 2.331000000000000000e+03
4.272000000000000000e+03 2.151000000000000000e+03
4.349000000000000000e+03 1.780000000000000000e+03
4.303000000000000000e+03 1.634000000000000000e+03
4.284000000000000000e+03 1.770000000000000000e+03
2.748000000000000000e+03 1.604000000000000000e+03
2.750000000000000000e+03 2.235000000000000000e+03
2.219000000000000000e+03 1.480000000000000000e+02
2.312000000000000000e+03 1.320000000000000000e+02
2.836000000000000000e+03 3.934000000000000000e+03
3.064000000000000000e+03 1.648000000000000000e+03
2.663000000000000000e+03 4.470000000000000000e+02
2.422000000000000000e+03 2.020000000000000000e+02
3.412000000000000000e+03 5.270000000000000000e+02
3.539000000000000000e+03 7.470000000000000000e+02
2.917000000000000000e+03 2.180000000000000000e+02
2.788000000000000000e+03 1.890000000000000000e+02
2.412000000000000000e+03 1.390000000000000000e+02
2.543000000000000000e+03 1.880000000000000000e+02
2.665000000000000000e+03 1.340000000000000000e+02
2.663000000000000000e+03 1.490000000000000000e+02
2.877000000000000000e+03 1.590000000000000000e+02
3.000000000000000000e+03 1.500000000000000000e+02
3.186000000000000000e+03 1.780000000000000000e+02
3.155000000000000000e+03 1.500000000000000000e+02
3.414000000000000000e+03 7.170000000000000000e+02
3.245000000000000000e+03 4.250000000000000000e+02
2.908000000000000000e+03 2.720000000000000000e+02
3.060000000000000000e+03 2.590000000000000000e+02
2.789000000000000000e+03 6.487000000000000000e+03
2.818000000000000000e+03 5.326000000000000000e+03
2.764000000000000000e+03 5.371000000000000000e+03
2.484000000000000000e+03 5.977000000000000000e+03
2.389000000000000000e+03 6.307000000000000000e+03
1.785000000000000000e+03 7.465000000000000000e+03
2.054000000000000000e+03 7.042000000000000000e+03
2.910000000000000000e+03 5.841000000000000000e+03
3.019000000000000000e+03 6.043000000000000000e+03
2.877000000000000000e+03 6.186000000000000000e+03
2.966000000000000000e+03 5.995000000000000000e+03
2.852000000000000000e+03 5.849000000000000000e+03
2.913000000000000000e+03 5.664000000000000000e+03
2.879000000000000000e+03 5.755000000000000000e+03
2.985000000000000000e+03 5.856000000000000000e+03
2.823000000000000000e+03 7.348000000000000000e+03
2.707000000000000000e+03 7.343000000000000000e+03
2.662000000000000000e+03 7.339000000000000000e+03
2.604000000000000000e+03 7.123000000000000000e+03
2.323000000000000000e+03 7.341000000000000000e+03
2.529000000000000000e+03 7.312000000000000000e+03
2.181000000000000000e+03 7.382000000000000000e+03
2.483000000000000000e+03 7.362000000000000000e+03
1.884000000000000000e+03 7.445000000000000000e+03
2.048000000000000000e+03 7.442000000000000000e+03
1.788000000000000000e+03 7.368000000000000000e+03
1.938000000000000000e+03 7.435000000000000000e+03
1.967000000000000000e+03 7.447000000000000000e+03
2.304000000000000000e+03 7.176000000000000000e+03
2.296000000000000000e+03 7.352000000000000000e+03
2.253000000000000000e+03 7.301000000000000000e+03
3.060000000000000000e+03 7.456000000000000000e+03
2.930000000000000000e+03 5.798000000000000000e+03
3.069000000000000000e+03 3.665000000000000000e+03
3.257000000000000000e+03 7.459000000000000000e+03
3.212000000000000000e+03 7.332000000000000000e+03
3.102000000000000000e+03 7.435000000000000000e+03
3.173000000000000000e+03 7.446000000000000000e+03
2.819000000000000000e+03 7.448000000000000000e+03
2.538000000000000000e+03 7.453000000000000000e+03
2.731000000000000000e+03 7.456000000000000000e+03
2.989000000000000000e+03 6.590000000000000000e+03
2.584000000000000000e+03 7.320000000000000000e+03
2.732000000000000000e+03 7.476000000000000000e+03
2.859000000000000000e+03 7.442000000000000000e+03
2.855000000000000000e+03 7.458000000000000000e+03
2.467000000000000000e+03 6.715000000000000000e+03
2.458000000000000000e+03 6.819000000000000000e+03
2.903000000000000000e+03 6.381000000000000000e+03
2.820000000000000000e+03 6.555000000000000000e+03
2.884000000000000000e+03 6.730000000000000000e+03
2.985000000000000000e+03 6.253000000000000000e+03
2.830000000000000000e+03 6.485000000000000000e+03
2.886000000000000000e+03 6.590000000000000000e+03
2.645000000000000000e+03 7.011000000000000000e+03
2.807000000000000000e+03 6.758000000000000000e+03
2.907000000000000000e+03 6.917000000000000000e+03
2.817000000000000000e+03 6.869000000000000000e+03
2.618000000000000000e+03 7.244000000000000000e+03
2.351000000000000000e+03 7.196000000000000000e+03
2.533000000000000000e+03 7.133000000000000000e+03
2.779000000000000000e+03 6.882000000000000000e+03
4.285000000000000000e+03 5.030000000000000000e+03
3.798000000000000000e+03 5.243000000000000000e+03
4.195000000000000000e+03 5.126000000000000000e+03
5.950000000000000000e+03 4.780000000000000000e+03
5.888000000000000000e+03 4.886000000000000000e+03
2.844000000000000000e+03 5.498000000000000000e+03
2.811000000000000000e+03 5.482000000000000000e+03
2.859000000000000000e+03 6.235000000000000000e+03
2.916000000000000000e+03 6.281000000000000000e+03
2.768000000000000000e+03 6.051000000000000000e+03
2.852000000000000000e+03 6.133000000000000000e+03
2.863000000000000000e+03 6.014000000000000000e+03
2.783000000000000000e+03 5.799000000000000000e+03
2.807000000000000000e+03 5.986000000000000000e+03
2.834000000000000000e+03 5.972000000000000000e+03
5.778000000000000000e+03 4.630000000000000000e+03
5.833000000000000000e+03 4.753000000000000000e+03
5.944000000000000000e+03 4.661000000000000000e+03
5.966000000000000000e+03 4.664000000000000000e+03
6.059000000000000000e+03 4.791000000000000000e+03
5.381000000000000000e+03 4.899000000000000000e+03
6.001000000000000000e+03 4.821000000000000000e+03
5.999000000000000000e+03 4.834000000000000000e+03
6.373000000000000000e+03 4.783000000000000000e+03
6.380000000000000000e+03 4.790000000000000000e+03
6.368000000000000000e+03 4.603000000000000000e+03
6.220000000000000000e+03 4.656000000000000000e+03
5.643000000000000000e+03 4.774000000000000000e+03
6.112000000000000000e+03 4.690000000000000000e+03
6.515000000000000000e+03 4.797000000000000000e+03
6.434000000000000000e+03 4.644000000000000000e+03
4.444000000000000000e+03 4.350000000000000000e+03
4.431000000000000000e+03 4.367000000000000000e+03
4.530000000000000000e+03 4.411000000000000000e+03
4.520000000000000000e+03 4.063000000000000000e+03
3.283000000000000000e+03 4.943000000000000000e+03
3.463000000000000000e+03 5.137000000000000000e+03
3.751000000000000000e+03 4.688000000000000000e+03
4.127000000000000000e+03 4.415000000000000000e+03
3.487000000000000000e+03 4.682000000000000000e+03
3.410000000000000000e+03 4.843000000000000000e+03
3.656000000000000000e+03 4.599000000000000000e+03
3.613000000000000000e+03 4.559000000000000000e+03
3.086000000000000000e+03 5.004000000000000000e+03
3.415000000000000000e+03 4.770000000000000000e+03
3.189000000000000000e+03 4.813000000000000000e+03
3.321000000000000000e+03 4.667000000000000000e+03
5.571000000000000000e+03 4.802000000000000000e+03
5.412000000000000000e+03 4.828000000000000000e+03
5.328000000000000000e+03 4.843000000000000000e+03
5.108000000000000000e+03 4.731000000000000000e+03
5.363000000000000000e+03 4.713000000000000000e+03
5.378000000000000000e+03 4.771000000000000000e+03
5.225000000000000000e+03 4.744000000000000000e+03
5.378000000000000000e+03 4.669000000000000000e+03
4.668000000000000000e+03 4.784000000000000000e+03
3.993000000000000000e+03 4.748000000000000000e+03
4.694000000000000000e+03 4.807000000000000000e+03
4.786000000000000000e+03 4.796000000000000000e+03
4.875000000000000000e+03 4.728000000000000000e+03
4.845000000000000000e+03 4.779000000000000000e+03
5.035000000000000000e+03 4.699000000000000000e+03
5.038000000000000000e+03 4.786000000000000000e+03
4.436000000000000000e+03 4.007000000000000000e+03
4.497000000000000000e+03 3.996000000000000000e+03
4.524000000000000000e+03 4.145000000000000000e+03
4.393000000000000000e+03 3.944000000000000000e+03
4.447000000000000000e+03 3.902000000000000000e+03
4.503000000000000000e+03 3.857000000000000000e+03
4.462000000000000000e+03 3.885000000000000000e+03
6.895000000000000000e+03 4.809000000000000000e+03
6.982000000000000000e+03 4.849000000000000000e+03
6.827000000000000000e+03 4.755000000000000000e+03
6.772000000000000000e+03 4.825000000000000000e+03
7.006000000000000000e+03 4.815000000000000000e+03
7.022000000000000000e+03 4.841000000000000000e+03
7.009000000000000000e+03 4.748000000000000000e+03
7.020000000000000000e+03 4.738000000000000000e+03
5.970000000000000000e+03 7.176000000000000000e+03
6.174000000000000000e+03 6.399000000000000000e+03
5.991000000000000000e+03 7.070000000000000000e+03
6.148000000000000000e+03 7.461000000000000000e+03
6.437000000000000000e+03 7.455000000000000000e+03
6.491000000000000000e+03 7.471000000000000000e+03
6.321000000000000000e+03 7.196000000000000000e+03
6.357000000000000000e+03 6.223000000000000000e+03
2.783000000000000000e+03 7.162000000000000000e+03
2.874000000000000000e+03 7.111000000000000000e+03
2.942000000000000000e+03 7.223000000000000000e+03
2.756000000000000000e+03 7.213000000000000000e+03
3.342000000000000000e+03 7.338000000000000000e+03
3.873000000000000000e+03 7.320000000000000000e+03
2.867000000000000000e+03 7.073000000000000000e+03
2.964000000000000000e+03 7.182000000000000000e+03
4.144000000000000000e+03 6.743000000000000000e+03
3.037000000000000000e+03 6.869000000000000000e+03
2.924000000000000000e+03 7.052000000000000000e+03
5.393000000000000000e+03 6.781000000000000000e+03
5.323000000000000000e+03 7.365000000000000000e+03
5.515000000000000000e+03 6.979000000000000000e+03
5.120000000000000000e+03 6.626000000000000000e+03
3.954000000000000000e+03 7.412000000000000000e+03
3.909000000000000000e+03 6.796000000000000000e+03
3.863000000000000000e+03 7.444000000000000000e+03
3.889000000000000000e+03 7.357000000000000000e+03
4.654000000000000000e+03 6.705000000000000000e+03
4.621000000000000000e+03 6.953000000000000000e+03
4.365000000000000000e+03 7.460000000000000000e+03
4.058000000000000000e+03 7.448000000000000000e+03
5.359000000000000000e+03 7.410000000000000000e+03
5.850000000000000000e+03 7.453000000000000000e+03
5.759000000000000000e+03 7.444000000000000000e+03
4.776000000000000000e+03 7.400000000000000000e+03
5.967000000000000000e+03 7.406000000000000000e+03
5.389000000000000000e+03 7.389000000000000000e+03
5.793000000000000000e+03 7.409000000000000000e+03
5.291000000000000000e+03 7.372000000000000000e+03
3.665000000000000000e+03 7.425000000000000000e+03
3.611000000000000000e+03 7.371000000000000000e+03
3.736000000000000000e+03 7.393000000000000000e+03
3.751000000000000000e+03 7.422000000000000000e+03
4.070000000000000000e+03 7.410000000000000000e+03
3.312000000000000000e+03 7.350000000000000000e+03
3.446000000000000000e+03 7.370000000000000000e+03
3.212000000000000000e+03 7.365000000000000000e+03
4.939000000000000000e+03 6.648000000000000000e+03
4.443000000000000000e+03 3.727000000000000000e+03
4.537000000000000000e+03 3.850000000000000000e+03
5.439000000000000000e+03 5.867000000000000000e+03
6.420000000000000000e+03 6.892000000000000000e+03
6.158000000000000000e+03 6.240000000000000000e+03
6.793000000000000000e+03 7.363000000000000000e+03
6.570000000000000000e+03 7.333000000000000000e+03
5.378000000000000000e+03 7.342000000000000000e+03
5.146000000000000000e+03 5.332000000000000000e+03
6.493000000000000000e+03 7.342000000000000000e+03
6.872000000000000000e+03 7.351000000000000000e+03
6.827000000000000000e+03 7.337000000000000000e+03
6.129000000000000000e+03 5.679000000000000000e+03
6.892000000000000000e+03 7.252000000000000000e+03
4.389000000000000000e+03 3.518000000000000000e+03
4.415000000000000000e+03 3.544000000000000000e+03
4.477000000000000000e+03 3.331000000000000000e+03
4.475000000000000000e+03 3.440000000000000000e+03
4.537000000000000000e+03 3.879000000000000000e+03
4.455000000000000000e+03 3.908000000000000000e+03
4.433000000000000000e+03 3.678000000000000000e+03
4.386000000000000000e+03 3.643000000000000000e+03
4.405000000000000000e+03 3.417000000000000000e+03
4.372000000000000000e+03 3.307000000000000000e+03
4.274000000000000000e+03 3.335000000000000000e+03
4.307000000000000000e+03 3.246000000000000000e+03
4.283000000000000000e+03 3.410000000000000000e+03
4.238000000000000000e+03 3.377000000000000000e+03
4.281000000000000000e+03 3.506000000000000000e+03
4.291000000000000000e+03 3.647000000000000000e+03
6.139000000000000000e+03 7.046000000000000000e+03
5.598000000000000000e+03 6.951000000000000000e+03
6.130000000000000000e+03 6.544000000000000000e+03
6.480000000000000000e+03 7.122000000000000000e+03
6.094000000000000000e+03 6.742000000000000000e+03
5.820000000000000000e+03 6.896000000000000000e+03
5.288000000000000000e+03 7.284000000000000000e+03
5.480000000000000000e+03 7.247000000000000000e+03
6.553000000000000000e+03 6.800000000000000000e+03
6.381000000000000000e+03 7.367000000000000000e+03
6.637000000000000000e+03 7.423000000000000000e+03
6.104000000000000000e+03 5.737000000000000000e+03
4.700000000000000000e+03 7.389000000000000000e+03
4.810000000000000000e+03 7.356000000000000000e+03
5.174000000000000000e+03 6.139000000000000000e+03
5.013000000000000000e+03 7.327000000000000000e+03
4.517000000000000000e+03 7.373000000000000000e+03
4.448000000000000000e+03 7.373000000000000000e+03
4.328000000000000000e+03 7.374000000000000000e+03
4.600000000000000000e+03 7.220000000000000000e+03
4.375000000000000000e+03 7.451000000000000000e+03
4.577000000000000000e+03 7.434000000000000000e+03
4.566000000000000000e+03 7.389000000000000000e+03
4.155000000000000000e+03 7.333000000000000000e+03
6.485000000000000000e+03 6.456000000000000000e+03
5.242000000000000000e+03 7.421000000000000000e+03
5.776000000000000000e+03 6.865000000000000000e+03
6.315000000000000000e+03 6.682000000000000000e+03
5.913000000000000000e+03 6.890000000000000000e+03
5.581000000000000000e+03 7.028000000000000000e+03
5.393000000000000000e+03 7.469000000000000000e+03
5.363000000000000000e+03 7.467000000000000000e+03
2.422000000000000000e+03 4.728000000000000000e+03
2.472000000000000000e+03 4.730000000000000000e+03
2.199000000000000000e+03 4.701000000000000000e+03
2.383000000000000000e+03 4.478000000000000000e+03
2.092000000000000000e+03 4.694000000000000000e+03
2.033000000000000000e+03 4.827000000000000000e+03
2.035000000000000000e+03 4.752000000000000000e+03
1.744000000000000000e+03 4.731000000000000000e+03
1.924000000000000000e+03 4.727000000000000000e+03
1.767000000000000000e+03 4.823000000000000000e+03
1.742000000000000000e+03 4.831000000000000000e+03
2.222000000000000000e+03 4.687000000000000000e+03
1.941000000000000000e+03 4.673000000000000000e+03
2.076000000000000000e+03 4.841000000000000000e+03
2.099000000000000000e+03 4.781000000000000000e+03
1.996000000000000000e+03 5.081000000000000000e+03
2.160000000000000000e+03 5.103000000000000000e+03
2.052000000000000000e+03 5.124000000000000000e+03
2.037000000000000000e+03 5.045000000000000000e+03
2.637000000000000000e+03 4.906000000000000000e+03
2.248000000000000000e+03 4.993000000000000000e+03
2.218000000000000000e+03 5.169000000000000000e+03
2.251000000000000000e+03 5.088000000000000000e+03
2.041000000000000000e+03 5.172000000000000000e+03
2.189000000000000000e+03 5.366000000000000000e+03
2.090000000000000000e+03 5.350000000000000000e+03
2.425000000000000000e+03 5.026000000000000000e+03
1.900000000000000000e+03 5.354000000000000000e+03
2.019000000000000000e+03 5.359000000000000000e+03
1.960000000000000000e+03 5.168000000000000000e+03
1.946000000000000000e+03 5.270000000000000000e+03
2.905000000000000000e+03 5.045000000000000000e+03
2.550000000000000000e+03 5.212000000000000000e+03
2.596000000000000000e+03 5.124000000000000000e+03
2.267000000000000000e+03 5.343000000000000000e+03
2.358000000000000000e+03 5.271000000000000000e+03
2.385000000000000000e+03 5.299000000000000000e+03
2.344000000000000000e+03 5.450000000000000000e+03
2.544000000000000000e+03 5.329000000000000000e+03
2.596000000000000000e+03 5.269000000000000000e+03
2.510000000000000000e+03 5.508000000000000000e+03
2.535000000000000000e+03 5.435000000000000000e+03
2.703000000000000000e+03 5.053000000000000000e+03
2.602000000000000000e+03 5.227000000000000000e+03
2.738000000000000000e+03 5.020000000000000000e+03
2.892000000000000000e+03 4.890000000000000000e+03
2.402000000000000000e+03 5.040000000000000000e+03
3.180000000000000000e+03 4.109000000000000000e+03
2.466000000000000000e+03 5.186000000000000000e+03
2.524000000000000000e+03 5.101000000000000000e+03
2.655000000000000000e+03 4.981000000000000000e+03
2.553000000000000000e+03 4.981000000000000000e+03
3.373000000000000000e+03 3.934000000000000000e+03
2.449000000000000000e+03 4.954000000000000000e+03
2.465000000000000000e+03 4.674000000000000000e+03
2.535000000000000000e+03 4.714000000000000000e+03
2.468000000000000000e+03 4.719000000000000000e+03
2.536000000000000000e+03 4.715000000000000000e+03
2.378000000000000000e+03 4.736000000000000000e+03
2.448000000000000000e+03 4.660000000000000000e+03
2.372000000000000000e+03 4.803000000000000000e+03
2.609000000000000000e+03 4.769000000000000000e+03
4.388000000000000000e+03 2.747000000000000000e+03
4.359000000000000000e+03 2.752000000000000000e+03
4.435000000000000000e+03 2.812000000000000000e+03
4.213000000000000000e+03 2.661000000000000000e+03
4.277000000000000000e+03 2.751000000000000000e+03
4.127000000000000000e+03 2.631000000000000000e+03
4.107000000000000000e+03 2.597000000000000000e+03
2.860000000000000000e+03 2.580000000000000000e+03
2.892000000000000000e+03 2.500000000000000000e+03
2.935000000000000000e+03 2.632000000000000000e+03
2.691000000000000000e+03 2.690000000000000000e+03
2.839000000000000000e+03 2.332000000000000000e+03
3.221000000000000000e+03 2.363000000000000000e+03
2.973000000000000000e+03 2.408000000000000000e+03
3.053000000000000000e+03 2.253000000000000000e+03
3.120000000000000000e+03 2.255000000000000000e+03
3.282000000000000000e+03 2.329000000000000000e+03
3.058000000000000000e+03 2.435000000000000000e+03
3.068000000000000000e+03 2.378000000000000000e+03
3.365000000000000000e+03 2.527000000000000000e+03
3.261000000000000000e+03 2.622000000000000000e+03
2.921000000000000000e+03 2.520000000000000000e+03
3.116000000000000000e+03 2.521000000000000000e+03
3.524000000000000000e+03 2.440000000000000000e+03
3.442000000000000000e+03 2.465000000000000000e+03
3.399000000000000000e+03 2.453000000000000000e+03
3.440000000000000000e+03 2.576000000000000000e+03
3.727000000000000000e+03 2.673000000000000000e+03
3.873000000000000000e+03 2.742000000000000000e+03
3.539000000000000000e+03 2.665000000000000000e+03
3.507000000000000000e+03 2.500000000000000000e+03
3.825000000000000000e+03 2.685000000000000000e+03
4.005000000000000000e+03 2.688000000000000000e+03
4.008000000000000000e+03 2.592000000000000000e+03
3.849000000000000000e+03 2.603000000000000000e+03
4.328000000000000000e+03 2.799000000000000000e+03
4.325000000000000000e+03 2.945000000000000000e+03
4.241000000000000000e+03 2.918000000000000000e+03
4.366000000000000000e+03 3.037000000000000000e+03
3.238000000000000000e+03 2.490000000000000000e+03
3.403000000000000000e+03 2.435000000000000000e+03
3.208000000000000000e+03 2.512000000000000000e+03
3.106000000000000000e+03 2.651000000000000000e+03
3.033000000000000000e+03 2.599000000000000000e+03
3.170000000000000000e+03 2.492000000000000000e+03
4.306000000000000000e+03 3.058000000000000000e+03
4.321000000000000000e+03 3.115000000000000000e+03
3.678000000000000000e+03 2.785000000000000000e+03
3.605000000000000000e+03 3.433000000000000000e+03
6.220000000000000000e+03 4.701000000000000000e+03
6.792000000000000000e+03 4.695000000000000000e+03
4.570000000000000000e+03 3.413000000000000000e+03
5.008000000000000000e+03 3.567000000000000000e+03
6.983000000000000000e+03 4.394000000000000000e+03
7.067000000000000000e+03 4.581000000000000000e+03
4.478000000000000000e+03 3.731000000000000000e+03
4.544000000000000000e+03 3.538000000000000000e+03
4.485000000000000000e+03 3.189000000000000000e+03
4.535000000000000000e+03 2.971000000000000000e+03
4.541000000000000000e+03 2.989000000000000000e+03
4.520000000000000000e+03 2.752000000000000000e+03
4.541000000000000000e+03 3.128000000000000000e+03
4.493000000000000000e+03 3.012000000000000000e+03
2.413000000000000000e+03 6.390000000000000000e+03
2.737000000000000000e+03 6.542000000000000000e+03
2.788000000000000000e+03 6.362000000000000000e+03
2.859000000000000000e+03 6.322000000000000000e+03
2.705000000000000000e+03 6.470000000000000000e+03
2.983000000000000000e+03 6.330000000000000000e+03
2.962000000000000000e+03 6.290000000000000000e+03
2.008000000000000000e+03 6.303000000000000000e+03
1.327000000000000000e+03 6.743000000000000000e+03
1.973000000000000000e+03 7.067000000000000000e+03
1.916000000000000000e+03 6.698000000000000000e+03
2.222000000000000000e+03 7.142000000000000000e+03
2.083000000000000000e+03 7.278000000000000000e+03
2.066000000000000000e+03 7.238000000000000000e+03
2.418000000000000000e+03 7.145000000000000000e+03
1.732000000000000000e+03 5.287000000000000000e+03
1.855000000000000000e+03 4.867000000000000000e+03
1.714000000000000000e+03 5.178000000000000000e+03
1.723000000000000000e+03 5.149000000000000000e+03
1.933000000000000000e+03 5.054000000000000000e+03
2.279000000000000000e+03 3.949000000000000000e+03
1.864000000000000000e+03 5.253000000000000000e+03
1.704000000000000000e+03 5.339000000000000000e+03
1.309000000000000000e+03 4.910000000000000000e+03
1.422000000000000000e+03 4.552000000000000000e+03
1.126000000000000000e+03 4.977000000000000000e+03
1.174000000000000000e+03 4.929000000000000000e+03
1.428000000000000000e+03 4.870000000000000000e+03
2.035000000000000000e+03 3.206000000000000000e+03
1.553000000000000000e+03 4.345000000000000000e+03
1.755000000000000000e+03 4.151000000000000000e+03
2.353000000000000000e+03 5.003000000000000000e+03
2.793000000000000000e+03 4.732000000000000000e+03
1.586000000000000000e+03 4.789000000000000000e+03
2.956000000000000000e+03 4.840000000000000000e+03
2.884000000000000000e+03 5.022000000000000000e+03
3.023000000000000000e+03 4.895000000000000000e+03
2.762000000000000000e+03 5.072000000000000000e+03
2.917000000000000000e+03 5.394000000000000000e+03
2.885000000000000000e+03 5.448000000000000000e+03
2.830000000000000000e+03 5.356000000000000000e+03
2.856000000000000000e+03 5.388000000000000000e+03
2.859000000000000000e+03 5.044000000000000000e+03
2.820000000000000000e+03 5.296000000000000000e+03
2.831000000000000000e+03 5.214000000000000000e+03
2.821000000000000000e+03 5.160000000000000000e+03
1.935000000000000000e+03 4.938000000000000000e+03
1.971000000000000000e+03 4.969000000000000000e+03
2.118000000000000000e+03 4.942000000000000000e+03
1.948000000000000000e+03 4.951000000000000000e+03
1.761000000000000000e+03 4.962000000000000000e+03
1.832000000000000000e+03 4.951000000000000000e+03
1.767000000000000000e+03 5.034000000000000000e+03
1.680000000000000000e+03 5.027000000000000000e+03
8.720000000000000000e+02 4.938000000000000000e+03
9.000000000000000000e+02 5.010000000000000000e+03
9.960000000000000000e+02 4.935000000000000000e+03
9.200000000000000000e+02 4.966000000000000000e+03
1.096000000000000000e+03 4.819000000000000000e+03
1.075000000000000000e+03 4.883000000000000000e+03
2.775000000000000000e+03 4.714000000000000000e+03
3.271000000000000000e+03 4.605000000000000000e+03
2.564000000000000000e+03 4.709000000000000000e+03
3.079000000000000000e+03 4.654000000000000000e+03
3.161000000000000000e+03 4.670000000000000000e+03
3.141000000000000000e+03 4.844000000000000000e+03
3.330000000000000000e+03 4.824000000000000000e+03
1.795000000000000000e+03 4.777000000000000000e+03
9.850000000000000000e+02 4.698000000000000000e+03
1.726000000000000000e+03 4.627000000000000000e+03
1.628000000000000000e+03 4.673000000000000000e+03
1.569000000000000000e+03 4.619000000000000000e+03
1.420000000000000000e+03 4.710000000000000000e+03
1.365000000000000000e+03 4.746000000000000000e+03
1.378000000000000000e+03 4.666000000000000000e+03
1.211000000000000000e+03 4.742000000000000000e+03
1.292000000000000000e+03 4.688000000000000000e+03
3.883000000000000000e+03 4.679000000000000000e+03
3.984000000000000000e+03 4.679000000000000000e+03
3.082000000000000000e+03 4.750000000000000000e+03
2.852000000000000000e+03 4.636000000000000000e+03
4.152000000000000000e+03 4.775000000000000000e+03
4.193000000000000000e+03 4.792000000000000000e+03
4.041000000000000000e+03 4.721000000000000000e+03
4.005000000000000000e+03 4.824000000000000000e+03
4.390000000000000000e+03 4.721000000000000000e+03
4.336000000000000000e+03 4.681000000000000000e+03
4.286000000000000000e+03 4.767000000000000000e+03
4.341000000000000000e+03 4.746000000000000000e+03
4.451000000000000000e+03 4.563000000000000000e+03
4.587000000000000000e+03 4.563000000000000000e+03
4.332000000000000000e+03 4.731000000000000000e+03
4.421000000000000000e+03 4.522000000000000000e+03
9.490000000000000000e+02 4.759000000000000000e+03
1.010000000000000000e+03 4.652000000000000000e+03
7.780000000000000000e+02 4.711000000000000000e+03
9.000000000000000000e+02 4.745000000000000000e+03
2.683000000000000000e+03 4.760000000000000000e+03
3.988000000000000000e+03 4.934000000000000000e+03
3.255000000000000000e+03 4.338000000000000000e+03
3.846000000000000000e+03 3.683000000000000000e+03
2.984000000000000000e+03 3.985000000000000000e+03
2.627000000000000000e+03 3.990000000000000000e+03
2.904000000000000000e+03 4.319000000000000000e+03
3.624000000000000000e+03 3.814000000000000000e+03
3.550000000000000000e+03 3.944000000000000000e+03
3.064000000000000000e+03 2.760000000000000000e+03
3.292000000000000000e+03 3.673000000000000000e+03
1.939000000000000000e+03 4.430000000000000000e+03
7.410000000000000000e+02 4.762000000000000000e+03
7.790000000000000000e+02 4.853000000000000000e+03
4.042000000000000000e+03 4.329000000000000000e+03
2.088000000000000000e+03 4.575000000000000000e+03
4.308000000000000000e+03 4.286000000000000000e+03
4.243000000000000000e+03 4.416000000000000000e+03
3.961000000000000000e+03 4.303000000000000000e+03
4.330000000000000000e+03 4.293000000000000000e+03
4.360000000000000000e+03 4.774000000000000000e+03
4.817000000000000000e+03 4.671000000000000000e+03
3.263000000000000000e+03 4.705000000000000000e+03
3.126000000000000000e+03 4.750000000000000000e+03
4.224000000000000000e+03 3.997000000000000000e+03
4.233000000000000000e+03 3.736000000000000000e+03
4.235000000000000000e+03 4.146000000000000000e+03
4.257000000000000000e+03 4.132000000000000000e+03
2.560000000000000000e+02 3.500000000000000000e+02
2.956000000000000000e+03 4.880000000000000000e+03
2.560000000000000000e+02 2.770000000000000000e+03
4.584000000000000000e+03 7.700000000000000000e+02
2.560000000000000000e+02 5.510000000000000000e+03
-4.000000000000000000e+00 0.000000000000000000e+00
7.164000000000000000e+03 0.000000000000000000e+00
3.000000000000000000e+00 0.000000000000000000e+00
