5.632000000000000000e+03 5.570000000000000000e+02
5.443000000000000000e+03 5.730000000000000000e+02
5.218000000000000000e+03 1.027000000000000000e+03
5.415000000000000000e+03 9.820000000000000000e+02
5.436000000000000000e+03 9.570000000000000000e+02
5.312000000000000000e+03 9.720000000000000000e+02
5.408000000000000000e+03 9.580000000000000000e+02
5.835000000000000000e+03 2.540000000000000000e+02
5.833000000000000000e+03 3.210000000000000000e+02
5.773000000000000000e+03 4.450000000000000000e+02
5.849000000000000000e+03 4.160000000000000000e+02
5.817000000000000000e+03 2.100000000000000000e+02
5.539000000000000000e+03 6.270000000000000000e+02
5.781000000000000000e+03 1.770000000000000000e+02
5.784000000000000000e+03 2.090000000000000000e+02
5.527000000000000000e+03 7.840000000000000000e+02
5.520000000000000000e+03 7.530000000000000000e+02
5.223000000000000000e+03 7.920000000000000000e+02
5.263000000000000000e+03 7.340000000000000000e+02
5.731000000000000000e+03 6.320000000000000000e+02
5.593000000000000000e+03 6.650000000000000000e+02
5.699000000000000000e+03 5.740000000000000000e+02
5.658000000000000000e+03 5.650000000000000000e+02
5.488000000000000000e+03 5.660000000000000000e+02
5.356000000000000000e+03 5.770000000000000000e+02
5.559000000000000000e+03 5.450000000000000000e+02
5.471000000000000000e+03 5.150000000000000000e+02
5.210000000000000000e+03 6.970000000000000000e+02
5.242000000000000000e+03 7.300000000000000000e+02
5.336000000000000000e+03 6.210000000000000000e+02
5.256000000000000000e+03 6.260000000000000000e+02
5.930000000000000000e+03 2.030000000000000000e+02
6.033000000000000000e+03 2.040000000000000000e+02
6.011000000000000000e+03 1.970000000000000000e+02
5.264000000000000000e+03 4.000000000000000000e+02
5.294000000000000000e+03 4.000000000000000000e+02
5.239000000000000000e+03 5.300000000000000000e+02
5.177000000000000000e+03 5.310000000000000000e+02
5.665000000000000000e+03 3.410000000000000000e+02
5.509000000000000000e+03 3.480000000000000000e+02
5.607000000000000000e+03 3.280000000000000000e+02
5.420000000000000000e+03 4.880000000000000000e+02
5.142000000000000000e+03 5.560000000000000000e+02
5.239000000000000000e+03 3.040000000000000000e+02
5.342000000000000000e+03 3.170000000000000000e+02
5.412000000000000000e+03 3.340000000000000000e+02
5.643000000000000000e+03 7.420000000000000000e+02
5.985000000000000000e+03 2.970000000000000000e+02
5.996000000000000000e+03 4.400000000000000000e+02
6.085000000000000000e+03 3.330000000000000000e+02
6.092000000000000000e+03 5.310000000000000000e+02
5.967000000000000000e+03 4.410000000000000000e+02
6.038000000000000000e+03 5.300000000000000000e+02
6.053000000000000000e+03 4.880000000000000000e+02
5.954000000000000000e+03 6.100000000000000000e+02
5.944000000000000000e+03 5.650000000000000000e+02
5.855000000000000000e+03 6.180000000000000000e+02
5.878000000000000000e+03 5.720000000000000000e+02
6.106000000000000000e+03 6.170000000000000000e+02
6.121000000000000000e+03 7.660000000000000000e+02
6.063000000000000000e+03 7.620000000000000000e+02
6.025000000000000000e+03 6.620000000000000000e+02
6.128000000000000000e+03 6.500000000000000000e+02
6.607000000000000000e+03 5.580000000000000000e+02
6.541000000000000000e+03 5.240000000000000000e+02
6.252000000000000000e+03 5.620000000000000000e+02
6.195000000000000000e+03 6.460000000000000000e+02
6.215000000000000000e+03 6.010000000000000000e+02
6.103000000000000000e+03 7.090000000000000000e+02
6.602000000000000000e+03 3.160000000000000000e+02
6.644000000000000000e+03 3.120000000000000000e+02
6.700000000000000000e+03 4.940000000000000000e+02
6.622000000000000000e+03 4.050000000000000000e+02
6.537000000000000000e+03 2.040000000000000000e+02
6.539000000000000000e+03 2.020000000000000000e+02
6.599000000000000000e+03 2.220000000000000000e+02
6.657000000000000000e+03 3.430000000000000000e+02
6.314000000000000000e+03 6.960000000000000000e+02
6.228000000000000000e+03 7.260000000000000000e+02
6.224000000000000000e+03 8.730000000000000000e+02
6.299000000000000000e+03 8.000000000000000000e+02
6.229000000000000000e+03 8.930000000000000000e+02
6.246000000000000000e+03 9.550000000000000000e+02
5.863000000000000000e+03 1.112000000000000000e+03
6.150000000000000000e+03 8.680000000000000000e+02
6.192000000000000000e+03 2.270000000000000000e+02
6.277000000000000000e+03 1.850000000000000000e+02
6.066000000000000000e+03 2.650000000000000000e+02
6.152000000000000000e+03 1.490000000000000000e+02
6.277000000000000000e+03 3.580000000000000000e+02
6.236000000000000000e+03 2.950000000000000000e+02
6.199000000000000000e+03 4.410000000000000000e+02
6.214000000000000000e+03 4.220000000000000000e+02
6.311000000000000000e+03 8.960000000000000000e+02
6.353000000000000000e+03 6.240000000000000000e+02
6.537000000000000000e+03 9.100000000000000000e+02
6.582000000000000000e+03 9.230000000000000000e+02
6.362000000000000000e+03 7.750000000000000000e+02
6.408000000000000000e+03 8.840000000000000000e+02
6.412000000000000000e+03 8.230000000000000000e+02
6.439000000000000000e+03 8.540000000000000000e+02
6.522000000000000000e+03 7.480000000000000000e+02
6.559000000000000000e+03 7.640000000000000000e+02
6.586000000000000000e+03 7.410000000000000000e+02
6.663000000000000000e+03 6.790000000000000000e+02
6.582000000000000000e+03 6.580000000000000000e+02
6.623000000000000000e+03 5.770000000000000000e+02
6.446000000000000000e+03 6.250000000000000000e+02
6.485000000000000000e+03 6.320000000000000000e+02
6.318000000000000000e+03 9.800000000000000000e+02
6.297000000000000000e+03 7.170000000000000000e+02
6.188000000000000000e+03 5.100000000000000000e+02
6.379000000000000000e+03 4.950000000000000000e+02
6.526000000000000000e+03 9.830000000000000000e+02
6.058000000000000000e+03 7.440000000000000000e+02
6.118000000000000000e+03 6.900000000000000000e+02
6.430000000000000000e+03 1.019000000000000000e+03
6.273000000000000000e+03 8.380000000000000000e+02
6.436000000000000000e+03 2.970000000000000000e+02
6.445000000000000000e+03 1.850000000000000000e+02
6.370000000000000000e+03 2.430000000000000000e+02
6.367000000000000000e+03 4.230000000000000000e+02
6.461000000000000000e+03 4.790000000000000000e+02
6.353000000000000000e+03 4.390000000000000000e+02
6.450000000000000000e+03 3.310000000000000000e+02
3.727000000000000000e+03 2.230000000000000000e+03
3.503000000000000000e+03 2.298000000000000000e+03
3.534000000000000000e+03 2.356000000000000000e+03
3.655000000000000000e+03 2.067000000000000000e+03
3.571000000000000000e+03 2.188000000000000000e+03
3.458000000000000000e+03 2.212000000000000000e+03
3.679000000000000000e+03 2.125000000000000000e+03
3.986000000000000000e+03 2.298000000000000000e+03
3.962000000000000000e+03 2.372000000000000000e+03
3.928000000000000000e+03 2.354000000000000000e+03
3.961000000000000000e+03 2.273000000000000000e+03
3.780000000000000000e+03 2.340000000000000000e+03
3.859000000000000000e+03 2.255000000000000000e+03
3.800000000000000000e+03 2.435000000000000000e+03
3.819000000000000000e+03 2.412000000000000000e+03
4.221000000000000000e+03 1.594000000000000000e+03
4.280000000000000000e+03 1.543000000000000000e+03
4.432000000000000000e+03 1.592000000000000000e+03
4.403000000000000000e+03 1.641000000000000000e+03
4.198000000000000000e+03 1.556000000000000000e+03
4.243000000000000000e+03 1.568000000000000000e+03
4.425000000000000000e+03 1.700000000000000000e+03
4.434000000000000000e+03 1.624000000000000000e+03
4.192000000000000000e+03 2.144000000000000000e+03
4.193000000000000000e+03 2.150000000000000000e+03
4.239000000000000000e+03 2.261000000000000000e+03
4.179000000000000000e+03 2.152000000000000000e+03
4.062000000000000000e+03 2.292000000000000000e+03
4.020000000000000000e+03 2.164000000000000000e+03
4.111000000000000000e+03 2.292000000000000000e+03
4.110000000000000000e+03 2.154000000000000000e+03
4.748000000000000000e+03 1.252000000000000000e+03
3.987000000000000000e+03 2.183000000000000000e+03
3.736000000000000000e+03 2.305000000000000000e+03
5.028000000000000000e+03 6.820000000000000000e+02
4.995000000000000000e+03 8.550000000000000000e+02
5.863000000000000000e+03 9.460000000000000000e+02
5.285000000000000000e+03 8.870000000000000000e+02
5.550000000000000000e+03 4.070000000000000000e+02
5.523000000000000000e+03 4.430000000000000000e+02
5.155000000000000000e+03 7.880000000000000000e+02
5.416000000000000000e+03 4.020000000000000000e+02
5.054000000000000000e+03 6.180000000000000000e+02
5.114000000000000000e+03 5.730000000000000000e+02
5.219000000000000000e+03 5.020000000000000000e+02
5.251000000000000000e+03 5.070000000000000000e+02
4.558000000000000000e+03 6.270000000000000000e+02
4.799000000000000000e+03 5.300000000000000000e+02
4.814000000000000000e+03 4.330000000000000000e+02
4.812000000000000000e+03 5.000000000000000000e+02
4.829000000000000000e+03 3.800000000000000000e+02
4.856000000000000000e+03 2.990000000000000000e+02
5.106000000000000000e+03 2.580000000000000000e+02
5.033000000000000000e+03 2.800000000000000000e+02
5.981000000000000000e+03 9.690000000000000000e+02
6.054000000000000000e+03 9.720000000000000000e+02
5.915000000000000000e+03 1.014000000000000000e+03
5.933000000000000000e+03 9.510000000000000000e+02
5.935000000000000000e+03 7.970000000000000000e+02
5.959000000000000000e+03 8.020000000000000000e+02
6.049000000000000000e+03 9.370000000000000000e+02
6.030000000000000000e+03 9.110000000000000000e+02
3.965000000000000000e+03 1.798000000000000000e+03
3.091000000000000000e+03 2.212000000000000000e+03
3.857000000000000000e+03 1.872000000000000000e+03
3.182000000000000000e+03 2.070000000000000000e+03
2.932000000000000000e+03 2.183000000000000000e+03
3.034000000000000000e+03 2.227000000000000000e+03
3.644000000000000000e+03 2.103000000000000000e+03
4.706000000000000000e+03 4.140000000000000000e+02
4.720000000000000000e+03 4.140000000000000000e+02
4.887000000000000000e+03 3.680000000000000000e+02
5.000000000000000000e+03 3.750000000000000000e+02
3.395000000000000000e+03 1.855000000000000000e+03
3.341000000000000000e+03 1.995000000000000000e+03
2.714000000000000000e+03 2.273000000000000000e+03
2.751000000000000000e+03 2.233000000000000000e+03
2.434000000000000000e+03 1.997000000000000000e+03
1.809000000000000000e+03 1.984000000000000000e+03
2.429000000000000000e+03 1.784000000000000000e+03
3.230000000000000000e+03 1.861000000000000000e+03
2.520000000000000000e+03 2.204000000000000000e+03
3.760000000000000000e+03 8.490000000000000000e+02
3.236000000000000000e+03 1.558000000000000000e+03
2.236000000000000000e+03 2.165000000000000000e+03
1.921000000000000000e+03 2.157000000000000000e+03
2.549000000000000000e+03 2.161000000000000000e+03
2.569000000000000000e+03 2.110000000000000000e+03
2.649000000000000000e+03 1.937000000000000000e+03
3.662000000000000000e+03 1.892000000000000000e+03
4.119000000000000000e+03 7.040000000000000000e+02
3.719000000000000000e+03 1.662000000000000000e+03
4.447000000000000000e+03 1.303000000000000000e+03
5.328000000000000000e+03 7.790000000000000000e+02
5.338000000000000000e+03 7.490000000000000000e+02
4.994000000000000000e+03 8.860000000000000000e+02
5.091000000000000000e+03 8.910000000000000000e+02
5.241000000000000000e+03 7.760000000000000000e+02
5.399000000000000000e+03 6.720000000000000000e+02
5.446000000000000000e+03 6.600000000000000000e+02
5.533000000000000000e+03 6.260000000000000000e+02
5.649000000000000000e+03 7.540000000000000000e+02
5.659000000000000000e+03 8.240000000000000000e+02
5.495000000000000000e+03 8.920000000000000000e+02
5.491000000000000000e+03 8.740000000000000000e+02
5.425000000000000000e+03 8.380000000000000000e+02
5.231000000000000000e+03 9.470000000000000000e+02
5.117000000000000000e+03 9.250000000000000000e+02
5.186000000000000000e+03 9.100000000000000000e+02
5.516000000000000000e+03 9.500000000000000000e+02
5.596000000000000000e+03 1.002000000000000000e+03
5.691000000000000000e+03 9.620000000000000000e+02
5.684000000000000000e+03 1.002000000000000000e+03
5.727000000000000000e+03 1.016000000000000000e+03
5.784000000000000000e+03 9.160000000000000000e+02
5.805000000000000000e+03 8.430000000000000000e+02
5.784000000000000000e+03 7.510000000000000000e+02
5.131000000000000000e+03 5.130000000000000000e+02
5.104000000000000000e+03 4.030000000000000000e+02
5.000000000000000000e+03 5.170000000000000000e+02
4.952000000000000000e+03 5.300000000000000000e+02
4.864000000000000000e+03 6.310000000000000000e+02
4.810000000000000000e+03 7.410000000000000000e+02
4.959000000000000000e+03 7.270000000000000000e+02
4.905000000000000000e+03 8.100000000000000000e+02
5.391000000000000000e+03 2.040000000000000000e+02
5.608000000000000000e+03 2.350000000000000000e+02
6.199000000000000000e+03 5.210000000000000000e+02
5.207000000000000000e+03 2.010000000000000000e+02
5.307000000000000000e+03 2.400000000000000000e+02
5.174000000000000000e+03 1.560000000000000000e+02
5.390000000000000000e+03 2.240000000000000000e+02
6.233000000000000000e+03 5.650000000000000000e+02
6.601000000000000000e+03 6.460000000000000000e+02
6.434000000000000000e+03 4.790000000000000000e+02
5.994000000000000000e+03 4.080000000000000000e+02
5.553000000000000000e+03 2.910000000000000000e+02
5.419000000000000000e+03 2.880000000000000000e+02
6.198000000000000000e+03 3.880000000000000000e+02
6.784000000000000000e+03 6.900000000000000000e+02
4.731000000000000000e+03 2.770000000000000000e+02
4.787000000000000000e+03 2.810000000000000000e+02
4.549000000000000000e+03 3.590000000000000000e+02
4.466000000000000000e+03 1.680000000000000000e+02
4.591000000000000000e+03 2.160000000000000000e+02
4.594000000000000000e+03 3.020000000000000000e+02
4.550000000000000000e+03 2.170000000000000000e+02
4.478000000000000000e+03 3.260000000000000000e+02
4.555000000000000000e+03 2.610000000000000000e+02
4.613000000000000000e+03 3.100000000000000000e+02
4.462000000000000000e+03 3.920000000000000000e+02
4.615000000000000000e+03 2.080000000000000000e+02
4.639000000000000000e+03 2.180000000000000000e+02
4.626000000000000000e+03 3.010000000000000000e+02
4.608000000000000000e+03 1.860000000000000000e+02
4.647000000000000000e+03 2.230000000000000000e+02
5.317000000000000000e+03 1.426000000000000000e+03
7.105000000000000000e+03 9.460000000000000000e+02
6.746000000000000000e+03 8.710000000000000000e+02
5.747000000000000000e+03 3.260000000000000000e+02
6.378000000000000000e+03 5.260000000000000000e+02
5.343000000000000000e+03 1.240000000000000000e+02
5.781000000000000000e+03 2.850000000000000000e+02
7.073000000000000000e+03 3.174000000000000000e+03
7.236000000000000000e+03 4.553000000000000000e+03
7.027000000000000000e+03 1.222000000000000000e+03
7.059000000000000000e+03 2.417000000000000000e+03
7.100000000000000000e+03 8.750000000000000000e+02
6.980000000000000000e+03 9.970000000000000000e+02
6.152000000000000000e+03 1.077000000000000000e+03
6.037000000000000000e+03 3.016000000000000000e+03
7.066000000000000000e+03 9.210000000000000000e+02
7.108000000000000000e+03 8.450000000000000000e+02
6.563000000000000000e+03 7.950000000000000000e+02
5.920000000000000000e+03 8.660000000000000000e+02
6.938000000000000000e+03 1.016000000000000000e+03
7.119000000000000000e+03 1.025000000000000000e+03
6.651000000000000000e+03 7.270000000000000000e+02
6.438000000000000000e+03 7.620000000000000000e+02
7.064000000000000000e+03 1.139000000000000000e+03
6.888000000000000000e+03 1.139000000000000000e+03
7.081000000000000000e+03 1.235000000000000000e+03
7.033000000000000000e+03 1.077000000000000000e+03
6.749000000000000000e+03 1.231000000000000000e+03
6.957000000000000000e+03 1.220000000000000000e+03
6.941000000000000000e+03 1.159000000000000000e+03
7.050000000000000000e+03 9.880000000000000000e+02
3.161000000000000000e+03 2.970000000000000000e+03
4.096000000000000000e+03 1.714000000000000000e+03
3.670000000000000000e+03 2.152000000000000000e+03
1.475000000000000000e+03 4.970000000000000000e+03
1.804000000000000000e+03 4.804000000000000000e+03
4.102000000000000000e+03 2.771000000000000000e+03
1.439000000000000000e+03 5.024000000000000000e+03
4.396000000000000000e+03 1.806000000000000000e+03
4.552000000000000000e+03 1.536000000000000000e+03
4.271000000000000000e+03 1.808000000000000000e+03
4.133000000000000000e+03 1.731000000000000000e+03
4.384000000000000000e+03 1.840000000000000000e+03
4.382000000000000000e+03 1.883000000000000000e+03
4.499000000000000000e+03 1.789000000000000000e+03
4.441000000000000000e+03 1.764000000000000000e+03
1.148000000000000000e+03 5.135000000000000000e+03
1.130000000000000000e+03 5.162000000000000000e+03
1.186000000000000000e+03 5.045000000000000000e+03
1.259000000000000000e+03 5.098000000000000000e+03
3.777000000000000000e+03 3.684000000000000000e+03
2.978000000000000000e+03 4.660000000000000000e+03
1.306000000000000000e+03 5.045000000000000000e+03
1.366000000000000000e+03 5.041000000000000000e+03
1.499000000000000000e+03 5.049000000000000000e+03
1.636000000000000000e+03 5.195000000000000000e+03
1.712000000000000000e+03 5.194000000000000000e+03
1.695000000000000000e+03 5.213000000000000000e+03
1.789000000000000000e+03 4.989000000000000000e+03
1.832000000000000000e+03 4.909000000000000000e+03
1.822000000000000000e+03 5.046000000000000000e+03
1.791000000000000000e+03 5.151000000000000000e+03
1.968000000000000000e+03 5.141000000000000000e+03
1.845000000000000000e+03 5.111000000000000000e+03
3.491000000000000000e+03 3.818000000000000000e+03
1.956000000000000000e+03 4.834000000000000000e+03
3.635000000000000000e+03 3.573000000000000000e+03
1.998000000000000000e+03 5.075000000000000000e+03
1.899000000000000000e+03 5.011000000000000000e+03
1.904000000000000000e+03 5.035000000000000000e+03
1.254000000000000000e+03 5.271000000000000000e+03
1.189000000000000000e+03 5.219000000000000000e+03
1.349000000000000000e+03 5.244000000000000000e+03
3.037000000000000000e+03 4.412000000000000000e+03
1.521000000000000000e+03 5.130000000000000000e+03
1.575000000000000000e+03 5.055000000000000000e+03
1.377000000000000000e+03 5.209000000000000000e+03
1.439000000000000000e+03 5.210000000000000000e+03
1.146000000000000000e+03 3.277000000000000000e+03
1.016000000000000000e+03 4.764000000000000000e+03
3.442000000000000000e+03 3.278000000000000000e+03
2.263000000000000000e+03 3.951000000000000000e+03
3.094000000000000000e+03 3.303000000000000000e+03
3.909000000000000000e+03 2.020000000000000000e+03
2.205000000000000000e+03 4.764000000000000000e+03
3.275000000000000000e+03 3.705000000000000000e+03
1.676000000000000000e+03 4.749000000000000000e+03
1.452000000000000000e+03 4.859000000000000000e+03
2.383000000000000000e+03 4.738000000000000000e+03
2.069000000000000000e+03 4.272000000000000000e+03
3.309000000000000000e+03 4.297000000000000000e+03
2.989000000000000000e+03 4.010000000000000000e+03
3.155000000000000000e+03 3.608000000000000000e+03
2.642000000000000000e+03 4.323000000000000000e+03
4.386000000000000000e+03 1.617000000000000000e+03
4.457000000000000000e+03 1.780000000000000000e+03
4.493000000000000000e+03 1.603000000000000000e+03
4.395000000000000000e+03 1.624000000000000000e+03
4.302000000000000000e+03 1.698000000000000000e+03
4.416000000000000000e+03 1.573000000000000000e+03
4.632000000000000000e+03 1.281000000000000000e+03
4.419000000000000000e+03 1.452000000000000000e+03
4.586000000000000000e+03 1.009000000000000000e+03
4.512000000000000000e+03 1.217000000000000000e+03
4.442000000000000000e+03 1.454000000000000000e+03
4.626000000000000000e+03 7.070000000000000000e+02
4.658000000000000000e+03 6.450000000000000000e+02
4.579000000000000000e+03 1.020000000000000000e+03
4.603000000000000000e+03 8.180000000000000000e+02
4.299000000000000000e+03 1.645000000000000000e+03
4.642000000000000000e+03 1.084000000000000000e+03
4.666000000000000000e+03 1.547000000000000000e+03
4.695000000000000000e+03 1.016000000000000000e+03
4.530000000000000000e+03 1.399000000000000000e+03
4.679000000000000000e+03 9.130000000000000000e+02
4.748000000000000000e+03 8.840000000000000000e+02
4.742000000000000000e+03 7.390000000000000000e+02
4.731000000000000000e+03 1.241000000000000000e+03
4.724000000000000000e+03 1.155000000000000000e+03
4.715000000000000000e+03 1.288000000000000000e+03
4.694000000000000000e+03 1.465000000000000000e+03
4.816000000000000000e+03 1.069000000000000000e+03
4.787000000000000000e+03 9.400000000000000000e+02
4.831000000000000000e+03 8.180000000000000000e+02
4.873000000000000000e+03 9.050000000000000000e+02
4.456000000000000000e+03 9.580000000000000000e+02
4.259000000000000000e+03 1.520000000000000000e+03
4.420000000000000000e+03 1.079000000000000000e+03
3.955000000000000000e+03 1.638000000000000000e+03
4.438000000000000000e+03 8.550000000000000000e+02
4.477000000000000000e+03 9.320000000000000000e+02
4.496000000000000000e+03 7.960000000000000000e+02
4.555000000000000000e+03 1.356000000000000000e+03
4.569000000000000000e+03 1.070000000000000000e+03
4.594000000000000000e+03 1.317000000000000000e+03
4.472000000000000000e+03 1.422000000000000000e+03
4.399000000000000000e+03 1.717000000000000000e+03
4.399000000000000000e+03 1.176000000000000000e+03
4.417000000000000000e+03 1.275000000000000000e+03
4.428000000000000000e+03 1.605000000000000000e+03
4.400000000000000000e+03 7.430000000000000000e+02
4.419000000000000000e+03 6.440000000000000000e+02
4.315000000000000000e+03 7.690000000000000000e+02
4.322000000000000000e+03 8.750000000000000000e+02
4.227000000000000000e+03 1.014000000000000000e+03
4.267000000000000000e+03 8.790000000000000000e+02
4.250000000000000000e+03 1.159000000000000000e+03
4.263000000000000000e+03 1.079000000000000000e+03
4.550000000000000000e+03 1.417000000000000000e+03
4.526000000000000000e+03 9.570000000000000000e+02
4.529000000000000000e+03 6.810000000000000000e+02
4.504000000000000000e+03 6.910000000000000000e+02
4.597000000000000000e+03 5.170000000000000000e+02
4.554000000000000000e+03 4.350000000000000000e+02
4.559000000000000000e+03 8.280000000000000000e+02
4.526000000000000000e+03 5.410000000000000000e+02
4.484000000000000000e+03 1.013000000000000000e+03
4.249000000000000000e+03 1.246000000000000000e+03
4.157000000000000000e+03 1.044000000000000000e+03
3.871000000000000000e+03 2.050000000000000000e+02
3.969000000000000000e+03 2.210000000000000000e+02
4.066000000000000000e+03 4.910000000000000000e+02
4.087000000000000000e+03 6.690000000000000000e+02
4.221000000000000000e+03 6.870000000000000000e+02
4.182000000000000000e+03 7.020000000000000000e+02
4.262000000000000000e+03 4.580000000000000000e+02
4.251000000000000000e+03 5.350000000000000000e+02
4.139000000000000000e+03 8.540000000000000000e+02
4.155000000000000000e+03 8.040000000000000000e+02
4.132000000000000000e+03 9.930000000000000000e+02
4.120000000000000000e+03 9.060000000000000000e+02
3.968000000000000000e+03 1.420000000000000000e+02
3.899000000000000000e+03 1.330000000000000000e+02
4.173000000000000000e+03 1.350000000000000000e+02
4.161000000000000000e+03 1.320000000000000000e+02
3.727000000000000000e+03 1.570000000000000000e+02
3.841000000000000000e+03 1.850000000000000000e+02
4.310000000000000000e+03 9.870000000000000000e+02
3.962000000000000000e+03 1.920000000000000000e+02
4.326000000000000000e+03 4.090000000000000000e+02
4.428000000000000000e+03 4.460000000000000000e+02
4.459000000000000000e+03 3.630000000000000000e+02
4.353000000000000000e+03 3.250000000000000000e+02
4.385000000000000000e+03 5.120000000000000000e+02
4.342000000000000000e+03 5.460000000000000000e+02
4.347000000000000000e+03 6.460000000000000000e+02
4.322000000000000000e+03 7.390000000000000000e+02
4.188000000000000000e+03 6.560000000000000000e+02
4.169000000000000000e+03 5.250000000000000000e+02
4.152000000000000000e+03 4.300000000000000000e+02
4.186000000000000000e+03 3.750000000000000000e+02
4.142000000000000000e+03 2.970000000000000000e+02
4.294000000000000000e+03 2.710000000000000000e+02
4.256000000000000000e+03 2.260000000000000000e+02
4.173000000000000000e+03 1.980000000000000000e+02
4.284000000000000000e+03 1.566000000000000000e+03
4.326000000000000000e+03 1.778000000000000000e+03
4.281000000000000000e+03 1.351000000000000000e+03
4.251000000000000000e+03 1.402000000000000000e+03
4.393000000000000000e+03 2.996000000000000000e+03
4.395000000000000000e+03 1.350000000000000000e+03
4.366000000000000000e+03 1.422000000000000000e+03
4.309000000000000000e+03 1.455000000000000000e+03
4.338000000000000000e+03 2.022000000000000000e+03
4.426000000000000000e+03 1.938000000000000000e+03
4.124000000000000000e+03 1.385000000000000000e+03
4.091000000000000000e+03 1.491000000000000000e+03
4.200000000000000000e+03 1.341000000000000000e+03
4.165000000000000000e+03 1.444000000000000000e+03
4.118000000000000000e+03 1.386000000000000000e+03
4.155000000000000000e+03 1.248000000000000000e+03
4.265000000000000000e+03 1.979000000000000000e+03
4.248000000000000000e+03 1.941000000000000000e+03
4.161000000000000000e+03 1.934000000000000000e+03
4.110000000000000000e+03 1.865000000000000000e+03
4.509000000000000000e+03 1.947000000000000000e+03
4.466000000000000000e+03 1.952000000000000000e+03
4.410000000000000000e+03 2.022000000000000000e+03
4.332000000000000000e+03 1.976000000000000000e+03
3.509000000000000000e+03 6.613000000000000000e+03
4.815000000000000000e+03 5.427000000000000000e+03
4.768000000000000000e+03 5.369000000000000000e+03
4.265000000000000000e+03 6.015000000000000000e+03
3.631000000000000000e+03 6.230000000000000000e+03
1.795000000000000000e+03 7.448000000000000000e+03
2.223000000000000000e+03 7.101000000000000000e+03
4.551000000000000000e+03 5.597000000000000000e+03
4.366000000000000000e+03 5.864000000000000000e+03
4.336000000000000000e+03 5.986000000000000000e+03
4.551000000000000000e+03 5.777000000000000000e+03
4.350000000000000000e+03 5.687000000000000000e+03
4.649000000000000000e+03 5.507000000000000000e+03
4.583000000000000000e+03 5.543000000000000000e+03
4.460000000000000000e+03 5.713000000000000000e+03
4.005000000000000000e+03 7.462000000000000000e+03
3.857000000000000000e+03 7.454000000000000000e+03
3.759000000000000000e+03 7.440000000000000000e+03
3.781000000000000000e+03 7.308000000000000000e+03
3.520000000000000000e+03 7.361000000000000000e+03
3.549000000000000000e+03 7.416000000000000000e+03
2.704000000000000000e+03 7.406000000000000000e+03
3.222000000000000000e+03 7.363000000000000000e+03
1.867000000000000000e+03 7.448000000000000000e+03
2.072000000000000000e+03 7.443000000000000000e+03
2.084000000000000000e+03 7.249000000000000000e+03
1.931000000000000000e+03 7.438000000000000000e+03
1.960000000000000000e+03 7.445000000000000000e+03
2.864000000000000000e+03 7.239000000000000000e+03
2.778000000000000000e+03 7.365000000000000000e+03
2.849000000000000000e+03 7.278000000000000000e+03
3.091000000000000000e+03 7.383000000000000000e+03
3.700000000000000000e+03 6.131000000000000000e+03
3.878000000000000000e+03 5.763000000000000000e+03
3.250000000000000000e+03 7.461000000000000000e+03
3.211000000000000000e+03 7.374000000000000000e+03
3.105000000000000000e+03 7.440000000000000000e+03
3.218000000000000000e+03 7.415000000000000000e+03
2.810000000000000000e+03 7.446000000000000000e+03
2.529000000000000000e+03 7.448000000000000000e+03
2.719000000000000000e+03 7.446000000000000000e+03
3.165000000000000000e+03 6.709000000000000000e+03
2.680000000000000000e+03 7.339000000000000000e+03
2.726000000000000000e+03 7.462000000000000000e+03
2.850000000000000000e+03 7.461000000000000000e+03
2.854000000000000000e+03 7.462000000000000000e+03
2.877000000000000000e+03 7.041000000000000000e+03
2.895000000000000000e+03 7.065000000000000000e+03
3.680000000000000000e+03 5.416000000000000000e+03
3.692000000000000000e+03 5.667000000000000000e+03
3.919000000000000000e+03 7.379000000000000000e+03
3.719000000000000000e+03 6.605000000000000000e+03
3.856000000000000000e+03 6.242000000000000000e+03
4.086000000000000000e+03 6.878000000000000000e+03
3.263000000000000000e+03 7.281000000000000000e+03
3.589000000000000000e+03 7.322000000000000000e+03
3.788000000000000000e+03 7.373000000000000000e+03
3.609000000000000000e+03 7.360000000000000000e+03
2.919000000000000000e+03 7.356000000000000000e+03
2.790000000000000000e+03 7.271000000000000000e+03
2.901000000000000000e+03 7.280000000000000000e+03
3.320000000000000000e+03 7.352000000000000000e+03
5.170000000000000000e+03 5.550000000000000000e+03
4.616000000000000000e+03 5.305000000000000000e+03
4.901000000000000000e+03 5.372000000000000000e+03
5.640000000000000000e+03 5.453000000000000000e+03
5.566000000000000000e+03 5.583000000000000000e+03
5.059000000000000000e+03 5.523000000000000000e+03
5.046000000000000000e+03 5.531000000000000000e+03
4.681000000000000000e+03 5.651000000000000000e+03
4.659000000000000000e+03 5.760000000000000000e+03
4.792000000000000000e+03 5.540000000000000000e+03
4.739000000000000000e+03 5.560000000000000000e+03
4.868000000000000000e+03 5.636000000000000000e+03
4.961000000000000000e+03 5.573000000000000000e+03
4.830000000000000000e+03 5.525000000000000000e+03
4.848000000000000000e+03 5.551000000000000000e+03
5.661000000000000000e+03 5.174000000000000000e+03
5.741000000000000000e+03 5.329000000000000000e+03
5.746000000000000000e+03 5.167000000000000000e+03
5.664000000000000000e+03 5.142000000000000000e+03
5.719000000000000000e+03 5.555000000000000000e+03
5.497000000000000000e+03 5.615000000000000000e+03
5.778000000000000000e+03 5.402000000000000000e+03
5.814000000000000000e+03 5.422000000000000000e+03
5.829000000000000000e+03 5.095000000000000000e+03
5.822000000000000000e+03 5.148000000000000000e+03
5.796000000000000000e+03 4.891000000000000000e+03
5.696000000000000000e+03 4.999000000000000000e+03
5.788000000000000000e+03 5.379000000000000000e+03
5.759000000000000000e+03 5.294000000000000000e+03
5.880000000000000000e+03 5.182000000000000000e+03
5.853000000000000000e+03 5.090000000000000000e+03
5.571000000000000000e+03 5.296000000000000000e+03
5.499000000000000000e+03 5.222000000000000000e+03
5.433000000000000000e+03 5.183000000000000000e+03
5.509000000000000000e+03 4.904000000000000000e+03
5.321000000000000000e+03 5.604000000000000000e+03
5.483000000000000000e+03 5.655000000000000000e+03
5.584000000000000000e+03 5.508000000000000000e+03
5.547000000000000000e+03 5.247000000000000000e+03
4.892000000000000000e+03 5.211000000000000000e+03
4.875000000000000000e+03 5.203000000000000000e+03
5.027000000000000000e+03 5.091000000000000000e+03
4.907000000000000000e+03 4.954000000000000000e+03
4.882000000000000000e+03 5.301000000000000000e+03
4.959000000000000000e+03 5.296000000000000000e+03
4.990000000000000000e+03 5.314000000000000000e+03
5.044000000000000000e+03 5.147000000000000000e+03
5.196000000000000000e+03 5.332000000000000000e+03
5.120000000000000000e+03 5.362000000000000000e+03
5.150000000000000000e+03 5.479000000000000000e+03
5.149000000000000000e+03 5.489000000000000000e+03
5.251000000000000000e+03 5.225000000000000000e+03
5.307000000000000000e+03 5.277000000000000000e+03
5.314000000000000000e+03 5.320000000000000000e+03
5.328000000000000000e+03 5.191000000000000000e+03
5.306000000000000000e+03 5.492000000000000000e+03
4.989000000000000000e+03 5.425000000000000000e+03
5.292000000000000000e+03 5.578000000000000000e+03
5.351000000000000000e+03 5.568000000000000000e+03
5.461000000000000000e+03 5.421000000000000000e+03
5.390000000000000000e+03 5.500000000000000000e+03
5.426000000000000000e+03 5.271000000000000000e+03
5.447000000000000000e+03 5.384000000000000000e+03
4.984000000000000000e+03 4.991000000000000000e+03
4.850000000000000000e+03 4.916000000000000000e+03
4.767000000000000000e+03 5.060000000000000000e+03
5.217000000000000000e+03 5.139000000000000000e+03
5.092000000000000000e+03 4.945000000000000000e+03
5.218000000000000000e+03 4.989000000000000000e+03
5.261000000000000000e+03 5.041000000000000000e+03
6.074000000000000000e+03 5.326000000000000000e+03
6.104000000000000000e+03 5.248000000000000000e+03
6.015000000000000000e+03 5.368000000000000000e+03
5.980000000000000000e+03 5.335000000000000000e+03
6.076000000000000000e+03 5.192000000000000000e+03
6.126000000000000000e+03 5.174000000000000000e+03
5.993000000000000000e+03 5.092000000000000000e+03
6.009000000000000000e+03 5.134000000000000000e+03
5.887000000000000000e+03 7.196000000000000000e+03
5.933000000000000000e+03 6.609000000000000000e+03
6.003000000000000000e+03 7.141000000000000000e+03
6.148000000000000000e+03 7.446000000000000000e+03
6.433000000000000000e+03 7.462000000000000000e+03
6.490000000000000000e+03 7.469000000000000000e+03
6.330000000000000000e+03 7.236000000000000000e+03
6.052000000000000000e+03 6.454000000000000000e+03
4.220000000000000000e+03 7.414000000000000000e+03
4.248000000000000000e+03 7.391000000000000000e+03
4.369000000000000000e+03 7.394000000000000000e+03
4.309000000000000000e+03 7.452000000000000000e+03
4.409000000000000000e+03 7.278000000000000000e+03
4.499000000000000000e+03 7.276000000000000000e+03
4.254000000000000000e+03 7.290000000000000000e+03
4.316000000000000000e+03 7.265000000000000000e+03
4.614000000000000000e+03 6.975000000000000000e+03
4.119000000000000000e+03 7.256000000000000000e+03
4.102000000000000000e+03 7.384000000000000000e+03
5.326000000000000000e+03 6.878000000000000000e+03
4.657000000000000000e+03 7.197000000000000000e+03
5.060000000000000000e+03 6.995000000000000000e+03
4.995000000000000000e+03 6.720000000000000000e+03
4.541000000000000000e+03 7.397000000000000000e+03
4.613000000000000000e+03 6.906000000000000000e+03
4.505000000000000000e+03 7.457000000000000000e+03
4.477000000000000000e+03 7.358000000000000000e+03
5.076000000000000000e+03 6.831000000000000000e+03
4.691000000000000000e+03 6.914000000000000000e+03
4.626000000000000000e+03 7.314000000000000000e+03
4.607000000000000000e+03 7.362000000000000000e+03
5.874000000000000000e+03 7.406000000000000000e+03
5.852000000000000000e+03 7.453000000000000000e+03
5.762000000000000000e+03 7.447000000000000000e+03
5.706000000000000000e+03 7.386000000000000000e+03
5.982000000000000000e+03 7.401000000000000000e+03
5.591000000000000000e+03 7.285000000000000000e+03
5.796000000000000000e+03 7.414000000000000000e+03
5.733000000000000000e+03 7.363000000000000000e+03
4.282000000000000000e+03 7.133000000000000000e+03
4.298000000000000000e+03 7.050000000000000000e+03
4.345000000000000000e+03 7.150000000000000000e+03
4.331000000000000000e+03 7.159000000000000000e+03
4.569000000000000000e+03 6.761000000000000000e+03
4.313000000000000000e+03 6.755000000000000000e+03
4.285000000000000000e+03 6.954000000000000000e+03
4.259000000000000000e+03 6.884000000000000000e+03
4.974000000000000000e+03 6.640000000000000000e+03
4.515000000000000000e+03 4.879000000000000000e+03
4.577000000000000000e+03 4.994000000000000000e+03
4.619000000000000000e+03 5.747000000000000000e+03
4.586000000000000000e+03 6.002000000000000000e+03
4.602000000000000000e+03 5.756000000000000000e+03
4.557000000000000000e+03 6.341000000000000000e+03
4.618000000000000000e+03 6.939000000000000000e+03
4.582000000000000000e+03 7.007000000000000000e+03
4.583000000000000000e+03 5.846000000000000000e+03
4.577000000000000000e+03 6.877000000000000000e+03
4.555000000000000000e+03 6.573000000000000000e+03
4.551000000000000000e+03 6.637000000000000000e+03
4.663000000000000000e+03 5.842000000000000000e+03
4.583000000000000000e+03 6.400000000000000000e+03
4.637000000000000000e+03 4.727000000000000000e+03
4.674000000000000000e+03 4.739000000000000000e+03
4.653000000000000000e+03 4.471000000000000000e+03
4.662000000000000000e+03 4.645000000000000000e+03
4.584000000000000000e+03 4.743000000000000000e+03
4.488000000000000000e+03 4.730000000000000000e+03
4.531000000000000000e+03 4.793000000000000000e+03
4.585000000000000000e+03 4.788000000000000000e+03
4.627000000000000000e+03 4.519000000000000000e+03
4.634000000000000000e+03 4.470000000000000000e+03
4.530000000000000000e+03 4.430000000000000000e+03
4.588000000000000000e+03 4.362000000000000000e+03
4.489000000000000000e+03 4.502000000000000000e+03
4.465000000000000000e+03 4.458000000000000000e+03
4.485000000000000000e+03 4.618000000000000000e+03
4.450000000000000000e+03 4.746000000000000000e+03
4.649000000000000000e+03 6.514000000000000000e+03
5.597000000000000000e+03 6.991000000000000000e+03
4.509000000000000000e+03 6.023000000000000000e+03
4.488000000000000000e+03 6.380000000000000000e+03
6.099000000000000000e+03 6.778000000000000000e+03
5.802000000000000000e+03 6.895000000000000000e+03
5.262000000000000000e+03 7.282000000000000000e+03
5.481000000000000000e+03 7.251000000000000000e+03
5.421000000000000000e+03 6.320000000000000000e+03
4.502000000000000000e+03 6.568000000000000000e+03
4.456000000000000000e+03 6.415000000000000000e+03
4.513000000000000000e+03 5.662000000000000000e+03
4.385000000000000000e+03 6.987000000000000000e+03
4.371000000000000000e+03 6.796000000000000000e+03
4.386000000000000000e+03 5.983000000000000000e+03
4.374000000000000000e+03 6.657000000000000000e+03
4.512000000000000000e+03 7.109000000000000000e+03
4.464000000000000000e+03 7.062000000000000000e+03
4.473000000000000000e+03 6.903000000000000000e+03
4.520000000000000000e+03 6.949000000000000000e+03
4.496000000000000000e+03 6.674000000000000000e+03
4.558000000000000000e+03 6.716000000000000000e+03
4.480000000000000000e+03 6.739000000000000000e+03
4.445000000000000000e+03 6.822000000000000000e+03
6.479000000000000000e+03 6.472000000000000000e+03
5.182000000000000000e+03 7.436000000000000000e+03
5.776000000000000000e+03 6.877000000000000000e+03
6.296000000000000000e+03 6.751000000000000000e+03
5.908000000000000000e+03 6.912000000000000000e+03
5.557000000000000000e+03 7.040000000000000000e+03
5.359000000000000000e+03 7.459000000000000000e+03
5.355000000000000000e+03 7.471000000000000000e+03
3.481000000000000000e+03 5.003000000000000000e+03
3.590000000000000000e+03 5.027000000000000000e+03
3.200000000000000000e+03 5.004000000000000000e+03
3.585000000000000000e+03 4.825000000000000000e+03
3.084000000000000000e+03 5.018000000000000000e+03
2.888000000000000000e+03 5.009000000000000000e+03
2.981000000000000000e+03 5.005000000000000000e+03
2.692000000000000000e+03 5.027000000000000000e+03
2.915000000000000000e+03 4.975000000000000000e+03
2.671000000000000000e+03 5.024000000000000000e+03
2.624000000000000000e+03 5.011000000000000000e+03
3.257000000000000000e+03 5.152000000000000000e+03
2.934000000000000000e+03 5.096000000000000000e+03
3.381000000000000000e+03 5.128000000000000000e+03
3.208000000000000000e+03 5.142000000000000000e+03
2.759000000000000000e+03 5.220000000000000000e+03
2.930000000000000000e+03 5.241000000000000000e+03
2.770000000000000000e+03 5.253000000000000000e+03
2.768000000000000000e+03 5.172000000000000000e+03
3.156000000000000000e+03 5.175000000000000000e+03
3.038000000000000000e+03 5.273000000000000000e+03
2.924000000000000000e+03 5.378000000000000000e+03
3.002000000000000000e+03 5.379000000000000000e+03
2.712000000000000000e+03 5.232000000000000000e+03
3.393000000000000000e+03 5.233000000000000000e+03
2.757000000000000000e+03 5.395000000000000000e+03
4.460000000000000000e+03 4.725000000000000000e+03
2.514000000000000000e+03 5.338000000000000000e+03
2.664000000000000000e+03 5.381000000000000000e+03
2.488000000000000000e+03 5.163000000000000000e+03
2.463000000000000000e+03 5.238000000000000000e+03
4.061000000000000000e+03 5.204000000000000000e+03
3.521000000000000000e+03 5.209000000000000000e+03
3.553000000000000000e+03 5.161000000000000000e+03
3.185000000000000000e+03 5.371000000000000000e+03
3.168000000000000000e+03 5.282000000000000000e+03
3.253000000000000000e+03 5.295000000000000000e+03
3.192000000000000000e+03 5.436000000000000000e+03
3.525000000000000000e+03 5.358000000000000000e+03
3.845000000000000000e+03 5.167000000000000000e+03
3.471000000000000000e+03 5.374000000000000000e+03
3.388000000000000000e+03 5.387000000000000000e+03
4.132000000000000000e+03 4.957000000000000000e+03
3.653000000000000000e+03 5.318000000000000000e+03
3.986000000000000000e+03 5.095000000000000000e+03
4.427000000000000000e+03 4.823000000000000000e+03
3.711000000000000000e+03 5.185000000000000000e+03
4.069000000000000000e+03 5.156000000000000000e+03
3.623000000000000000e+03 5.291000000000000000e+03
3.659000000000000000e+03 5.192000000000000000e+03
3.800000000000000000e+03 5.079000000000000000e+03
3.792000000000000000e+03 5.091000000000000000e+03
4.082000000000000000e+03 4.996000000000000000e+03
3.830000000000000000e+03 5.164000000000000000e+03
3.453000000000000000e+03 5.086000000000000000e+03
3.548000000000000000e+03 5.088000000000000000e+03
3.459000000000000000e+03 4.960000000000000000e+03
3.563000000000000000e+03 4.913000000000000000e+03
3.383000000000000000e+03 4.998000000000000000e+03
3.395000000000000000e+03 4.991000000000000000e+03
3.452000000000000000e+03 4.956000000000000000e+03
3.635000000000000000e+03 4.902000000000000000e+03
4.521000000000000000e+03 2.505000000000000000e+03
4.647000000000000000e+03 2.382000000000000000e+03
4.550000000000000000e+03 2.386000000000000000e+03
4.651000000000000000e+03 2.200000000000000000e+03
4.673000000000000000e+03 2.244000000000000000e+03
4.570000000000000000e+03 2.142000000000000000e+03
4.535000000000000000e+03 2.175000000000000000e+03
4.389000000000000000e+03 2.516000000000000000e+03
4.383000000000000000e+03 2.435000000000000000e+03
4.453000000000000000e+03 2.602000000000000000e+03
4.408000000000000000e+03 2.659000000000000000e+03
4.372000000000000000e+03 2.220000000000000000e+03
4.476000000000000000e+03 2.221000000000000000e+03
4.411000000000000000e+03 2.288000000000000000e+03
4.399000000000000000e+03 2.228000000000000000e+03
4.521000000000000000e+03 3.105000000000000000e+03
4.555000000000000000e+03 3.042000000000000000e+03
4.545000000000000000e+03 3.373000000000000000e+03
4.537000000000000000e+03 3.285000000000000000e+03
4.436000000000000000e+03 3.505000000000000000e+03
4.448000000000000000e+03 3.593000000000000000e+03
4.417000000000000000e+03 3.514000000000000000e+03
4.496000000000000000e+03 3.484000000000000000e+03
4.483000000000000000e+03 2.851000000000000000e+03
4.418000000000000000e+03 2.870000000000000000e+03
4.409000000000000000e+03 2.990000000000000000e+03
4.466000000000000000e+03 3.009000000000000000e+03
4.460000000000000000e+03 3.291000000000000000e+03
4.408000000000000000e+03 3.339000000000000000e+03
4.418000000000000000e+03 3.166000000000000000e+03
4.409000000000000000e+03 2.924000000000000000e+03
4.683000000000000000e+03 2.678000000000000000e+03
4.675000000000000000e+03 2.726000000000000000e+03
4.628000000000000000e+03 2.429000000000000000e+03
4.692000000000000000e+03 2.517000000000000000e+03
4.554000000000000000e+03 2.535000000000000000e+03
4.510000000000000000e+03 2.652000000000000000e+03
4.639000000000000000e+03 2.887000000000000000e+03
4.514000000000000000e+03 2.743000000000000000e+03
4.673000000000000000e+03 3.228000000000000000e+03
4.704000000000000000e+03 3.043000000000000000e+03
4.677000000000000000e+03 3.285000000000000000e+03
4.662000000000000000e+03 3.447000000000000000e+03
4.681000000000000000e+03 3.537000000000000000e+03
4.653000000000000000e+03 3.411000000000000000e+03
4.525000000000000000e+03 2.761000000000000000e+03
4.592000000000000000e+03 2.849000000000000000e+03
4.640000000000000000e+03 3.550000000000000000e+03
4.616000000000000000e+03 4.053000000000000000e+03
4.732000000000000000e+03 4.949000000000000000e+03
5.151000000000000000e+03 5.017000000000000000e+03
4.702000000000000000e+03 3.803000000000000000e+03
5.105000000000000000e+03 3.936000000000000000e+03
5.583000000000000000e+03 4.937000000000000000e+03
5.487000000000000000e+03 5.052000000000000000e+03
4.677000000000000000e+03 4.083000000000000000e+03
4.695000000000000000e+03 3.963000000000000000e+03
4.474000000000000000e+03 3.740000000000000000e+03
4.679000000000000000e+03 3.491000000000000000e+03
4.646000000000000000e+03 3.525000000000000000e+03
4.614000000000000000e+03 2.983000000000000000e+03
4.612000000000000000e+03 3.870000000000000000e+03
4.556000000000000000e+03 3.800000000000000000e+03
4.777000000000000000e+03 6.181000000000000000e+03
4.630000000000000000e+03 6.142000000000000000e+03
4.577000000000000000e+03 6.046000000000000000e+03
4.491000000000000000e+03 6.071000000000000000e+03
4.535000000000000000e+03 5.956000000000000000e+03
4.444000000000000000e+03 6.208000000000000000e+03
4.470000000000000000e+03 6.205000000000000000e+03
5.341000000000000000e+03 6.219000000000000000e+03
5.083000000000000000e+03 6.795000000000000000e+03
5.163000000000000000e+03 7.234000000000000000e+03
5.247000000000000000e+03 6.670000000000000000e+03
4.888000000000000000e+03 7.219000000000000000e+03
4.974000000000000000e+03 7.360000000000000000e+03
4.852000000000000000e+03 7.249000000000000000e+03
4.633000000000000000e+03 6.679000000000000000e+03
2.358000000000000000e+03 5.319000000000000000e+03
2.921000000000000000e+03 5.194000000000000000e+03
2.309000000000000000e+03 5.244000000000000000e+03
2.220000000000000000e+03 5.205000000000000000e+03
3.024000000000000000e+03 5.216000000000000000e+03
4.098000000000000000e+03 4.800000000000000000e+03
2.600000000000000000e+03 5.305000000000000000e+03
2.362000000000000000e+03 5.357000000000000000e+03
9.480000000000000000e+02 5.069000000000000000e+03
1.185000000000000000e+03 4.979000000000000000e+03
8.220000000000000000e+02 5.089000000000000000e+03
8.600000000000000000e+02 5.098000000000000000e+03
1.051000000000000000e+03 5.045000000000000000e+03
3.388000000000000000e+03 4.572000000000000000e+03
1.824000000000000000e+03 4.879000000000000000e+03
2.126000000000000000e+03 4.815000000000000000e+03
3.191000000000000000e+03 5.528000000000000000e+03
3.746000000000000000e+03 4.973000000000000000e+03
1.578000000000000000e+03 5.349000000000000000e+03
3.505000000000000000e+03 5.355000000000000000e+03
4.250000000000000000e+03 5.723000000000000000e+03
3.591000000000000000e+03 5.310000000000000000e+03
4.217000000000000000e+03 5.680000000000000000e+03
4.392000000000000000e+03 5.971000000000000000e+03
4.388000000000000000e+03 5.988000000000000000e+03
4.462000000000000000e+03 5.926000000000000000e+03
4.491000000000000000e+03 5.953000000000000000e+03
3.660000000000000000e+03 5.312000000000000000e+03
4.409000000000000000e+03 5.826000000000000000e+03
4.518000000000000000e+03 5.816000000000000000e+03
4.453000000000000000e+03 5.746000000000000000e+03
2.529000000000000000e+03 4.989000000000000000e+03
2.506000000000000000e+03 5.008000000000000000e+03
2.666000000000000000e+03 5.079000000000000000e+03
2.422000000000000000e+03 5.074000000000000000e+03
2.352000000000000000e+03 5.038000000000000000e+03
2.435000000000000000e+03 5.007000000000000000e+03
2.343000000000000000e+03 5.091000000000000000e+03
2.276000000000000000e+03 5.107000000000000000e+03
6.950000000000000000e+02 5.205000000000000000e+03
6.930000000000000000e+02 5.143000000000000000e+03
8.010000000000000000e+02 5.235000000000000000e+03
7.210000000000000000e+02 5.123000000000000000e+03
9.500000000000000000e+02 5.251000000000000000e+03
8.700000000000000000e+02 5.235000000000000000e+03
3.652000000000000000e+03 5.014000000000000000e+03
4.052000000000000000e+03 5.031000000000000000e+03
3.489000000000000000e+03 5.476000000000000000e+03
3.700000000000000000e+03 5.035000000000000000e+03
4.019000000000000000e+03 4.975000000000000000e+03
4.494000000000000000e+03 4.813000000000000000e+03
4.415000000000000000e+03 4.914000000000000000e+03
2.625000000000000000e+03 4.858000000000000000e+03
8.760000000000000000e+02 5.601000000000000000e+03
1.594000000000000000e+03 5.188000000000000000e+03
1.528000000000000000e+03 5.342000000000000000e+03
1.391000000000000000e+03 5.298000000000000000e+03
1.229000000000000000e+03 5.373000000000000000e+03
1.122000000000000000e+03 5.389000000000000000e+03
1.195000000000000000e+03 5.356000000000000000e+03
1.126000000000000000e+03 5.300000000000000000e+03
1.194000000000000000e+03 5.412000000000000000e+03
4.223000000000000000e+03 5.161000000000000000e+03
4.212000000000000000e+03 5.239000000000000000e+03
4.504000000000000000e+03 4.874000000000000000e+03
4.593000000000000000e+03 4.797000000000000000e+03
4.254000000000000000e+03 5.492000000000000000e+03
4.234000000000000000e+03 5.604000000000000000e+03
4.239000000000000000e+03 5.314000000000000000e+03
4.155000000000000000e+03 5.430000000000000000e+03
4.382000000000000000e+03 5.533000000000000000e+03
4.471000000000000000e+03 5.378000000000000000e+03
4.386000000000000000e+03 5.568000000000000000e+03
4.353000000000000000e+03 5.610000000000000000e+03
4.383000000000000000e+03 5.390000000000000000e+03
4.434000000000000000e+03 5.241000000000000000e+03
4.471000000000000000e+03 5.246000000000000000e+03
4.400000000000000000e+03 5.258000000000000000e+03
9.450000000000000000e+02 7.217000000000000000e+03
1.090000000000000000e+03 7.212000000000000000e+03
7.120000000000000000e+02 7.382000000000000000e+03
8.690000000000000000e+02 7.319000000000000000e+03
2.687000000000000000e+03 7.062000000000000000e+03
4.151000000000000000e+03 6.575000000000000000e+03
3.752000000000000000e+03 5.505000000000000000e+03
4.192000000000000000e+03 5.664000000000000000e+03
3.039000000000000000e+03 6.481000000000000000e+03
2.657000000000000000e+03 6.527000000000000000e+03
3.034000000000000000e+03 6.579000000000000000e+03
3.719000000000000000e+03 6.227000000000000000e+03
4.132000000000000000e+03 6.331000000000000000e+03
3.261000000000000000e+03 5.456000000000000000e+03
3.432000000000000000e+03 5.983000000000000000e+03
1.964000000000000000e+03 6.406000000000000000e+03
7.380000000000000000e+02 5.397000000000000000e+03
7.730000000000000000e+02 5.487000000000000000e+03
4.030000000000000000e+03 6.527000000000000000e+03
2.066000000000000000e+03 5.884000000000000000e+03
4.285000000000000000e+03 6.042000000000000000e+03
4.215000000000000000e+03 5.599000000000000000e+03
4.022000000000000000e+03 6.322000000000000000e+03
4.325000000000000000e+03 6.151000000000000000e+03
4.318000000000000000e+03 5.336000000000000000e+03
4.126000000000000000e+03 5.149000000000000000e+03
4.334000000000000000e+03 6.422000000000000000e+03
4.253000000000000000e+03 5.871000000000000000e+03
4.235000000000000000e+03 6.267000000000000000e+03
4.238000000000000000e+03 5.965000000000000000e+03
4.167000000000000000e+03 5.487000000000000000e+03
4.260000000000000000e+03 6.358000000000000000e+03
2.560000000000000000e+02 2.200000000000000000e+02
4.860000000000000000e+02 2.500000000000000000e+03
2.640000000000000000e+02 5.470000000000000000e+03
4.746000000000000000e+03 1.090000000000000000e+03
4.659000000000000000e+03 5.650000000000000000e+03
-4.000000000000000000e+00 0.000000000000000000e+00
7.164000000000000000e+03 0.000000000000000000e+00
3.000000000000000000e+00 0.000000000000000000e+00
