5.982000000000000000e+03 6.290000000000000000e+02
5.888000000000000000e+03 6.740000000000000000e+02
5.828000000000000000e+03 1.187000000000000000e+03
6.050000000000000000e+03 7.280000000000000000e+02
6.040000000000000000e+03 8.490000000000000000e+02
5.895000000000000000e+03 1.031000000000000000e+03
5.993000000000000000e+03 9.410000000000000000e+02
6.078000000000000000e+03 2.820000000000000000e+02
6.098000000000000000e+03 3.520000000000000000e+02
6.073000000000000000e+03 4.910000000000000000e+02
6.114000000000000000e+03 4.570000000000000000e+02
6.087000000000000000e+03 2.790000000000000000e+02
5.806000000000000000e+03 5.380000000000000000e+02
6.064000000000000000e+03 1.890000000000000000e+02
6.004000000000000000e+03 2.160000000000000000e+02
6.100000000000000000e+03 8.170000000000000000e+02
6.055000000000000000e+03 7.800000000000000000e+02
5.797000000000000000e+03 1.081000000000000000e+03
5.784000000000000000e+03 9.980000000000000000e+02
6.020000000000000000e+03 7.110000000000000000e+02
6.104000000000000000e+03 6.920000000000000000e+02
5.994000000000000000e+03 6.520000000000000000e+02
6.003000000000000000e+03 6.610000000000000000e+02
5.816000000000000000e+03 6.930000000000000000e+02
5.793000000000000000e+03 7.390000000000000000e+02
5.881000000000000000e+03 7.430000000000000000e+02
5.858000000000000000e+03 6.420000000000000000e+02
5.719000000000000000e+03 8.960000000000000000e+02
5.741000000000000000e+03 9.790000000000000000e+02
5.766000000000000000e+03 7.690000000000000000e+02
5.734000000000000000e+03 7.430000000000000000e+02
6.135000000000000000e+03 2.520000000000000000e+02
6.239000000000000000e+03 1.940000000000000000e+02
6.195000000000000000e+03 2.620000000000000000e+02
5.912000000000000000e+03 5.250000000000000000e+02
5.925000000000000000e+03 5.040000000000000000e+02
5.837000000000000000e+03 7.140000000000000000e+02
5.795000000000000000e+03 6.840000000000000000e+02
5.943000000000000000e+03 2.090000000000000000e+02
5.891000000000000000e+03 2.380000000000000000e+02
5.855000000000000000e+03 1.890000000000000000e+02
5.671000000000000000e+03 5.060000000000000000e+02
5.700000000000000000e+03 6.560000000000000000e+02
5.884000000000000000e+03 4.480000000000000000e+02
5.861000000000000000e+03 3.550000000000000000e+02
5.914000000000000000e+03 3.490000000000000000e+02
5.931000000000000000e+03 1.032000000000000000e+03
6.254000000000000000e+03 3.650000000000000000e+02
6.290000000000000000e+03 6.080000000000000000e+02
6.288000000000000000e+03 4.120000000000000000e+02
6.291000000000000000e+03 6.990000000000000000e+02
6.189000000000000000e+03 5.240000000000000000e+02
6.211000000000000000e+03 6.720000000000000000e+02
6.204000000000000000e+03 6.150000000000000000e+02
6.239000000000000000e+03 9.690000000000000000e+02
6.260000000000000000e+03 9.440000000000000000e+02
6.135000000000000000e+03 9.090000000000000000e+02
6.168000000000000000e+03 8.990000000000000000e+02
6.307000000000000000e+03 8.860000000000000000e+02
6.411000000000000000e+03 1.093000000000000000e+03
6.389000000000000000e+03 1.126000000000000000e+03
6.318000000000000000e+03 1.040000000000000000e+03
6.303000000000000000e+03 7.570000000000000000e+02
6.677000000000000000e+03 5.910000000000000000e+02
6.598000000000000000e+03 5.650000000000000000e+02
6.274000000000000000e+03 6.990000000000000000e+02
6.299000000000000000e+03 8.020000000000000000e+02
6.279000000000000000e+03 7.480000000000000000e+02
6.235000000000000000e+03 8.240000000000000000e+02
6.713000000000000000e+03 3.830000000000000000e+02
6.751000000000000000e+03 3.730000000000000000e+02
6.771000000000000000e+03 5.510000000000000000e+02
6.724000000000000000e+03 5.040000000000000000e+02
6.661000000000000000e+03 2.250000000000000000e+02
6.624000000000000000e+03 2.400000000000000000e+02
6.736000000000000000e+03 2.210000000000000000e+02
6.780000000000000000e+03 4.290000000000000000e+02
6.376000000000000000e+03 7.290000000000000000e+02
6.363000000000000000e+03 6.200000000000000000e+02
6.477000000000000000e+03 7.040000000000000000e+02
6.431000000000000000e+03 7.520000000000000000e+02
6.484000000000000000e+03 8.150000000000000000e+02
6.459000000000000000e+03 8.880000000000000000e+02
6.127000000000000000e+03 1.040000000000000000e+03
6.446000000000000000e+03 8.910000000000000000e+02
6.377000000000000000e+03 2.420000000000000000e+02
6.443000000000000000e+03 1.940000000000000000e+02
6.260000000000000000e+03 2.810000000000000000e+02
6.312000000000000000e+03 1.620000000000000000e+02
6.457000000000000000e+03 4.050000000000000000e+02
6.403000000000000000e+03 3.400000000000000000e+02
6.382000000000000000e+03 5.040000000000000000e+02
6.396000000000000000e+03 4.600000000000000000e+02
6.364000000000000000e+03 1.140000000000000000e+03
6.529000000000000000e+03 8.460000000000000000e+02
6.712000000000000000e+03 1.144000000000000000e+03
6.670000000000000000e+03 1.138000000000000000e+03
6.517000000000000000e+03 9.920000000000000000e+02
6.675000000000000000e+03 1.022000000000000000e+03
6.586000000000000000e+03 9.990000000000000000e+02
6.642000000000000000e+03 1.022000000000000000e+03
6.582000000000000000e+03 7.460000000000000000e+02
6.619000000000000000e+03 7.350000000000000000e+02
6.653000000000000000e+03 7.510000000000000000e+02
6.742000000000000000e+03 7.550000000000000000e+02
6.743000000000000000e+03 8.600000000000000000e+02
6.807000000000000000e+03 7.900000000000000000e+02
6.639000000000000000e+03 8.670000000000000000e+02
6.715000000000000000e+03 9.410000000000000000e+02
6.469000000000000000e+03 1.150000000000000000e+03
6.465000000000000000e+03 8.560000000000000000e+02
6.378000000000000000e+03 5.970000000000000000e+02
6.541000000000000000e+03 5.440000000000000000e+02
6.584000000000000000e+03 1.162000000000000000e+03
6.317000000000000000e+03 8.750000000000000000e+02
6.321000000000000000e+03 8.020000000000000000e+02
6.527000000000000000e+03 1.211000000000000000e+03
6.459000000000000000e+03 1.006000000000000000e+03
6.612000000000000000e+03 2.780000000000000000e+02
6.549000000000000000e+03 2.180000000000000000e+02
6.524000000000000000e+03 2.620000000000000000e+02
6.538000000000000000e+03 4.560000000000000000e+02
6.623000000000000000e+03 5.100000000000000000e+02
6.523000000000000000e+03 4.570000000000000000e+02
6.620000000000000000e+03 3.640000000000000000e+02
2.743000000000000000e+03 2.173000000000000000e+03
2.489000000000000000e+03 2.213000000000000000e+03
2.486000000000000000e+03 2.270000000000000000e+03
2.738000000000000000e+03 1.994000000000000000e+03
2.639000000000000000e+03 2.125000000000000000e+03
2.481000000000000000e+03 2.146000000000000000e+03
2.779000000000000000e+03 2.065000000000000000e+03
3.248000000000000000e+03 2.047000000000000000e+03
3.147000000000000000e+03 2.080000000000000000e+03
3.119000000000000000e+03 2.090000000000000000e+03
3.159000000000000000e+03 2.034000000000000000e+03
3.333000000000000000e+03 2.188000000000000000e+03
3.340000000000000000e+03 2.088000000000000000e+03
3.344000000000000000e+03 2.235000000000000000e+03
3.156000000000000000e+03 2.223000000000000000e+03
3.394000000000000000e+03 2.161000000000000000e+03
3.443000000000000000e+03 2.076000000000000000e+03
3.590000000000000000e+03 2.284000000000000000e+03
3.537000000000000000e+03 2.261000000000000000e+03
3.881000000000000000e+03 2.039000000000000000e+03
4.092000000000000000e+03 1.991000000000000000e+03
3.802000000000000000e+03 2.255000000000000000e+03
4.037000000000000000e+03 1.991000000000000000e+03
3.540000000000000000e+03 2.208000000000000000e+03
3.654000000000000000e+03 2.227000000000000000e+03
3.688000000000000000e+03 2.169000000000000000e+03
3.672000000000000000e+03 1.967000000000000000e+03
3.741000000000000000e+03 2.097000000000000000e+03
3.740000000000000000e+03 2.068000000000000000e+03
3.601000000000000000e+03 2.081000000000000000e+03
3.532000000000000000e+03 2.153000000000000000e+03
4.789000000000000000e+03 1.321000000000000000e+03
3.343000000000000000e+03 2.177000000000000000e+03
2.864000000000000000e+03 2.251000000000000000e+03
5.631000000000000000e+03 5.760000000000000000e+02
5.660000000000000000e+03 8.890000000000000000e+02
6.073000000000000000e+03 1.182000000000000000e+03
5.797000000000000000e+03 1.112000000000000000e+03
5.721000000000000000e+03 2.560000000000000000e+02
5.741000000000000000e+03 1.800000000000000000e+02
5.583000000000000000e+03 7.550000000000000000e+02
5.728000000000000000e+03 2.830000000000000000e+02
5.681000000000000000e+03 5.310000000000000000e+02
5.752000000000000000e+03 5.010000000000000000e+02
5.734000000000000000e+03 4.090000000000000000e+02
5.715000000000000000e+03 3.830000000000000000e+02
5.229000000000000000e+03 6.030000000000000000e+02
5.347000000000000000e+03 5.140000000000000000e+02
5.334000000000000000e+03 4.430000000000000000e+02
5.343000000000000000e+03 4.990000000000000000e+02
5.331000000000000000e+03 4.280000000000000000e+02
5.342000000000000000e+03 3.560000000000000000e+02
5.468000000000000000e+03 3.410000000000000000e+02
5.432000000000000000e+03 3.160000000000000000e+02
6.206000000000000000e+03 1.249000000000000000e+03
6.267000000000000000e+03 1.250000000000000000e+03
6.129000000000000000e+03 1.289000000000000000e+03
6.154000000000000000e+03 1.239000000000000000e+03
6.130000000000000000e+03 1.045000000000000000e+03
6.186000000000000000e+03 1.068000000000000000e+03
6.246000000000000000e+03 1.207000000000000000e+03
6.248000000000000000e+03 1.151000000000000000e+03
3.697000000000000000e+03 1.756000000000000000e+03
1.283000000000000000e+03 2.189000000000000000e+03
2.851000000000000000e+03 1.846000000000000000e+03
2.152000000000000000e+03 2.021000000000000000e+03
1.379000000000000000e+03 2.119000000000000000e+03
1.246000000000000000e+03 2.144000000000000000e+03
2.330000000000000000e+03 2.064000000000000000e+03
5.174000000000000000e+03 3.810000000000000000e+02
5.136000000000000000e+03 3.320000000000000000e+02
5.221000000000000000e+03 3.040000000000000000e+02
5.305000000000000000e+03 3.350000000000000000e+02
3.164000000000000000e+03 1.838000000000000000e+03
2.955000000000000000e+03 1.924000000000000000e+03
1.498000000000000000e+03 2.238000000000000000e+03
1.416000000000000000e+03 2.207000000000000000e+03
2.584000000000000000e+03 1.924000000000000000e+03
2.112000000000000000e+03 1.901000000000000000e+03
2.844000000000000000e+03 1.675000000000000000e+03
3.566000000000000000e+03 1.767000000000000000e+03
2.120000000000000000e+03 2.112000000000000000e+03
4.107000000000000000e+03 7.850000000000000000e+02
3.639000000000000000e+03 1.488000000000000000e+03
2.425000000000000000e+03 2.058000000000000000e+03
1.444000000000000000e+03 2.059000000000000000e+03
1.096000000000000000e+03 2.078000000000000000e+03
1.620000000000000000e+03 2.022000000000000000e+03
1.933000000000000000e+03 1.885000000000000000e+03
4.085000000000000000e+03 1.863000000000000000e+03
4.589000000000000000e+03 6.910000000000000000e+02
3.925000000000000000e+03 1.669000000000000000e+03
4.792000000000000000e+03 1.439000000000000000e+03
5.577000000000000000e+03 8.650000000000000000e+02
5.548000000000000000e+03 8.220000000000000000e+02
5.451000000000000000e+03 9.800000000000000000e+02
5.500000000000000000e+03 1.018000000000000000e+03
5.496000000000000000e+03 8.350000000000000000e+02
5.538000000000000000e+03 7.500000000000000000e+02
5.558000000000000000e+03 7.360000000000000000e+02
5.654000000000000000e+03 7.580000000000000000e+02
5.830000000000000000e+03 8.980000000000000000e+02
5.826000000000000000e+03 9.780000000000000000e+02
5.605000000000000000e+03 9.980000000000000000e+02
5.580000000000000000e+03 9.290000000000000000e+02
5.636000000000000000e+03 9.690000000000000000e+02
5.556000000000000000e+03 1.103000000000000000e+03
5.610000000000000000e+03 1.174000000000000000e+03
5.596000000000000000e+03 1.139000000000000000e+03
5.815000000000000000e+03 1.111000000000000000e+03
5.891000000000000000e+03 1.213000000000000000e+03
5.966000000000000000e+03 1.283000000000000000e+03
5.924000000000000000e+03 1.271000000000000000e+03
5.938000000000000000e+03 1.213000000000000000e+03
5.986000000000000000e+03 1.131000000000000000e+03
6.037000000000000000e+03 1.086000000000000000e+03
5.977000000000000000e+03 9.790000000000000000e+02
5.525000000000000000e+03 5.880000000000000000e+02
5.588000000000000000e+03 3.780000000000000000e+02
5.546000000000000000e+03 4.760000000000000000e+02
5.498000000000000000e+03 5.070000000000000000e+02
5.423000000000000000e+03 6.160000000000000000e+02
5.342000000000000000e+03 7.410000000000000000e+02
5.485000000000000000e+03 7.780000000000000000e+02
5.429000000000000000e+03 8.400000000000000000e+02
5.409000000000000000e+03 2.030000000000000000e+02
5.629000000000000000e+03 2.830000000000000000e+02
6.267000000000000000e+03 5.890000000000000000e+02
5.228000000000000000e+03 2.030000000000000000e+02
5.334000000000000000e+03 2.430000000000000000e+02
5.188000000000000000e+03 1.450000000000000000e+02
5.410000000000000000e+03 2.700000000000000000e+02
6.307000000000000000e+03 6.390000000000000000e+02
6.694000000000000000e+03 7.520000000000000000e+02
6.519000000000000000e+03 5.520000000000000000e+02
6.016000000000000000e+03 4.640000000000000000e+02
5.570000000000000000e+03 3.060000000000000000e+02
5.432000000000000000e+03 3.260000000000000000e+02
6.256000000000000000e+03 4.440000000000000000e+02
6.900000000000000000e+03 7.780000000000000000e+02
4.723000000000000000e+03 2.430000000000000000e+02
4.802000000000000000e+03 2.860000000000000000e+02
4.617000000000000000e+03 3.810000000000000000e+02
4.534000000000000000e+03 1.900000000000000000e+02
4.637000000000000000e+03 2.170000000000000000e+02
4.618000000000000000e+03 2.920000000000000000e+02
4.633000000000000000e+03 3.060000000000000000e+02
4.592000000000000000e+03 4.330000000000000000e+02
4.621000000000000000e+03 2.970000000000000000e+02
4.675000000000000000e+03 3.270000000000000000e+02
4.481000000000000000e+03 3.980000000000000000e+02
4.692000000000000000e+03 1.560000000000000000e+02
4.718000000000000000e+03 2.280000000000000000e+02
4.668000000000000000e+03 3.330000000000000000e+02
4.778000000000000000e+03 2.070000000000000000e+02
4.800000000000000000e+03 2.070000000000000000e+02
5.144000000000000000e+03 1.501000000000000000e+03
7.135000000000000000e+03 1.128000000000000000e+03
6.675000000000000000e+03 1.044000000000000000e+03
5.763000000000000000e+03 3.590000000000000000e+02
6.412000000000000000e+03 6.390000000000000000e+02
5.350000000000000000e+03 1.250000000000000000e+02
5.782000000000000000e+03 2.900000000000000000e+02
7.129000000000000000e+03 3.074000000000000000e+03
7.169000000000000000e+03 4.012000000000000000e+03
7.153000000000000000e+03 1.564000000000000000e+03
7.054000000000000000e+03 2.117000000000000000e+03
7.109000000000000000e+03 1.082000000000000000e+03
7.086000000000000000e+03 1.255000000000000000e+03
5.921000000000000000e+03 1.233000000000000000e+03
5.648000000000000000e+03 3.099000000000000000e+03
7.114000000000000000e+03 1.123000000000000000e+03
7.141000000000000000e+03 1.037000000000000000e+03
6.658000000000000000e+03 9.240000000000000000e+02
6.056000000000000000e+03 9.010000000000000000e+02
7.024000000000000000e+03 1.328000000000000000e+03
7.150000000000000000e+03 1.267000000000000000e+03
6.728000000000000000e+03 8.720000000000000000e+02
6.504000000000000000e+03 8.790000000000000000e+02
7.119000000000000000e+03 1.501000000000000000e+03
7.076000000000000000e+03 1.342000000000000000e+03
7.178000000000000000e+03 1.467000000000000000e+03
7.094000000000000000e+03 1.350000000000000000e+03
6.824000000000000000e+03 1.343000000000000000e+03
7.055000000000000000e+03 1.276000000000000000e+03
7.022000000000000000e+03 1.339000000000000000e+03
7.087000000000000000e+03 1.219000000000000000e+03
2.420000000000000000e+03 3.189000000000000000e+03
3.791000000000000000e+03 2.098000000000000000e+03
3.573000000000000000e+03 2.418000000000000000e+03
1.340000000000000000e+03 4.842000000000000000e+03
1.776000000000000000e+03 4.806000000000000000e+03
4.282000000000000000e+03 2.364000000000000000e+03
1.307000000000000000e+03 4.800000000000000000e+03
2.771000000000000000e+03 2.234000000000000000e+03
3.590000000000000000e+03 1.792000000000000000e+03
2.831000000000000000e+03 2.154000000000000000e+03
2.934000000000000000e+03 2.009000000000000000e+03
2.905000000000000000e+03 2.248000000000000000e+03
2.869000000000000000e+03 2.224000000000000000e+03
3.699000000000000000e+03 1.941000000000000000e+03
2.986000000000000000e+03 2.257000000000000000e+03
9.710000000000000000e+02 4.923000000000000000e+03
9.240000000000000000e+02 4.870000000000000000e+03
1.008000000000000000e+03 4.856000000000000000e+03
1.028000000000000000e+03 4.842000000000000000e+03
3.688000000000000000e+03 2.796000000000000000e+03
2.933000000000000000e+03 4.161000000000000000e+03
1.112000000000000000e+03 4.827000000000000000e+03
1.199000000000000000e+03 4.826000000000000000e+03
9.710000000000000000e+02 4.919000000000000000e+03
1.020000000000000000e+03 4.996000000000000000e+03
1.120000000000000000e+03 5.060000000000000000e+03
1.131000000000000000e+03 5.008000000000000000e+03
1.451000000000000000e+03 5.153000000000000000e+03
1.757000000000000000e+03 5.013000000000000000e+03
1.250000000000000000e+03 5.183000000000000000e+03
1.169000000000000000e+03 5.035000000000000000e+03
9.390000000000000000e+02 2.237000000000000000e+03
9.350000000000000000e+02 2.548000000000000000e+03
3.370000000000000000e+03 3.388000000000000000e+03
1.275000000000000000e+03 2.666000000000000000e+03
3.520000000000000000e+03 1.951000000000000000e+03
8.570000000000000000e+02 2.272000000000000000e+03
9.480000000000000000e+02 2.419000000000000000e+03
9.670000000000000000e+02 2.525000000000000000e+03
1.373000000000000000e+03 4.967000000000000000e+03
1.260000000000000000e+03 4.931000000000000000e+03
1.394000000000000000e+03 4.898000000000000000e+03
3.115000000000000000e+03 4.060000000000000000e+03
1.580000000000000000e+03 4.822000000000000000e+03
1.639000000000000000e+03 4.810000000000000000e+03
1.423000000000000000e+03 4.899000000000000000e+03
1.486000000000000000e+03 4.862000000000000000e+03
8.930000000000000000e+02 3.975000000000000000e+03
8.300000000000000000e+02 2.298000000000000000e+03
3.474000000000000000e+03 2.259000000000000000e+03
2.131000000000000000e+03 4.717000000000000000e+03
2.963000000000000000e+03 3.922000000000000000e+03
4.166000000000000000e+03 2.219000000000000000e+03
1.482000000000000000e+03 2.458000000000000000e+03
2.994000000000000000e+03 2.106000000000000000e+03
1.469000000000000000e+03 2.499000000000000000e+03
1.166000000000000000e+03 2.544000000000000000e+03
2.076000000000000000e+03 2.502000000000000000e+03
1.932000000000000000e+03 3.133000000000000000e+03
3.133000000000000000e+03 2.922000000000000000e+03
2.910000000000000000e+03 2.973000000000000000e+03
2.954000000000000000e+03 3.389000000000000000e+03
2.445000000000000000e+03 3.548000000000000000e+03
4.745000000000000000e+03 1.701000000000000000e+03
4.603000000000000000e+03 1.749000000000000000e+03
4.780000000000000000e+03 1.768000000000000000e+03
4.902000000000000000e+03 1.455000000000000000e+03
4.792000000000000000e+03 1.526000000000000000e+03
4.976000000000000000e+03 1.445000000000000000e+03
5.134000000000000000e+03 1.211000000000000000e+03
4.765000000000000000e+03 1.426000000000000000e+03
5.119000000000000000e+03 1.060000000000000000e+03
4.996000000000000000e+03 1.195000000000000000e+03
4.849000000000000000e+03 1.672000000000000000e+03
5.065000000000000000e+03 8.660000000000000000e+02
5.076000000000000000e+03 7.290000000000000000e+02
4.985000000000000000e+03 1.064000000000000000e+03
5.133000000000000000e+03 9.420000000000000000e+02
4.868000000000000000e+03 1.564000000000000000e+03
5.211000000000000000e+03 1.098000000000000000e+03
4.834000000000000000e+03 1.379000000000000000e+03
5.265000000000000000e+03 1.036000000000000000e+03
4.987000000000000000e+03 1.321000000000000000e+03
5.205000000000000000e+03 9.430000000000000000e+02
5.270000000000000000e+03 9.130000000000000000e+02
5.233000000000000000e+03 7.440000000000000000e+02
5.227000000000000000e+03 1.258000000000000000e+03
5.337000000000000000e+03 1.128000000000000000e+03
5.260000000000000000e+03 1.159000000000000000e+03
5.178000000000000000e+03 1.282000000000000000e+03
5.252000000000000000e+03 1.077000000000000000e+03
5.338000000000000000e+03 9.690000000000000000e+02
5.313000000000000000e+03 7.780000000000000000e+02
5.349000000000000000e+03 8.490000000000000000e+02
4.920000000000000000e+03 1.063000000000000000e+03
4.600000000000000000e+03 1.542000000000000000e+03
4.854000000000000000e+03 1.109000000000000000e+03
4.585000000000000000e+03 1.584000000000000000e+03
4.937000000000000000e+03 8.810000000000000000e+02
4.975000000000000000e+03 9.570000000000000000e+02
4.967000000000000000e+03 8.070000000000000000e+02
4.780000000000000000e+03 1.444000000000000000e+03
4.953000000000000000e+03 1.134000000000000000e+03
4.722000000000000000e+03 1.368000000000000000e+03
4.572000000000000000e+03 1.521000000000000000e+03
4.593000000000000000e+03 2.025000000000000000e+03
4.782000000000000000e+03 1.195000000000000000e+03
4.792000000000000000e+03 1.270000000000000000e+03
4.511000000000000000e+03 1.631000000000000000e+03
4.851000000000000000e+03 8.890000000000000000e+02
4.879000000000000000e+03 8.000000000000000000e+02
4.775000000000000000e+03 8.970000000000000000e+02
4.782000000000000000e+03 1.024000000000000000e+03
4.675000000000000000e+03 1.215000000000000000e+03
4.725000000000000000e+03 1.037000000000000000e+03
4.585000000000000000e+03 1.400000000000000000e+03
4.655000000000000000e+03 1.300000000000000000e+03
4.810000000000000000e+03 1.686000000000000000e+03
4.997000000000000000e+03 1.071000000000000000e+03
5.068000000000000000e+03 8.010000000000000000e+02
5.080000000000000000e+03 8.450000000000000000e+02
5.103000000000000000e+03 5.710000000000000000e+02
5.159000000000000000e+03 5.540000000000000000e+02
5.042000000000000000e+03 1.050000000000000000e+03
5.196000000000000000e+03 6.580000000000000000e+02
4.798000000000000000e+03 1.074000000000000000e+03
4.591000000000000000e+03 1.368000000000000000e+03
4.619000000000000000e+03 1.163000000000000000e+03
4.618000000000000000e+03 5.800000000000000000e+02
4.591000000000000000e+03 6.140000000000000000e+02
4.544000000000000000e+03 6.820000000000000000e+02
4.556000000000000000e+03 7.120000000000000000e+02
4.682000000000000000e+03 8.500000000000000000e+02
4.664000000000000000e+03 8.850000000000000000e+02
4.761000000000000000e+03 7.310000000000000000e+02
4.731000000000000000e+03 7.690000000000000000e+02
4.645000000000000000e+03 1.000000000000000000e+03
4.638000000000000000e+03 9.500000000000000000e+02
4.610000000000000000e+03 1.107000000000000000e+03
4.575000000000000000e+03 1.024000000000000000e+03
4.836000000000000000e+03 4.160000000000000000e+02
4.734000000000000000e+03 4.010000000000000000e+02
4.885000000000000000e+03 3.710000000000000000e+02
4.902000000000000000e+03 3.640000000000000000e+02
4.628000000000000000e+03 5.010000000000000000e+02
4.690000000000000000e+03 5.040000000000000000e+02
4.539000000000000000e+03 9.200000000000000000e+02
4.752000000000000000e+03 4.650000000000000000e+02
4.726000000000000000e+03 5.810000000000000000e+02
4.795000000000000000e+03 6.190000000000000000e+02
4.873000000000000000e+03 5.330000000000000000e+02
4.825000000000000000e+03 4.730000000000000000e+02
4.723000000000000000e+03 6.900000000000000000e+02
4.626000000000000000e+03 7.130000000000000000e+02
4.613000000000000000e+03 7.830000000000000000e+02
4.563000000000000000e+03 8.070000000000000000e+02
4.874000000000000000e+03 7.090000000000000000e+02
4.941000000000000000e+03 6.680000000000000000e+02
4.957000000000000000e+03 6.000000000000000000e+02
4.992000000000000000e+03 5.560000000000000000e+02
5.012000000000000000e+03 4.820000000000000000e+02
5.025000000000000000e+03 4.060000000000000000e+02
5.000000000000000000e+03 3.340000000000000000e+02
5.074000000000000000e+03 3.980000000000000000e+02
4.283000000000000000e+03 1.796000000000000000e+03
4.603000000000000000e+03 2.016000000000000000e+03
2.122000000000000000e+03 2.255000000000000000e+03
2.034000000000000000e+03 2.231000000000000000e+03
4.612000000000000000e+03 2.820000000000000000e+03
4.207000000000000000e+03 1.665000000000000000e+03
3.244000000000000000e+03 1.957000000000000000e+03
2.159000000000000000e+03 2.150000000000000000e+03
2.780000000000000000e+03 2.051000000000000000e+03
3.310000000000000000e+03 2.060000000000000000e+03
2.496000000000000000e+03 2.152000000000000000e+03
2.378000000000000000e+03 2.128000000000000000e+03
2.077000000000000000e+03 2.256000000000000000e+03
2.182000000000000000e+03 2.189000000000000000e+03
2.242000000000000000e+03 2.235000000000000000e+03
2.361000000000000000e+03 2.177000000000000000e+03
1.774000000000000000e+03 2.230000000000000000e+03
1.831000000000000000e+03 2.264000000000000000e+03
2.049000000000000000e+03 2.185000000000000000e+03
2.093000000000000000e+03 2.093000000000000000e+03
2.862000000000000000e+03 2.165000000000000000e+03
2.319000000000000000e+03 2.232000000000000000e+03
1.729000000000000000e+03 2.169000000000000000e+03
1.979000000000000000e+03 2.041000000000000000e+03
3.578000000000000000e+03 6.583000000000000000e+03
4.754000000000000000e+03 5.354000000000000000e+03
4.772000000000000000e+03 5.340000000000000000e+03
3.753000000000000000e+03 6.009000000000000000e+03
3.377000000000000000e+03 6.268000000000000000e+03
1.814000000000000000e+03 7.463000000000000000e+03
2.233000000000000000e+03 7.220000000000000000e+03
4.675000000000000000e+03 5.569000000000000000e+03
4.493000000000000000e+03 5.773000000000000000e+03
4.468000000000000000e+03 5.891000000000000000e+03
4.692000000000000000e+03 5.676000000000000000e+03
4.462000000000000000e+03 5.711000000000000000e+03
4.808000000000000000e+03 5.500000000000000000e+03
4.736000000000000000e+03 5.497000000000000000e+03
4.592000000000000000e+03 5.665000000000000000e+03
4.464000000000000000e+03 7.306000000000000000e+03
4.499000000000000000e+03 7.208000000000000000e+03
4.467000000000000000e+03 7.165000000000000000e+03
4.325000000000000000e+03 7.199000000000000000e+03
4.381000000000000000e+03 7.097000000000000000e+03
4.354000000000000000e+03 7.113000000000000000e+03
3.360000000000000000e+03 7.195000000000000000e+03
4.347000000000000000e+03 7.077000000000000000e+03
1.875000000000000000e+03 7.448000000000000000e+03
2.089000000000000000e+03 7.439000000000000000e+03
2.062000000000000000e+03 7.407000000000000000e+03
1.936000000000000000e+03 7.434000000000000000e+03
1.968000000000000000e+03 7.444000000000000000e+03
4.122000000000000000e+03 6.873000000000000000e+03
3.493000000000000000e+03 7.120000000000000000e+03
4.214000000000000000e+03 6.846000000000000000e+03
3.092000000000000000e+03 7.445000000000000000e+03
3.818000000000000000e+03 7.338000000000000000e+03
3.961000000000000000e+03 7.288000000000000000e+03
3.247000000000000000e+03 7.461000000000000000e+03
3.218000000000000000e+03 7.439000000000000000e+03
3.109000000000000000e+03 7.455000000000000000e+03
3.215000000000000000e+03 7.445000000000000000e+03
2.823000000000000000e+03 7.454000000000000000e+03
2.540000000000000000e+03 7.446000000000000000e+03
2.729000000000000000e+03 7.441000000000000000e+03
3.035000000000000000e+03 7.116000000000000000e+03
2.671000000000000000e+03 7.323000000000000000e+03
2.735000000000000000e+03 7.476000000000000000e+03
2.860000000000000000e+03 7.472000000000000000e+03
2.863000000000000000e+03 7.477000000000000000e+03
3.642000000000000000e+03 7.379000000000000000e+03
3.420000000000000000e+03 7.337000000000000000e+03
3.932000000000000000e+03 7.420000000000000000e+03
3.922000000000000000e+03 7.430000000000000000e+03
4.222000000000000000e+03 7.412000000000000000e+03
3.697000000000000000e+03 7.062000000000000000e+03
4.120000000000000000e+03 7.376000000000000000e+03
4.120000000000000000e+03 7.456000000000000000e+03
4.015000000000000000e+03 7.364000000000000000e+03
4.308000000000000000e+03 7.380000000000000000e+03
4.399000000000000000e+03 7.392000000000000000e+03
4.398000000000000000e+03 7.444000000000000000e+03
3.737000000000000000e+03 7.449000000000000000e+03
3.591000000000000000e+03 7.417000000000000000e+03
3.668000000000000000e+03 7.382000000000000000e+03
4.103000000000000000e+03 7.469000000000000000e+03
4.683000000000000000e+03 5.298000000000000000e+03
4.517000000000000000e+03 5.307000000000000000e+03
4.580000000000000000e+03 5.309000000000000000e+03
4.614000000000000000e+03 5.127000000000000000e+03
4.616000000000000000e+03 5.255000000000000000e+03
5.022000000000000000e+03 5.324000000000000000e+03
5.008000000000000000e+03 5.389000000000000000e+03
4.905000000000000000e+03 5.621000000000000000e+03
4.917000000000000000e+03 5.690000000000000000e+03
4.967000000000000000e+03 5.430000000000000000e+03
4.950000000000000000e+03 5.532000000000000000e+03
4.982000000000000000e+03 5.504000000000000000e+03
5.090000000000000000e+03 5.492000000000000000e+03
4.982000000000000000e+03 5.416000000000000000e+03
4.984000000000000000e+03 5.439000000000000000e+03
4.456000000000000000e+03 4.771000000000000000e+03
4.499000000000000000e+03 4.940000000000000000e+03
4.456000000000000000e+03 4.760000000000000000e+03
4.519000000000000000e+03 4.730000000000000000e+03
4.505000000000000000e+03 5.191000000000000000e+03
4.571000000000000000e+03 5.374000000000000000e+03
4.560000000000000000e+03 5.037000000000000000e+03
4.573000000000000000e+03 5.076000000000000000e+03
4.603000000000000000e+03 4.714000000000000000e+03
4.640000000000000000e+03 4.751000000000000000e+03
4.603000000000000000e+03 4.467000000000000000e+03
4.531000000000000000e+03 4.593000000000000000e+03
4.573000000000000000e+03 5.051000000000000000e+03
4.585000000000000000e+03 4.898000000000000000e+03
4.628000000000000000e+03 4.817000000000000000e+03
4.658000000000000000e+03 4.758000000000000000e+03
4.329000000000000000e+03 4.698000000000000000e+03
4.296000000000000000e+03 4.719000000000000000e+03
4.178000000000000000e+03 4.752000000000000000e+03
4.232000000000000000e+03 4.424000000000000000e+03
4.357000000000000000e+03 5.170000000000000000e+03
4.325000000000000000e+03 5.049000000000000000e+03
4.309000000000000000e+03 4.876000000000000000e+03
4.380000000000000000e+03 4.657000000000000000e+03
3.699000000000000000e+03 4.855000000000000000e+03
3.684000000000000000e+03 4.916000000000000000e+03
3.860000000000000000e+03 4.733000000000000000e+03
3.737000000000000000e+03 4.601000000000000000e+03
3.664000000000000000e+03 5.096000000000000000e+03
3.701000000000000000e+03 4.975000000000000000e+03
3.702000000000000000e+03 5.085000000000000000e+03
3.826000000000000000e+03 4.915000000000000000e+03
3.580000000000000000e+03 5.162000000000000000e+03
3.594000000000000000e+03 5.213000000000000000e+03
3.630000000000000000e+03 5.306000000000000000e+03
3.629000000000000000e+03 5.282000000000000000e+03
3.694000000000000000e+03 5.018000000000000000e+03
3.808000000000000000e+03 5.065000000000000000e+03
3.603000000000000000e+03 4.974000000000000000e+03
3.626000000000000000e+03 4.949000000000000000e+03
4.187000000000000000e+03 5.050000000000000000e+03
4.240000000000000000e+03 5.232000000000000000e+03
4.079000000000000000e+03 5.063000000000000000e+03
3.990000000000000000e+03 5.056000000000000000e+03
3.943000000000000000e+03 4.931000000000000000e+03
3.987000000000000000e+03 5.045000000000000000e+03
4.078000000000000000e+03 4.872000000000000000e+03
3.969000000000000000e+03 4.904000000000000000e+03
4.503000000000000000e+03 4.420000000000000000e+03
4.451000000000000000e+03 4.389000000000000000e+03
4.430000000000000000e+03 4.591000000000000000e+03
4.628000000000000000e+03 4.464000000000000000e+03
4.563000000000000000e+03 4.334000000000000000e+03
4.540000000000000000e+03 4.272000000000000000e+03
4.609000000000000000e+03 4.289000000000000000e+03
5.391000000000000000e+03 5.459000000000000000e+03
5.455000000000000000e+03 5.391000000000000000e+03
5.289000000000000000e+03 5.464000000000000000e+03
5.239000000000000000e+03 5.434000000000000000e+03
5.448000000000000000e+03 5.295000000000000000e+03
5.419000000000000000e+03 5.366000000000000000e+03
5.243000000000000000e+03 5.328000000000000000e+03
5.264000000000000000e+03 5.354000000000000000e+03
5.921000000000000000e+03 7.251000000000000000e+03
5.317000000000000000e+03 6.645000000000000000e+03
5.778000000000000000e+03 7.154000000000000000e+03
6.147000000000000000e+03 7.474000000000000000e+03
6.440000000000000000e+03 7.468000000000000000e+03
6.497000000000000000e+03 7.477000000000000000e+03
6.180000000000000000e+03 7.234000000000000000e+03
5.365000000000000000e+03 6.494000000000000000e+03
4.650000000000000000e+03 7.416000000000000000e+03
4.675000000000000000e+03 7.393000000000000000e+03
4.515000000000000000e+03 7.378000000000000000e+03
4.548000000000000000e+03 7.439000000000000000e+03
4.605000000000000000e+03 7.232000000000000000e+03
4.644000000000000000e+03 7.179000000000000000e+03
4.718000000000000000e+03 7.360000000000000000e+03
4.745000000000000000e+03 7.331000000000000000e+03
4.657000000000000000e+03 7.152000000000000000e+03
4.288000000000000000e+03 7.139000000000000000e+03
4.287000000000000000e+03 7.178000000000000000e+03
5.223000000000000000e+03 6.729000000000000000e+03
4.634000000000000000e+03 6.796000000000000000e+03
4.978000000000000000e+03 6.744000000000000000e+03
4.854000000000000000e+03 6.475000000000000000e+03
4.591000000000000000e+03 7.015000000000000000e+03
4.570000000000000000e+03 6.589000000000000000e+03
4.614000000000000000e+03 7.080000000000000000e+03
4.515000000000000000e+03 7.009000000000000000e+03
4.974000000000000000e+03 6.573000000000000000e+03
4.581000000000000000e+03 6.534000000000000000e+03
4.547000000000000000e+03 6.859000000000000000e+03
4.596000000000000000e+03 6.913000000000000000e+03
5.609000000000000000e+03 7.293000000000000000e+03
5.842000000000000000e+03 7.435000000000000000e+03
5.750000000000000000e+03 7.437000000000000000e+03
5.246000000000000000e+03 7.169000000000000000e+03
5.962000000000000000e+03 7.406000000000000000e+03
5.565000000000000000e+03 7.264000000000000000e+03
5.781000000000000000e+03 7.406000000000000000e+03
5.445000000000000000e+03 7.163000000000000000e+03
4.300000000000000000e+03 6.851000000000000000e+03
4.316000000000000000e+03 6.763000000000000000e+03
4.411000000000000000e+03 6.837000000000000000e+03
4.387000000000000000e+03 6.832000000000000000e+03
4.583000000000000000e+03 6.661000000000000000e+03
4.401000000000000000e+03 6.669000000000000000e+03
4.271000000000000000e+03 6.707000000000000000e+03
4.249000000000000000e+03 6.655000000000000000e+03
4.889000000000000000e+03 6.532000000000000000e+03
4.291000000000000000e+03 4.529000000000000000e+03
4.283000000000000000e+03 4.635000000000000000e+03
4.474000000000000000e+03 5.598000000000000000e+03
4.486000000000000000e+03 5.860000000000000000e+03
4.448000000000000000e+03 5.707000000000000000e+03
4.496000000000000000e+03 6.121000000000000000e+03
4.596000000000000000e+03 6.360000000000000000e+03
4.500000000000000000e+03 6.394000000000000000e+03
4.454000000000000000e+03 5.658000000000000000e+03
4.560000000000000000e+03 6.310000000000000000e+03
4.589000000000000000e+03 6.283000000000000000e+03
4.562000000000000000e+03 6.246000000000000000e+03
4.539000000000000000e+03 5.641000000000000000e+03
4.564000000000000000e+03 6.131000000000000000e+03
4.325000000000000000e+03 4.294000000000000000e+03
4.388000000000000000e+03 4.330000000000000000e+03
4.470000000000000000e+03 4.108000000000000000e+03
4.452000000000000000e+03 4.272000000000000000e+03
4.348000000000000000e+03 4.477000000000000000e+03
4.250000000000000000e+03 4.471000000000000000e+03
4.336000000000000000e+03 4.452000000000000000e+03
4.332000000000000000e+03 4.415000000000000000e+03
4.411000000000000000e+03 4.139000000000000000e+03
4.417000000000000000e+03 4.107000000000000000e+03
4.318000000000000000e+03 4.056000000000000000e+03
4.357000000000000000e+03 4.010000000000000000e+03
4.259000000000000000e+03 4.144000000000000000e+03
4.228000000000000000e+03 4.120000000000000000e+03
4.234000000000000000e+03 4.254000000000000000e+03
4.211000000000000000e+03 4.383000000000000000e+03
4.603000000000000000e+03 6.317000000000000000e+03
5.571000000000000000e+03 6.942000000000000000e+03
4.427000000000000000e+03 5.961000000000000000e+03
4.427000000000000000e+03 6.200000000000000000e+03
6.069000000000000000e+03 6.746000000000000000e+03
5.794000000000000000e+03 6.895000000000000000e+03
5.258000000000000000e+03 7.265000000000000000e+03
5.451000000000000000e+03 7.243000000000000000e+03
5.373000000000000000e+03 6.135000000000000000e+03
4.419000000000000000e+03 6.300000000000000000e+03
4.403000000000000000e+03 6.173000000000000000e+03
4.322000000000000000e+03 5.668000000000000000e+03
4.342000000000000000e+03 6.426000000000000000e+03
4.345000000000000000e+03 6.353000000000000000e+03
4.321000000000000000e+03 5.914000000000000000e+03
4.317000000000000000e+03 6.298000000000000000e+03
4.341000000000000000e+03 6.606000000000000000e+03
4.273000000000000000e+03 6.540000000000000000e+03
4.392000000000000000e+03 6.491000000000000000e+03
4.444000000000000000e+03 6.489000000000000000e+03
4.576000000000000000e+03 6.531000000000000000e+03
4.622000000000000000e+03 6.542000000000000000e+03
4.538000000000000000e+03 6.503000000000000000e+03
4.467000000000000000e+03 6.656000000000000000e+03
6.462000000000000000e+03 6.448000000000000000e+03
5.160000000000000000e+03 7.436000000000000000e+03
5.756000000000000000e+03 6.840000000000000000e+03
6.248000000000000000e+03 6.656000000000000000e+03
5.855000000000000000e+03 6.881000000000000000e+03
5.531000000000000000e+03 7.023000000000000000e+03
5.359000000000000000e+03 7.456000000000000000e+03
5.336000000000000000e+03 7.464000000000000000e+03
3.295000000000000000e+03 4.954000000000000000e+03
3.354000000000000000e+03 4.980000000000000000e+03
3.009000000000000000e+03 4.915000000000000000e+03
3.433000000000000000e+03 4.699000000000000000e+03
2.954000000000000000e+03 4.813000000000000000e+03
2.804000000000000000e+03 4.886000000000000000e+03
2.836000000000000000e+03 4.820000000000000000e+03
2.554000000000000000e+03 4.861000000000000000e+03
2.722000000000000000e+03 4.829000000000000000e+03
2.559000000000000000e+03 4.909000000000000000e+03
2.493000000000000000e+03 4.911000000000000000e+03
3.166000000000000000e+03 4.923000000000000000e+03
2.804000000000000000e+03 4.854000000000000000e+03
3.133000000000000000e+03 5.026000000000000000e+03
3.064000000000000000e+03 4.997000000000000000e+03
2.664000000000000000e+03 5.161000000000000000e+03
2.823000000000000000e+03 5.278000000000000000e+03
2.707000000000000000e+03 5.232000000000000000e+03
2.711000000000000000e+03 5.130000000000000000e+03
3.026000000000000000e+03 4.832000000000000000e+03
2.934000000000000000e+03 5.174000000000000000e+03
2.873000000000000000e+03 5.326000000000000000e+03
2.912000000000000000e+03 5.311000000000000000e+03
2.690000000000000000e+03 5.161000000000000000e+03
3.211000000000000000e+03 5.129000000000000000e+03
2.733000000000000000e+03 5.368000000000000000e+03
3.910000000000000000e+03 4.338000000000000000e+03
2.542000000000000000e+03 5.330000000000000000e+03
2.654000000000000000e+03 5.358000000000000000e+03
2.491000000000000000e+03 5.164000000000000000e+03
2.507000000000000000e+03 5.293000000000000000e+03
3.959000000000000000e+03 5.192000000000000000e+03
3.391000000000000000e+03 5.218000000000000000e+03
3.465000000000000000e+03 5.191000000000000000e+03
3.031000000000000000e+03 5.423000000000000000e+03
3.041000000000000000e+03 5.276000000000000000e+03
3.070000000000000000e+03 5.220000000000000000e+03
3.058000000000000000e+03 5.361000000000000000e+03
3.312000000000000000e+03 5.377000000000000000e+03
3.662000000000000000e+03 5.112000000000000000e+03
3.256000000000000000e+03 5.405000000000000000e+03
3.198000000000000000e+03 5.433000000000000000e+03
3.971000000000000000e+03 4.812000000000000000e+03
3.353000000000000000e+03 5.296000000000000000e+03
3.696000000000000000e+03 5.019000000000000000e+03
4.291000000000000000e+03 4.633000000000000000e+03
3.278000000000000000e+03 5.083000000000000000e+03
3.852000000000000000e+03 5.042000000000000000e+03
3.251000000000000000e+03 5.180000000000000000e+03
3.254000000000000000e+03 5.075000000000000000e+03
3.442000000000000000e+03 4.951000000000000000e+03
3.371000000000000000e+03 4.971000000000000000e+03
3.794000000000000000e+03 4.730000000000000000e+03
3.373000000000000000e+03 5.054000000000000000e+03
3.294000000000000000e+03 4.811000000000000000e+03
3.342000000000000000e+03 4.846000000000000000e+03
3.255000000000000000e+03 4.807000000000000000e+03
3.339000000000000000e+03 4.792000000000000000e+03
3.184000000000000000e+03 4.803000000000000000e+03
3.235000000000000000e+03 4.781000000000000000e+03
3.108000000000000000e+03 4.846000000000000000e+03
3.253000000000000000e+03 4.812000000000000000e+03
4.275000000000000000e+03 2.525000000000000000e+03
4.230000000000000000e+03 2.519000000000000000e+03
4.225000000000000000e+03 2.596000000000000000e+03
4.225000000000000000e+03 2.321000000000000000e+03
4.154000000000000000e+03 2.408000000000000000e+03
4.272000000000000000e+03 2.328000000000000000e+03
4.255000000000000000e+03 2.424000000000000000e+03
4.250000000000000000e+03 2.957000000000000000e+03
4.230000000000000000e+03 2.857000000000000000e+03
4.296000000000000000e+03 3.050000000000000000e+03
4.263000000000000000e+03 3.299000000000000000e+03
4.232000000000000000e+03 2.765000000000000000e+03
4.287000000000000000e+03 2.626000000000000000e+03
4.210000000000000000e+03 2.730000000000000000e+03
4.260000000000000000e+03 2.575000000000000000e+03
4.420000000000000000e+03 2.851000000000000000e+03
4.468000000000000000e+03 2.771000000000000000e+03
4.450000000000000000e+03 3.096000000000000000e+03
4.454000000000000000e+03 3.017000000000000000e+03
4.412000000000000000e+03 3.227000000000000000e+03
4.364000000000000000e+03 3.372000000000000000e+03
4.303000000000000000e+03 3.363000000000000000e+03
4.431000000000000000e+03 3.229000000000000000e+03
4.337000000000000000e+03 2.705000000000000000e+03
4.331000000000000000e+03 2.817000000000000000e+03
4.298000000000000000e+03 2.950000000000000000e+03
4.339000000000000000e+03 2.994000000000000000e+03
4.297000000000000000e+03 3.104000000000000000e+03
4.177000000000000000e+03 3.166000000000000000e+03
4.302000000000000000e+03 3.193000000000000000e+03
4.315000000000000000e+03 2.939000000000000000e+03
4.383000000000000000e+03 2.514000000000000000e+03
4.482000000000000000e+03 2.462000000000000000e+03
4.444000000000000000e+03 2.288000000000000000e+03
4.448000000000000000e+03 2.420000000000000000e+03
4.350000000000000000e+03 2.111000000000000000e+03
4.210000000000000000e+03 2.140000000000000000e+03
4.473000000000000000e+03 2.373000000000000000e+03
4.141000000000000000e+03 2.213000000000000000e+03
4.594000000000000000e+03 2.750000000000000000e+03
4.624000000000000000e+03 2.541000000000000000e+03
4.572000000000000000e+03 2.791000000000000000e+03
4.571000000000000000e+03 2.948000000000000000e+03
4.585000000000000000e+03 3.070000000000000000e+03
4.577000000000000000e+03 2.985000000000000000e+03
4.242000000000000000e+03 2.208000000000000000e+03
4.432000000000000000e+03 2.179000000000000000e+03
4.613000000000000000e+03 3.042000000000000000e+03
4.584000000000000000e+03 3.217000000000000000e+03
4.710000000000000000e+03 2.393000000000000000e+03
5.195000000000000000e+03 1.329000000000000000e+03
4.615000000000000000e+03 2.464000000000000000e+03
5.030000000000000000e+03 2.278000000000000000e+03
5.536000000000000000e+03 1.270000000000000000e+03
5.421000000000000000e+03 1.305000000000000000e+03
4.545000000000000000e+03 3.355000000000000000e+03
4.618000000000000000e+03 3.349000000000000000e+03
4.385000000000000000e+03 2.733000000000000000e+03
4.607000000000000000e+03 2.610000000000000000e+03
4.612000000000000000e+03 2.280000000000000000e+03
4.546000000000000000e+03 2.214000000000000000e+03
4.590000000000000000e+03 2.500000000000000000e+03
4.503000000000000000e+03 2.586000000000000000e+03
4.571000000000000000e+03 5.670000000000000000e+03
4.945000000000000000e+03 5.652000000000000000e+03
4.628000000000000000e+03 5.673000000000000000e+03
4.608000000000000000e+03 5.783000000000000000e+03
4.576000000000000000e+03 5.720000000000000000e+03
4.553000000000000000e+03 5.909000000000000000e+03
4.592000000000000000e+03 5.927000000000000000e+03
4.910000000000000000e+03 5.561000000000000000e+03
5.020000000000000000e+03 5.744000000000000000e+03
5.343000000000000000e+03 5.660000000000000000e+03
4.913000000000000000e+03 5.529000000000000000e+03
5.197000000000000000e+03 5.657000000000000000e+03
5.262000000000000000e+03 5.690000000000000000e+03
5.222000000000000000e+03 5.589000000000000000e+03
5.070000000000000000e+03 5.670000000000000000e+03
2.320000000000000000e+03 5.237000000000000000e+03
2.852000000000000000e+03 5.041000000000000000e+03
2.287000000000000000e+03 5.166000000000000000e+03
2.188000000000000000e+03 5.148000000000000000e+03
2.888000000000000000e+03 5.142000000000000000e+03
3.872000000000000000e+03 4.454000000000000000e+03
2.494000000000000000e+03 5.234000000000000000e+03
2.282000000000000000e+03 5.287000000000000000e+03
1.459000000000000000e+03 5.164000000000000000e+03
1.767000000000000000e+03 4.919000000000000000e+03
1.235000000000000000e+03 5.079000000000000000e+03
1.328000000000000000e+03 5.140000000000000000e+03
1.558000000000000000e+03 5.070000000000000000e+03
3.414000000000000000e+03 4.240000000000000000e+03
2.021000000000000000e+03 4.706000000000000000e+03
2.389000000000000000e+03 4.666000000000000000e+03
3.283000000000000000e+03 5.343000000000000000e+03
3.951000000000000000e+03 4.437000000000000000e+03
1.666000000000000000e+03 5.355000000000000000e+03
3.306000000000000000e+03 5.312000000000000000e+03
4.448000000000000000e+03 5.460000000000000000e+03
3.299000000000000000e+03 5.336000000000000000e+03
4.262000000000000000e+03 5.474000000000000000e+03
4.380000000000000000e+03 5.898000000000000000e+03
4.409000000000000000e+03 5.890000000000000000e+03
4.456000000000000000e+03 5.803000000000000000e+03
4.413000000000000000e+03 5.786000000000000000e+03
3.358000000000000000e+03 5.479000000000000000e+03
4.309000000000000000e+03 5.730000000000000000e+03
4.473000000000000000e+03 5.677000000000000000e+03
4.510000000000000000e+03 5.584000000000000000e+03
2.575000000000000000e+03 5.022000000000000000e+03
2.575000000000000000e+03 5.047000000000000000e+03
2.746000000000000000e+03 5.033000000000000000e+03
2.543000000000000000e+03 5.060000000000000000e+03
2.358000000000000000e+03 5.004000000000000000e+03
2.430000000000000000e+03 4.992000000000000000e+03
2.299000000000000000e+03 5.018000000000000000e+03
2.255000000000000000e+03 5.070000000000000000e+03
8.870000000000000000e+02 5.195000000000000000e+03
8.680000000000000000e+02 5.094000000000000000e+03
1.004000000000000000e+03 5.170000000000000000e+03
8.810000000000000000e+02 5.125000000000000000e+03
1.138000000000000000e+03 5.245000000000000000e+03
1.085000000000000000e+03 5.158000000000000000e+03
3.799000000000000000e+03 4.457000000000000000e+03
4.059000000000000000e+03 4.629000000000000000e+03
3.353000000000000000e+03 4.967000000000000000e+03
3.854000000000000000e+03 4.580000000000000000e+03
4.219000000000000000e+03 4.444000000000000000e+03
4.018000000000000000e+03 4.668000000000000000e+03
3.966000000000000000e+03 4.806000000000000000e+03
2.682000000000000000e+03 4.558000000000000000e+03
1.081000000000000000e+03 5.393000000000000000e+03
1.701000000000000000e+03 5.179000000000000000e+03
1.652000000000000000e+03 5.224000000000000000e+03
1.644000000000000000e+03 5.270000000000000000e+03
1.462000000000000000e+03 5.328000000000000000e+03
1.464000000000000000e+03 5.392000000000000000e+03
1.497000000000000000e+03 5.402000000000000000e+03
1.327000000000000000e+03 5.288000000000000000e+03
1.380000000000000000e+03 5.419000000000000000e+03
3.856000000000000000e+03 5.221000000000000000e+03
3.829000000000000000e+03 5.299000000000000000e+03
3.963000000000000000e+03 4.762000000000000000e+03
4.071000000000000000e+03 4.534000000000000000e+03
3.811000000000000000e+03 5.447000000000000000e+03
3.823000000000000000e+03 5.496000000000000000e+03
3.784000000000000000e+03 5.339000000000000000e+03
3.689000000000000000e+03 5.421000000000000000e+03
4.257000000000000000e+03 5.409000000000000000e+03
4.281000000000000000e+03 5.242000000000000000e+03
4.313000000000000000e+03 5.446000000000000000e+03
4.289000000000000000e+03 5.458000000000000000e+03
4.101000000000000000e+03 5.268000000000000000e+03
4.196000000000000000e+03 5.187000000000000000e+03
4.421000000000000000e+03 5.304000000000000000e+03
4.268000000000000000e+03 5.241000000000000000e+03
1.022000000000000000e+03 5.388000000000000000e+03
1.126000000000000000e+03 5.448000000000000000e+03
8.060000000000000000e+02 5.451000000000000000e+03
9.600000000000000000e+02 5.406000000000000000e+03
2.780000000000000000e+03 5.566000000000000000e+03
4.156000000000000000e+03 5.853000000000000000e+03
3.618000000000000000e+03 6.103000000000000000e+03
4.160000000000000000e+03 6.659000000000000000e+03
3.040000000000000000e+03 6.248000000000000000e+03
2.655000000000000000e+03 6.179000000000000000e+03
3.050000000000000000e+03 5.819000000000000000e+03
3.693000000000000000e+03 6.425000000000000000e+03
4.110000000000000000e+03 6.307000000000000000e+03
3.235000000000000000e+03 7.360000000000000000e+03
3.421000000000000000e+03 5.957000000000000000e+03
2.046000000000000000e+03 5.653000000000000000e+03
8.010000000000000000e+02 5.338000000000000000e+03
8.590000000000000000e+02 5.306000000000000000e+03
4.008000000000000000e+03 5.667000000000000000e+03
2.083000000000000000e+03 5.484000000000000000e+03
4.093000000000000000e+03 5.365000000000000000e+03
4.002000000000000000e+03 5.187000000000000000e+03
3.808000000000000000e+03 5.539000000000000000e+03
4.006000000000000000e+03 5.469000000000000000e+03
4.124000000000000000e+03 5.237000000000000000e+03
3.889000000000000000e+03 5.133000000000000000e+03
4.285000000000000000e+03 5.669000000000000000e+03
4.271000000000000000e+03 5.634000000000000000e+03
4.204000000000000000e+03 6.231000000000000000e+03
4.215000000000000000e+03 6.088000000000000000e+03
4.061000000000000000e+03 5.458000000000000000e+03
4.239000000000000000e+03 6.111000000000000000e+03
7.030000000000000000e+02 1.200000000000000000e+02
2.560000000000000000e+02 2.330000000000000000e+03
2.560000000000000000e+02 5.520000000000000000e+03
4.679000000000000000e+03 1.360000000000000000e+03
4.683000000000000000e+03 5.680000000000000000e+03
-4.000000000000000000e+00 0.000000000000000000e+00
7.164000000000000000e+03 0.000000000000000000e+00
3.000000000000000000e+00 0.000000000000000000e+00
