5.688000000000000000e+03 5.440000000000000000e+02
5.542000000000000000e+03 5.520000000000000000e+02
5.456000000000000000e+03 9.930000000000000000e+02
5.571000000000000000e+03 9.390000000000000000e+02
5.616000000000000000e+03 8.530000000000000000e+02
5.548000000000000000e+03 9.300000000000000000e+02
5.634000000000000000e+03 8.960000000000000000e+02
5.867000000000000000e+03 2.630000000000000000e+02
5.882000000000000000e+03 3.250000000000000000e+02
5.819000000000000000e+03 4.150000000000000000e+02
5.892000000000000000e+03 4.090000000000000000e+02
5.863000000000000000e+03 2.270000000000000000e+02
5.507000000000000000e+03 5.950000000000000000e+02
5.853000000000000000e+03 1.740000000000000000e+02
5.794000000000000000e+03 1.880000000000000000e+02
5.649000000000000000e+03 7.030000000000000000e+02
5.665000000000000000e+03 6.720000000000000000e+02
5.326000000000000000e+03 8.080000000000000000e+02
5.325000000000000000e+03 7.440000000000000000e+02
5.768000000000000000e+03 5.590000000000000000e+02
5.673000000000000000e+03 5.520000000000000000e+02
5.775000000000000000e+03 5.360000000000000000e+02
5.776000000000000000e+03 5.340000000000000000e+02
5.506000000000000000e+03 5.420000000000000000e+02
5.393000000000000000e+03 5.840000000000000000e+02
5.580000000000000000e+03 5.440000000000000000e+02
5.478000000000000000e+03 5.160000000000000000e+02
5.261000000000000000e+03 6.880000000000000000e+02
5.285000000000000000e+03 7.220000000000000000e+02
5.366000000000000000e+03 6.050000000000000000e+02
5.290000000000000000e+03 6.200000000000000000e+02
5.964000000000000000e+03 2.050000000000000000e+02
6.093000000000000000e+03 1.690000000000000000e+02
6.044000000000000000e+03 1.850000000000000000e+02
5.328000000000000000e+03 4.160000000000000000e+02
5.368000000000000000e+03 4.110000000000000000e+02
5.307000000000000000e+03 5.570000000000000000e+02
5.293000000000000000e+03 5.670000000000000000e+02
5.700000000000000000e+03 2.480000000000000000e+02
5.563000000000000000e+03 2.570000000000000000e+02
5.680000000000000000e+03 3.200000000000000000e+02
5.458000000000000000e+03 4.630000000000000000e+02
5.183000000000000000e+03 5.380000000000000000e+02
5.296000000000000000e+03 3.320000000000000000e+02
5.379000000000000000e+03 2.920000000000000000e+02
5.445000000000000000e+03 3.100000000000000000e+02
5.682000000000000000e+03 7.330000000000000000e+02
6.051000000000000000e+03 2.730000000000000000e+02
6.093000000000000000e+03 3.890000000000000000e+02
6.151000000000000000e+03 3.010000000000000000e+02
6.142000000000000000e+03 5.140000000000000000e+02
6.058000000000000000e+03 4.200000000000000000e+02
6.086000000000000000e+03 5.690000000000000000e+02
6.060000000000000000e+03 5.060000000000000000e+02
6.050000000000000000e+03 5.800000000000000000e+02
6.008000000000000000e+03 5.640000000000000000e+02
5.936000000000000000e+03 6.160000000000000000e+02
5.950000000000000000e+03 5.760000000000000000e+02
6.179000000000000000e+03 8.000000000000000000e+02
6.186000000000000000e+03 7.670000000000000000e+02
6.167000000000000000e+03 6.530000000000000000e+02
6.130000000000000000e+03 6.170000000000000000e+02
6.154000000000000000e+03 6.590000000000000000e+02
6.671000000000000000e+03 5.610000000000000000e+02
6.564000000000000000e+03 5.170000000000000000e+02
6.316000000000000000e+03 5.720000000000000000e+02
6.251000000000000000e+03 6.620000000000000000e+02
6.248000000000000000e+03 5.990000000000000000e+02
6.181000000000000000e+03 7.110000000000000000e+02
6.642000000000000000e+03 3.020000000000000000e+02
6.699000000000000000e+03 2.990000000000000000e+02
6.757000000000000000e+03 4.900000000000000000e+02
6.683000000000000000e+03 4.090000000000000000e+02
6.603000000000000000e+03 1.840000000000000000e+02
6.576000000000000000e+03 2.030000000000000000e+02
6.653000000000000000e+03 2.090000000000000000e+02
6.716000000000000000e+03 3.110000000000000000e+02
6.348000000000000000e+03 7.160000000000000000e+02
6.337000000000000000e+03 6.090000000000000000e+02
6.340000000000000000e+03 9.350000000000000000e+02
6.348000000000000000e+03 8.150000000000000000e+02
6.267000000000000000e+03 8.830000000000000000e+02
6.264000000000000000e+03 9.860000000000000000e+02
5.909000000000000000e+03 1.108000000000000000e+03
6.187000000000000000e+03 8.340000000000000000e+02
6.233000000000000000e+03 2.330000000000000000e+02
6.334000000000000000e+03 1.750000000000000000e+02
6.119000000000000000e+03 2.720000000000000000e+02
6.219000000000000000e+03 1.540000000000000000e+02
6.350000000000000000e+03 3.700000000000000000e+02
6.315000000000000000e+03 3.020000000000000000e+02
6.243000000000000000e+03 4.160000000000000000e+02
6.280000000000000000e+03 4.170000000000000000e+02
6.312000000000000000e+03 9.720000000000000000e+02
6.397000000000000000e+03 6.250000000000000000e+02
6.638000000000000000e+03 9.260000000000000000e+02
6.626000000000000000e+03 9.360000000000000000e+02
6.395000000000000000e+03 7.530000000000000000e+02
6.469000000000000000e+03 8.660000000000000000e+02
6.463000000000000000e+03 8.260000000000000000e+02
6.501000000000000000e+03 8.190000000000000000e+02
6.568000000000000000e+03 7.990000000000000000e+02
6.604000000000000000e+03 7.610000000000000000e+02
6.613000000000000000e+03 7.420000000000000000e+02
6.694000000000000000e+03 6.940000000000000000e+02
6.612000000000000000e+03 6.680000000000000000e+02
6.684000000000000000e+03 5.960000000000000000e+02
6.505000000000000000e+03 6.170000000000000000e+02
6.540000000000000000e+03 6.240000000000000000e+02
6.362000000000000000e+03 9.840000000000000000e+02
6.369000000000000000e+03 7.070000000000000000e+02
6.259000000000000000e+03 5.100000000000000000e+02
6.465000000000000000e+03 4.990000000000000000e+02
6.530000000000000000e+03 9.790000000000000000e+02
6.135000000000000000e+03 7.390000000000000000e+02
6.151000000000000000e+03 6.950000000000000000e+02
6.459000000000000000e+03 1.027000000000000000e+03
6.385000000000000000e+03 8.190000000000000000e+02
6.499000000000000000e+03 2.720000000000000000e+02
6.498000000000000000e+03 1.670000000000000000e+02
6.429000000000000000e+03 2.270000000000000000e+02
6.445000000000000000e+03 4.300000000000000000e+02
6.566000000000000000e+03 4.770000000000000000e+02
6.405000000000000000e+03 4.070000000000000000e+02
6.533000000000000000e+03 3.310000000000000000e+02
3.307000000000000000e+03 2.250000000000000000e+03
2.975000000000000000e+03 2.335000000000000000e+03
3.016000000000000000e+03 2.376000000000000000e+03
3.185000000000000000e+03 2.079000000000000000e+03
3.038000000000000000e+03 2.201000000000000000e+03
2.945000000000000000e+03 2.241000000000000000e+03
3.095000000000000000e+03 2.124000000000000000e+03
3.908000000000000000e+03 2.159000000000000000e+03
3.932000000000000000e+03 2.259000000000000000e+03
3.896000000000000000e+03 2.247000000000000000e+03
3.938000000000000000e+03 2.162000000000000000e+03
3.738000000000000000e+03 2.208000000000000000e+03
3.821000000000000000e+03 2.162000000000000000e+03
3.779000000000000000e+03 2.312000000000000000e+03
3.781000000000000000e+03 2.300000000000000000e+03
4.281000000000000000e+03 1.911000000000000000e+03
4.299000000000000000e+03 1.882000000000000000e+03
4.453000000000000000e+03 1.912000000000000000e+03
4.418000000000000000e+03 1.991000000000000000e+03
4.304000000000000000e+03 1.926000000000000000e+03
4.267000000000000000e+03 1.795000000000000000e+03
4.450000000000000000e+03 2.079000000000000000e+03
4.468000000000000000e+03 1.959000000000000000e+03
4.246000000000000000e+03 2.205000000000000000e+03
4.343000000000000000e+03 2.201000000000000000e+03
4.306000000000000000e+03 2.283000000000000000e+03
4.212000000000000000e+03 2.109000000000000000e+03
4.084000000000000000e+03 2.273000000000000000e+03
4.067000000000000000e+03 2.252000000000000000e+03
4.146000000000000000e+03 2.185000000000000000e+03
4.249000000000000000e+03 2.149000000000000000e+03
4.634000000000000000e+03 1.246000000000000000e+03
3.654000000000000000e+03 2.375000000000000000e+03
3.349000000000000000e+03 2.364000000000000000e+03
5.072000000000000000e+03 6.960000000000000000e+02
5.057000000000000000e+03 8.490000000000000000e+02
5.936000000000000000e+03 8.970000000000000000e+02
5.345000000000000000e+03 8.620000000000000000e+02
5.567000000000000000e+03 3.890000000000000000e+02
5.599000000000000000e+03 4.120000000000000000e+02
5.157000000000000000e+03 7.530000000000000000e+02
5.467000000000000000e+03 3.960000000000000000e+02
5.099000000000000000e+03 6.200000000000000000e+02
5.158000000000000000e+03 5.670000000000000000e+02
5.236000000000000000e+03 4.630000000000000000e+02
5.275000000000000000e+03 4.730000000000000000e+02
4.783000000000000000e+03 6.750000000000000000e+02
4.878000000000000000e+03 5.510000000000000000e+02
4.903000000000000000e+03 4.560000000000000000e+02
4.885000000000000000e+03 5.280000000000000000e+02
4.924000000000000000e+03 4.150000000000000000e+02
4.939000000000000000e+03 3.770000000000000000e+02
5.067000000000000000e+03 3.020000000000000000e+02
5.046000000000000000e+03 2.670000000000000000e+02
6.007000000000000000e+03 9.830000000000000000e+02
6.092000000000000000e+03 9.820000000000000000e+02
5.973000000000000000e+03 9.920000000000000000e+02
6.000000000000000000e+03 9.360000000000000000e+02
6.001000000000000000e+03 7.610000000000000000e+02
6.042000000000000000e+03 7.540000000000000000e+02
6.081000000000000000e+03 9.250000000000000000e+02
6.052000000000000000e+03 8.980000000000000000e+02
3.848000000000000000e+03 1.793000000000000000e+03
2.529000000000000000e+03 2.315000000000000000e+03
3.426000000000000000e+03 1.918000000000000000e+03
2.919000000000000000e+03 2.107000000000000000e+03
2.583000000000000000e+03 2.238000000000000000e+03
2.556000000000000000e+03 2.348000000000000000e+03
3.288000000000000000e+03 2.183000000000000000e+03
4.757000000000000000e+03 4.420000000000000000e+02
4.736000000000000000e+03 4.210000000000000000e+02
4.846000000000000000e+03 3.480000000000000000e+02
4.924000000000000000e+03 3.300000000000000000e+02
3.208000000000000000e+03 1.919000000000000000e+03
3.083000000000000000e+03 2.078000000000000000e+03
2.347000000000000000e+03 2.343000000000000000e+03
2.386000000000000000e+03 2.341000000000000000e+03
2.424000000000000000e+03 1.982000000000000000e+03
1.899000000000000000e+03 1.993000000000000000e+03
2.518000000000000000e+03 1.779000000000000000e+03
3.314000000000000000e+03 1.865000000000000000e+03
2.415000000000000000e+03 2.208000000000000000e+03
3.834000000000000000e+03 8.610000000000000000e+02
3.350000000000000000e+03 1.573000000000000000e+03
2.295000000000000000e+03 2.165000000000000000e+03
1.930000000000000000e+03 2.171000000000000000e+03
2.041000000000000000e+03 2.213000000000000000e+03
2.189000000000000000e+03 2.151000000000000000e+03
2.353000000000000000e+03 1.963000000000000000e+03
3.206000000000000000e+03 1.988000000000000000e+03
4.258000000000000000e+03 7.150000000000000000e+02
3.679000000000000000e+03 1.729000000000000000e+03
4.567000000000000000e+03 1.429000000000000000e+03
5.371000000000000000e+03 7.510000000000000000e+02
5.364000000000000000e+03 7.210000000000000000e+02
5.071000000000000000e+03 8.760000000000000000e+02
5.138000000000000000e+03 8.720000000000000000e+02
5.239000000000000000e+03 7.730000000000000000e+02
5.404000000000000000e+03 6.900000000000000000e+02
5.472000000000000000e+03 6.500000000000000000e+02
5.543000000000000000e+03 6.560000000000000000e+02
5.724000000000000000e+03 7.050000000000000000e+02
5.759000000000000000e+03 7.860000000000000000e+02
5.487000000000000000e+03 8.540000000000000000e+02
5.522000000000000000e+03 8.250000000000000000e+02
5.469000000000000000e+03 8.000000000000000000e+02
5.365000000000000000e+03 9.350000000000000000e+02
5.230000000000000000e+03 9.290000000000000000e+02
5.295000000000000000e+03 9.080000000000000000e+02
5.660000000000000000e+03 9.260000000000000000e+02
5.719000000000000000e+03 9.680000000000000000e+02
5.786000000000000000e+03 9.650000000000000000e+02
5.772000000000000000e+03 1.007000000000000000e+03
5.805000000000000000e+03 1.021000000000000000e+03
5.846000000000000000e+03 8.980000000000000000e+02
5.869000000000000000e+03 8.230000000000000000e+02
5.868000000000000000e+03 7.160000000000000000e+02
5.123000000000000000e+03 5.370000000000000000e+02
5.142000000000000000e+03 3.990000000000000000e+02
5.055000000000000000e+03 5.140000000000000000e+02
5.003000000000000000e+03 5.310000000000000000e+02
4.929000000000000000e+03 6.900000000000000000e+02
4.887000000000000000e+03 8.060000000000000000e+02
5.003000000000000000e+03 7.480000000000000000e+02
4.952000000000000000e+03 8.220000000000000000e+02
5.398000000000000000e+03 1.950000000000000000e+02
5.620000000000000000e+03 2.400000000000000000e+02
6.172000000000000000e+03 5.550000000000000000e+02
5.196000000000000000e+03 1.830000000000000000e+02
5.296000000000000000e+03 2.270000000000000000e+02
5.167000000000000000e+03 1.580000000000000000e+02
5.389000000000000000e+03 2.360000000000000000e+02
6.255000000000000000e+03 5.340000000000000000e+02
6.628000000000000000e+03 6.440000000000000000e+02
6.438000000000000000e+03 4.890000000000000000e+02
5.953000000000000000e+03 3.720000000000000000e+02
5.545000000000000000e+03 2.880000000000000000e+02
5.422000000000000000e+03 2.830000000000000000e+02
6.175000000000000000e+03 3.890000000000000000e+02
6.805000000000000000e+03 6.850000000000000000e+02
4.722000000000000000e+03 3.010000000000000000e+02
4.784000000000000000e+03 2.830000000000000000e+02
4.554000000000000000e+03 3.590000000000000000e+02
4.459000000000000000e+03 1.730000000000000000e+02
4.599000000000000000e+03 2.190000000000000000e+02
4.564000000000000000e+03 3.090000000000000000e+02
4.555000000000000000e+03 2.690000000000000000e+02
4.501000000000000000e+03 3.450000000000000000e+02
4.566000000000000000e+03 2.840000000000000000e+02
4.619000000000000000e+03 3.100000000000000000e+02
4.443000000000000000e+03 3.950000000000000000e+02
4.627000000000000000e+03 2.070000000000000000e+02
4.645000000000000000e+03 2.200000000000000000e+02
4.635000000000000000e+03 3.040000000000000000e+02
4.641000000000000000e+03 1.560000000000000000e+02
4.676000000000000000e+03 2.240000000000000000e+02
5.242000000000000000e+03 1.436000000000000000e+03
7.090000000000000000e+03 9.570000000000000000e+02
6.692000000000000000e+03 8.970000000000000000e+02
5.749000000000000000e+03 3.210000000000000000e+02
6.384000000000000000e+03 5.110000000000000000e+02
5.351000000000000000e+03 1.200000000000000000e+02
5.762000000000000000e+03 2.940000000000000000e+02
7.044000000000000000e+03 3.257000000000000000e+03
7.133000000000000000e+03 4.658000000000000000e+03
7.042000000000000000e+03 1.253000000000000000e+03
7.064000000000000000e+03 2.478000000000000000e+03
7.100000000000000000e+03 9.140000000000000000e+02
6.979000000000000000e+03 9.990000000000000000e+02
6.091000000000000000e+03 1.096000000000000000e+03
5.930000000000000000e+03 3.016000000000000000e+03
7.061000000000000000e+03 9.440000000000000000e+02
7.112000000000000000e+03 8.410000000000000000e+02
6.574000000000000000e+03 8.100000000000000000e+02
5.970000000000000000e+03 8.410000000000000000e+02
6.875000000000000000e+03 1.096000000000000000e+03
7.043000000000000000e+03 1.102000000000000000e+03
6.639000000000000000e+03 7.350000000000000000e+02
6.419000000000000000e+03 7.630000000000000000e+02
7.053000000000000000e+03 1.197000000000000000e+03
6.890000000000000000e+03 1.142000000000000000e+03
7.118000000000000000e+03 1.196000000000000000e+03
7.049000000000000000e+03 1.061000000000000000e+03
6.835000000000000000e+03 1.205000000000000000e+03
7.006000000000000000e+03 1.171000000000000000e+03
6.959000000000000000e+03 1.115000000000000000e+03
7.052000000000000000e+03 9.790000000000000000e+02
3.176000000000000000e+03 2.967000000000000000e+03
4.274000000000000000e+03 1.724000000000000000e+03
3.803000000000000000e+03 2.171000000000000000e+03
1.297000000000000000e+03 4.939000000000000000e+03
1.600000000000000000e+03 4.965000000000000000e+03
4.025000000000000000e+03 2.591000000000000000e+03
1.195000000000000000e+03 4.971000000000000000e+03
4.411000000000000000e+03 1.646000000000000000e+03
4.630000000000000000e+03 1.433000000000000000e+03
4.369000000000000000e+03 1.600000000000000000e+03
4.242000000000000000e+03 1.657000000000000000e+03
4.427000000000000000e+03 1.743000000000000000e+03
4.390000000000000000e+03 1.783000000000000000e+03
4.507000000000000000e+03 1.657000000000000000e+03
4.482000000000000000e+03 1.759000000000000000e+03
8.850000000000000000e+02 5.054000000000000000e+03
8.770000000000000000e+02 4.996000000000000000e+03
9.580000000000000000e+02 4.962000000000000000e+03
9.970000000000000000e+02 4.988000000000000000e+03
3.616000000000000000e+03 3.735000000000000000e+03
2.809000000000000000e+03 4.384000000000000000e+03
1.072000000000000000e+03 4.965000000000000000e+03
1.123000000000000000e+03 4.981000000000000000e+03
1.198000000000000000e+03 4.934000000000000000e+03
1.402000000000000000e+03 4.982000000000000000e+03
1.494000000000000000e+03 5.017000000000000000e+03
1.421000000000000000e+03 4.935000000000000000e+03
1.758000000000000000e+03 4.922000000000000000e+03
1.791000000000000000e+03 4.876000000000000000e+03
1.667000000000000000e+03 4.937000000000000000e+03
1.574000000000000000e+03 4.962000000000000000e+03
1.753000000000000000e+03 5.095000000000000000e+03
1.592000000000000000e+03 5.097000000000000000e+03
3.425000000000000000e+03 3.798000000000000000e+03
1.728000000000000000e+03 5.047000000000000000e+03
3.657000000000000000e+03 3.422000000000000000e+03
1.840000000000000000e+03 5.072000000000000000e+03
1.743000000000000000e+03 5.000000000000000000e+03
1.757000000000000000e+03 5.019000000000000000e+03
1.067000000000000000e+03 5.198000000000000000e+03
9.920000000000000000e+02 5.139000000000000000e+03
1.136000000000000000e+03 5.148000000000000000e+03
2.926000000000000000e+03 4.283000000000000000e+03
1.390000000000000000e+03 5.120000000000000000e+03
1.484000000000000000e+03 5.122000000000000000e+03
1.186000000000000000e+03 5.139000000000000000e+03
1.242000000000000000e+03 5.111000000000000000e+03
9.640000000000000000e+02 3.223000000000000000e+03
8.670000000000000000e+02 4.698000000000000000e+03
3.247000000000000000e+03 3.219000000000000000e+03
2.146000000000000000e+03 4.008000000000000000e+03
3.031000000000000000e+03 3.313000000000000000e+03
3.962000000000000000e+03 2.102000000000000000e+03
2.050000000000000000e+03 4.713000000000000000e+03
3.100000000000000000e+03 3.704000000000000000e+03
1.563000000000000000e+03 4.691000000000000000e+03
1.294000000000000000e+03 4.806000000000000000e+03
2.253000000000000000e+03 4.667000000000000000e+03
1.966000000000000000e+03 4.214000000000000000e+03
3.174000000000000000e+03 4.225000000000000000e+03
2.875000000000000000e+03 3.918000000000000000e+03
3.056000000000000000e+03 3.606000000000000000e+03
2.537000000000000000e+03 4.257000000000000000e+03
4.233000000000000000e+03 1.802000000000000000e+03
4.407000000000000000e+03 1.944000000000000000e+03
4.446000000000000000e+03 1.705000000000000000e+03
4.243000000000000000e+03 1.724000000000000000e+03
4.067000000000000000e+03 1.799000000000000000e+03
4.198000000000000000e+03 1.702000000000000000e+03
4.608000000000000000e+03 1.421000000000000000e+03
4.411000000000000000e+03 1.592000000000000000e+03
4.585000000000000000e+03 1.123000000000000000e+03
4.496000000000000000e+03 1.316000000000000000e+03
4.415000000000000000e+03 1.585000000000000000e+03
4.664000000000000000e+03 7.960000000000000000e+02
4.724000000000000000e+03 7.320000000000000000e+02
4.587000000000000000e+03 1.190000000000000000e+03
4.621000000000000000e+03 9.140000000000000000e+02
3.859000000000000000e+03 1.769000000000000000e+03
4.639000000000000000e+03 1.222000000000000000e+03
4.627000000000000000e+03 1.565000000000000000e+03
4.684000000000000000e+03 1.150000000000000000e+03
4.246000000000000000e+03 1.449000000000000000e+03
4.670000000000000000e+03 1.007000000000000000e+03
4.746000000000000000e+03 9.650000000000000000e+02
4.766000000000000000e+03 7.980000000000000000e+02
4.695000000000000000e+03 1.363000000000000000e+03
4.706000000000000000e+03 1.298000000000000000e+03
4.715000000000000000e+03 1.419000000000000000e+03
4.646000000000000000e+03 1.561000000000000000e+03
4.803000000000000000e+03 1.121000000000000000e+03
4.772000000000000000e+03 9.980000000000000000e+02
4.848000000000000000e+03 8.620000000000000000e+02
4.889000000000000000e+03 9.360000000000000000e+02
4.493000000000000000e+03 1.085000000000000000e+03
4.150000000000000000e+03 1.589000000000000000e+03
4.431000000000000000e+03 1.211000000000000000e+03
3.890000000000000000e+03 1.737000000000000000e+03
4.487000000000000000e+03 9.520000000000000000e+02
4.496000000000000000e+03 1.023000000000000000e+03
4.496000000000000000e+03 8.720000000000000000e+02
4.547000000000000000e+03 1.395000000000000000e+03
4.570000000000000000e+03 1.169000000000000000e+03
4.594000000000000000e+03 1.314000000000000000e+03
4.430000000000000000e+03 1.622000000000000000e+03
4.324000000000000000e+03 1.849000000000000000e+03
4.382000000000000000e+03 1.298000000000000000e+03
4.394000000000000000e+03 1.385000000000000000e+03
4.360000000000000000e+03 1.806000000000000000e+03
4.462000000000000000e+03 7.740000000000000000e+02
4.475000000000000000e+03 6.820000000000000000e+02
4.400000000000000000e+03 7.900000000000000000e+02
4.404000000000000000e+03 9.390000000000000000e+02
4.315000000000000000e+03 1.066000000000000000e+03
4.379000000000000000e+03 9.380000000000000000e+02
4.264000000000000000e+03 1.191000000000000000e+03
4.302000000000000000e+03 1.121000000000000000e+03
4.586000000000000000e+03 1.458000000000000000e+03
4.558000000000000000e+03 1.002000000000000000e+03
4.577000000000000000e+03 7.530000000000000000e+02
4.571000000000000000e+03 7.950000000000000000e+02
4.714000000000000000e+03 5.960000000000000000e+02
4.665000000000000000e+03 5.280000000000000000e+02
4.645000000000000000e+03 9.980000000000000000e+02
4.643000000000000000e+03 6.500000000000000000e+02
4.423000000000000000e+03 8.940000000000000000e+02
4.217000000000000000e+03 1.145000000000000000e+03
4.237000000000000000e+03 9.880000000000000000e+02
3.754000000000000000e+03 1.790000000000000000e+02
3.726000000000000000e+03 1.870000000000000000e+02
4.100000000000000000e+03 3.310000000000000000e+02
4.160000000000000000e+03 4.820000000000000000e+02
4.338000000000000000e+03 5.300000000000000000e+02
4.292000000000000000e+03 5.200000000000000000e+02
4.388000000000000000e+03 4.040000000000000000e+02
4.411000000000000000e+03 4.590000000000000000e+02
4.250000000000000000e+03 7.890000000000000000e+02
4.266000000000000000e+03 6.420000000000000000e+02
4.221000000000000000e+03 9.330000000000000000e+02
4.192000000000000000e+03 8.520000000000000000e+02
4.272000000000000000e+03 2.140000000000000000e+02
4.065000000000000000e+03 1.870000000000000000e+02
4.375000000000000000e+03 3.100000000000000000e+02
4.360000000000000000e+03 2.620000000000000000e+02
3.651000000000000000e+03 1.450000000000000000e+02
3.780000000000000000e+03 1.530000000000000000e+02
4.293000000000000000e+03 8.970000000000000000e+02
4.064000000000000000e+03 1.770000000000000000e+02
4.488000000000000000e+03 4.590000000000000000e+02
4.532000000000000000e+03 5.250000000000000000e+02
4.610000000000000000e+03 4.340000000000000000e+02
4.529000000000000000e+03 3.950000000000000000e+02
4.470000000000000000e+03 5.800000000000000000e+02
4.413000000000000000e+03 6.050000000000000000e+02
4.358000000000000000e+03 6.930000000000000000e+02
4.336000000000000000e+03 7.330000000000000000e+02
4.199000000000000000e+03 7.020000000000000000e+02
4.229000000000000000e+03 5.270000000000000000e+02
4.114000000000000000e+03 2.990000000000000000e+02
4.081000000000000000e+03 2.110000000000000000e+02
4.050000000000000000e+03 1.570000000000000000e+02
4.262000000000000000e+03 2.040000000000000000e+02
4.280000000000000000e+03 3.510000000000000000e+02
4.191000000000000000e+03 1.680000000000000000e+02
4.203000000000000000e+03 1.585000000000000000e+03
4.222000000000000000e+03 1.668000000000000000e+03
4.179000000000000000e+03 1.499000000000000000e+03
4.176000000000000000e+03 1.685000000000000000e+03
4.252000000000000000e+03 2.611000000000000000e+03
4.286000000000000000e+03 1.346000000000000000e+03
4.256000000000000000e+03 1.495000000000000000e+03
4.203000000000000000e+03 1.589000000000000000e+03
3.662000000000000000e+03 2.056000000000000000e+03
3.972000000000000000e+03 1.923000000000000000e+03
3.656000000000000000e+03 2.066000000000000000e+03
3.408000000000000000e+03 2.134000000000000000e+03
4.161000000000000000e+03 1.934000000000000000e+03
3.818000000000000000e+03 2.122000000000000000e+03
3.593000000000000000e+03 2.194000000000000000e+03
3.894000000000000000e+03 1.941000000000000000e+03
2.825000000000000000e+03 2.274000000000000000e+03
2.749000000000000000e+03 2.281000000000000000e+03
2.954000000000000000e+03 2.172000000000000000e+03
2.876000000000000000e+03 2.094000000000000000e+03
3.679000000000000000e+03 2.056000000000000000e+03
3.293000000000000000e+03 2.206000000000000000e+03
3.048000000000000000e+03 2.272000000000000000e+03
3.294000000000000000e+03 2.143000000000000000e+03
3.539000000000000000e+03 6.597000000000000000e+03
4.872000000000000000e+03 5.420000000000000000e+03
4.882000000000000000e+03 5.326000000000000000e+03
4.111000000000000000e+03 5.944000000000000000e+03
3.552000000000000000e+03 6.178000000000000000e+03
1.801000000000000000e+03 7.467000000000000000e+03
2.255000000000000000e+03 7.211000000000000000e+03
4.619000000000000000e+03 5.376000000000000000e+03
4.457000000000000000e+03 5.640000000000000000e+03
4.352000000000000000e+03 5.782000000000000000e+03
4.577000000000000000e+03 5.493000000000000000e+03
4.450000000000000000e+03 5.603000000000000000e+03
4.758000000000000000e+03 5.420000000000000000e+03
4.686000000000000000e+03 5.365000000000000000e+03
4.566000000000000000e+03 5.566000000000000000e+03
4.110000000000000000e+03 7.447000000000000000e+03
4.015000000000000000e+03 7.444000000000000000e+03
3.963000000000000000e+03 7.388000000000000000e+03
3.968000000000000000e+03 7.325000000000000000e+03
3.782000000000000000e+03 7.395000000000000000e+03
3.786000000000000000e+03 7.430000000000000000e+03
2.989000000000000000e+03 7.398000000000000000e+03
3.711000000000000000e+03 7.385000000000000000e+03
1.871000000000000000e+03 7.447000000000000000e+03
2.064000000000000000e+03 7.438000000000000000e+03
2.007000000000000000e+03 7.240000000000000000e+03
1.935000000000000000e+03 7.434000000000000000e+03
1.964000000000000000e+03 7.446000000000000000e+03
3.077000000000000000e+03 7.234000000000000000e+03
2.992000000000000000e+03 7.349000000000000000e+03
3.296000000000000000e+03 7.214000000000000000e+03
3.096000000000000000e+03 7.455000000000000000e+03
3.643000000000000000e+03 7.297000000000000000e+03
3.898000000000000000e+03 7.318000000000000000e+03
3.252000000000000000e+03 7.458000000000000000e+03
3.230000000000000000e+03 7.443000000000000000e+03
3.101000000000000000e+03 7.458000000000000000e+03
3.216000000000000000e+03 7.447000000000000000e+03
2.815000000000000000e+03 7.444000000000000000e+03
2.527000000000000000e+03 7.447000000000000000e+03
2.723000000000000000e+03 7.449000000000000000e+03
3.125000000000000000e+03 7.071000000000000000e+03
2.676000000000000000e+03 7.346000000000000000e+03
2.733000000000000000e+03 7.477000000000000000e+03
2.853000000000000000e+03 7.479000000000000000e+03
2.858000000000000000e+03 7.473000000000000000e+03
2.739000000000000000e+03 7.249000000000000000e+03
2.908000000000000000e+03 7.223000000000000000e+03
3.313000000000000000e+03 7.315000000000000000e+03
3.256000000000000000e+03 7.351000000000000000e+03
3.586000000000000000e+03 7.402000000000000000e+03
3.526000000000000000e+03 6.834000000000000000e+03
3.432000000000000000e+03 7.337000000000000000e+03
3.433000000000000000e+03 7.396000000000000000e+03
3.113000000000000000e+03 7.162000000000000000e+03
3.034000000000000000e+03 7.359000000000000000e+03
3.639000000000000000e+03 7.442000000000000000e+03
3.064000000000000000e+03 7.371000000000000000e+03
2.675000000000000000e+03 7.376000000000000000e+03
2.579000000000000000e+03 7.263000000000000000e+03
2.775000000000000000e+03 7.249000000000000000e+03
2.819000000000000000e+03 7.358000000000000000e+03
5.195000000000000000e+03 5.604000000000000000e+03
4.784000000000000000e+03 5.402000000000000000e+03
4.990000000000000000e+03 5.433000000000000000e+03
5.526000000000000000e+03 5.463000000000000000e+03
5.506000000000000000e+03 5.625000000000000000e+03
5.190000000000000000e+03 5.580000000000000000e+03
5.165000000000000000e+03 5.531000000000000000e+03
4.775000000000000000e+03 5.586000000000000000e+03
4.789000000000000000e+03 5.678000000000000000e+03
4.945000000000000000e+03 5.507000000000000000e+03
4.865000000000000000e+03 5.519000000000000000e+03
5.008000000000000000e+03 5.608000000000000000e+03
5.068000000000000000e+03 5.552000000000000000e+03
4.964000000000000000e+03 5.476000000000000000e+03
4.968000000000000000e+03 5.525000000000000000e+03
5.502000000000000000e+03 5.115000000000000000e+03
5.557000000000000000e+03 5.312000000000000000e+03
5.596000000000000000e+03 5.177000000000000000e+03
5.552000000000000000e+03 5.086000000000000000e+03
5.548000000000000000e+03 5.533000000000000000e+03
5.446000000000000000e+03 5.642000000000000000e+03
5.573000000000000000e+03 5.392000000000000000e+03
5.615000000000000000e+03 5.425000000000000000e+03
5.714000000000000000e+03 5.147000000000000000e+03
5.689000000000000000e+03 5.178000000000000000e+03
5.691000000000000000e+03 4.904000000000000000e+03
5.582000000000000000e+03 4.980000000000000000e+03
5.606000000000000000e+03 5.374000000000000000e+03
5.613000000000000000e+03 5.291000000000000000e+03
5.732000000000000000e+03 5.252000000000000000e+03
5.702000000000000000e+03 5.151000000000000000e+03
5.410000000000000000e+03 5.181000000000000000e+03
5.348000000000000000e+03 5.131000000000000000e+03
5.294000000000000000e+03 5.060000000000000000e+03
5.380000000000000000e+03 4.805000000000000000e+03
5.303000000000000000e+03 5.535000000000000000e+03
5.406000000000000000e+03 5.587000000000000000e+03
5.432000000000000000e+03 5.390000000000000000e+03
5.379000000000000000e+03 5.153000000000000000e+03
4.691000000000000000e+03 5.072000000000000000e+03
4.679000000000000000e+03 5.053000000000000000e+03
4.847000000000000000e+03 4.954000000000000000e+03
4.668000000000000000e+03 4.792000000000000000e+03
4.686000000000000000e+03 5.139000000000000000e+03
4.806000000000000000e+03 5.142000000000000000e+03
4.863000000000000000e+03 5.114000000000000000e+03
4.939000000000000000e+03 4.941000000000000000e+03
5.046000000000000000e+03 5.217000000000000000e+03
4.922000000000000000e+03 5.207000000000000000e+03
4.968000000000000000e+03 5.290000000000000000e+03
4.970000000000000000e+03 5.307000000000000000e+03
5.089000000000000000e+03 5.114000000000000000e+03
5.178000000000000000e+03 5.219000000000000000e+03
5.099000000000000000e+03 5.087000000000000000e+03
5.150000000000000000e+03 5.029000000000000000e+03
5.328000000000000000e+03 5.446000000000000000e+03
5.001000000000000000e+03 5.479000000000000000e+03
5.305000000000000000e+03 5.400000000000000000e+03
5.253000000000000000e+03 5.372000000000000000e+03
5.269000000000000000e+03 5.238000000000000000e+03
5.198000000000000000e+03 5.335000000000000000e+03
5.273000000000000000e+03 5.115000000000000000e+03
5.228000000000000000e+03 5.191000000000000000e+03
4.589000000000000000e+03 4.676000000000000000e+03
4.540000000000000000e+03 4.571000000000000000e+03
4.512000000000000000e+03 4.736000000000000000e+03
4.670000000000000000e+03 4.832000000000000000e+03
4.645000000000000000e+03 4.696000000000000000e+03
4.660000000000000000e+03 4.585000000000000000e+03
4.692000000000000000e+03 4.657000000000000000e+03
5.883000000000000000e+03 5.368000000000000000e+03
5.878000000000000000e+03 5.290000000000000000e+03
5.852000000000000000e+03 5.445000000000000000e+03
5.801000000000000000e+03 5.442000000000000000e+03
5.888000000000000000e+03 5.213000000000000000e+03
5.938000000000000000e+03 5.215000000000000000e+03
5.831000000000000000e+03 5.107000000000000000e+03
5.856000000000000000e+03 5.148000000000000000e+03
5.978000000000000000e+03 7.185000000000000000e+03
5.712000000000000000e+03 6.636000000000000000e+03
5.963000000000000000e+03 7.180000000000000000e+03
6.144000000000000000e+03 7.464000000000000000e+03
6.433000000000000000e+03 7.458000000000000000e+03
6.489000000000000000e+03 7.477000000000000000e+03
6.291000000000000000e+03 7.259000000000000000e+03
5.852000000000000000e+03 6.512000000000000000e+03
4.344000000000000000e+03 7.371000000000000000e+03
4.347000000000000000e+03 7.371000000000000000e+03
4.433000000000000000e+03 7.402000000000000000e+03
4.356000000000000000e+03 7.451000000000000000e+03
4.556000000000000000e+03 7.262000000000000000e+03
4.706000000000000000e+03 7.342000000000000000e+03
4.376000000000000000e+03 7.248000000000000000e+03
4.445000000000000000e+03 7.244000000000000000e+03
4.657000000000000000e+03 7.312000000000000000e+03
4.216000000000000000e+03 7.368000000000000000e+03
4.183000000000000000e+03 7.373000000000000000e+03
5.264000000000000000e+03 6.804000000000000000e+03
4.645000000000000000e+03 7.091000000000000000e+03
5.012000000000000000e+03 6.903000000000000000e+03
4.867000000000000000e+03 6.536000000000000000e+03
4.596000000000000000e+03 7.377000000000000000e+03
4.628000000000000000e+03 6.842000000000000000e+03
4.594000000000000000e+03 7.446000000000000000e+03
4.513000000000000000e+03 7.416000000000000000e+03
5.032000000000000000e+03 6.747000000000000000e+03
4.648000000000000000e+03 6.779000000000000000e+03
4.560000000000000000e+03 7.176000000000000000e+03
4.613000000000000000e+03 7.263000000000000000e+03
5.708000000000000000e+03 7.323000000000000000e+03
5.845000000000000000e+03 7.448000000000000000e+03
5.755000000000000000e+03 7.446000000000000000e+03
5.315000000000000000e+03 7.214000000000000000e+03
5.970000000000000000e+03 7.404000000000000000e+03
5.583000000000000000e+03 7.302000000000000000e+03
5.786000000000000000e+03 7.417000000000000000e+03
5.725000000000000000e+03 7.384000000000000000e+03
4.390000000000000000e+03 6.992000000000000000e+03
4.405000000000000000e+03 6.926000000000000000e+03
4.443000000000000000e+03 7.068000000000000000e+03
4.429000000000000000e+03 7.091000000000000000e+03
4.764000000000000000e+03 6.859000000000000000e+03
4.365000000000000000e+03 6.602000000000000000e+03
4.385000000000000000e+03 6.782000000000000000e+03
4.337000000000000000e+03 6.689000000000000000e+03
4.933000000000000000e+03 6.610000000000000000e+03
4.391000000000000000e+03 4.679000000000000000e+03
4.404000000000000000e+03 4.826000000000000000e+03
4.490000000000000000e+03 5.573000000000000000e+03
4.478000000000000000e+03 5.790000000000000000e+03
4.516000000000000000e+03 5.639000000000000000e+03
4.529000000000000000e+03 6.074000000000000000e+03
4.579000000000000000e+03 6.448000000000000000e+03
4.519000000000000000e+03 6.517000000000000000e+03
4.466000000000000000e+03 5.642000000000000000e+03
4.533000000000000000e+03 6.418000000000000000e+03
4.538000000000000000e+03 6.321000000000000000e+03
4.508000000000000000e+03 6.309000000000000000e+03
4.528000000000000000e+03 5.629000000000000000e+03
4.548000000000000000e+03 6.138000000000000000e+03
4.509000000000000000e+03 4.493000000000000000e+03
4.536000000000000000e+03 4.540000000000000000e+03
4.651000000000000000e+03 4.368000000000000000e+03
4.637000000000000000e+03 4.501000000000000000e+03
4.426000000000000000e+03 4.575000000000000000e+03
4.342000000000000000e+03 4.577000000000000000e+03
4.434000000000000000e+03 4.617000000000000000e+03
4.402000000000000000e+03 4.549000000000000000e+03
4.585000000000000000e+03 4.380000000000000000e+03
4.616000000000000000e+03 4.333000000000000000e+03
4.502000000000000000e+03 4.292000000000000000e+03
4.553000000000000000e+03 4.221000000000000000e+03
4.415000000000000000e+03 4.319000000000000000e+03
4.407000000000000000e+03 4.289000000000000000e+03
4.376000000000000000e+03 4.419000000000000000e+03
4.314000000000000000e+03 4.533000000000000000e+03
4.625000000000000000e+03 6.275000000000000000e+03
5.593000000000000000e+03 6.940000000000000000e+03
4.482000000000000000e+03 5.917000000000000000e+03
4.477000000000000000e+03 6.164000000000000000e+03
6.085000000000000000e+03 6.748000000000000000e+03
5.803000000000000000e+03 6.913000000000000000e+03
5.276000000000000000e+03 7.313000000000000000e+03
5.468000000000000000e+03 7.244000000000000000e+03
5.405000000000000000e+03 6.163000000000000000e+03
4.455000000000000000e+03 6.351000000000000000e+03
4.427000000000000000e+03 6.184000000000000000e+03
4.407000000000000000e+03 5.603000000000000000e+03
4.400000000000000000e+03 6.622000000000000000e+03
4.390000000000000000e+03 6.445000000000000000e+03
4.276000000000000000e+03 5.950000000000000000e+03
4.361000000000000000e+03 6.375000000000000000e+03
4.480000000000000000e+03 6.891000000000000000e+03
4.529000000000000000e+03 6.827000000000000000e+03
4.467000000000000000e+03 6.674000000000000000e+03
4.714000000000000000e+03 6.887000000000000000e+03
4.667000000000000000e+03 6.849000000000000000e+03
4.737000000000000000e+03 7.045000000000000000e+03
4.764000000000000000e+03 6.875000000000000000e+03
4.525000000000000000e+03 6.756000000000000000e+03
6.464000000000000000e+03 6.446000000000000000e+03
5.188000000000000000e+03 7.435000000000000000e+03
5.765000000000000000e+03 6.846000000000000000e+03
6.280000000000000000e+03 6.670000000000000000e+03
5.889000000000000000e+03 6.903000000000000000e+03
5.564000000000000000e+03 7.026000000000000000e+03
5.386000000000000000e+03 7.470000000000000000e+03
5.352000000000000000e+03 7.467000000000000000e+03
3.336000000000000000e+03 4.897000000000000000e+03
3.365000000000000000e+03 4.934000000000000000e+03
2.923000000000000000e+03 4.968000000000000000e+03
3.408000000000000000e+03 4.770000000000000000e+03
2.811000000000000000e+03 4.950000000000000000e+03
2.624000000000000000e+03 4.972000000000000000e+03
2.705000000000000000e+03 4.964000000000000000e+03
2.456000000000000000e+03 5.016000000000000000e+03
2.653000000000000000e+03 4.944000000000000000e+03
2.449000000000000000e+03 5.092000000000000000e+03
2.400000000000000000e+03 5.018000000000000000e+03
3.071000000000000000e+03 5.062000000000000000e+03
2.708000000000000000e+03 5.074000000000000000e+03
3.219000000000000000e+03 5.072000000000000000e+03
3.110000000000000000e+03 5.084000000000000000e+03
2.607000000000000000e+03 5.187000000000000000e+03
2.754000000000000000e+03 5.271000000000000000e+03
2.637000000000000000e+03 5.265000000000000000e+03
2.574000000000000000e+03 5.177000000000000000e+03
3.016000000000000000e+03 5.117000000000000000e+03
2.887000000000000000e+03 5.198000000000000000e+03
2.811000000000000000e+03 5.328000000000000000e+03
2.869000000000000000e+03 5.292000000000000000e+03
2.636000000000000000e+03 5.169000000000000000e+03
3.196000000000000000e+03 5.136000000000000000e+03
2.647000000000000000e+03 5.364000000000000000e+03
4.210000000000000000e+03 4.625000000000000000e+03
2.431000000000000000e+03 5.341000000000000000e+03
2.550000000000000000e+03 5.334000000000000000e+03
2.365000000000000000e+03 5.183000000000000000e+03
2.384000000000000000e+03 5.295000000000000000e+03
3.934000000000000000e+03 5.212000000000000000e+03
3.353000000000000000e+03 5.210000000000000000e+03
3.403000000000000000e+03 5.176000000000000000e+03
3.045000000000000000e+03 5.371000000000000000e+03
3.056000000000000000e+03 5.329000000000000000e+03
3.044000000000000000e+03 5.236000000000000000e+03
3.055000000000000000e+03 5.396000000000000000e+03
3.433000000000000000e+03 5.358000000000000000e+03
3.763000000000000000e+03 5.046000000000000000e+03
3.362000000000000000e+03 5.366000000000000000e+03
3.279000000000000000e+03 5.368000000000000000e+03
4.028000000000000000e+03 4.772000000000000000e+03
3.511000000000000000e+03 5.281000000000000000e+03
3.801000000000000000e+03 5.001000000000000000e+03
4.299000000000000000e+03 4.526000000000000000e+03
3.496000000000000000e+03 5.132000000000000000e+03
3.904000000000000000e+03 5.065000000000000000e+03
3.460000000000000000e+03 5.271000000000000000e+03
3.429000000000000000e+03 5.146000000000000000e+03
3.551000000000000000e+03 5.005000000000000000e+03
3.535000000000000000e+03 5.019000000000000000e+03
3.871000000000000000e+03 4.907000000000000000e+03
3.591000000000000000e+03 5.089000000000000000e+03
3.114000000000000000e+03 4.968000000000000000e+03
3.153000000000000000e+03 4.955000000000000000e+03
3.134000000000000000e+03 4.899000000000000000e+03
3.281000000000000000e+03 4.888000000000000000e+03
3.188000000000000000e+03 5.023000000000000000e+03
3.113000000000000000e+03 5.003000000000000000e+03
3.219000000000000000e+03 5.039000000000000000e+03
3.370000000000000000e+03 4.932000000000000000e+03
4.196000000000000000e+03 2.281000000000000000e+03
3.665000000000000000e+03 2.403000000000000000e+03
3.807000000000000000e+03 2.411000000000000000e+03
3.593000000000000000e+03 2.290000000000000000e+03
3.457000000000000000e+03 2.370000000000000000e+03
3.649000000000000000e+03 2.261000000000000000e+03
3.758000000000000000e+03 2.327000000000000000e+03
4.308000000000000000e+03 2.907000000000000000e+03
4.316000000000000000e+03 2.788000000000000000e+03
4.336000000000000000e+03 3.003000000000000000e+03
4.317000000000000000e+03 3.238000000000000000e+03
4.294000000000000000e+03 2.668000000000000000e+03
4.291000000000000000e+03 2.514000000000000000e+03
4.304000000000000000e+03 2.643000000000000000e+03
4.348000000000000000e+03 2.506000000000000000e+03
4.484000000000000000e+03 2.733000000000000000e+03
4.506000000000000000e+03 2.660000000000000000e+03
4.501000000000000000e+03 3.079000000000000000e+03
4.510000000000000000e+03 2.911000000000000000e+03
4.438000000000000000e+03 3.220000000000000000e+03
4.424000000000000000e+03 3.356000000000000000e+03
4.375000000000000000e+03 3.307000000000000000e+03
4.492000000000000000e+03 3.224000000000000000e+03
4.406000000000000000e+03 2.573000000000000000e+03
4.407000000000000000e+03 2.686000000000000000e+03
4.371000000000000000e+03 2.865000000000000000e+03
4.407000000000000000e+03 2.860000000000000000e+03
4.394000000000000000e+03 2.905000000000000000e+03
4.312000000000000000e+03 2.997000000000000000e+03
4.401000000000000000e+03 3.117000000000000000e+03
4.400000000000000000e+03 2.842000000000000000e+03
4.609000000000000000e+03 2.464000000000000000e+03
4.491000000000000000e+03 2.459000000000000000e+03
4.659000000000000000e+03 2.187000000000000000e+03
4.682000000000000000e+03 2.364000000000000000e+03
4.541000000000000000e+03 2.106000000000000000e+03
4.481000000000000000e+03 2.212000000000000000e+03
4.532000000000000000e+03 2.457000000000000000e+03
4.459000000000000000e+03 2.327000000000000000e+03
4.654000000000000000e+03 2.701000000000000000e+03
4.689000000000000000e+03 2.440000000000000000e+03
4.653000000000000000e+03 2.744000000000000000e+03
4.667000000000000000e+03 2.940000000000000000e+03
4.643000000000000000e+03 3.096000000000000000e+03
4.633000000000000000e+03 2.998000000000000000e+03
4.477000000000000000e+03 2.356000000000000000e+03
4.573000000000000000e+03 2.286000000000000000e+03
4.632000000000000000e+03 2.980000000000000000e+03
4.626000000000000000e+03 3.177000000000000000e+03
4.732000000000000000e+03 2.046000000000000000e+03
4.969000000000000000e+03 1.106000000000000000e+03
4.685000000000000000e+03 2.426000000000000000e+03
5.071000000000000000e+03 2.058000000000000000e+03
5.405000000000000000e+03 1.043000000000000000e+03
5.216000000000000000e+03 1.056000000000000000e+03
4.633000000000000000e+03 3.348000000000000000e+03
4.695000000000000000e+03 3.284000000000000000e+03
4.516000000000000000e+03 2.970000000000000000e+03
4.714000000000000000e+03 2.723000000000000000e+03
4.652000000000000000e+03 1.919000000000000000e+03
4.626000000000000000e+03 1.994000000000000000e+03
4.707000000000000000e+03 2.344000000000000000e+03
4.628000000000000000e+03 2.759000000000000000e+03
4.819000000000000000e+03 5.864000000000000000e+03
4.962000000000000000e+03 5.663000000000000000e+03
4.699000000000000000e+03 5.605000000000000000e+03
4.572000000000000000e+03 5.615000000000000000e+03
4.654000000000000000e+03 5.525000000000000000e+03
4.510000000000000000e+03 5.799000000000000000e+03
4.547000000000000000e+03 5.774000000000000000e+03
5.230000000000000000e+03 6.191000000000000000e+03
4.913000000000000000e+03 6.763000000000000000e+03
4.875000000000000000e+03 7.064000000000000000e+03
4.728000000000000000e+03 6.265000000000000000e+03
4.600000000000000000e+03 6.229000000000000000e+03
4.611000000000000000e+03 6.414000000000000000e+03
4.595000000000000000e+03 5.883000000000000000e+03
4.569000000000000000e+03 5.907000000000000000e+03
2.187000000000000000e+03 5.260000000000000000e+03
2.723000000000000000e+03 5.172000000000000000e+03
2.152000000000000000e+03 5.200000000000000000e+03
2.058000000000000000e+03 5.173000000000000000e+03
2.754000000000000000e+03 5.183000000000000000e+03
3.882000000000000000e+03 4.646000000000000000e+03
2.339000000000000000e+03 5.256000000000000000e+03
2.156000000000000000e+03 5.307000000000000000e+03
7.550000000000000000e+02 5.041000000000000000e+03
1.021000000000000000e+03 4.910000000000000000e+03
6.210000000000000000e+02 5.025000000000000000e+03
6.630000000000000000e+02 5.039000000000000000e+03
8.290000000000000000e+02 5.127000000000000000e+03
3.220000000000000000e+03 4.570000000000000000e+03
1.732000000000000000e+03 4.829000000000000000e+03
2.027000000000000000e+03 4.916000000000000000e+03
3.083000000000000000e+03 5.275000000000000000e+03
3.401000000000000000e+03 4.910000000000000000e+03
1.562000000000000000e+03 5.271000000000000000e+03
3.410000000000000000e+03 5.283000000000000000e+03
4.080000000000000000e+03 5.353000000000000000e+03
3.406000000000000000e+03 5.254000000000000000e+03
3.980000000000000000e+03 5.300000000000000000e+03
4.459000000000000000e+03 5.414000000000000000e+03
4.484000000000000000e+03 5.423000000000000000e+03
4.484000000000000000e+03 5.306000000000000000e+03
4.438000000000000000e+03 5.388000000000000000e+03
3.462000000000000000e+03 5.286000000000000000e+03
4.288000000000000000e+03 5.312000000000000000e+03
4.358000000000000000e+03 5.294000000000000000e+03
4.255000000000000000e+03 5.292000000000000000e+03
2.337000000000000000e+03 4.946000000000000000e+03
2.312000000000000000e+03 4.955000000000000000e+03
2.543000000000000000e+03 4.903000000000000000e+03
2.316000000000000000e+03 4.943000000000000000e+03
2.178000000000000000e+03 4.999000000000000000e+03
2.252000000000000000e+03 4.971000000000000000e+03
2.187000000000000000e+03 5.060000000000000000e+03
2.119000000000000000e+03 5.074000000000000000e+03
4.720000000000000000e+02 5.169000000000000000e+03
4.780000000000000000e+02 5.105000000000000000e+03
5.510000000000000000e+02 5.069000000000000000e+03
4.660000000000000000e+02 5.038000000000000000e+03
6.610000000000000000e+02 5.194000000000000000e+03
5.820000000000000000e+02 5.015000000000000000e+03
3.142000000000000000e+03 4.876000000000000000e+03
3.320000000000000000e+03 4.871000000000000000e+03
3.469000000000000000e+03 4.916000000000000000e+03
3.416000000000000000e+03 4.961000000000000000e+03
3.727000000000000000e+03 4.894000000000000000e+03
4.352000000000000000e+03 4.561000000000000000e+03
4.230000000000000000e+03 4.716000000000000000e+03
2.634000000000000000e+03 4.671000000000000000e+03
9.440000000000000000e+02 5.354000000000000000e+03
1.638000000000000000e+03 5.187000000000000000e+03
1.510000000000000000e+03 5.195000000000000000e+03
1.472000000000000000e+03 5.212000000000000000e+03
1.285000000000000000e+03 5.271000000000000000e+03
1.294000000000000000e+03 5.338000000000000000e+03
1.370000000000000000e+03 5.339000000000000000e+03
1.144000000000000000e+03 5.285000000000000000e+03
1.289000000000000000e+03 5.358000000000000000e+03
3.937000000000000000e+03 5.025000000000000000e+03
3.883000000000000000e+03 5.078000000000000000e+03
4.233000000000000000e+03 4.615000000000000000e+03
4.435000000000000000e+03 4.471000000000000000e+03
3.810000000000000000e+03 5.237000000000000000e+03
3.874000000000000000e+03 5.269000000000000000e+03
3.815000000000000000e+03 5.114000000000000000e+03
3.736000000000000000e+03 5.190000000000000000e+03
4.247000000000000000e+03 5.200000000000000000e+03
4.365000000000000000e+03 5.106000000000000000e+03
4.128000000000000000e+03 5.218000000000000000e+03
4.200000000000000000e+03 5.237000000000000000e+03
4.284000000000000000e+03 5.076000000000000000e+03
4.272000000000000000e+03 5.002000000000000000e+03
4.312000000000000000e+03 5.090000000000000000e+03
4.178000000000000000e+03 5.014000000000000000e+03
8.450000000000000000e+02 5.272000000000000000e+03
1.055000000000000000e+03 5.370000000000000000e+03
7.300000000000000000e+02 5.342000000000000000e+03
8.210000000000000000e+02 5.312000000000000000e+03
2.870000000000000000e+03 5.500000000000000000e+03
4.263000000000000000e+03 5.721000000000000000e+03
3.592000000000000000e+03 6.095000000000000000e+03
4.106000000000000000e+03 6.680000000000000000e+03
3.143000000000000000e+03 6.164000000000000000e+03
2.769000000000000000e+03 6.103000000000000000e+03
3.143000000000000000e+03 5.737000000000000000e+03
3.788000000000000000e+03 6.332000000000000000e+03
4.130000000000000000e+03 6.181000000000000000e+03
3.213000000000000000e+03 7.276000000000000000e+03
3.475000000000000000e+03 5.861000000000000000e+03
2.040000000000000000e+03 5.603000000000000000e+03
5.530000000000000000e+02 5.337000000000000000e+03
5.740000000000000000e+02 5.284000000000000000e+03
3.990000000000000000e+03 5.501000000000000000e+03
1.969000000000000000e+03 5.440000000000000000e+03
3.966000000000000000e+03 5.309000000000000000e+03
3.811000000000000000e+03 5.195000000000000000e+03
3.718000000000000000e+03 5.468000000000000000e+03
3.897000000000000000e+03 5.427000000000000000e+03
4.219000000000000000e+03 5.182000000000000000e+03
3.931000000000000000e+03 5.015000000000000000e+03
4.384000000000000000e+03 5.522000000000000000e+03
4.297000000000000000e+03 5.502000000000000000e+03
4.354000000000000000e+03 6.030000000000000000e+03
4.294000000000000000e+03 5.918000000000000000e+03
4.027000000000000000e+03 5.213000000000000000e+03
4.365000000000000000e+03 5.941000000000000000e+03
3.550000000000000000e+02 2.200000000000000000e+02
3.520000000000000000e+02 2.440000000000000000e+03
3.890000000000000000e+02 5.440000000000000000e+03
4.746000000000000000e+03 1.100000000000000000e+03
4.645000000000000000e+03 5.650000000000000000e+03
-4.000000000000000000e+00 0.000000000000000000e+00
7.164000000000000000e+03 0.000000000000000000e+00
3.000000000000000000e+00 0.000000000000000000e+00
