5.726000000000000000e+03 5.630000000000000000e+02
5.609000000000000000e+03 5.810000000000000000e+02
5.390000000000000000e+03 7.190000000000000000e+02
5.591000000000000000e+03 5.420000000000000000e+02
5.570000000000000000e+03 6.450000000000000000e+02
5.463000000000000000e+03 7.220000000000000000e+02
5.525000000000000000e+03 7.160000000000000000e+02
5.847000000000000000e+03 2.040000000000000000e+02
5.852000000000000000e+03 2.850000000000000000e+02
5.807000000000000000e+03 4.020000000000000000e+02
5.876000000000000000e+03 4.020000000000000000e+02
5.855000000000000000e+03 1.830000000000000000e+02
5.674000000000000000e+03 3.420000000000000000e+02
5.955000000000000000e+03 1.890000000000000000e+02
5.947000000000000000e+03 2.630000000000000000e+02
5.667000000000000000e+03 6.610000000000000000e+02
5.689000000000000000e+03 6.650000000000000000e+02
5.377000000000000000e+03 8.300000000000000000e+02
5.411000000000000000e+03 7.760000000000000000e+02
5.820000000000000000e+03 6.790000000000000000e+02
5.765000000000000000e+03 6.270000000000000000e+02
5.849000000000000000e+03 6.660000000000000000e+02
5.846000000000000000e+03 6.720000000000000000e+02
5.702000000000000000e+03 7.580000000000000000e+02
5.656000000000000000e+03 8.210000000000000000e+02
5.775000000000000000e+03 7.770000000000000000e+02
5.716000000000000000e+03 7.760000000000000000e+02
5.429000000000000000e+03 8.100000000000000000e+02
5.413000000000000000e+03 8.320000000000000000e+02
5.590000000000000000e+03 8.000000000000000000e+02
5.513000000000000000e+03 7.690000000000000000e+02
5.958000000000000000e+03 3.260000000000000000e+02
6.057000000000000000e+03 2.890000000000000000e+02
6.052000000000000000e+03 3.470000000000000000e+02
5.431000000000000000e+03 4.530000000000000000e+02
5.469000000000000000e+03 4.280000000000000000e+02
5.394000000000000000e+03 5.010000000000000000e+02
5.385000000000000000e+03 5.060000000000000000e+02
5.744000000000000000e+03 2.500000000000000000e+02
5.614000000000000000e+03 2.740000000000000000e+02
5.704000000000000000e+03 3.220000000000000000e+02
5.580000000000000000e+03 2.890000000000000000e+02
5.352000000000000000e+03 3.470000000000000000e+02
5.447000000000000000e+03 3.630000000000000000e+02
5.506000000000000000e+03 3.230000000000000000e+02
5.548000000000000000e+03 3.400000000000000000e+02
5.655000000000000000e+03 5.470000000000000000e+02
6.072000000000000000e+03 4.450000000000000000e+02
6.047000000000000000e+03 5.440000000000000000e+02
6.124000000000000000e+03 4.850000000000000000e+02
5.984000000000000000e+03 5.940000000000000000e+02
5.908000000000000000e+03 5.230000000000000000e+02
5.987000000000000000e+03 6.870000000000000000e+02
5.970000000000000000e+03 5.870000000000000000e+02
6.023000000000000000e+03 7.550000000000000000e+02
5.989000000000000000e+03 7.570000000000000000e+02
5.914000000000000000e+03 8.230000000000000000e+02
5.935000000000000000e+03 7.900000000000000000e+02
6.077000000000000000e+03 9.180000000000000000e+02
6.187000000000000000e+03 9.640000000000000000e+02
6.150000000000000000e+03 8.840000000000000000e+02
6.082000000000000000e+03 8.170000000000000000e+02
6.152000000000000000e+03 7.040000000000000000e+02
6.578000000000000000e+03 5.340000000000000000e+02
6.526000000000000000e+03 5.480000000000000000e+02
6.146000000000000000e+03 6.320000000000000000e+02
6.183000000000000000e+03 7.380000000000000000e+02
6.154000000000000000e+03 6.980000000000000000e+02
6.086000000000000000e+03 7.630000000000000000e+02
6.559000000000000000e+03 2.990000000000000000e+02
6.588000000000000000e+03 2.830000000000000000e+02
6.653000000000000000e+03 4.700000000000000000e+02
6.583000000000000000e+03 4.070000000000000000e+02
6.508000000000000000e+03 2.330000000000000000e+02
6.445000000000000000e+03 1.880000000000000000e+02
6.518000000000000000e+03 1.590000000000000000e+02
6.609000000000000000e+03 2.910000000000000000e+02
6.269000000000000000e+03 6.800000000000000000e+02
6.220000000000000000e+03 5.410000000000000000e+02
6.323000000000000000e+03 6.330000000000000000e+02
6.324000000000000000e+03 7.050000000000000000e+02
6.325000000000000000e+03 8.100000000000000000e+02
6.292000000000000000e+03 8.860000000000000000e+02
5.804000000000000000e+03 7.530000000000000000e+02
6.161000000000000000e+03 7.220000000000000000e+02
6.190000000000000000e+03 2.090000000000000000e+02
6.272000000000000000e+03 1.470000000000000000e+02
6.033000000000000000e+03 2.120000000000000000e+02
6.112000000000000000e+03 1.530000000000000000e+02
6.275000000000000000e+03 3.090000000000000000e+02
6.282000000000000000e+03 2.370000000000000000e+02
6.218000000000000000e+03 4.280000000000000000e+02
6.188000000000000000e+03 3.620000000000000000e+02
6.213000000000000000e+03 9.280000000000000000e+02
6.375000000000000000e+03 7.650000000000000000e+02
6.498000000000000000e+03 1.083000000000000000e+03
6.449000000000000000e+03 1.070000000000000000e+03
6.326000000000000000e+03 9.280000000000000000e+02
6.522000000000000000e+03 9.990000000000000000e+02
6.400000000000000000e+03 9.570000000000000000e+02
6.529000000000000000e+03 9.630000000000000000e+02
6.481000000000000000e+03 6.940000000000000000e+02
6.499000000000000000e+03 7.560000000000000000e+02
6.533000000000000000e+03 8.660000000000000000e+02
6.659000000000000000e+03 8.400000000000000000e+02
6.600000000000000000e+03 8.780000000000000000e+02
6.644000000000000000e+03 7.520000000000000000e+02
6.482000000000000000e+03 7.910000000000000000e+02
6.512000000000000000e+03 8.220000000000000000e+02
6.261000000000000000e+03 1.067000000000000000e+03
6.259000000000000000e+03 7.510000000000000000e+02
6.194000000000000000e+03 5.440000000000000000e+02
6.351000000000000000e+03 5.300000000000000000e+02
6.375000000000000000e+03 1.103000000000000000e+03
6.080000000000000000e+03 8.640000000000000000e+02
6.095000000000000000e+03 7.580000000000000000e+02
6.321000000000000000e+03 1.126000000000000000e+03
6.299000000000000000e+03 6.750000000000000000e+02
6.435000000000000000e+03 4.230000000000000000e+02
6.425000000000000000e+03 2.860000000000000000e+02
6.355000000000000000e+03 3.470000000000000000e+02
6.347000000000000000e+03 4.710000000000000000e+02
6.458000000000000000e+03 5.590000000000000000e+02
6.344000000000000000e+03 5.410000000000000000e+02
6.483000000000000000e+03 4.300000000000000000e+02
3.795000000000000000e+03 6.670000000000000000e+02
3.965000000000000000e+03 5.620000000000000000e+02
3.979000000000000000e+03 6.690000000000000000e+02
3.831000000000000000e+03 3.910000000000000000e+02
3.953000000000000000e+03 3.880000000000000000e+02
3.920000000000000000e+03 5.360000000000000000e+02
3.844000000000000000e+03 3.750000000000000000e+02
4.064000000000000000e+03 1.750000000000000000e+02
4.128000000000000000e+03 1.530000000000000000e+02
4.213000000000000000e+03 2.010000000000000000e+02
4.081000000000000000e+03 2.060000000000000000e+02
4.033000000000000000e+03 4.650000000000000000e+02
3.971000000000000000e+03 6.680000000000000000e+02
4.083000000000000000e+03 3.990000000000000000e+02
4.106000000000000000e+03 2.810000000000000000e+02
3.429000000000000000e+03 1.910000000000000000e+02
3.526000000000000000e+03 1.970000000000000000e+02
3.572000000000000000e+03 1.850000000000000000e+02
3.593000000000000000e+03 1.740000000000000000e+02
3.596000000000000000e+03 3.460000000000000000e+02
3.625000000000000000e+03 4.620000000000000000e+02
3.623000000000000000e+03 2.670000000000000000e+02
3.691000000000000000e+03 4.140000000000000000e+02
3.732000000000000000e+03 2.210000000000000000e+02
3.870000000000000000e+03 1.500000000000000000e+02
3.909000000000000000e+03 2.000000000000000000e+02
3.945000000000000000e+03 2.320000000000000000e+02
3.827000000000000000e+03 3.790000000000000000e+02
3.819000000000000000e+03 4.710000000000000000e+02
3.785000000000000000e+03 2.990000000000000000e+02
3.740000000000000000e+03 2.530000000000000000e+02
4.856000000000000000e+03 8.200000000000000000e+02
4.008000000000000000e+03 9.170000000000000000e+02
4.085000000000000000e+03 8.590000000000000000e+02
5.240000000000000000e+03 7.560000000000000000e+02
5.205000000000000000e+03 8.820000000000000000e+02
5.918000000000000000e+03 9.720000000000000000e+02
5.391000000000000000e+03 9.110000000000000000e+02
5.660000000000000000e+03 4.360000000000000000e+02
5.668000000000000000e+03 4.810000000000000000e+02
5.371000000000000000e+03 8.390000000000000000e+02
5.572000000000000000e+03 4.850000000000000000e+02
5.274000000000000000e+03 6.830000000000000000e+02
5.337000000000000000e+03 6.400000000000000000e+02
5.432000000000000000e+03 5.460000000000000000e+02
5.467000000000000000e+03 5.520000000000000000e+02
4.915000000000000000e+03 6.670000000000000000e+02
5.017000000000000000e+03 4.670000000000000000e+02
5.018000000000000000e+03 3.690000000000000000e+02
5.009000000000000000e+03 4.280000000000000000e+02
5.019000000000000000e+03 3.440000000000000000e+02
5.034000000000000000e+03 2.850000000000000000e+02
5.195000000000000000e+03 2.580000000000000000e+02
5.169000000000000000e+03 3.090000000000000000e+02
6.047000000000000000e+03 1.159000000000000000e+03
6.124000000000000000e+03 1.169000000000000000e+03
5.983000000000000000e+03 1.158000000000000000e+03
6.001000000000000000e+03 1.104000000000000000e+03
6.056000000000000000e+03 1.022000000000000000e+03
6.112000000000000000e+03 1.043000000000000000e+03
6.159000000000000000e+03 1.159000000000000000e+03
6.144000000000000000e+03 1.107000000000000000e+03
2.771000000000000000e+03 2.059000000000000000e+03
2.746000000000000000e+03 2.429000000000000000e+03
3.107000000000000000e+03 2.074000000000000000e+03
2.495000000000000000e+03 2.461000000000000000e+03
2.626000000000000000e+03 2.393000000000000000e+03
2.655000000000000000e+03 2.421000000000000000e+03
2.741000000000000000e+03 2.496000000000000000e+03
5.065000000000000000e+03 5.830000000000000000e+02
5.006000000000000000e+03 5.600000000000000000e+02
5.121000000000000000e+03 4.610000000000000000e+02
5.173000000000000000e+03 4.070000000000000000e+02
2.974000000000000000e+03 2.025000000000000000e+03
2.905000000000000000e+03 2.154000000000000000e+03
2.434000000000000000e+03 2.483000000000000000e+03
2.468000000000000000e+03 2.439000000000000000e+03
2.160000000000000000e+03 2.122000000000000000e+03
1.559000000000000000e+03 2.165000000000000000e+03
2.181000000000000000e+03 1.922000000000000000e+03
2.906000000000000000e+03 1.870000000000000000e+03
2.283000000000000000e+03 2.383000000000000000e+03
3.508000000000000000e+03 1.017000000000000000e+03
3.186000000000000000e+03 1.701000000000000000e+03
2.014000000000000000e+03 2.364000000000000000e+03
1.678000000000000000e+03 2.365000000000000000e+03
1.991000000000000000e+03 2.399000000000000000e+03
2.170000000000000000e+03 2.314000000000000000e+03
2.330000000000000000e+03 2.131000000000000000e+03
3.202000000000000000e+03 2.031000000000000000e+03
3.939000000000000000e+03 8.880000000000000000e+02
3.677000000000000000e+03 1.554000000000000000e+03
4.551000000000000000e+03 1.139000000000000000e+03
5.450000000000000000e+03 8.800000000000000000e+02
5.441000000000000000e+03 8.920000000000000000e+02
5.209000000000000000e+03 1.003000000000000000e+03
5.287000000000000000e+03 1.002000000000000000e+03
5.386000000000000000e+03 9.830000000000000000e+02
5.492000000000000000e+03 9.430000000000000000e+02
5.610000000000000000e+03 9.750000000000000000e+02
5.665000000000000000e+03 9.230000000000000000e+02
5.748000000000000000e+03 9.720000000000000000e+02
5.739000000000000000e+03 1.059000000000000000e+03
5.538000000000000000e+03 1.137000000000000000e+03
5.551000000000000000e+03 1.077000000000000000e+03
5.505000000000000000e+03 1.056000000000000000e+03
5.381000000000000000e+03 1.137000000000000000e+03
5.272000000000000000e+03 1.057000000000000000e+03
5.358000000000000000e+03 1.084000000000000000e+03
5.508000000000000000e+03 1.002000000000000000e+03
5.589000000000000000e+03 1.133000000000000000e+03
5.688000000000000000e+03 1.172000000000000000e+03
5.661000000000000000e+03 1.168000000000000000e+03
5.702000000000000000e+03 1.201000000000000000e+03
5.829000000000000000e+03 1.158000000000000000e+03
5.903000000000000000e+03 1.161000000000000000e+03
5.853000000000000000e+03 1.010000000000000000e+03
5.248000000000000000e+03 5.890000000000000000e+02
5.263000000000000000e+03 4.710000000000000000e+02
5.195000000000000000e+03 5.970000000000000000e+02
5.137000000000000000e+03 6.380000000000000000e+02
5.096000000000000000e+03 8.010000000000000000e+02
5.043000000000000000e+03 9.390000000000000000e+02
5.176000000000000000e+03 8.790000000000000000e+02
5.123000000000000000e+03 9.500000000000000000e+02
5.402000000000000000e+03 2.080000000000000000e+02
5.607000000000000000e+03 2.100000000000000000e+02
6.265000000000000000e+03 5.400000000000000000e+02
5.187000000000000000e+03 2.600000000000000000e+02
5.372000000000000000e+03 1.970000000000000000e+02
5.214000000000000000e+03 1.280000000000000000e+02
5.416000000000000000e+03 2.410000000000000000e+02
6.357000000000000000e+03 6.180000000000000000e+02
6.753000000000000000e+03 7.580000000000000000e+02
6.505000000000000000e+03 5.520000000000000000e+02
6.108000000000000000e+03 4.010000000000000000e+02
5.622000000000000000e+03 2.450000000000000000e+02
5.500000000000000000e+03 2.960000000000000000e+02
6.252000000000000000e+03 4.210000000000000000e+02
6.874000000000000000e+03 7.930000000000000000e+02
4.782000000000000000e+03 1.940000000000000000e+02
4.785000000000000000e+03 1.870000000000000000e+02
4.613000000000000000e+03 3.090000000000000000e+02
4.450000000000000000e+03 1.670000000000000000e+02
4.592000000000000000e+03 1.570000000000000000e+02
4.568000000000000000e+03 2.300000000000000000e+02
4.558000000000000000e+03 2.180000000000000000e+02
4.620000000000000000e+03 3.730000000000000000e+02
4.612000000000000000e+03 2.470000000000000000e+02
4.655000000000000000e+03 2.650000000000000000e+02
4.537000000000000000e+03 3.250000000000000000e+02
4.701000000000000000e+03 1.760000000000000000e+02
4.715000000000000000e+03 1.980000000000000000e+02
4.707000000000000000e+03 2.810000000000000000e+02
4.745000000000000000e+03 1.790000000000000000e+02
4.760000000000000000e+03 2.170000000000000000e+02
5.510000000000000000e+03 1.198000000000000000e+03
7.144000000000000000e+03 1.167000000000000000e+03
6.706000000000000000e+03 9.540000000000000000e+02
5.863000000000000000e+03 3.210000000000000000e+02
6.512000000000000000e+03 5.800000000000000000e+02
5.401000000000000000e+03 1.450000000000000000e+02
5.774000000000000000e+03 3.250000000000000000e+02
7.093000000000000000e+03 3.135000000000000000e+03
7.178000000000000000e+03 4.101000000000000000e+03
7.131000000000000000e+03 1.484000000000000000e+03
7.045000000000000000e+03 1.961000000000000000e+03
7.107000000000000000e+03 1.107000000000000000e+03
7.090000000000000000e+03 1.298000000000000000e+03
6.195000000000000000e+03 1.138000000000000000e+03
6.096000000000000000e+03 3.036000000000000000e+03
7.108000000000000000e+03 1.183000000000000000e+03
7.136000000000000000e+03 1.084000000000000000e+03
6.670000000000000000e+03 9.460000000000000000e+02
6.195000000000000000e+03 9.150000000000000000e+02
7.003000000000000000e+03 1.373000000000000000e+03
7.117000000000000000e+03 1.363000000000000000e+03
6.767000000000000000e+03 9.060000000000000000e+02
6.546000000000000000e+03 8.740000000000000000e+02
7.099000000000000000e+03 1.537000000000000000e+03
7.102000000000000000e+03 1.343000000000000000e+03
7.145000000000000000e+03 1.543000000000000000e+03
7.092000000000000000e+03 1.383000000000000000e+03
6.889000000000000000e+03 1.384000000000000000e+03
7.109000000000000000e+03 1.335000000000000000e+03
7.082000000000000000e+03 1.354000000000000000e+03
7.136000000000000000e+03 1.278000000000000000e+03
3.226000000000000000e+03 1.818000000000000000e+03
3.399000000000000000e+03 3.570000000000000000e+02
3.332000000000000000e+03 9.960000000000000000e+02
2.711000000000000000e+03 4.272000000000000000e+03
2.571000000000000000e+03 4.173000000000000000e+03
3.460000000000000000e+03 2.642000000000000000e+03
2.890000000000000000e+03 4.166000000000000000e+03
3.164000000000000000e+03 2.350000000000000000e+02
3.852000000000000000e+03 1.900000000000000000e+02
3.226000000000000000e+03 1.620000000000000000e+02
3.309000000000000000e+03 1.580000000000000000e+02
3.226000000000000000e+03 2.880000000000000000e+02
3.193000000000000000e+03 2.960000000000000000e+02
3.577000000000000000e+03 4.920000000000000000e+02
3.266000000000000000e+03 3.430000000000000000e+02
2.799000000000000000e+03 4.537000000000000000e+03
2.753000000000000000e+03 4.457000000000000000e+03
2.832000000000000000e+03 4.455000000000000000e+03
2.857000000000000000e+03 4.398000000000000000e+03
3.766000000000000000e+03 2.935000000000000000e+03
2.891000000000000000e+03 3.664000000000000000e+03
2.904000000000000000e+03 4.310000000000000000e+03
2.928000000000000000e+03 4.248000000000000000e+03
2.658000000000000000e+03 3.473000000000000000e+03
2.853000000000000000e+03 3.331000000000000000e+03
2.854000000000000000e+03 3.237000000000000000e+03
2.800000000000000000e+03 3.278000000000000000e+03
3.003000000000000000e+03 3.258000000000000000e+03
2.878000000000000000e+03 3.369000000000000000e+03
2.961000000000000000e+03 3.126000000000000000e+03
2.908000000000000000e+03 3.166000000000000000e+03
2.990000000000000000e+03 2.824000000000000000e+03
2.837000000000000000e+03 2.982000000000000000e+03
3.453000000000000000e+03 2.941000000000000000e+03
2.853000000000000000e+03 3.048000000000000000e+03
3.285000000000000000e+03 2.018000000000000000e+03
2.910000000000000000e+03 2.760000000000000000e+03
2.845000000000000000e+03 2.660000000000000000e+03
2.843000000000000000e+03 2.959000000000000000e+03
3.015000000000000000e+03 4.455000000000000000e+03
2.916000000000000000e+03 4.454000000000000000e+03
3.009000000000000000e+03 4.363000000000000000e+03
3.489000000000000000e+03 3.383000000000000000e+03
3.123000000000000000e+03 4.180000000000000000e+03
3.197000000000000000e+03 4.163000000000000000e+03
2.984000000000000000e+03 4.346000000000000000e+03
3.004000000000000000e+03 4.295000000000000000e+03
3.557000000000000000e+03 3.014000000000000000e+03
3.771000000000000000e+03 1.430000000000000000e+03
4.508000000000000000e+03 2.490000000000000000e+03
4.376000000000000000e+03 3.321000000000000000e+03
4.100000000000000000e+03 3.196000000000000000e+03
4.724000000000000000e+03 1.478000000000000000e+03
3.631000000000000000e+03 2.211000000000000000e+03
3.582000000000000000e+03 1.807000000000000000e+03
4.111000000000000000e+03 1.705000000000000000e+03
3.934000000000000000e+03 1.506000000000000000e+03
4.816000000000000000e+03 1.443000000000000000e+03
4.394000000000000000e+03 1.924000000000000000e+03
5.629000000000000000e+03 2.085000000000000000e+03
5.239000000000000000e+03 1.801000000000000000e+03
5.366000000000000000e+03 2.383000000000000000e+03
4.674000000000000000e+03 2.617000000000000000e+03
4.010000000000000000e+03 1.453000000000000000e+03
4.103000000000000000e+03 2.140000000000000000e+03
4.181000000000000000e+03 1.611000000000000000e+03
3.853000000000000000e+03 1.333000000000000000e+03
3.697000000000000000e+03 1.539000000000000000e+03
3.856000000000000000e+03 1.261000000000000000e+03
4.179000000000000000e+03 7.870000000000000000e+02
3.814000000000000000e+03 1.276000000000000000e+03
4.295000000000000000e+03 7.010000000000000000e+02
4.267000000000000000e+03 9.040000000000000000e+02
4.101000000000000000e+03 1.465000000000000000e+03
4.455000000000000000e+03 5.430000000000000000e+02
4.480000000000000000e+03 4.760000000000000000e+02
4.278000000000000000e+03 6.680000000000000000e+02
4.384000000000000000e+03 6.060000000000000000e+02
3.659000000000000000e+03 1.386000000000000000e+03
4.245000000000000000e+03 6.150000000000000000e+02
3.678000000000000000e+03 1.631000000000000000e+03
4.276000000000000000e+03 5.140000000000000000e+02
4.037000000000000000e+03 1.157000000000000000e+03
4.305000000000000000e+03 4.790000000000000000e+02
4.329000000000000000e+03 3.970000000000000000e+02
4.457000000000000000e+03 3.780000000000000000e+02
3.887000000000000000e+03 8.860000000000000000e+02
4.174000000000000000e+03 4.960000000000000000e+02
4.163000000000000000e+03 6.010000000000000000e+02
4.089000000000000000e+03 7.810000000000000000e+02
4.013000000000000000e+03 7.070000000000000000e+02
4.272000000000000000e+03 3.700000000000000000e+02
4.403000000000000000e+03 3.240000000000000000e+02
4.299000000000000000e+03 2.820000000000000000e+02
4.415000000000000000e+03 8.840000000000000000e+02
4.094000000000000000e+03 1.481000000000000000e+03
4.367000000000000000e+03 9.390000000000000000e+02
3.917000000000000000e+03 1.563000000000000000e+03
4.432000000000000000e+03 7.480000000000000000e+02
4.360000000000000000e+03 7.240000000000000000e+02
4.449000000000000000e+03 6.600000000000000000e+02
4.330000000000000000e+03 9.930000000000000000e+02
4.487000000000000000e+03 9.090000000000000000e+02
4.368000000000000000e+03 9.180000000000000000e+02
4.280000000000000000e+03 9.360000000000000000e+02
4.281000000000000000e+03 1.947000000000000000e+03
4.347000000000000000e+03 1.082000000000000000e+03
4.307000000000000000e+03 1.098000000000000000e+03
4.211000000000000000e+03 1.042000000000000000e+03
4.997000000000000000e+03 8.170000000000000000e+02
4.957000000000000000e+03 7.540000000000000000e+02
5.015000000000000000e+03 8.760000000000000000e+02
4.952000000000000000e+03 9.690000000000000000e+02
5.022000000000000000e+03 1.103000000000000000e+03
5.035000000000000000e+03 9.850000000000000000e+02
4.935000000000000000e+03 1.188000000000000000e+03
4.980000000000000000e+03 1.139000000000000000e+03
4.272000000000000000e+03 1.113000000000000000e+03
4.486000000000000000e+03 8.380000000000000000e+02
4.544000000000000000e+03 6.380000000000000000e+02
4.550000000000000000e+03 6.850000000000000000e+02
4.568000000000000000e+03 4.200000000000000000e+02
4.638000000000000000e+03 4.270000000000000000e+02
4.532000000000000000e+03 1.114000000000000000e+03
4.572000000000000000e+03 5.060000000000000000e+02
4.450000000000000000e+03 8.620000000000000000e+02
4.350000000000000000e+03 1.138000000000000000e+03
4.556000000000000000e+03 1.128000000000000000e+03
4.719000000000000000e+03 9.150000000000000000e+02
4.699000000000000000e+03 9.830000000000000000e+02
4.730000000000000000e+03 1.133000000000000000e+03
4.790000000000000000e+03 1.111000000000000000e+03
4.795000000000000000e+03 9.070000000000000000e+02
4.784000000000000000e+03 9.600000000000000000e+02
4.803000000000000000e+03 6.960000000000000000e+02
4.802000000000000000e+03 7.820000000000000000e+02
4.721000000000000000e+03 1.094000000000000000e+03
4.778000000000000000e+03 1.071000000000000000e+03
4.619000000000000000e+03 1.145000000000000000e+03
4.636000000000000000e+03 1.137000000000000000e+03
4.716000000000000000e+03 4.740000000000000000e+02
4.743000000000000000e+03 5.320000000000000000e+02
4.773000000000000000e+03 3.970000000000000000e+02
4.750000000000000000e+03 4.070000000000000000e+02
4.702000000000000000e+03 7.970000000000000000e+02
4.729000000000000000e+03 7.090000000000000000e+02
4.897000000000000000e+03 1.125000000000000000e+03
4.774000000000000000e+03 5.970000000000000000e+02
4.886000000000000000e+03 5.750000000000000000e+02
4.880000000000000000e+03 5.720000000000000000e+02
4.854000000000000000e+03 4.530000000000000000e+02
4.849000000000000000e+03 4.170000000000000000e+02
4.863000000000000000e+03 7.010000000000000000e+02
4.872000000000000000e+03 8.000000000000000000e+02
4.869000000000000000e+03 9.220000000000000000e+02
4.876000000000000000e+03 9.660000000000000000e+02
4.558000000000000000e+03 1.057000000000000000e+03
4.582000000000000000e+03 1.008000000000000000e+03
4.568000000000000000e+03 9.420000000000000000e+02
4.591000000000000000e+03 8.820000000000000000e+02
4.598000000000000000e+03 8.050000000000000000e+02
4.680000000000000000e+03 6.840000000000000000e+02
4.649000000000000000e+03 6.080000000000000000e+02
4.635000000000000000e+03 7.050000000000000000e+02
3.752000000000000000e+03 9.290000000000000000e+02
3.737000000000000000e+03 1.238000000000000000e+03
2.618000000000000000e+03 3.390000000000000000e+02
2.621000000000000000e+03 2.820000000000000000e+02
3.749000000000000000e+03 2.628000000000000000e+03
3.920000000000000000e+03 8.680000000000000000e+02
3.281000000000000000e+03 5.160000000000000000e+02
2.688000000000000000e+03 3.470000000000000000e+02
3.182000000000000000e+03 4.770000000000000000e+02
3.441000000000000000e+03 5.220000000000000000e+02
2.971000000000000000e+03 2.000000000000000000e+02
2.866000000000000000e+03 1.870000000000000000e+02
2.622000000000000000e+03 2.040000000000000000e+02
2.738000000000000000e+03 2.430000000000000000e+02
2.746000000000000000e+03 1.490000000000000000e+02
2.751000000000000000e+03 1.600000000000000000e+02
2.973000000000000000e+03 2.400000000000000000e+02
2.952000000000000000e+03 1.540000000000000000e+02
3.139000000000000000e+03 1.720000000000000000e+02
3.181000000000000000e+03 1.770000000000000000e+02
3.487000000000000000e+03 4.010000000000000000e+02
3.494000000000000000e+03 3.500000000000000000e+02
2.974000000000000000e+03 3.590000000000000000e+02
2.955000000000000000e+03 3.190000000000000000e+02
3.552000000000000000e+03 6.508000000000000000e+03
4.250000000000000000e+03 5.122000000000000000e+03
4.242000000000000000e+03 5.174000000000000000e+03
3.355000000000000000e+03 5.879000000000000000e+03
3.153000000000000000e+03 6.084000000000000000e+03
1.775000000000000000e+03 7.441000000000000000e+03
2.470000000000000000e+03 7.086000000000000000e+03
5.107000000000000000e+03 5.424000000000000000e+03
4.909000000000000000e+03 5.669000000000000000e+03
4.974000000000000000e+03 5.682000000000000000e+03
5.257000000000000000e+03 5.461000000000000000e+03
4.345000000000000000e+03 5.651000000000000000e+03
4.565000000000000000e+03 5.434000000000000000e+03
5.010000000000000000e+03 5.406000000000000000e+03
4.869000000000000000e+03 5.579000000000000000e+03
2.356000000000000000e+03 7.367000000000000000e+03
2.162000000000000000e+03 7.350000000000000000e+03
2.149000000000000000e+03 7.258000000000000000e+03
2.548000000000000000e+03 7.052000000000000000e+03
2.055000000000000000e+03 7.111000000000000000e+03
2.063000000000000000e+03 7.217000000000000000e+03
1.920000000000000000e+03 7.334000000000000000e+03
2.174000000000000000e+03 7.212000000000000000e+03
1.870000000000000000e+03 7.450000000000000000e+03
2.084000000000000000e+03 7.451000000000000000e+03
1.816000000000000000e+03 7.405000000000000000e+03
1.948000000000000000e+03 7.473000000000000000e+03
1.961000000000000000e+03 7.458000000000000000e+03
2.226000000000000000e+03 7.143000000000000000e+03
2.021000000000000000e+03 7.363000000000000000e+03
2.122000000000000000e+03 7.010000000000000000e+03
3.103000000000000000e+03 7.390000000000000000e+03
4.126000000000000000e+03 6.095000000000000000e+03
5.212000000000000000e+03 5.761000000000000000e+03
3.257000000000000000e+03 7.450000000000000000e+03
3.281000000000000000e+03 7.365000000000000000e+03
3.110000000000000000e+03 7.436000000000000000e+03
3.207000000000000000e+03 7.417000000000000000e+03
2.821000000000000000e+03 7.476000000000000000e+03
2.542000000000000000e+03 7.464000000000000000e+03
2.727000000000000000e+03 7.467000000000000000e+03
3.306000000000000000e+03 6.773000000000000000e+03
2.623000000000000000e+03 7.327000000000000000e+03
2.740000000000000000e+03 7.458000000000000000e+03
2.862000000000000000e+03 7.462000000000000000e+03
2.860000000000000000e+03 7.453000000000000000e+03
3.265000000000000000e+03 6.421000000000000000e+03
3.236000000000000000e+03 6.400000000000000000e+03
5.961000000000000000e+03 5.406000000000000000e+03
4.162000000000000000e+03 5.552000000000000000e+03
3.757000000000000000e+03 5.449000000000000000e+03
3.817000000000000000e+03 5.762000000000000000e+03
4.134000000000000000e+03 5.395000000000000000e+03
3.699000000000000000e+03 5.402000000000000000e+03
2.503000000000000000e+03 7.174000000000000000e+03
2.435000000000000000e+03 7.188000000000000000e+03
2.671000000000000000e+03 7.180000000000000000e+03
2.479000000000000000e+03 7.174000000000000000e+03
2.484000000000000000e+03 7.356000000000000000e+03
2.626000000000000000e+03 7.078000000000000000e+03
2.428000000000000000e+03 7.135000000000000000e+03
2.326000000000000000e+03 7.171000000000000000e+03
4.269000000000000000e+03 4.793000000000000000e+03
4.375000000000000000e+03 5.070000000000000000e+03
4.245000000000000000e+03 4.934000000000000000e+03
4.291000000000000000e+03 4.342000000000000000e+03
4.273000000000000000e+03 4.467000000000000000e+03
4.383000000000000000e+03 5.037000000000000000e+03
4.404000000000000000e+03 5.031000000000000000e+03
5.629000000000000000e+03 5.450000000000000000e+03
5.463000000000000000e+03 5.552000000000000000e+03
5.423000000000000000e+03 5.352000000000000000e+03
5.526000000000000000e+03 5.401000000000000000e+03
4.491000000000000000e+03 5.401000000000000000e+03
4.454000000000000000e+03 5.203000000000000000e+03
4.627000000000000000e+03 5.371000000000000000e+03
4.685000000000000000e+03 5.392000000000000000e+03
4.145000000000000000e+03 3.869000000000000000e+03
4.142000000000000000e+03 4.028000000000000000e+03
4.212000000000000000e+03 3.930000000000000000e+03
4.297000000000000000e+03 3.927000000000000000e+03
4.160000000000000000e+03 4.169000000000000000e+03
4.115000000000000000e+03 4.686000000000000000e+03
4.184000000000000000e+03 4.105000000000000000e+03
4.224000000000000000e+03 4.150000000000000000e+03
4.422000000000000000e+03 4.063000000000000000e+03
4.464000000000000000e+03 4.127000000000000000e+03
4.453000000000000000e+03 3.861000000000000000e+03
4.376000000000000000e+03 3.868000000000000000e+03
4.234000000000000000e+03 4.398000000000000000e+03
4.372000000000000000e+03 4.124000000000000000e+03
4.461000000000000000e+03 4.141000000000000000e+03
4.447000000000000000e+03 4.061000000000000000e+03
4.164000000000000000e+03 3.753000000000000000e+03
4.245000000000000000e+03 3.794000000000000000e+03
4.289000000000000000e+03 3.855000000000000000e+03
4.315000000000000000e+03 3.563000000000000000e+03
3.783000000000000000e+03 3.855000000000000000e+03
3.847000000000000000e+03 3.787000000000000000e+03
3.974000000000000000e+03 3.779000000000000000e+03
4.090000000000000000e+03 3.657000000000000000e+03
3.875000000000000000e+03 3.936000000000000000e+03
3.870000000000000000e+03 3.944000000000000000e+03
4.045000000000000000e+03 3.851000000000000000e+03
3.958000000000000000e+03 3.720000000000000000e+03
3.808000000000000000e+03 4.018000000000000000e+03
3.830000000000000000e+03 4.027000000000000000e+03
3.857000000000000000e+03 4.041000000000000000e+03
4.005000000000000000e+03 3.867000000000000000e+03
4.072000000000000000e+03 4.791000000000000000e+03
4.102000000000000000e+03 4.859000000000000000e+03
4.204000000000000000e+03 4.891000000000000000e+03
4.224000000000000000e+03 4.736000000000000000e+03
4.068000000000000000e+03 4.604000000000000000e+03
4.148000000000000000e+03 4.633000000000000000e+03
4.128000000000000000e+03 4.622000000000000000e+03
4.102000000000000000e+03 4.590000000000000000e+03
4.478000000000000000e+03 4.787000000000000000e+03
4.465000000000000000e+03 4.819000000000000000e+03
4.499000000000000000e+03 4.714000000000000000e+03
4.436000000000000000e+03 4.661000000000000000e+03
4.314000000000000000e+03 4.561000000000000000e+03
4.445000000000000000e+03 4.674000000000000000e+03
4.257000000000000000e+03 4.610000000000000000e+03
4.311000000000000000e+03 4.734000000000000000e+03
4.414000000000000000e+03 4.292000000000000000e+03
4.458000000000000000e+03 4.226000000000000000e+03
4.452000000000000000e+03 4.441000000000000000e+03
4.285000000000000000e+03 4.433000000000000000e+03
4.379000000000000000e+03 4.273000000000000000e+03
4.259000000000000000e+03 4.255000000000000000e+03
4.254000000000000000e+03 4.306000000000000000e+03
4.140000000000000000e+03 5.167000000000000000e+03
4.151000000000000000e+03 5.100000000000000000e+03
4.192000000000000000e+03 5.216000000000000000e+03
4.317000000000000000e+03 5.212000000000000000e+03
4.271000000000000000e+03 5.032000000000000000e+03
4.267000000000000000e+03 5.093000000000000000e+03
4.260000000000000000e+03 4.997000000000000000e+03
4.295000000000000000e+03 5.020000000000000000e+03
5.841000000000000000e+03 7.162000000000000000e+03
5.192000000000000000e+03 6.553000000000000000e+03
5.801000000000000000e+03 7.154000000000000000e+03
6.159000000000000000e+03 7.463000000000000000e+03
6.438000000000000000e+03 7.458000000000000000e+03
6.494000000000000000e+03 7.476000000000000000e+03
6.189000000000000000e+03 7.236000000000000000e+03
5.404000000000000000e+03 6.427000000000000000e+03
4.735000000000000000e+03 7.405000000000000000e+03
4.648000000000000000e+03 7.408000000000000000e+03
4.500000000000000000e+03 7.418000000000000000e+03
4.550000000000000000e+03 7.437000000000000000e+03
6.055000000000000000e+03 7.315000000000000000e+03
6.264000000000000000e+03 7.330000000000000000e+03
5.133000000000000000e+03 7.347000000000000000e+03
5.658000000000000000e+03 7.317000000000000000e+03
5.058000000000000000e+03 6.240000000000000000e+03
4.480000000000000000e+03 5.449000000000000000e+03
4.238000000000000000e+03 5.440000000000000000e+03
5.470000000000000000e+03 6.878000000000000000e+03
5.323000000000000000e+03 7.327000000000000000e+03
5.469000000000000000e+03 7.033000000000000000e+03
5.162000000000000000e+03 6.722000000000000000e+03
4.641000000000000000e+03 7.331000000000000000e+03
4.506000000000000000e+03 6.878000000000000000e+03
4.562000000000000000e+03 7.349000000000000000e+03
4.427000000000000000e+03 7.359000000000000000e+03
5.078000000000000000e+03 6.824000000000000000e+03
5.069000000000000000e+03 6.960000000000000000e+03
4.962000000000000000e+03 7.335000000000000000e+03
4.853000000000000000e+03 7.351000000000000000e+03
5.442000000000000000e+03 7.414000000000000000e+03
5.858000000000000000e+03 7.443000000000000000e+03
5.767000000000000000e+03 7.442000000000000000e+03
4.716000000000000000e+03 7.326000000000000000e+03
5.935000000000000000e+03 7.408000000000000000e+03
5.447000000000000000e+03 7.278000000000000000e+03
5.802000000000000000e+03 7.414000000000000000e+03
5.193000000000000000e+03 7.374000000000000000e+03
2.651000000000000000e+03 7.117000000000000000e+03
2.463000000000000000e+03 7.090000000000000000e+03
2.708000000000000000e+03 7.170000000000000000e+03
2.611000000000000000e+03 7.165000000000000000e+03
3.351000000000000000e+03 7.309000000000000000e+03
2.224000000000000000e+03 7.222000000000000000e+03
2.274000000000000000e+03 7.121000000000000000e+03
2.178000000000000000e+03 7.127000000000000000e+03
4.724000000000000000e+03 6.723000000000000000e+03
4.142000000000000000e+03 4.508000000000000000e+03
4.206000000000000000e+03 4.601000000000000000e+03
4.386000000000000000e+03 6.088000000000000000e+03
4.360000000000000000e+03 6.533000000000000000e+03
4.265000000000000000e+03 5.741000000000000000e+03
4.256000000000000000e+03 7.400000000000000000e+03
4.014000000000000000e+03 7.473000000000000000e+03
4.176000000000000000e+03 7.456000000000000000e+03
4.132000000000000000e+03 5.817000000000000000e+03
4.027000000000000000e+03 7.421000000000000000e+03
4.082000000000000000e+03 7.371000000000000000e+03
4.016000000000000000e+03 7.395000000000000000e+03
4.175000000000000000e+03 5.992000000000000000e+03
4.203000000000000000e+03 7.351000000000000000e+03
4.006000000000000000e+03 4.352000000000000000e+03
4.033000000000000000e+03 4.369000000000000000e+03
4.117000000000000000e+03 4.146000000000000000e+03
4.078000000000000000e+03 4.269000000000000000e+03
4.039000000000000000e+03 4.598000000000000000e+03
3.988000000000000000e+03 4.622000000000000000e+03
4.105000000000000000e+03 4.461000000000000000e+03
4.052000000000000000e+03 4.461000000000000000e+03
3.961000000000000000e+03 4.216000000000000000e+03
3.857000000000000000e+03 4.153000000000000000e+03
3.838000000000000000e+03 4.175000000000000000e+03
3.813000000000000000e+03 4.093000000000000000e+03
3.887000000000000000e+03 4.229000000000000000e+03
3.822000000000000000e+03 4.228000000000000000e+03
3.911000000000000000e+03 4.314000000000000000e+03
3.914000000000000000e+03 4.462000000000000000e+03
4.229000000000000000e+03 7.343000000000000000e+03
5.592000000000000000e+03 6.952000000000000000e+03
3.872000000000000000e+03 6.622000000000000000e+03
3.865000000000000000e+03 7.178000000000000000e+03
6.098000000000000000e+03 6.753000000000000000e+03
5.811000000000000000e+03 6.895000000000000000e+03
5.291000000000000000e+03 7.317000000000000000e+03
5.493000000000000000e+03 7.241000000000000000e+03
4.862000000000000000e+03 6.824000000000000000e+03
3.689000000000000000e+03 7.396000000000000000e+03
3.571000000000000000e+03 7.339000000000000000e+03
3.859000000000000000e+03 5.966000000000000000e+03
3.855000000000000000e+03 7.416000000000000000e+03
3.755000000000000000e+03 7.428000000000000000e+03
3.714000000000000000e+03 6.509000000000000000e+03
3.734000000000000000e+03 7.428000000000000000e+03
3.122000000000000000e+03 7.369000000000000000e+03
2.783000000000000000e+03 7.365000000000000000e+03
2.660000000000000000e+03 7.329000000000000000e+03
3.208000000000000000e+03 7.288000000000000000e+03
3.339000000000000000e+03 7.362000000000000000e+03
3.660000000000000000e+03 7.348000000000000000e+03
3.272000000000000000e+03 7.360000000000000000e+03
3.009000000000000000e+03 7.262000000000000000e+03
6.489000000000000000e+03 6.458000000000000000e+03
5.187000000000000000e+03 7.437000000000000000e+03
5.779000000000000000e+03 6.855000000000000000e+03
6.291000000000000000e+03 6.726000000000000000e+03
5.924000000000000000e+03 6.895000000000000000e+03
5.554000000000000000e+03 7.032000000000000000e+03
5.370000000000000000e+03 7.469000000000000000e+03
5.357000000000000000e+03 7.466000000000000000e+03
3.503000000000000000e+03 4.234000000000000000e+03
3.556000000000000000e+03 4.257000000000000000e+03
3.487000000000000000e+03 4.294000000000000000e+03
3.347000000000000000e+03 4.206000000000000000e+03
3.376000000000000000e+03 4.335000000000000000e+03
3.189000000000000000e+03 4.465000000000000000e+03
3.281000000000000000e+03 4.362000000000000000e+03
3.285000000000000000e+03 4.606000000000000000e+03
3.333000000000000000e+03 4.602000000000000000e+03
3.373000000000000000e+03 4.709000000000000000e+03
3.247000000000000000e+03 4.712000000000000000e+03
3.460000000000000000e+03 4.448000000000000000e+03
3.416000000000000000e+03 4.494000000000000000e+03
3.392000000000000000e+03 4.499000000000000000e+03
3.506000000000000000e+03 4.450000000000000000e+03
3.260000000000000000e+03 4.924000000000000000e+03
3.418000000000000000e+03 5.103000000000000000e+03
3.420000000000000000e+03 5.056000000000000000e+03
3.325000000000000000e+03 5.009000000000000000e+03
4.031000000000000000e+03 5.023000000000000000e+03
3.525000000000000000e+03 5.036000000000000000e+03
3.473000000000000000e+03 5.155000000000000000e+03
3.528000000000000000e+03 5.175000000000000000e+03
3.250000000000000000e+03 4.662000000000000000e+03
3.786000000000000000e+03 4.326000000000000000e+03
3.559000000000000000e+03 4.735000000000000000e+03
3.283000000000000000e+03 3.838000000000000000e+03
3.372000000000000000e+03 4.843000000000000000e+03
3.496000000000000000e+03 4.809000000000000000e+03
3.261000000000000000e+03 4.848000000000000000e+03
3.354000000000000000e+03 4.921000000000000000e+03
3.825000000000000000e+03 4.846000000000000000e+03
3.703000000000000000e+03 4.913000000000000000e+03
3.652000000000000000e+03 4.858000000000000000e+03
3.658000000000000000e+03 5.188000000000000000e+03
3.576000000000000000e+03 5.145000000000000000e+03
3.663000000000000000e+03 4.998000000000000000e+03
3.710000000000000000e+03 5.133000000000000000e+03
3.880000000000000000e+03 5.079000000000000000e+03
3.725000000000000000e+03 4.787000000000000000e+03
3.844000000000000000e+03 5.220000000000000000e+03
3.798000000000000000e+03 5.223000000000000000e+03
3.648000000000000000e+03 4.432000000000000000e+03
3.811000000000000000e+03 4.980000000000000000e+03
3.818000000000000000e+03 4.690000000000000000e+03
3.882000000000000000e+03 4.492000000000000000e+03
3.916000000000000000e+03 4.758000000000000000e+03
3.982000000000000000e+03 4.637000000000000000e+03
3.886000000000000000e+03 4.882000000000000000e+03
3.799000000000000000e+03 4.837000000000000000e+03
3.885000000000000000e+03 4.630000000000000000e+03
3.788000000000000000e+03 4.629000000000000000e+03
3.807000000000000000e+03 4.398000000000000000e+03
3.871000000000000000e+03 4.682000000000000000e+03
3.630000000000000000e+03 4.518000000000000000e+03
3.650000000000000000e+03 4.575000000000000000e+03
3.594000000000000000e+03 4.593000000000000000e+03
3.654000000000000000e+03 4.575000000000000000e+03
3.697000000000000000e+03 4.367000000000000000e+03
3.680000000000000000e+03 4.384000000000000000e+03
3.765000000000000000e+03 4.386000000000000000e+03
3.774000000000000000e+03 4.481000000000000000e+03
3.428000000000000000e+03 3.554000000000000000e+03
3.246000000000000000e+03 3.708000000000000000e+03
3.378000000000000000e+03 3.721000000000000000e+03
3.046000000000000000e+03 3.664000000000000000e+03
3.170000000000000000e+03 3.751000000000000000e+03
3.014000000000000000e+03 3.537000000000000000e+03
3.002000000000000000e+03 3.500000000000000000e+03
3.173000000000000000e+03 3.854000000000000000e+03
3.086000000000000000e+03 3.844000000000000000e+03
3.273000000000000000e+03 3.802000000000000000e+03
3.474000000000000000e+03 3.815000000000000000e+03
2.886000000000000000e+03 3.804000000000000000e+03
2.954000000000000000e+03 3.663000000000000000e+03
2.948000000000000000e+03 3.787000000000000000e+03
3.101000000000000000e+03 3.542000000000000000e+03
3.173000000000000000e+03 3.848000000000000000e+03
3.067000000000000000e+03 3.942000000000000000e+03
3.207000000000000000e+03 4.059000000000000000e+03
3.188000000000000000e+03 4.013000000000000000e+03
3.659000000000000000e+03 3.942000000000000000e+03
3.514000000000000000e+03 4.146000000000000000e+03
3.372000000000000000e+03 4.165000000000000000e+03
3.353000000000000000e+03 4.075000000000000000e+03
3.286000000000000000e+03 3.816000000000000000e+03
3.335000000000000000e+03 3.866000000000000000e+03
3.430000000000000000e+03 3.862000000000000000e+03
3.371000000000000000e+03 3.961000000000000000e+03
3.497000000000000000e+03 3.919000000000000000e+03
3.592000000000000000e+03 3.774000000000000000e+03
3.519000000000000000e+03 3.992000000000000000e+03
3.502000000000000000e+03 3.764000000000000000e+03
2.671000000000000000e+03 2.728000000000000000e+03
2.669000000000000000e+03 2.739000000000000000e+03
2.802000000000000000e+03 2.796000000000000000e+03
2.768000000000000000e+03 2.727000000000000000e+03
2.643000000000000000e+03 2.916000000000000000e+03
2.526000000000000000e+03 2.921000000000000000e+03
2.676000000000000000e+03 2.840000000000000000e+03
2.473000000000000000e+03 2.870000000000000000e+03
2.834000000000000000e+03 3.633000000000000000e+03
2.923000000000000000e+03 3.521000000000000000e+03
2.868000000000000000e+03 3.753000000000000000e+03
2.848000000000000000e+03 3.993000000000000000e+03
2.940000000000000000e+03 4.058000000000000000e+03
3.074000000000000000e+03 3.880000000000000000e+03
2.431000000000000000e+03 2.831000000000000000e+03
2.376000000000000000e+03 2.908000000000000000e+03
3.352000000000000000e+03 4.160000000000000000e+03
3.245000000000000000e+03 4.774000000000000000e+03
2.285000000000000000e+03 6.740000000000000000e+03
1.862000000000000000e+03 7.090000000000000000e+03
1.715000000000000000e+03 4.124000000000000000e+03
1.355000000000000000e+03 5.621000000000000000e+03
1.863000000000000000e+03 6.907000000000000000e+03
1.651000000000000000e+03 7.101000000000000000e+03
2.275000000000000000e+03 5.334000000000000000e+03
3.660000000000000000e+02 5.348000000000000000e+03
2.867000000000000000e+03 3.036000000000000000e+03
3.186000000000000000e+03 3.454000000000000000e+03
2.024000000000000000e+03 3.302000000000000000e+03
2.384000000000000000e+03 3.110000000000000000e+03
2.492000000000000000e+03 3.296000000000000000e+03
2.567000000000000000e+03 3.042000000000000000e+03
5.779000000000000000e+03 4.908000000000000000e+03
6.815000000000000000e+03 5.495000000000000000e+03
6.890000000000000000e+03 5.757000000000000000e+03
6.844000000000000000e+03 5.937000000000000000e+03
6.255000000000000000e+03 5.384000000000000000e+03
6.700000000000000000e+03 6.315000000000000000e+03
6.704000000000000000e+03 6.308000000000000000e+03
4.306000000000000000e+03 3.957000000000000000e+03
4.668000000000000000e+03 4.087000000000000000e+03
4.640000000000000000e+03 4.164000000000000000e+03
4.126000000000000000e+03 3.890000000000000000e+03
4.637000000000000000e+03 4.455000000000000000e+03
4.513000000000000000e+03 4.320000000000000000e+03
4.514000000000000000e+03 4.507000000000000000e+03
4.530000000000000000e+03 5.053000000000000000e+03
3.052000000000000000e+03 4.714000000000000000e+03
3.019000000000000000e+03 4.547000000000000000e+03
3.111000000000000000e+03 4.821000000000000000e+03
3.123000000000000000e+03 4.813000000000000000e+03
3.335000000000000000e+03 4.408000000000000000e+03
3.548000000000000000e+03 4.071000000000000000e+03
3.203000000000000000e+03 4.590000000000000000e+03
2.965000000000000000e+03 4.621000000000000000e+03
2.925000000000000000e+03 4.723000000000000000e+03
2.854000000000000000e+03 4.577000000000000000e+03
2.652000000000000000e+03 4.844000000000000000e+03
2.853000000000000000e+03 4.832000000000000000e+03
2.984000000000000000e+03 4.632000000000000000e+03
3.276000000000000000e+03 4.058000000000000000e+03
2.863000000000000000e+03 4.466000000000000000e+03
3.249000000000000000e+03 4.325000000000000000e+03
5.025000000000000000e+03 5.313000000000000000e+03
3.439000000000000000e+03 5.266000000000000000e+03
3.321000000000000000e+03 5.428000000000000000e+03
5.806000000000000000e+03 5.390000000000000000e+03
6.771000000000000000e+03 5.534000000000000000e+03
5.633000000000000000e+03 5.366000000000000000e+03
6.634000000000000000e+03 5.634000000000000000e+03
6.855000000000000000e+03 6.220000000000000000e+03
6.816000000000000000e+03 6.179000000000000000e+03
6.881000000000000000e+03 6.079000000000000000e+03
6.846000000000000000e+03 6.124000000000000000e+03
4.198000000000000000e+03 5.316000000000000000e+03
6.724000000000000000e+03 5.967000000000000000e+03
6.840000000000000000e+03 5.989000000000000000e+03
6.809000000000000000e+03 5.828000000000000000e+03
3.173000000000000000e+03 5.076000000000000000e+03
3.215000000000000000e+03 5.063000000000000000e+03
3.289000000000000000e+03 5.059000000000000000e+03
3.057000000000000000e+03 5.056000000000000000e+03
3.081000000000000000e+03 4.981000000000000000e+03
3.110000000000000000e+03 5.012000000000000000e+03
3.121000000000000000e+03 4.924000000000000000e+03
2.939000000000000000e+03 4.911000000000000000e+03
2.818000000000000000e+03 5.005000000000000000e+03
2.704000000000000000e+03 5.060000000000000000e+03
2.892000000000000000e+03 5.138000000000000000e+03
2.704000000000000000e+03 5.032000000000000000e+03
2.977000000000000000e+03 5.193000000000000000e+03
2.963000000000000000e+03 5.159000000000000000e+03
3.103000000000000000e+03 5.431000000000000000e+03
3.316000000000000000e+03 5.329000000000000000e+03
4.263000000000000000e+03 5.865000000000000000e+03
3.752000000000000000e+03 5.360000000000000000e+03
3.668000000000000000e+03 5.335000000000000000e+03
4.177000000000000000e+03 5.405000000000000000e+03
4.461000000000000000e+03 5.455000000000000000e+03
2.961000000000000000e+03 5.253000000000000000e+03
2.844000000000000000e+03 5.688000000000000000e+03
3.074000000000000000e+03 4.743000000000000000e+03
3.255000000000000000e+03 5.140000000000000000e+03
3.174000000000000000e+03 5.289000000000000000e+03
3.165000000000000000e+03 5.370000000000000000e+03
3.309000000000000000e+03 5.345000000000000000e+03
3.279000000000000000e+03 5.279000000000000000e+03
3.134000000000000000e+03 5.241000000000000000e+03
3.348000000000000000e+03 5.317000000000000000e+03
6.987000000000000000e+03 6.410000000000000000e+03
6.974000000000000000e+03 6.593000000000000000e+03
4.526000000000000000e+03 5.579000000000000000e+03
3.793000000000000000e+03 5.292000000000000000e+03
6.966000000000000000e+03 7.131000000000000000e+03
6.786000000000000000e+03 7.045000000000000000e+03
7.021000000000000000e+03 6.823000000000000000e+03
6.856000000000000000e+03 6.990000000000000000e+03
7.021000000000000000e+03 6.916000000000000000e+03
6.174000000000000000e+03 6.259000000000000000e+03
6.809000000000000000e+03 6.780000000000000000e+03
6.958000000000000000e+03 6.929000000000000000e+03
7.057000000000000000e+03 6.759000000000000000e+03
6.295000000000000000e+03 6.229000000000000000e+03
5.808000000000000000e+03 5.881000000000000000e+03
6.639000000000000000e+03 6.314000000000000000e+03
2.825000000000000000e+03 6.272000000000000000e+03
2.907000000000000000e+03 7.190000000000000000e+03
2.759000000000000000e+03 7.118000000000000000e+03
2.780000000000000000e+03 6.910000000000000000e+03
5.308000000000000000e+03 6.938000000000000000e+03
6.137000000000000000e+03 6.618000000000000000e+03
4.921000000000000000e+03 5.276000000000000000e+03
5.850000000000000000e+03 5.403000000000000000e+03
5.510000000000000000e+03 6.483000000000000000e+03
5.107000000000000000e+03 6.540000000000000000e+03
5.509000000000000000e+03 6.599000000000000000e+03
6.255000000000000000e+03 6.348000000000000000e+03
6.581000000000000000e+03 6.463000000000000000e+03
5.852000000000000000e+03 5.426000000000000000e+03
5.516000000000000000e+03 6.085000000000000000e+03
4.128000000000000000e+03 6.545000000000000000e+03
2.902000000000000000e+03 5.451000000000000000e+03
2.830000000000000000e+03 5.389000000000000000e+03
6.437000000000000000e+03 7.035000000000000000e+03
4.282000000000000000e+03 6.425000000000000000e+03
6.902000000000000000e+03 6.787000000000000000e+03
5.665000000000000000e+03 6.224000000000000000e+03
6.446000000000000000e+03 6.997000000000000000e+03
6.846000000000000000e+03 7.086000000000000000e+03
5.223000000000000000e+03 5.204000000000000000e+03
5.551000000000000000e+03 5.510000000000000000e+03
6.827000000000000000e+03 6.873000000000000000e+03
5.835000000000000000e+03 5.705000000000000000e+03
6.749000000000000000e+03 6.577000000000000000e+03
6.336000000000000000e+03 6.163000000000000000e+03
5.861000000000000000e+03 6.018000000000000000e+03
6.746000000000000000e+03 6.700000000000000000e+03
1.800000000000000000e+01 4.200000000000000000e+02
3.035000000000000000e+03 1.270000000000000000e+03
2.831000000000000000e+03 5.450000000000000000e+03
3.740000000000000000e+02 3.130000000000000000e+03
4.548000000000000000e+03 3.680000000000000000e+03
-4.000000000000000000e+00 0.000000000000000000e+00
7.164000000000000000e+03 0.000000000000000000e+00
3.000000000000000000e+00 0.000000000000000000e+00
