5.647000000000000000e+03 7.630000000000000000e+02
5.530000000000000000e+03 8.380000000000000000e+02
5.310000000000000000e+03 6.800000000000000000e+02
5.349000000000000000e+03 8.820000000000000000e+02
5.519000000000000000e+03 6.440000000000000000e+02
5.442000000000000000e+03 6.150000000000000000e+02
5.499000000000000000e+03 5.700000000000000000e+02
5.875000000000000000e+03 9.090000000000000000e+02
5.878000000000000000e+03 1.005000000000000000e+03
5.757000000000000000e+03 1.048000000000000000e+03
5.822000000000000000e+03 9.920000000000000000e+02
5.837000000000000000e+03 9.140000000000000000e+02
5.586000000000000000e+03 9.330000000000000000e+02
5.853000000000000000e+03 8.260000000000000000e+02
5.869000000000000000e+03 7.070000000000000000e+02
5.610000000000000000e+03 5.910000000000000000e+02
5.610000000000000000e+03 5.660000000000000000e+02
5.317000000000000000e+03 6.140000000000000000e+02
5.317000000000000000e+03 5.710000000000000000e+02
5.731000000000000000e+03 4.570000000000000000e+02
5.666000000000000000e+03 5.830000000000000000e+02
5.665000000000000000e+03 4.430000000000000000e+02
5.672000000000000000e+03 4.520000000000000000e+02
5.385000000000000000e+03 3.270000000000000000e+02
5.240000000000000000e+03 3.580000000000000000e+02
5.449000000000000000e+03 2.610000000000000000e+02
5.256000000000000000e+03 2.670000000000000000e+02
5.209000000000000000e+03 5.210000000000000000e+02
5.254000000000000000e+03 5.230000000000000000e+02
5.307000000000000000e+03 4.100000000000000000e+02
5.201000000000000000e+03 4.670000000000000000e+02
5.967000000000000000e+03 6.370000000000000000e+02
6.041000000000000000e+03 7.510000000000000000e+02
6.073000000000000000e+03 7.490000000000000000e+02
5.357000000000000000e+03 8.610000000000000000e+02
5.433000000000000000e+03 8.880000000000000000e+02
5.280000000000000000e+03 8.220000000000000000e+02
5.314000000000000000e+03 8.010000000000000000e+02
5.744000000000000000e+03 7.850000000000000000e+02
5.597000000000000000e+03 7.650000000000000000e+02
5.673000000000000000e+03 7.760000000000000000e+02
5.475000000000000000e+03 7.690000000000000000e+02
5.207000000000000000e+03 7.440000000000000000e+02
5.413000000000000000e+03 8.210000000000000000e+02
5.477000000000000000e+03 8.110000000000000000e+02
5.525000000000000000e+03 8.260000000000000000e+02
5.798000000000000000e+03 7.030000000000000000e+02
6.063000000000000000e+03 8.300000000000000000e+02
6.086000000000000000e+03 8.930000000000000000e+02
6.138000000000000000e+03 8.880000000000000000e+02
6.110000000000000000e+03 9.970000000000000000e+02
6.083000000000000000e+03 1.012000000000000000e+03
5.962000000000000000e+03 1.022000000000000000e+03
6.025000000000000000e+03 1.001000000000000000e+03
6.088000000000000000e+03 2.370000000000000000e+02
6.108000000000000000e+03 1.570000000000000000e+02
5.987000000000000000e+03 2.030000000000000000e+02
6.017000000000000000e+03 1.650000000000000000e+02
6.125000000000000000e+03 5.480000000000000000e+02
6.195000000000000000e+03 5.220000000000000000e+02
6.177000000000000000e+03 4.310000000000000000e+02
6.150000000000000000e+03 3.200000000000000000e+02
6.146000000000000000e+03 5.260000000000000000e+02
6.420000000000000000e+03 1.028000000000000000e+03
6.397000000000000000e+03 9.250000000000000000e+02
6.242000000000000000e+03 1.670000000000000000e+02
6.246000000000000000e+03 2.650000000000000000e+02
6.206000000000000000e+03 2.230000000000000000e+02
6.164000000000000000e+03 2.940000000000000000e+02
6.579000000000000000e+03 9.820000000000000000e+02
6.613000000000000000e+03 9.650000000000000000e+02
6.576000000000000000e+03 1.066000000000000000e+03
6.493000000000000000e+03 1.014000000000000000e+03
6.572000000000000000e+03 8.480000000000000000e+02
6.533000000000000000e+03 8.510000000000000000e+02
6.524000000000000000e+03 9.260000000000000000e+02
6.690000000000000000e+03 9.200000000000000000e+02
6.359000000000000000e+03 1.840000000000000000e+02
6.247000000000000000e+03 3.200000000000000000e+02
6.298000000000000000e+03 4.360000000000000000e+02
6.361000000000000000e+03 2.980000000000000000e+02
6.280000000000000000e+03 4.080000000000000000e+02
6.299000000000000000e+03 5.000000000000000000e+02
6.026000000000000000e+03 6.050000000000000000e+02
6.279000000000000000e+03 6.150000000000000000e+02
6.191000000000000000e+03 8.540000000000000000e+02
6.224000000000000000e+03 8.980000000000000000e+02
6.172000000000000000e+03 7.240000000000000000e+02
6.199000000000000000e+03 7.490000000000000000e+02
6.301000000000000000e+03 1.030000000000000000e+03
6.250000000000000000e+03 1.015000000000000000e+03
6.334000000000000000e+03 7.670000000000000000e+02
6.312000000000000000e+03 9.170000000000000000e+02
6.421000000000000000e+03 5.060000000000000000e+02
6.393000000000000000e+03 3.510000000000000000e+02
6.603000000000000000e+03 1.910000000000000000e+02
6.646000000000000000e+03 2.420000000000000000e+02
6.412000000000000000e+03 2.080000000000000000e+02
6.495000000000000000e+03 1.780000000000000000e+02
6.468000000000000000e+03 2.690000000000000000e+02
6.526000000000000000e+03 2.270000000000000000e+02
6.407000000000000000e+03 5.380000000000000000e+02
6.469000000000000000e+03 5.330000000000000000e+02
6.509000000000000000e+03 5.340000000000000000e+02
6.593000000000000000e+03 5.420000000000000000e+02
6.644000000000000000e+03 4.640000000000000000e+02
6.707000000000000000e+03 5.060000000000000000e+02
6.541000000000000000e+03 3.830000000000000000e+02
6.588000000000000000e+03 3.380000000000000000e+02
6.387000000000000000e+03 5.000000000000000000e+02
6.385000000000000000e+03 5.730000000000000000e+02
6.273000000000000000e+03 7.130000000000000000e+02
6.619000000000000000e+03 7.910000000000000000e+02
6.671000000000000000e+03 3.460000000000000000e+02
6.202000000000000000e+03 5.860000000000000000e+02
6.204000000000000000e+03 5.500000000000000000e+02
6.654000000000000000e+03 4.500000000000000000e+02
6.454000000000000000e+03 6.520000000000000000e+02
6.585000000000000000e+03 6.650000000000000000e+02
6.504000000000000000e+03 6.970000000000000000e+02
6.454000000000000000e+03 6.690000000000000000e+02
6.554000000000000000e+03 7.990000000000000000e+02
6.697000000000000000e+03 7.020000000000000000e+02
6.496000000000000000e+03 6.720000000000000000e+02
6.577000000000000000e+03 6.790000000000000000e+02
3.678000000000000000e+03 2.310000000000000000e+02
3.637000000000000000e+03 1.510000000000000000e+02
3.557000000000000000e+03 1.710000000000000000e+02
3.894000000000000000e+03 1.730000000000000000e+02
3.848000000000000000e+03 1.630000000000000000e+02
3.754000000000000000e+03 1.480000000000000000e+02
3.937000000000000000e+03 1.560000000000000000e+02
4.138000000000000000e+03 1.770000000000000000e+02
4.174000000000000000e+03 1.560000000000000000e+02
4.267000000000000000e+03 2.550000000000000000e+02
4.242000000000000000e+03 1.720000000000000000e+02
4.112000000000000000e+03 4.300000000000000000e+02
4.070000000000000000e+03 2.840000000000000000e+02
4.186000000000000000e+03 4.630000000000000000e+02
4.212000000000000000e+03 2.930000000000000000e+02
4.677000000000000000e+03 5.570000000000000000e+02
4.688000000000000000e+03 5.560000000000000000e+02
4.857000000000000000e+03 7.160000000000000000e+02
4.825000000000000000e+03 6.750000000000000000e+02
4.627000000000000000e+03 6.960000000000000000e+02
4.585000000000000000e+03 7.010000000000000000e+02
4.770000000000000000e+03 7.340000000000000000e+02
4.764000000000000000e+03 8.430000000000000000e+02
4.687000000000000000e+03 3.560000000000000000e+02
4.812000000000000000e+03 3.330000000000000000e+02
4.622000000000000000e+03 3.530000000000000000e+02
4.440000000000000000e+03 3.170000000000000000e+02
4.417000000000000000e+03 4.010000000000000000e+02
4.323000000000000000e+03 3.340000000000000000e+02
4.579000000000000000e+03 4.250000000000000000e+02
4.734000000000000000e+03 3.890000000000000000e+02
4.817000000000000000e+03 5.990000000000000000e+02
3.691000000000000000e+03 3.440000000000000000e+02
3.486000000000000000e+03 2.190000000000000000e+02
5.280000000000000000e+03 9.900000000000000000e+02
5.263000000000000000e+03 8.500000000000000000e+02
5.891000000000000000e+03 5.710000000000000000e+02
5.497000000000000000e+03 7.280000000000000000e+02
5.597000000000000000e+03 8.880000000000000000e+02
5.625000000000000000e+03 9.820000000000000000e+02
5.402000000000000000e+03 8.360000000000000000e+02
5.572000000000000000e+03 9.900000000000000000e+02
5.307000000000000000e+03 1.019000000000000000e+03
5.384000000000000000e+03 9.940000000000000000e+02
5.470000000000000000e+03 1.032000000000000000e+03
5.505000000000000000e+03 1.024000000000000000e+03
4.135000000000000000e+03 1.158000000000000000e+03
4.380000000000000000e+03 1.134000000000000000e+03
4.752000000000000000e+03 1.030000000000000000e+03
4.537000000000000000e+03 1.192000000000000000e+03
4.709000000000000000e+03 8.820000000000000000e+02
4.908000000000000000e+03 8.940000000000000000e+02
5.061000000000000000e+03 7.960000000000000000e+02
5.020000000000000000e+03 8.210000000000000000e+02
5.985000000000000000e+03 5.620000000000000000e+02
6.065000000000000000e+03 5.010000000000000000e+02
5.942000000000000000e+03 5.920000000000000000e+02
5.947000000000000000e+03 5.010000000000000000e+02
5.972000000000000000e+03 3.410000000000000000e+02
6.007000000000000000e+03 3.380000000000000000e+02
6.043000000000000000e+03 4.690000000000000000e+02
6.030000000000000000e+03 4.840000000000000000e+02
3.685000000000000000e+03 1.458000000000000000e+03
2.968000000000000000e+03 1.360000000000000000e+02
3.489000000000000000e+03 4.910000000000000000e+02
3.075000000000000000e+03 4.190000000000000000e+02
2.995000000000000000e+03 1.680000000000000000e+02
3.129000000000000000e+03 1.530000000000000000e+02
3.645000000000000000e+03 7.280000000000000000e+02
4.687000000000000000e+03 1.432000000000000000e+03
4.598000000000000000e+03 1.435000000000000000e+03
4.824000000000000000e+03 1.008000000000000000e+03
4.950000000000000000e+03 9.010000000000000000e+02
3.466000000000000000e+03 5.490000000000000000e+02
3.420000000000000000e+03 5.550000000000000000e+02
2.644000000000000000e+03 1.330000000000000000e+02
2.723000000000000000e+03 1.670000000000000000e+02
2.389000000000000000e+03 3.920000000000000000e+02
1.804000000000000000e+03 3.490000000000000000e+02
2.428000000000000000e+03 5.800000000000000000e+02
3.282000000000000000e+03 5.780000000000000000e+02
2.494000000000000000e+03 2.000000000000000000e+02
3.705000000000000000e+03 1.363000000000000000e+03
3.102000000000000000e+03 6.180000000000000000e+02
2.245000000000000000e+03 1.880000000000000000e+02
1.800000000000000000e+03 1.820000000000000000e+02
1.966000000000000000e+03 1.480000000000000000e+02
2.114000000000000000e+03 2.080000000000000000e+02
2.319000000000000000e+03 4.730000000000000000e+02
3.731000000000000000e+03 8.980000000000000000e+02
4.083000000000000000e+03 1.543000000000000000e+03
3.620000000000000000e+03 5.760000000000000000e+02
4.449000000000000000e+03 7.660000000000000000e+02
5.186000000000000000e+03 4.210000000000000000e+02
5.194000000000000000e+03 3.970000000000000000e+02
5.045000000000000000e+03 5.530000000000000000e+02
5.109000000000000000e+03 5.360000000000000000e+02
5.100000000000000000e+03 3.710000000000000000e+02
5.165000000000000000e+03 3.050000000000000000e+02
5.364000000000000000e+03 3.610000000000000000e+02
5.462000000000000000e+03 3.310000000000000000e+02
5.676000000000000000e+03 2.630000000000000000e+02
5.652000000000000000e+03 2.760000000000000000e+02
5.527000000000000000e+03 4.090000000000000000e+02
5.513000000000000000e+03 4.040000000000000000e+02
5.522000000000000000e+03 4.200000000000000000e+02
5.394000000000000000e+03 5.610000000000000000e+02
5.292000000000000000e+03 6.190000000000000000e+02
5.358000000000000000e+03 5.600000000000000000e+02
5.729000000000000000e+03 5.820000000000000000e+02
5.800000000000000000e+03 5.810000000000000000e+02
5.827000000000000000e+03 4.900000000000000000e+02
5.808000000000000000e+03 5.440000000000000000e+02
5.782000000000000000e+03 3.850000000000000000e+02
5.835000000000000000e+03 2.730000000000000000e+02
5.843000000000000000e+03 1.900000000000000000e+02
5.833000000000000000e+03 1.990000000000000000e+02
5.143000000000000000e+03 9.870000000000000000e+02
5.163000000000000000e+03 9.600000000000000000e+02
5.057000000000000000e+03 1.017000000000000000e+03
5.004000000000000000e+03 9.770000000000000000e+02
4.485000000000000000e+03 1.337000000000000000e+03
4.215000000000000000e+03 1.305000000000000000e+03
4.800000000000000000e+03 1.025000000000000000e+03
4.636000000000000000e+03 1.377000000000000000e+03
5.420000000000000000e+03 1.840000000000000000e+02
5.639000000000000000e+03 1.960000000000000000e+02
6.204000000000000000e+03 5.520000000000000000e+02
5.222000000000000000e+03 1.910000000000000000e+02
5.345000000000000000e+03 2.340000000000000000e+02
5.198000000000000000e+03 1.670000000000000000e+02
5.425000000000000000e+03 2.330000000000000000e+02
6.232000000000000000e+03 5.590000000000000000e+02
6.638000000000000000e+03 6.450000000000000000e+02
6.425000000000000000e+03 4.860000000000000000e+02
5.986000000000000000e+03 3.840000000000000000e+02
5.566000000000000000e+03 2.850000000000000000e+02
5.448000000000000000e+03 2.790000000000000000e+02
6.203000000000000000e+03 3.600000000000000000e+02
6.753000000000000000e+03 7.030000000000000000e+02
4.750000000000000000e+03 2.320000000000000000e+02
4.802000000000000000e+03 2.850000000000000000e+02
4.570000000000000000e+03 3.500000000000000000e+02
4.462000000000000000e+03 1.550000000000000000e+02
4.630000000000000000e+03 1.960000000000000000e+02
4.640000000000000000e+03 2.250000000000000000e+02
4.581000000000000000e+03 2.130000000000000000e+02
4.510000000000000000e+03 2.930000000000000000e+02
4.573000000000000000e+03 2.550000000000000000e+02
4.652000000000000000e+03 2.840000000000000000e+02
4.471000000000000000e+03 3.350000000000000000e+02
4.683000000000000000e+03 1.760000000000000000e+02
4.674000000000000000e+03 1.980000000000000000e+02
4.651000000000000000e+03 2.900000000000000000e+02
4.772000000000000000e+03 1.630000000000000000e+02
4.799000000000000000e+03 2.200000000000000000e+02
5.346000000000000000e+03 1.199000000000000000e+03
7.011000000000000000e+03 9.860000000000000000e+02
6.672000000000000000e+03 8.110000000000000000e+02
5.784000000000000000e+03 3.250000000000000000e+02
6.393000000000000000e+03 5.530000000000000000e+02
5.389000000000000000e+03 1.150000000000000000e+02
5.799000000000000000e+03 2.940000000000000000e+02
7.029000000000000000e+03 2.647000000000000000e+03
7.110000000000000000e+03 3.304000000000000000e+03
7.137000000000000000e+03 1.065000000000000000e+03
7.002000000000000000e+03 2.186000000000000000e+03
6.913000000000000000e+03 9.730000000000000000e+02
6.892000000000000000e+03 1.082000000000000000e+03
6.020000000000000000e+03 9.650000000000000000e+02
5.841000000000000000e+03 2.964000000000000000e+03
6.983000000000000000e+03 9.900000000000000000e+02
6.957000000000000000e+03 8.940000000000000000e+02
6.628000000000000000e+03 7.340000000000000000e+02
5.981000000000000000e+03 8.350000000000000000e+02
6.961000000000000000e+03 1.049000000000000000e+03
7.132000000000000000e+03 1.072000000000000000e+03
6.653000000000000000e+03 7.090000000000000000e+02
6.427000000000000000e+03 7.560000000000000000e+02
7.029000000000000000e+03 1.215000000000000000e+03
6.994000000000000000e+03 1.029000000000000000e+03
7.065000000000000000e+03 1.185000000000000000e+03
7.085000000000000000e+03 1.062000000000000000e+03
6.916000000000000000e+03 1.102000000000000000e+03
7.058000000000000000e+03 1.016000000000000000e+03
7.043000000000000000e+03 1.066000000000000000e+03
7.132000000000000000e+03 9.180000000000000000e+02
3.460000000000000000e+03 2.300000000000000000e+03
4.615000000000000000e+03 6.040000000000000000e+02
4.056000000000000000e+03 1.199000000000000000e+03
1.486000000000000000e+03 5.290000000000000000e+03
1.834000000000000000e+03 5.307000000000000000e+03
3.963000000000000000e+03 3.396000000000000000e+03
1.487000000000000000e+03 5.317000000000000000e+03
4.915000000000000000e+03 4.710000000000000000e+02
4.870000000000000000e+03 4.790000000000000000e+02
4.806000000000000000e+03 4.660000000000000000e+02
4.560000000000000000e+03 4.500000000000000000e+02
4.916000000000000000e+03 4.880000000000000000e+02
4.903000000000000000e+03 4.460000000000000000e+02
4.951000000000000000e+03 6.340000000000000000e+02
4.940000000000000000e+03 5.810000000000000000e+02
1.003000000000000000e+03 5.270000000000000000e+03
9.890000000000000000e+02 5.238000000000000000e+03
1.134000000000000000e+03 5.303000000000000000e+03
1.191000000000000000e+03 5.265000000000000000e+03
3.617000000000000000e+03 3.990000000000000000e+03
2.814000000000000000e+03 4.019000000000000000e+03
1.281000000000000000e+03 5.249000000000000000e+03
1.374000000000000000e+03 5.276000000000000000e+03
1.369000000000000000e+03 5.104000000000000000e+03
1.581000000000000000e+03 5.177000000000000000e+03
1.629000000000000000e+03 5.265000000000000000e+03
1.583000000000000000e+03 5.134000000000000000e+03
1.861000000000000000e+03 5.114000000000000000e+03
1.939000000000000000e+03 5.074000000000000000e+03
1.762000000000000000e+03 5.147000000000000000e+03
1.711000000000000000e+03 5.292000000000000000e+03
1.885000000000000000e+03 5.284000000000000000e+03
1.751000000000000000e+03 5.249000000000000000e+03
3.461000000000000000e+03 3.228000000000000000e+03
1.905000000000000000e+03 5.265000000000000000e+03
3.852000000000000000e+03 2.916000000000000000e+03
1.957000000000000000e+03 5.255000000000000000e+03
1.878000000000000000e+03 5.172000000000000000e+03
1.862000000000000000e+03 5.200000000000000000e+03
9.240000000000000000e+02 5.193000000000000000e+03
8.980000000000000000e+02 5.173000000000000000e+03
1.040000000000000000e+03 5.157000000000000000e+03
2.971000000000000000e+03 3.803000000000000000e+03
1.325000000000000000e+03 5.163000000000000000e+03
1.439000000000000000e+03 5.139000000000000000e+03
1.113000000000000000e+03 5.157000000000000000e+03
1.163000000000000000e+03 5.146000000000000000e+03
9.890000000000000000e+02 3.415000000000000000e+03
8.640000000000000000e+02 4.903000000000000000e+03
3.378000000000000000e+03 3.202000000000000000e+03
2.279000000000000000e+03 4.085000000000000000e+03
3.058000000000000000e+03 3.421000000000000000e+03
3.948000000000000000e+03 1.591000000000000000e+03
2.176000000000000000e+03 4.830000000000000000e+03
3.329000000000000000e+03 3.345000000000000000e+03
1.600000000000000000e+03 4.857000000000000000e+03
1.349000000000000000e+03 4.995000000000000000e+03
2.301000000000000000e+03 4.873000000000000000e+03
1.984000000000000000e+03 4.393000000000000000e+03
3.220000000000000000e+03 4.389000000000000000e+03
2.867000000000000000e+03 4.105000000000000000e+03
3.038000000000000000e+03 3.727000000000000000e+03
2.533000000000000000e+03 4.400000000000000000e+03
4.365000000000000000e+03 2.058000000000000000e+03
4.276000000000000000e+03 2.407000000000000000e+03
4.334000000000000000e+03 2.396000000000000000e+03
4.306000000000000000e+03 2.290000000000000000e+03
4.254000000000000000e+03 2.273000000000000000e+03
4.360000000000000000e+03 2.246000000000000000e+03
4.478000000000000000e+03 2.234000000000000000e+03
4.332000000000000000e+03 2.267000000000000000e+03
4.489000000000000000e+03 2.072000000000000000e+03
4.428000000000000000e+03 2.300000000000000000e+03
4.369000000000000000e+03 2.403000000000000000e+03
4.485000000000000000e+03 1.543000000000000000e+03
4.478000000000000000e+03 1.435000000000000000e+03
4.394000000000000000e+03 1.789000000000000000e+03
4.475000000000000000e+03 1.698000000000000000e+03
4.344000000000000000e+03 2.205000000000000000e+03
4.558000000000000000e+03 2.096000000000000000e+03
4.422000000000000000e+03 2.104000000000000000e+03
4.613000000000000000e+03 1.966000000000000000e+03
4.517000000000000000e+03 1.597000000000000000e+03
4.578000000000000000e+03 1.783000000000000000e+03
4.584000000000000000e+03 1.487000000000000000e+03
4.566000000000000000e+03 1.326000000000000000e+03
4.630000000000000000e+03 2.131000000000000000e+03
4.645000000000000000e+03 2.166000000000000000e+03
4.633000000000000000e+03 2.188000000000000000e+03
4.558000000000000000e+03 2.359000000000000000e+03
4.634000000000000000e+03 1.440000000000000000e+03
4.661000000000000000e+03 1.795000000000000000e+03
4.715000000000000000e+03 1.027000000000000000e+03
4.749000000000000000e+03 1.047000000000000000e+03
4.424000000000000000e+03 1.873000000000000000e+03
4.012000000000000000e+03 2.133000000000000000e+03
4.317000000000000000e+03 2.083000000000000000e+03
3.966000000000000000e+03 1.998000000000000000e+03
4.490000000000000000e+03 1.873000000000000000e+03
4.552000000000000000e+03 1.945000000000000000e+03
4.525000000000000000e+03 1.760000000000000000e+03
4.400000000000000000e+03 2.026000000000000000e+03
4.405000000000000000e+03 1.888000000000000000e+03
4.466000000000000000e+03 1.826000000000000000e+03
4.040000000000000000e+03 1.962000000000000000e+03
4.076000000000000000e+03 2.257000000000000000e+03
4.255000000000000000e+03 2.174000000000000000e+03
4.256000000000000000e+03 2.232000000000000000e+03
4.044000000000000000e+03 2.210000000000000000e+03
4.337000000000000000e+03 1.821000000000000000e+03
4.371000000000000000e+03 1.748000000000000000e+03
4.276000000000000000e+03 1.810000000000000000e+03
4.257000000000000000e+03 1.952000000000000000e+03
4.081000000000000000e+03 2.117000000000000000e+03
4.206000000000000000e+03 1.924000000000000000e+03
4.088000000000000000e+03 2.228000000000000000e+03
4.076000000000000000e+03 2.177000000000000000e+03
4.518000000000000000e+03 1.975000000000000000e+03
4.491000000000000000e+03 1.814000000000000000e+03
4.577000000000000000e+03 1.666000000000000000e+03
4.611000000000000000e+03 1.737000000000000000e+03
4.645000000000000000e+03 9.600000000000000000e+02
4.569000000000000000e+03 9.780000000000000000e+02
4.561000000000000000e+03 1.575000000000000000e+03
4.607000000000000000e+03 1.327000000000000000e+03
4.405000000000000000e+03 1.677000000000000000e+03
4.155000000000000000e+03 2.058000000000000000e+03
4.123000000000000000e+03 1.964000000000000000e+03
4.246000000000000000e+03 9.930000000000000000e+02
4.214000000000000000e+03 1.003000000000000000e+03
4.158000000000000000e+03 1.206000000000000000e+03
4.165000000000000000e+03 1.330000000000000000e+03
4.305000000000000000e+03 1.574000000000000000e+03
4.209000000000000000e+03 1.587000000000000000e+03
4.366000000000000000e+03 1.404000000000000000e+03
4.368000000000000000e+03 1.495000000000000000e+03
4.169000000000000000e+03 1.810000000000000000e+03
4.206000000000000000e+03 1.758000000000000000e+03
4.120000000000000000e+03 1.926000000000000000e+03
4.109000000000000000e+03 1.807000000000000000e+03
4.553000000000000000e+03 8.670000000000000000e+02
4.534000000000000000e+03 8.500000000000000000e+02
4.654000000000000000e+03 8.620000000000000000e+02
4.646000000000000000e+03 8.740000000000000000e+02
4.319000000000000000e+03 8.740000000000000000e+02
4.329000000000000000e+03 9.170000000000000000e+02
4.148000000000000000e+03 1.719000000000000000e+03
4.413000000000000000e+03 8.780000000000000000e+02
4.404000000000000000e+03 1.086000000000000000e+03
4.470000000000000000e+03 1.152000000000000000e+03
4.486000000000000000e+03 9.860000000000000000e+02
4.429000000000000000e+03 9.540000000000000000e+02
4.428000000000000000e+03 1.252000000000000000e+03
4.393000000000000000e+03 1.285000000000000000e+03
4.349000000000000000e+03 1.583000000000000000e+03
4.302000000000000000e+03 1.615000000000000000e+03
4.214000000000000000e+03 1.565000000000000000e+03
4.191000000000000000e+03 1.505000000000000000e+03
4.205000000000000000e+03 1.427000000000000000e+03
4.261000000000000000e+03 1.370000000000000000e+03
4.259000000000000000e+03 1.276000000000000000e+03
4.359000000000000000e+03 1.148000000000000000e+03
4.319000000000000000e+03 1.082000000000000000e+03
4.312000000000000000e+03 1.179000000000000000e+03
4.239000000000000000e+03 1.046000000000000000e+03
4.202000000000000000e+03 1.593000000000000000e+03
4.296000000000000000e+03 7.780000000000000000e+02
4.315000000000000000e+03 7.070000000000000000e+02
4.306000000000000000e+03 2.700000000000000000e+03
4.414000000000000000e+03 1.293000000000000000e+03
4.442000000000000000e+03 8.040000000000000000e+02
4.386000000000000000e+03 7.040000000000000000e+02
4.175000000000000000e+03 6.740000000000000000e+02
4.262000000000000000e+03 7.770000000000000000e+02
4.385000000000000000e+03 4.810000000000000000e+02
4.228000000000000000e+03 5.060000000000000000e+02
4.374000000000000000e+03 6.310000000000000000e+02
4.393000000000000000e+03 5.670000000000000000e+02
4.458000000000000000e+03 5.590000000000000000e+02
4.436000000000000000e+03 6.380000000000000000e+02
4.211000000000000000e+03 5.810000000000000000e+02
4.275000000000000000e+03 5.470000000000000000e+02
4.278000000000000000e+03 4.300000000000000000e+02
4.187000000000000000e+03 4.350000000000000000e+02
4.344000000000000000e+03 8.660000000000000000e+02
4.313000000000000000e+03 7.450000000000000000e+02
4.135000000000000000e+03 7.040000000000000000e+02
4.086000000000000000e+03 6.230000000000000000e+02
3.524000000000000000e+03 6.970000000000000000e+03
4.613000000000000000e+03 6.011000000000000000e+03
4.542000000000000000e+03 6.128000000000000000e+03
3.749000000000000000e+03 5.993000000000000000e+03
3.428000000000000000e+03 6.324000000000000000e+03
1.814000000000000000e+03 7.466000000000000000e+03
2.231000000000000000e+03 7.293000000000000000e+03
4.413000000000000000e+03 6.733000000000000000e+03
4.265000000000000000e+03 6.741000000000000000e+03
4.258000000000000000e+03 6.853000000000000000e+03
4.433000000000000000e+03 6.819000000000000000e+03
4.187000000000000000e+03 6.684000000000000000e+03
4.511000000000000000e+03 6.622000000000000000e+03
4.451000000000000000e+03 6.695000000000000000e+03
4.313000000000000000e+03 6.692000000000000000e+03
4.492000000000000000e+03 7.316000000000000000e+03
4.483000000000000000e+03 7.219000000000000000e+03
4.554000000000000000e+03 7.193000000000000000e+03
4.405000000000000000e+03 7.082000000000000000e+03
4.489000000000000000e+03 6.857000000000000000e+03
4.454000000000000000e+03 7.114000000000000000e+03
3.419000000000000000e+03 7.207000000000000000e+03
4.429000000000000000e+03 6.969000000000000000e+03
1.874000000000000000e+03 7.449000000000000000e+03
2.101000000000000000e+03 7.440000000000000000e+03
2.063000000000000000e+03 7.361000000000000000e+03
1.935000000000000000e+03 7.435000000000000000e+03
1.967000000000000000e+03 7.445000000000000000e+03
4.243000000000000000e+03 6.903000000000000000e+03
3.542000000000000000e+03 7.202000000000000000e+03
4.303000000000000000e+03 6.712000000000000000e+03
3.127000000000000000e+03 7.454000000000000000e+03
3.820000000000000000e+03 7.274000000000000000e+03
4.048000000000000000e+03 7.279000000000000000e+03
3.280000000000000000e+03 7.461000000000000000e+03
3.220000000000000000e+03 7.440000000000000000e+03
3.110000000000000000e+03 7.454000000000000000e+03
3.221000000000000000e+03 7.444000000000000000e+03
2.823000000000000000e+03 7.447000000000000000e+03
2.539000000000000000e+03 7.445000000000000000e+03
2.730000000000000000e+03 7.441000000000000000e+03
3.233000000000000000e+03 7.103000000000000000e+03
2.689000000000000000e+03 7.448000000000000000e+03
2.739000000000000000e+03 7.474000000000000000e+03
2.857000000000000000e+03 7.475000000000000000e+03
2.861000000000000000e+03 7.473000000000000000e+03
3.968000000000000000e+03 7.235000000000000000e+03
3.639000000000000000e+03 7.053000000000000000e+03
3.724000000000000000e+03 7.355000000000000000e+03
3.608000000000000000e+03 7.407000000000000000e+03
3.863000000000000000e+03 7.436000000000000000e+03
3.746000000000000000e+03 7.061000000000000000e+03
3.700000000000000000e+03 7.408000000000000000e+03
3.741000000000000000e+03 7.460000000000000000e+03
4.346000000000000000e+03 7.253000000000000000e+03
4.350000000000000000e+03 7.364000000000000000e+03
4.427000000000000000e+03 7.410000000000000000e+03
4.403000000000000000e+03 7.447000000000000000e+03
4.129000000000000000e+03 7.404000000000000000e+03
4.033000000000000000e+03 7.210000000000000000e+03
4.125000000000000000e+03 7.327000000000000000e+03
4.266000000000000000e+03 7.421000000000000000e+03
4.715000000000000000e+03 5.613000000000000000e+03
4.577000000000000000e+03 5.975000000000000000e+03
4.639000000000000000e+03 5.672000000000000000e+03
4.695000000000000000e+03 3.939000000000000000e+03
4.724000000000000000e+03 4.397000000000000000e+03
4.650000000000000000e+03 6.418000000000000000e+03
4.685000000000000000e+03 6.416000000000000000e+03
4.603000000000000000e+03 6.748000000000000000e+03
4.619000000000000000e+03 6.855000000000000000e+03
4.712000000000000000e+03 6.759000000000000000e+03
4.619000000000000000e+03 6.770000000000000000e+03
4.664000000000000000e+03 6.669000000000000000e+03
4.649000000000000000e+03 6.561000000000000000e+03
4.628000000000000000e+03 6.673000000000000000e+03
4.643000000000000000e+03 6.669000000000000000e+03
4.595000000000000000e+03 3.009000000000000000e+03
4.610000000000000000e+03 3.161000000000000000e+03
4.599000000000000000e+03 2.970000000000000000e+03
4.688000000000000000e+03 2.923000000000000000e+03
4.615000000000000000e+03 3.352000000000000000e+03
4.697000000000000000e+03 4.480000000000000000e+03
4.643000000000000000e+03 3.280000000000000000e+03
4.677000000000000000e+03 3.315000000000000000e+03
4.903000000000000000e+03 2.899000000000000000e+03
4.926000000000000000e+03 3.020000000000000000e+03
4.906000000000000000e+03 2.718000000000000000e+03
4.814000000000000000e+03 2.817000000000000000e+03
4.694000000000000000e+03 3.756000000000000000e+03
4.815000000000000000e+03 3.131000000000000000e+03
4.920000000000000000e+03 2.994000000000000000e+03
4.867000000000000000e+03 2.951000000000000000e+03
5.161000000000000000e+03 2.922000000000000000e+03
5.010000000000000000e+03 2.931000000000000000e+03
4.864000000000000000e+03 2.931000000000000000e+03
5.020000000000000000e+03 2.713000000000000000e+03
4.989000000000000000e+03 2.828000000000000000e+03
5.185000000000000000e+03 2.802000000000000000e+03
5.270000000000000000e+03 2.834000000000000000e+03
5.232000000000000000e+03 2.765000000000000000e+03
4.381000000000000000e+03 3.245000000000000000e+03
4.466000000000000000e+03 3.295000000000000000e+03
4.467000000000000000e+03 3.050000000000000000e+03
4.456000000000000000e+03 3.103000000000000000e+03
4.337000000000000000e+03 3.287000000000000000e+03
4.318000000000000000e+03 3.152000000000000000e+03
4.359000000000000000e+03 3.068000000000000000e+03
4.434000000000000000e+03 2.833000000000000000e+03
4.394000000000000000e+03 4.414000000000000000e+03
4.427000000000000000e+03 4.452000000000000000e+03
4.495000000000000000e+03 4.582000000000000000e+03
4.409000000000000000e+03 4.488000000000000000e+03
4.399000000000000000e+03 4.176000000000000000e+03
4.469000000000000000e+03 4.170000000000000000e+03
4.441000000000000000e+03 4.241000000000000000e+03
4.405000000000000000e+03 4.223000000000000000e+03
4.657000000000000000e+03 4.525000000000000000e+03
4.548000000000000000e+03 4.649000000000000000e+03
4.698000000000000000e+03 4.501000000000000000e+03
4.642000000000000000e+03 4.450000000000000000e+03
4.624000000000000000e+03 4.181000000000000000e+03
4.677000000000000000e+03 4.422000000000000000e+03
4.570000000000000000e+03 4.235000000000000000e+03
4.541000000000000000e+03 4.365000000000000000e+03
4.634000000000000000e+03 3.880000000000000000e+03
4.597000000000000000e+03 3.897000000000000000e+03
4.592000000000000000e+03 4.092000000000000000e+03
4.649000000000000000e+03 3.849000000000000000e+03
4.654000000000000000e+03 3.775000000000000000e+03
4.601000000000000000e+03 3.699000000000000000e+03
4.678000000000000000e+03 3.705000000000000000e+03
4.644000000000000000e+03 4.838000000000000000e+03
4.622000000000000000e+03 4.774000000000000000e+03
4.642000000000000000e+03 4.907000000000000000e+03
4.693000000000000000e+03 5.001000000000000000e+03
4.687000000000000000e+03 4.718000000000000000e+03
4.699000000000000000e+03 4.752000000000000000e+03
4.622000000000000000e+03 4.651000000000000000e+03
4.678000000000000000e+03 4.663000000000000000e+03
5.849000000000000000e+03 7.215000000000000000e+03
5.004000000000000000e+03 6.437000000000000000e+03
5.691000000000000000e+03 7.164000000000000000e+03
6.145000000000000000e+03 7.462000000000000000e+03
6.433000000000000000e+03 7.460000000000000000e+03
6.489000000000000000e+03 7.474000000000000000e+03
6.116000000000000000e+03 7.269000000000000000e+03
5.022000000000000000e+03 6.333000000000000000e+03
4.668000000000000000e+03 7.353000000000000000e+03
4.662000000000000000e+03 7.347000000000000000e+03
4.595000000000000000e+03 7.405000000000000000e+03
4.618000000000000000e+03 7.421000000000000000e+03
4.862000000000000000e+03 7.204000000000000000e+03
4.929000000000000000e+03 7.230000000000000000e+03
4.827000000000000000e+03 7.368000000000000000e+03
4.835000000000000000e+03 7.297000000000000000e+03
4.803000000000000000e+03 7.236000000000000000e+03
4.368000000000000000e+03 7.209000000000000000e+03
4.328000000000000000e+03 7.225000000000000000e+03
5.613000000000000000e+03 6.889000000000000000e+03
5.827000000000000000e+03 7.209000000000000000e+03
5.600000000000000000e+03 7.017000000000000000e+03
5.322000000000000000e+03 6.773000000000000000e+03
5.122000000000000000e+03 7.255000000000000000e+03
5.042000000000000000e+03 7.003000000000000000e+03
5.077000000000000000e+03 7.331000000000000000e+03
4.982000000000000000e+03 7.299000000000000000e+03
5.446000000000000000e+03 6.854000000000000000e+03
5.663000000000000000e+03 6.918000000000000000e+03
5.782000000000000000e+03 7.279000000000000000e+03
5.644000000000000000e+03 7.301000000000000000e+03
5.655000000000000000e+03 7.348000000000000000e+03
5.846000000000000000e+03 7.433000000000000000e+03
5.756000000000000000e+03 7.444000000000000000e+03
5.326000000000000000e+03 7.250000000000000000e+03
5.964000000000000000e+03 7.401000000000000000e+03
5.589000000000000000e+03 7.325000000000000000e+03
5.790000000000000000e+03 7.408000000000000000e+03
5.527000000000000000e+03 7.259000000000000000e+03
4.626000000000000000e+03 7.153000000000000000e+03
4.701000000000000000e+03 7.140000000000000000e+03
4.716000000000000000e+03 7.238000000000000000e+03
4.687000000000000000e+03 7.226000000000000000e+03
4.912000000000000000e+03 7.028000000000000000e+03
4.827000000000000000e+03 7.067000000000000000e+03
4.694000000000000000e+03 7.058000000000000000e+03
4.740000000000000000e+03 7.031000000000000000e+03
5.164000000000000000e+03 6.628000000000000000e+03
4.469000000000000000e+03 3.938000000000000000e+03
4.457000000000000000e+03 4.121000000000000000e+03
4.804000000000000000e+03 5.955000000000000000e+03
5.355000000000000000e+03 6.649000000000000000e+03
5.292000000000000000e+03 6.356000000000000000e+03
5.680000000000000000e+03 7.025000000000000000e+03
5.630000000000000000e+03 7.265000000000000000e+03
5.506000000000000000e+03 7.310000000000000000e+03
4.999000000000000000e+03 6.097000000000000000e+03
5.582000000000000000e+03 7.172000000000000000e+03
5.654000000000000000e+03 7.133000000000000000e+03
5.694000000000000000e+03 7.150000000000000000e+03
5.352000000000000000e+03 6.366000000000000000e+03
5.790000000000000000e+03 7.055000000000000000e+03
4.508000000000000000e+03 3.652000000000000000e+03
4.520000000000000000e+03 3.658000000000000000e+03
4.506000000000000000e+03 3.408000000000000000e+03
4.556000000000000000e+03 3.571000000000000000e+03
4.493000000000000000e+03 4.027000000000000000e+03
4.413000000000000000e+03 4.101000000000000000e+03
4.495000000000000000e+03 3.856000000000000000e+03
4.464000000000000000e+03 3.785000000000000000e+03
4.407000000000000000e+03 3.564000000000000000e+03
4.341000000000000000e+03 3.575000000000000000e+03
4.343000000000000000e+03 3.642000000000000000e+03
4.321000000000000000e+03 3.565000000000000000e+03
4.369000000000000000e+03 3.708000000000000000e+03
4.309000000000000000e+03 3.719000000000000000e+03
4.364000000000000000e+03 3.811000000000000000e+03
4.363000000000000000e+03 3.965000000000000000e+03
5.126000000000000000e+03 7.111000000000000000e+03
5.549000000000000000e+03 7.250000000000000000e+03
5.081000000000000000e+03 6.659000000000000000e+03
5.124000000000000000e+03 7.097000000000000000e+03
6.023000000000000000e+03 6.780000000000000000e+03
5.797000000000000000e+03 7.063000000000000000e+03
5.252000000000000000e+03 7.381000000000000000e+03
5.284000000000000000e+03 7.255000000000000000e+03
5.952000000000000000e+03 7.080000000000000000e+03
5.328000000000000000e+03 7.183000000000000000e+03
5.257000000000000000e+03 7.131000000000000000e+03
5.000000000000000000e+03 6.338000000000000000e+03
5.224000000000000000e+03 7.297000000000000000e+03
5.323000000000000000e+03 7.325000000000000000e+03
5.036000000000000000e+03 6.673000000000000000e+03
5.261000000000000000e+03 7.226000000000000000e+03
5.417000000000000000e+03 7.208000000000000000e+03
5.510000000000000000e+03 7.122000000000000000e+03
5.403000000000000000e+03 7.057000000000000000e+03
5.442000000000000000e+03 7.064000000000000000e+03
5.006000000000000000e+03 7.069000000000000000e+03
4.996000000000000000e+03 7.144000000000000000e+03
5.153000000000000000e+03 7.020000000000000000e+03
5.135000000000000000e+03 7.103000000000000000e+03
6.308000000000000000e+03 7.015000000000000000e+03
5.178000000000000000e+03 7.435000000000000000e+03
5.649000000000000000e+03 6.926000000000000000e+03
6.256000000000000000e+03 7.056000000000000000e+03
5.935000000000000000e+03 7.172000000000000000e+03
5.583000000000000000e+03 7.320000000000000000e+03
5.390000000000000000e+03 7.466000000000000000e+03
5.351000000000000000e+03 7.460000000000000000e+03
3.808000000000000000e+03 5.020000000000000000e+03
3.894000000000000000e+03 5.084000000000000000e+03
3.652000000000000000e+03 5.150000000000000000e+03
3.792000000000000000e+03 4.924000000000000000e+03
3.551000000000000000e+03 5.143000000000000000e+03
3.341000000000000000e+03 5.148000000000000000e+03
3.462000000000000000e+03 5.169000000000000000e+03
3.092000000000000000e+03 5.143000000000000000e+03
3.284000000000000000e+03 5.075000000000000000e+03
3.102000000000000000e+03 5.171000000000000000e+03
3.030000000000000000e+03 5.186000000000000000e+03
3.634000000000000000e+03 5.097000000000000000e+03
3.351000000000000000e+03 5.144000000000000000e+03
3.620000000000000000e+03 5.136000000000000000e+03
3.553000000000000000e+03 5.187000000000000000e+03
2.980000000000000000e+03 5.300000000000000000e+03
3.057000000000000000e+03 5.386000000000000000e+03
2.936000000000000000e+03 5.382000000000000000e+03
2.758000000000000000e+03 5.298000000000000000e+03
3.372000000000000000e+03 5.312000000000000000e+03
3.272000000000000000e+03 5.360000000000000000e+03
3.113000000000000000e+03 5.391000000000000000e+03
3.198000000000000000e+03 5.402000000000000000e+03
2.816000000000000000e+03 5.315000000000000000e+03
3.402000000000000000e+03 4.813000000000000000e+03
2.788000000000000000e+03 5.403000000000000000e+03
4.365000000000000000e+03 3.517000000000000000e+03
2.531000000000000000e+03 5.389000000000000000e+03
2.676000000000000000e+03 5.396000000000000000e+03
2.471000000000000000e+03 5.336000000000000000e+03
2.491000000000000000e+03 5.353000000000000000e+03
4.448000000000000000e+03 5.766000000000000000e+03
3.891000000000000000e+03 5.463000000000000000e+03
4.067000000000000000e+03 5.560000000000000000e+03
3.536000000000000000e+03 5.357000000000000000e+03
3.559000000000000000e+03 5.325000000000000000e+03
3.648000000000000000e+03 5.395000000000000000e+03
3.546000000000000000e+03 5.463000000000000000e+03
3.890000000000000000e+03 5.386000000000000000e+03
3.913000000000000000e+03 4.884000000000000000e+03
3.827000000000000000e+03 5.235000000000000000e+03
3.787000000000000000e+03 5.326000000000000000e+03
4.085000000000000000e+03 4.648000000000000000e+03
4.006000000000000000e+03 5.367000000000000000e+03
4.175000000000000000e+03 5.049000000000000000e+03
4.411000000000000000e+03 4.572000000000000000e+03
4.343000000000000000e+03 5.277000000000000000e+03
4.442000000000000000e+03 4.970000000000000000e+03
4.273000000000000000e+03 5.389000000000000000e+03
4.210000000000000000e+03 5.278000000000000000e+03
4.260000000000000000e+03 5.150000000000000000e+03
4.311000000000000000e+03 5.157000000000000000e+03
4.335000000000000000e+03 4.738000000000000000e+03
4.398000000000000000e+03 5.204000000000000000e+03
3.883000000000000000e+03 5.118000000000000000e+03
3.904000000000000000e+03 5.107000000000000000e+03
3.876000000000000000e+03 5.049000000000000000e+03
4.011000000000000000e+03 5.027000000000000000e+03
3.982000000000000000e+03 5.155000000000000000e+03
3.889000000000000000e+03 5.112000000000000000e+03
3.991000000000000000e+03 5.206000000000000000e+03
4.129000000000000000e+03 5.072000000000000000e+03
3.734000000000000000e+03 2.467000000000000000e+03
3.510000000000000000e+03 2.469000000000000000e+03
3.448000000000000000e+03 2.531000000000000000e+03
3.566000000000000000e+03 2.345000000000000000e+03
3.453000000000000000e+03 2.405000000000000000e+03
3.574000000000000000e+03 2.239000000000000000e+03
3.621000000000000000e+03 2.242000000000000000e+03
3.441000000000000000e+03 2.363000000000000000e+03
3.410000000000000000e+03 2.311000000000000000e+03
3.508000000000000000e+03 2.437000000000000000e+03
3.312000000000000000e+03 2.505000000000000000e+03
3.431000000000000000e+03 2.180000000000000000e+03
3.639000000000000000e+03 2.178000000000000000e+03
3.470000000000000000e+03 2.214000000000000000e+03
3.564000000000000000e+03 2.099000000000000000e+03
4.319000000000000000e+03 2.475000000000000000e+03
4.413000000000000000e+03 2.515000000000000000e+03
4.379000000000000000e+03 2.692000000000000000e+03
4.313000000000000000e+03 2.627000000000000000e+03
4.309000000000000000e+03 3.445000000000000000e+03
4.300000000000000000e+03 3.296000000000000000e+03
4.278000000000000000e+03 3.641000000000000000e+03
4.346000000000000000e+03 2.808000000000000000e+03
3.808000000000000000e+03 2.391000000000000000e+03
3.751000000000000000e+03 2.399000000000000000e+03
3.787000000000000000e+03 2.586000000000000000e+03
3.663000000000000000e+03 2.451000000000000000e+03
3.805000000000000000e+03 2.586000000000000000e+03
3.796000000000000000e+03 2.581000000000000000e+03
3.630000000000000000e+03 2.560000000000000000e+03
3.649000000000000000e+03 2.373000000000000000e+03
3.857000000000000000e+03 2.323000000000000000e+03
4.072000000000000000e+03 2.305000000000000000e+03
3.928000000000000000e+03 2.176000000000000000e+03
3.800000000000000000e+03 2.224000000000000000e+03
3.969000000000000000e+03 2.341000000000000000e+03
3.910000000000000000e+03 2.459000000000000000e+03
4.121000000000000000e+03 2.464000000000000000e+03
3.932000000000000000e+03 2.540000000000000000e+03
4.541000000000000000e+03 2.522000000000000000e+03
4.622000000000000000e+03 2.436000000000000000e+03
4.509000000000000000e+03 2.559000000000000000e+03
4.494000000000000000e+03 2.702000000000000000e+03
4.515000000000000000e+03 2.772000000000000000e+03
4.509000000000000000e+03 2.685000000000000000e+03
4.016000000000000000e+03 2.532000000000000000e+03
4.172000000000000000e+03 2.514000000000000000e+03
4.545000000000000000e+03 3.929000000000000000e+03
4.691000000000000000e+03 3.696000000000000000e+03
5.206000000000000000e+03 3.013000000000000000e+03
5.357000000000000000e+03 2.985000000000000000e+03
4.480000000000000000e+03 3.310000000000000000e+03
5.088000000000000000e+03 3.717000000000000000e+03
5.571000000000000000e+03 2.875000000000000000e+03
5.511000000000000000e+03 2.998000000000000000e+03
4.614000000000000000e+03 4.001000000000000000e+03
4.701000000000000000e+03 4.126000000000000000e+03
4.314000000000000000e+03 2.968000000000000000e+03
4.587000000000000000e+03 2.947000000000000000e+03
4.653000000000000000e+03 2.777000000000000000e+03
4.574000000000000000e+03 2.584000000000000000e+03
4.614000000000000000e+03 3.013000000000000000e+03
4.496000000000000000e+03 2.876000000000000000e+03
4.685000000000000000e+03 4.447000000000000000e+03
4.724000000000000000e+03 5.564000000000000000e+03
4.682000000000000000e+03 5.826000000000000000e+03
4.666000000000000000e+03 5.936000000000000000e+03
4.664000000000000000e+03 4.986000000000000000e+03
4.596000000000000000e+03 5.993000000000000000e+03
4.617000000000000000e+03 6.023000000000000000e+03
4.939000000000000000e+03 2.203000000000000000e+03
4.931000000000000000e+03 2.156000000000000000e+03
4.732000000000000000e+03 3.788000000000000000e+03
4.614000000000000000e+03 3.415000000000000000e+03
4.665000000000000000e+03 4.334000000000000000e+03
4.672000000000000000e+03 3.985000000000000000e+03
4.694000000000000000e+03 4.874000000000000000e+03
4.681000000000000000e+03 5.416000000000000000e+03
2.553000000000000000e+03 5.130000000000000000e+03
2.727000000000000000e+03 4.397000000000000000e+03
2.438000000000000000e+03 5.125000000000000000e+03
2.341000000000000000e+03 5.164000000000000000e+03
2.964000000000000000e+03 4.579000000000000000e+03
3.202000000000000000e+03 3.008000000000000000e+03
2.822000000000000000e+03 5.132000000000000000e+03
2.560000000000000000e+03 5.112000000000000000e+03
6.540000000000000000e+02 5.212000000000000000e+03
9.220000000000000000e+02 4.698000000000000000e+03
4.850000000000000000e+02 5.152000000000000000e+03
5.080000000000000000e+02 5.151000000000000000e+03
7.560000000000000000e+02 5.186000000000000000e+03
2.496000000000000000e+03 3.032000000000000000e+03
1.468000000000000000e+03 4.511000000000000000e+03
1.562000000000000000e+03 4.298000000000000000e+03
3.336000000000000000e+03 5.428000000000000000e+03
4.115000000000000000e+03 4.091000000000000000e+03
1.585000000000000000e+03 5.403000000000000000e+03
3.719000000000000000e+03 5.420000000000000000e+03
4.651000000000000000e+03 5.450000000000000000e+03
3.929000000000000000e+03 5.434000000000000000e+03
4.443000000000000000e+03 5.489000000000000000e+03
4.481000000000000000e+03 5.782000000000000000e+03
4.518000000000000000e+03 5.818000000000000000e+03
4.586000000000000000e+03 5.756000000000000000e+03
4.540000000000000000e+03 5.731000000000000000e+03
3.936000000000000000e+03 5.449000000000000000e+03
4.516000000000000000e+03 5.662000000000000000e+03
4.627000000000000000e+03 5.633000000000000000e+03
4.634000000000000000e+03 5.552000000000000000e+03
2.886000000000000000e+03 5.228000000000000000e+03
2.909000000000000000e+03 5.242000000000000000e+03
3.172000000000000000e+03 5.296000000000000000e+03
2.879000000000000000e+03 5.272000000000000000e+03
2.603000000000000000e+03 5.226000000000000000e+03
2.710000000000000000e+03 5.242000000000000000e+03
2.480000000000000000e+03 5.233000000000000000e+03
2.455000000000000000e+03 5.257000000000000000e+03
3.060000000000000000e+02 5.149000000000000000e+03
3.100000000000000000e+02 5.197000000000000000e+03
3.680000000000000000e+02 5.150000000000000000e+03
3.030000000000000000e+02 5.052000000000000000e+03
5.210000000000000000e+02 5.268000000000000000e+03
4.130000000000000000e+02 5.114000000000000000e+03
3.939000000000000000e+03 4.145000000000000000e+03
4.272000000000000000e+03 4.366000000000000000e+03
3.485000000000000000e+03 5.336000000000000000e+03
3.920000000000000000e+03 4.270000000000000000e+03
4.283000000000000000e+03 3.977000000000000000e+03
4.524000000000000000e+03 5.201000000000000000e+03
4.302000000000000000e+03 5.287000000000000000e+03
2.444000000000000000e+03 4.968000000000000000e+03
7.940000000000000000e+02 5.379000000000000000e+03
1.702000000000000000e+03 5.422000000000000000e+03
1.557000000000000000e+03 5.427000000000000000e+03
1.464000000000000000e+03 5.354000000000000000e+03
1.241000000000000000e+03 5.367000000000000000e+03
1.168000000000000000e+03 5.397000000000000000e+03
1.220000000000000000e+03 5.428000000000000000e+03
1.000000000000000000e+03 5.356000000000000000e+03
1.213000000000000000e+03 5.416000000000000000e+03
4.611000000000000000e+03 6.115000000000000000e+03
4.582000000000000000e+03 6.244000000000000000e+03
4.573000000000000000e+03 5.458000000000000000e+03
4.568000000000000000e+03 5.364000000000000000e+03
4.418000000000000000e+03 6.472000000000000000e+03
4.369000000000000000e+03 6.427000000000000000e+03
4.548000000000000000e+03 6.359000000000000000e+03
4.430000000000000000e+03 6.422000000000000000e+03
4.471000000000000000e+03 6.254000000000000000e+03
4.484000000000000000e+03 5.755000000000000000e+03
4.390000000000000000e+03 6.189000000000000000e+03
4.414000000000000000e+03 6.317000000000000000e+03
4.464000000000000000e+03 6.106000000000000000e+03
4.496000000000000000e+03 5.725000000000000000e+03
4.528000000000000000e+03 5.564000000000000000e+03
4.492000000000000000e+03 5.808000000000000000e+03
6.320000000000000000e+02 5.317000000000000000e+03
9.040000000000000000e+02 5.417000000000000000e+03
5.640000000000000000e+02 5.402000000000000000e+03
6.710000000000000000e+02 5.367000000000000000e+03
2.832000000000000000e+03 5.530000000000000000e+03
4.226000000000000000e+03 6.003000000000000000e+03
3.940000000000000000e+03 5.934000000000000000e+03
4.307000000000000000e+03 6.445000000000000000e+03
3.104000000000000000e+03 6.246000000000000000e+03
2.711000000000000000e+03 6.182000000000000000e+03
3.073000000000000000e+03 5.810000000000000000e+03
3.776000000000000000e+03 6.448000000000000000e+03
4.196000000000000000e+03 6.253000000000000000e+03
3.371000000000000000e+03 7.323000000000000000e+03
3.471000000000000000e+03 6.107000000000000000e+03
1.969000000000000000e+03 5.656000000000000000e+03
3.540000000000000000e+02 5.420000000000000000e+03
3.970000000000000000e+02 5.353000000000000000e+03
4.077000000000000000e+03 5.932000000000000000e+03
1.946000000000000000e+03 5.632000000000000000e+03
4.400000000000000000e+03 5.792000000000000000e+03
4.305000000000000000e+03 5.377000000000000000e+03
4.035000000000000000e+03 5.692000000000000000e+03
4.335000000000000000e+03 5.868000000000000000e+03
4.465000000000000000e+03 5.252000000000000000e+03
4.360000000000000000e+03 5.486000000000000000e+03
4.402000000000000000e+03 5.562000000000000000e+03
4.434000000000000000e+03 5.259000000000000000e+03
4.274000000000000000e+03 6.418000000000000000e+03
4.324000000000000000e+03 6.250000000000000000e+03
4.365000000000000000e+03 5.741000000000000000e+03
4.291000000000000000e+03 6.285000000000000000e+03
2.560000000000000000e+02 2.300000000000000000e+02
3.570000000000000000e+02 2.640000000000000000e+03
3.260000000000000000e+02 5.480000000000000000e+03
4.746000000000000000e+03 3.060000000000000000e+03
4.683000000000000000e+03 1.100000000000000000e+03
-4.000000000000000000e+00 0.000000000000000000e+00
7.164000000000000000e+03 0.000000000000000000e+00
3.000000000000000000e+00 0.000000000000000000e+00
