5.092000000000000000e+03 5.840000000000000000e+02
4.770000000000000000e+03 6.350000000000000000e+02
4.755000000000000000e+03 5.670000000000000000e+02
4.941000000000000000e+03 6.710000000000000000e+02
4.995000000000000000e+03 5.530000000000000000e+02
4.879000000000000000e+03 5.410000000000000000e+02
4.951000000000000000e+03 5.120000000000000000e+02
5.305000000000000000e+03 6.750000000000000000e+02
5.286000000000000000e+03 7.100000000000000000e+02
5.028000000000000000e+03 7.070000000000000000e+02
5.102000000000000000e+03 6.580000000000000000e+02
5.373000000000000000e+03 7.290000000000000000e+02
5.159000000000000000e+03 8.610000000000000000e+02
5.491000000000000000e+03 7.140000000000000000e+02
5.571000000000000000e+03 6.280000000000000000e+02
5.111000000000000000e+03 5.040000000000000000e+02
5.143000000000000000e+03 4.990000000000000000e+02
4.772000000000000000e+03 4.960000000000000000e+02
4.777000000000000000e+03 4.450000000000000000e+02
5.350000000000000000e+03 4.090000000000000000e+02
5.171000000000000000e+03 4.770000000000000000e+02
5.269000000000000000e+03 3.840000000000000000e+02
5.257000000000000000e+03 3.890000000000000000e+02
5.155000000000000000e+03 2.600000000000000000e+02
5.008000000000000000e+03 3.110000000000000000e+02
5.199000000000000000e+03 2.360000000000000000e+02
5.036000000000000000e+03 2.240000000000000000e+02
4.660000000000000000e+03 4.100000000000000000e+02
4.723000000000000000e+03 4.000000000000000000e+02
4.977000000000000000e+03 3.340000000000000000e+02
4.757000000000000000e+03 3.640000000000000000e+02
5.768000000000000000e+03 5.360000000000000000e+02
5.819000000000000000e+03 7.060000000000000000e+02
5.799000000000000000e+03 6.700000000000000000e+02
4.478000000000000000e+03 9.850000000000000000e+02
4.537000000000000000e+03 9.010000000000000000e+02
4.441000000000000000e+03 9.850000000000000000e+02
4.409000000000000000e+03 8.590000000000000000e+02
4.601000000000000000e+03 5.880000000000000000e+02
4.526000000000000000e+03 6.190000000000000000e+02
4.635000000000000000e+03 6.200000000000000000e+02
4.620000000000000000e+03 6.280000000000000000e+02
4.402000000000000000e+03 6.630000000000000000e+02
4.443000000000000000e+03 9.000000000000000000e+02
4.460000000000000000e+03 7.870000000000000000e+02
4.513000000000000000e+03 7.120000000000000000e+02
5.589000000000000000e+03 6.090000000000000000e+02
5.950000000000000000e+03 7.180000000000000000e+02
6.012000000000000000e+03 6.690000000000000000e+02
6.100000000000000000e+03 7.080000000000000000e+02
6.057000000000000000e+03 5.710000000000000000e+02
6.066000000000000000e+03 6.030000000000000000e+02
5.950000000000000000e+03 5.660000000000000000e+02
6.004000000000000000e+03 5.610000000000000000e+02
5.982000000000000000e+03 1.790000000000000000e+02
5.926000000000000000e+03 1.700000000000000000e+02
5.842000000000000000e+03 2.210000000000000000e+02
5.856000000000000000e+03 1.830000000000000000e+02
6.042000000000000000e+03 4.040000000000000000e+02
6.092000000000000000e+03 3.510000000000000000e+02
6.078000000000000000e+03 2.700000000000000000e+02
6.049000000000000000e+03 1.900000000000000000e+02
6.071000000000000000e+03 4.550000000000000000e+02
6.552000000000000000e+03 7.180000000000000000e+02
6.511000000000000000e+03 7.060000000000000000e+02
6.196000000000000000e+03 1.580000000000000000e+02
6.208000000000000000e+03 2.430000000000000000e+02
6.150000000000000000e+03 2.120000000000000000e+02
6.081000000000000000e+03 2.710000000000000000e+02
6.816000000000000000e+03 6.860000000000000000e+02
6.902000000000000000e+03 6.000000000000000000e+02
6.766000000000000000e+03 6.600000000000000000e+02
6.717000000000000000e+03 7.120000000000000000e+02
6.786000000000000000e+03 6.480000000000000000e+02
6.749000000000000000e+03 6.110000000000000000e+02
6.941000000000000000e+03 6.690000000000000000e+02
6.892000000000000000e+03 5.070000000000000000e+02
6.312000000000000000e+03 1.820000000000000000e+02
6.289000000000000000e+03 1.870000000000000000e+02
6.369000000000000000e+03 3.430000000000000000e+02
6.363000000000000000e+03 2.400000000000000000e+02
6.287000000000000000e+03 3.490000000000000000e+02
6.257000000000000000e+03 3.960000000000000000e+02
5.838000000000000000e+03 4.650000000000000000e+02
6.157000000000000000e+03 4.810000000000000000e+02
6.209000000000000000e+03 6.060000000000000000e+02
6.264000000000000000e+03 5.600000000000000000e+02
6.121000000000000000e+03 6.580000000000000000e+02
6.212000000000000000e+03 6.340000000000000000e+02
6.407000000000000000e+03 5.320000000000000000e+02
6.359000000000000000e+03 5.400000000000000000e+02
6.312000000000000000e+03 6.250000000000000000e+02
6.377000000000000000e+03 6.480000000000000000e+02
6.401000000000000000e+03 3.000000000000000000e+02
6.408000000000000000e+03 2.510000000000000000e+02
6.780000000000000000e+03 1.520000000000000000e+02
6.835000000000000000e+03 1.920000000000000000e+02
6.443000000000000000e+03 1.680000000000000000e+02
6.604000000000000000e+03 1.450000000000000000e+02
6.567000000000000000e+03 2.130000000000000000e+02
6.618000000000000000e+03 1.650000000000000000e+02
6.444000000000000000e+03 4.110000000000000000e+02
6.459000000000000000e+03 3.630000000000000000e+02
6.491000000000000000e+03 3.710000000000000000e+02
6.666000000000000000e+03 3.770000000000000000e+02
6.715000000000000000e+03 3.290000000000000000e+02
6.777000000000000000e+03 3.480000000000000000e+02
6.572000000000000000e+03 2.570000000000000000e+02
6.660000000000000000e+03 2.320000000000000000e+02
6.543000000000000000e+03 4.190000000000000000e+02
6.527000000000000000e+03 4.800000000000000000e+02
6.296000000000000000e+03 4.820000000000000000e+02
6.784000000000000000e+03 4.650000000000000000e+02
6.823000000000000000e+03 2.750000000000000000e+02
6.046000000000000000e+03 4.740000000000000000e+02
6.077000000000000000e+03 4.570000000000000000e+02
6.818000000000000000e+03 3.350000000000000000e+02
6.564000000000000000e+03 4.580000000000000000e+02
6.734000000000000000e+03 5.420000000000000000e+02
6.643000000000000000e+03 6.060000000000000000e+02
6.555000000000000000e+03 5.870000000000000000e+02
6.722000000000000000e+03 5.430000000000000000e+02
6.915000000000000000e+03 4.630000000000000000e+02
6.563000000000000000e+03 5.040000000000000000e+02
6.726000000000000000e+03 5.020000000000000000e+02
3.539000000000000000e+03 2.180000000000000000e+02
3.627000000000000000e+03 2.110000000000000000e+02
3.560000000000000000e+03 2.640000000000000000e+02
3.762000000000000000e+03 1.800000000000000000e+02
3.750000000000000000e+03 1.460000000000000000e+02
3.716000000000000000e+03 2.180000000000000000e+02
3.795000000000000000e+03 1.790000000000000000e+02
4.068000000000000000e+03 1.690000000000000000e+02
3.965000000000000000e+03 1.550000000000000000e+02
4.003000000000000000e+03 2.540000000000000000e+02
4.050000000000000000e+03 1.720000000000000000e+02
4.174000000000000000e+03 3.570000000000000000e+02
4.095000000000000000e+03 3.740000000000000000e+02
4.215000000000000000e+03 3.240000000000000000e+02
4.075000000000000000e+03 2.700000000000000000e+02
4.260000000000000000e+03 1.670000000000000000e+02
4.258000000000000000e+03 2.110000000000000000e+02
4.393000000000000000e+03 3.270000000000000000e+02
4.353000000000000000e+03 3.200000000000000000e+02
4.291000000000000000e+03 4.440000000000000000e+02
4.286000000000000000e+03 4.980000000000000000e+02
4.358000000000000000e+03 3.890000000000000000e+02
4.398000000000000000e+03 4.840000000000000000e+02
4.183000000000000000e+03 5.800000000000000000e+02
4.223000000000000000e+03 6.530000000000000000e+02
4.263000000000000000e+03 5.560000000000000000e+02
4.188000000000000000e+03 4.750000000000000000e+02
4.081000000000000000e+03 6.230000000000000000e+02
4.094000000000000000e+03 5.110000000000000000e+02
4.112000000000000000e+03 7.000000000000000000e+02
4.166000000000000000e+03 7.100000000000000000e+02
4.331000000000000000e+03 5.670000000000000000e+02
3.595000000000000000e+03 2.530000000000000000e+02
3.601000000000000000e+03 2.040000000000000000e+02
4.224000000000000000e+03 8.880000000000000000e+02
4.295000000000000000e+03 7.340000000000000000e+02
5.758000000000000000e+03 4.620000000000000000e+02
4.968000000000000000e+03 5.930000000000000000e+02
4.695000000000000000e+03 7.210000000000000000e+02
4.763000000000000000e+03 7.220000000000000000e+02
4.422000000000000000e+03 7.350000000000000000e+02
4.604000000000000000e+03 7.690000000000000000e+02
4.299000000000000000e+03 8.990000000000000000e+02
4.346000000000000000e+03 8.160000000000000000e+02
4.467000000000000000e+03 7.600000000000000000e+02
4.477000000000000000e+03 8.240000000000000000e+02
4.136000000000000000e+03 1.218000000000000000e+03
4.290000000000000000e+03 1.124000000000000000e+03
4.242000000000000000e+03 1.118000000000000000e+03
4.246000000000000000e+03 1.150000000000000000e+03
4.190000000000000000e+03 1.038000000000000000e+03
4.284000000000000000e+03 1.069000000000000000e+03
4.361000000000000000e+03 9.940000000000000000e+02
4.408000000000000000e+03 1.019000000000000000e+03
5.796000000000000000e+03 5.360000000000000000e+02
5.932000000000000000e+03 4.660000000000000000e+02
5.792000000000000000e+03 5.290000000000000000e+02
5.824000000000000000e+03 4.830000000000000000e+02
5.854000000000000000e+03 3.200000000000000000e+02
5.896000000000000000e+03 3.190000000000000000e+02
5.879000000000000000e+03 4.280000000000000000e+02
5.867000000000000000e+03 4.420000000000000000e+02
2.499000000000000000e+03 1.696000000000000000e+03
1.724000000000000000e+03 2.270000000000000000e+02
2.513000000000000000e+03 4.190000000000000000e+02
1.847000000000000000e+03 7.270000000000000000e+02
1.743000000000000000e+03 2.050000000000000000e+02
1.643000000000000000e+03 1.580000000000000000e+02
1.929000000000000000e+03 9.040000000000000000e+02
4.360000000000000000e+03 1.475000000000000000e+03
4.262000000000000000e+03 1.617000000000000000e+03
4.423000000000000000e+03 1.231000000000000000e+03
4.525000000000000000e+03 1.127000000000000000e+03
3.199000000000000000e+03 5.170000000000000000e+02
2.994000000000000000e+03 1.026000000000000000e+03
2.604000000000000000e+03 2.480000000000000000e+02
2.503000000000000000e+03 2.020000000000000000e+02
2.169000000000000000e+03 5.040000000000000000e+02
1.727000000000000000e+03 4.350000000000000000e+02
2.409000000000000000e+03 6.620000000000000000e+02
3.198000000000000000e+03 6.580000000000000000e+02
2.454000000000000000e+03 3.080000000000000000e+02
3.669000000000000000e+03 1.543000000000000000e+03
3.027000000000000000e+03 7.510000000000000000e+02
2.075000000000000000e+03 3.010000000000000000e+02
1.444000000000000000e+03 2.450000000000000000e+02
1.455000000000000000e+03 2.030000000000000000e+02
1.829000000000000000e+03 2.730000000000000000e+02
2.102000000000000000e+03 5.400000000000000000e+02
3.157000000000000000e+03 1.364000000000000000e+03
4.070000000000000000e+03 1.787000000000000000e+03
3.418000000000000000e+03 6.320000000000000000e+02
4.278000000000000000e+03 8.060000000000000000e+02
5.035000000000000000e+03 4.360000000000000000e+02
5.005000000000000000e+03 4.250000000000000000e+02
4.677000000000000000e+03 5.160000000000000000e+02
4.796000000000000000e+03 5.030000000000000000e+02
4.937000000000000000e+03 4.170000000000000000e+02
5.086000000000000000e+03 3.640000000000000000e+02
5.139000000000000000e+03 3.220000000000000000e+02
5.248000000000000000e+03 2.930000000000000000e+02
5.495000000000000000e+03 2.700000000000000000e+02
5.508000000000000000e+03 3.460000000000000000e+02
5.412000000000000000e+03 4.470000000000000000e+02
5.427000000000000000e+03 4.520000000000000000e+02
5.396000000000000000e+03 4.440000000000000000e+02
5.302000000000000000e+03 5.760000000000000000e+02
5.119000000000000000e+03 5.840000000000000000e+02
5.220000000000000000e+03 5.690000000000000000e+02
5.442000000000000000e+03 5.350000000000000000e+02
5.497000000000000000e+03 5.360000000000000000e+02
5.570000000000000000e+03 4.850000000000000000e+02
5.572000000000000000e+03 5.650000000000000000e+02
5.590000000000000000e+03 5.720000000000000000e+02
5.662000000000000000e+03 4.530000000000000000e+02
5.677000000000000000e+03 3.770000000000000000e+02
5.621000000000000000e+03 3.210000000000000000e+02
4.532000000000000000e+03 1.194000000000000000e+03
4.561000000000000000e+03 1.210000000000000000e+03
4.555000000000000000e+03 1.423000000000000000e+03
4.555000000000000000e+03 1.496000000000000000e+03
4.479000000000000000e+03 1.862000000000000000e+03
4.257000000000000000e+03 1.953000000000000000e+03
4.598000000000000000e+03 1.637000000000000000e+03
4.553000000000000000e+03 1.934000000000000000e+03
5.422000000000000000e+03 1.810000000000000000e+02
5.607000000000000000e+03 1.850000000000000000e+02
6.305000000000000000e+03 5.400000000000000000e+02
5.272000000000000000e+03 1.780000000000000000e+02
5.389000000000000000e+03 2.490000000000000000e+02
5.250000000000000000e+03 1.660000000000000000e+02
5.448000000000000000e+03 2.240000000000000000e+02
6.402000000000000000e+03 5.970000000000000000e+02
6.791000000000000000e+03 7.160000000000000000e+02
6.563000000000000000e+03 5.070000000000000000e+02
6.181000000000000000e+03 3.870000000000000000e+02
5.634000000000000000e+03 3.120000000000000000e+02
5.514000000000000000e+03 3.120000000000000000e+02
6.328000000000000000e+03 3.950000000000000000e+02
6.914000000000000000e+03 7.880000000000000000e+02
4.781000000000000000e+03 3.810000000000000000e+02
4.743000000000000000e+03 2.340000000000000000e+02
4.565000000000000000e+03 3.470000000000000000e+02
4.470000000000000000e+03 1.620000000000000000e+02
4.615000000000000000e+03 1.620000000000000000e+02
4.562000000000000000e+03 2.070000000000000000e+02
4.577000000000000000e+03 2.760000000000000000e+02
4.648000000000000000e+03 5.760000000000000000e+02
4.626000000000000000e+03 3.410000000000000000e+02
4.676000000000000000e+03 2.720000000000000000e+02
4.460000000000000000e+03 3.830000000000000000e+02
4.635000000000000000e+03 2.270000000000000000e+02
4.703000000000000000e+03 2.330000000000000000e+02
4.667000000000000000e+03 3.060000000000000000e+02
4.712000000000000000e+03 2.460000000000000000e+02
4.705000000000000000e+03 2.330000000000000000e+02
5.334000000000000000e+03 1.124000000000000000e+03
7.153000000000000000e+03 1.201000000000000000e+03
6.748000000000000000e+03 9.350000000000000000e+02
5.895000000000000000e+03 3.020000000000000000e+02
6.508000000000000000e+03 5.500000000000000000e+02
5.446000000000000000e+03 1.180000000000000000e+02
5.834000000000000000e+03 3.130000000000000000e+02
7.136000000000000000e+03 3.035000000000000000e+03
7.191000000000000000e+03 3.812000000000000000e+03
7.129000000000000000e+03 1.658000000000000000e+03
7.088000000000000000e+03 2.156000000000000000e+03
7.174000000000000000e+03 1.131000000000000000e+03
7.123000000000000000e+03 1.408000000000000000e+03
6.553000000000000000e+03 1.060000000000000000e+03
6.571000000000000000e+03 2.922000000000000000e+03
7.123000000000000000e+03 1.254000000000000000e+03
7.171000000000000000e+03 1.058000000000000000e+03
6.800000000000000000e+03 9.290000000000000000e+02
6.111000000000000000e+03 8.330000000000000000e+02
7.044000000000000000e+03 1.503000000000000000e+03
7.157000000000000000e+03 1.500000000000000000e+03
6.828000000000000000e+03 8.580000000000000000e+02
6.568000000000000000e+03 8.160000000000000000e+02
7.109000000000000000e+03 1.737000000000000000e+03
7.149000000000000000e+03 1.449000000000000000e+03
7.146000000000000000e+03 1.723000000000000000e+03
7.148000000000000000e+03 1.466000000000000000e+03
6.929000000000000000e+03 1.490000000000000000e+03
7.154000000000000000e+03 1.485000000000000000e+03
7.102000000000000000e+03 1.554000000000000000e+03
7.165000000000000000e+03 1.355000000000000000e+03
2.695000000000000000e+03 1.924000000000000000e+03
3.758000000000000000e+03 2.880000000000000000e+02
3.504000000000000000e+03 9.440000000000000000e+02
1.527000000000000000e+03 4.671000000000000000e+03
1.866000000000000000e+03 4.708000000000000000e+03
4.125000000000000000e+03 2.886000000000000000e+03
1.524000000000000000e+03 4.717000000000000000e+03
3.113000000000000000e+03 2.060000000000000000e+02
3.918000000000000000e+03 1.670000000000000000e+02
3.213000000000000000e+03 1.440000000000000000e+02
3.265000000000000000e+03 1.360000000000000000e+02
3.236000000000000000e+03 2.480000000000000000e+02
3.211000000000000000e+03 2.200000000000000000e+02
3.579000000000000000e+03 4.800000000000000000e+02
3.316000000000000000e+03 2.600000000000000000e+02
1.203000000000000000e+03 4.966000000000000000e+03
1.178000000000000000e+03 5.008000000000000000e+03
1.331000000000000000e+03 4.957000000000000000e+03
1.366000000000000000e+03 4.941000000000000000e+03
3.798000000000000000e+03 4.030000000000000000e+03
2.335000000000000000e+03 3.938000000000000000e+03
1.466000000000000000e+03 4.905000000000000000e+03
1.453000000000000000e+03 4.789000000000000000e+03
1.506000000000000000e+03 4.776000000000000000e+03
1.682000000000000000e+03 4.765000000000000000e+03
1.772000000000000000e+03 4.730000000000000000e+03
1.704000000000000000e+03 4.716000000000000000e+03
1.993000000000000000e+03 4.687000000000000000e+03
1.989000000000000000e+03 4.624000000000000000e+03
1.917000000000000000e+03 4.673000000000000000e+03
1.849000000000000000e+03 4.752000000000000000e+03
2.106000000000000000e+03 4.789000000000000000e+03
1.922000000000000000e+03 4.862000000000000000e+03
3.503000000000000000e+03 3.642000000000000000e+03
1.999000000000000000e+03 4.811000000000000000e+03
3.171000000000000000e+03 3.812000000000000000e+03
2.118000000000000000e+03 4.779000000000000000e+03
2.172000000000000000e+03 4.810000000000000000e+03
2.018000000000000000e+03 4.804000000000000000e+03
1.087000000000000000e+03 4.915000000000000000e+03
1.080000000000000000e+03 4.982000000000000000e+03
1.154000000000000000e+03 4.895000000000000000e+03
3.026000000000000000e+03 3.817000000000000000e+03
1.498000000000000000e+03 4.818000000000000000e+03
1.583000000000000000e+03 4.876000000000000000e+03
1.186000000000000000e+03 4.857000000000000000e+03
1.263000000000000000e+03 4.817000000000000000e+03
3.292000000000000000e+03 6.466000000000000000e+03
3.398000000000000000e+03 4.994000000000000000e+03
4.532000000000000000e+03 4.239000000000000000e+03
3.190000000000000000e+03 5.759000000000000000e+03
4.448000000000000000e+03 5.738000000000000000e+03
4.197000000000000000e+03 3.045000000000000000e+03
3.606000000000000000e+03 4.978000000000000000e+03
3.362000000000000000e+03 4.013000000000000000e+03
3.601000000000000000e+03 4.935000000000000000e+03
3.406000000000000000e+03 4.918000000000000000e+03
4.514000000000000000e+03 5.023000000000000000e+03
4.070000000000000000e+03 4.844000000000000000e+03
5.187000000000000000e+03 5.222000000000000000e+03
4.693000000000000000e+03 5.023000000000000000e+03
5.129000000000000000e+03 5.525000000000000000e+03
4.643000000000000000e+03 5.542000000000000000e+03
3.573000000000000000e+03 2.136000000000000000e+03
3.459000000000000000e+03 2.535000000000000000e+03
3.502000000000000000e+03 2.513000000000000000e+03
3.306000000000000000e+03 2.413000000000000000e+03
3.222000000000000000e+03 2.342000000000000000e+03
3.348000000000000000e+03 2.367000000000000000e+03
3.607000000000000000e+03 2.371000000000000000e+03
3.579000000000000000e+03 2.315000000000000000e+03
3.907000000000000000e+03 2.321000000000000000e+03
3.689000000000000000e+03 2.432000000000000000e+03
3.564000000000000000e+03 2.466000000000000000e+03
4.276000000000000000e+03 1.555000000000000000e+03
4.285000000000000000e+03 1.446000000000000000e+03
4.007000000000000000e+03 1.694000000000000000e+03
4.200000000000000000e+03 1.610000000000000000e+03
3.290000000000000000e+03 2.247000000000000000e+03
3.885000000000000000e+03 2.215000000000000000e+03
3.187000000000000000e+03 2.151000000000000000e+03
4.073000000000000000e+03 1.828000000000000000e+03
3.796000000000000000e+03 1.636000000000000000e+03
4.099000000000000000e+03 1.370000000000000000e+03
4.121000000000000000e+03 1.311000000000000000e+03
4.243000000000000000e+03 1.241000000000000000e+03
3.557000000000000000e+03 2.274000000000000000e+03
3.783000000000000000e+03 2.238000000000000000e+03
3.642000000000000000e+03 2.173000000000000000e+03
3.459000000000000000e+03 2.307000000000000000e+03
3.849000000000000000e+03 1.634000000000000000e+03
4.123000000000000000e+03 1.714000000000000000e+03
4.213000000000000000e+03 1.391000000000000000e+03
4.126000000000000000e+03 1.446000000000000000e+03
4.133000000000000000e+03 2.000000000000000000e+03
3.666000000000000000e+03 2.549000000000000000e+03
3.804000000000000000e+03 2.454000000000000000e+03
3.691000000000000000e+03 2.052000000000000000e+03
4.233000000000000000e+03 1.750000000000000000e+03
4.212000000000000000e+03 1.791000000000000000e+03
4.268000000000000000e+03 1.636000000000000000e+03
3.891000000000000000e+03 2.533000000000000000e+03
3.965000000000000000e+03 2.407000000000000000e+03
4.110000000000000000e+03 2.204000000000000000e+03
3.700000000000000000e+03 2.335000000000000000e+03
3.647000000000000000e+03 2.613000000000000000e+03
3.713000000000000000e+03 2.541000000000000000e+03
3.643000000000000000e+03 2.535000000000000000e+03
3.585000000000000000e+03 2.543000000000000000e+03
4.337000000000000000e+03 2.201000000000000000e+03
4.393000000000000000e+03 2.109000000000000000e+03
4.374000000000000000e+03 2.260000000000000000e+03
4.256000000000000000e+03 2.386000000000000000e+03
4.195000000000000000e+03 2.585000000000000000e+03
4.293000000000000000e+03 2.378000000000000000e+03
4.320000000000000000e+03 2.609000000000000000e+03
4.224000000000000000e+03 2.585000000000000000e+03
4.009000000000000000e+03 2.272000000000000000e+03
4.031000000000000000e+03 2.272000000000000000e+03
4.278000000000000000e+03 2.013000000000000000e+03
4.256000000000000000e+03 2.081000000000000000e+03
4.354000000000000000e+03 1.359000000000000000e+03
4.450000000000000000e+03 1.359000000000000000e+03
4.494000000000000000e+03 1.583000000000000000e+03
4.409000000000000000e+03 1.603000000000000000e+03
4.391000000000000000e+03 1.660000000000000000e+03
4.400000000000000000e+03 2.161000000000000000e+03
4.404000000000000000e+03 2.391000000000000000e+03
4.117000000000000000e+03 2.282000000000000000e+03
4.100000000000000000e+03 2.355000000000000000e+03
4.122000000000000000e+03 2.486000000000000000e+03
4.148000000000000000e+03 2.468000000000000000e+03
4.507000000000000000e+03 2.122000000000000000e+03
4.527000000000000000e+03 2.183000000000000000e+03
4.540000000000000000e+03 1.765000000000000000e+03
4.519000000000000000e+03 1.992000000000000000e+03
4.510000000000000000e+03 2.359000000000000000e+03
4.514000000000000000e+03 2.287000000000000000e+03
4.462000000000000000e+03 2.463000000000000000e+03
4.504000000000000000e+03 2.396000000000000000e+03
4.355000000000000000e+03 1.691000000000000000e+03
4.338000000000000000e+03 1.785000000000000000e+03
4.351000000000000000e+03 1.424000000000000000e+03
4.378000000000000000e+03 1.535000000000000000e+03
4.135000000000000000e+03 2.051000000000000000e+03
4.237000000000000000e+03 1.970000000000000000e+03
4.448000000000000000e+03 2.595000000000000000e+03
4.373000000000000000e+03 1.808000000000000000e+03
4.444000000000000000e+03 1.687000000000000000e+03
4.519000000000000000e+03 1.655000000000000000e+03
4.465000000000000000e+03 1.552000000000000000e+03
4.448000000000000000e+03 1.469000000000000000e+03
4.466000000000000000e+03 1.834000000000000000e+03
4.449000000000000000e+03 1.935000000000000000e+03
4.441000000000000000e+03 2.305000000000000000e+03
4.380000000000000000e+03 2.478000000000000000e+03
4.028000000000000000e+03 2.457000000000000000e+03
4.022000000000000000e+03 2.422000000000000000e+03
4.041000000000000000e+03 2.355000000000000000e+03
4.179000000000000000e+03 2.328000000000000000e+03
4.203000000000000000e+03 2.227000000000000000e+03
4.328000000000000000e+03 2.011000000000000000e+03
4.325000000000000000e+03 1.986000000000000000e+03
4.260000000000000000e+03 2.118000000000000000e+03
2.653000000000000000e+03 1.503000000000000000e+03
2.779000000000000000e+03 1.762000000000000000e+03
2.394000000000000000e+03 1.420000000000000000e+02
2.262000000000000000e+03 1.330000000000000000e+02
2.880000000000000000e+03 2.608000000000000000e+03
3.131000000000000000e+03 1.533000000000000000e+03
2.770000000000000000e+03 3.960000000000000000e+02
2.527000000000000000e+03 1.610000000000000000e+02
3.339000000000000000e+03 5.080000000000000000e+02
3.505000000000000000e+03 7.430000000000000000e+02
2.657000000000000000e+03 1.410000000000000000e+02
2.715000000000000000e+03 1.600000000000000000e+02
1.913000000000000000e+03 1.400000000000000000e+02
2.027000000000000000e+03 1.790000000000000000e+02
2.070000000000000000e+03 1.730000000000000000e+02
2.127000000000000000e+03 2.120000000000000000e+02
2.258000000000000000e+03 1.900000000000000000e+02
2.397000000000000000e+03 1.510000000000000000e+02
2.831000000000000000e+03 1.380000000000000000e+02
2.938000000000000000e+03 1.390000000000000000e+02
3.210000000000000000e+03 6.170000000000000000e+02
2.846000000000000000e+03 3.290000000000000000e+02
2.774000000000000000e+03 2.210000000000000000e+02
3.021000000000000000e+03 2.190000000000000000e+02
2.824000000000000000e+03 6.485000000000000000e+03
2.836000000000000000e+03 5.249000000000000000e+03
2.788000000000000000e+03 5.286000000000000000e+03
2.880000000000000000e+03 5.737000000000000000e+03
2.414000000000000000e+03 6.150000000000000000e+03
1.789000000000000000e+03 7.465000000000000000e+03
2.083000000000000000e+03 7.025000000000000000e+03
2.894000000000000000e+03 5.835000000000000000e+03
3.012000000000000000e+03 5.973000000000000000e+03
2.772000000000000000e+03 6.096000000000000000e+03
2.869000000000000000e+03 5.950000000000000000e+03
2.842000000000000000e+03 5.755000000000000000e+03
2.804000000000000000e+03 5.560000000000000000e+03
2.888000000000000000e+03 5.715000000000000000e+03
2.964000000000000000e+03 5.763000000000000000e+03
2.923000000000000000e+03 7.106000000000000000e+03
2.875000000000000000e+03 6.802000000000000000e+03
2.874000000000000000e+03 6.650000000000000000e+03
2.777000000000000000e+03 6.759000000000000000e+03
2.624000000000000000e+03 6.723000000000000000e+03
2.772000000000000000e+03 6.655000000000000000e+03
2.397000000000000000e+03 7.063000000000000000e+03
2.777000000000000000e+03 6.920000000000000000e+03
1.876000000000000000e+03 7.453000000000000000e+03
2.059000000000000000e+03 7.441000000000000000e+03
1.855000000000000000e+03 7.406000000000000000e+03
1.935000000000000000e+03 7.437000000000000000e+03
1.966000000000000000e+03 7.445000000000000000e+03
2.619000000000000000e+03 7.174000000000000000e+03
2.563000000000000000e+03 7.283000000000000000e+03
2.602000000000000000e+03 7.236000000000000000e+03
3.068000000000000000e+03 7.458000000000000000e+03
3.024000000000000000e+03 5.834000000000000000e+03
3.310000000000000000e+03 5.283000000000000000e+03
3.257000000000000000e+03 7.461000000000000000e+03
3.214000000000000000e+03 7.359000000000000000e+03
3.109000000000000000e+03 7.455000000000000000e+03
3.176000000000000000e+03 7.424000000000000000e+03
2.818000000000000000e+03 7.443000000000000000e+03
2.534000000000000000e+03 7.443000000000000000e+03
2.727000000000000000e+03 7.441000000000000000e+03
2.901000000000000000e+03 6.572000000000000000e+03
2.577000000000000000e+03 7.312000000000000000e+03
2.734000000000000000e+03 7.475000000000000000e+03
2.854000000000000000e+03 7.474000000000000000e+03
2.854000000000000000e+03 7.478000000000000000e+03
2.752000000000000000e+03 6.980000000000000000e+03
2.606000000000000000e+03 6.955000000000000000e+03
2.973000000000000000e+03 4.955000000000000000e+03
2.853000000000000000e+03 6.176000000000000000e+03
2.870000000000000000e+03 6.518000000000000000e+03
2.791000000000000000e+03 6.212000000000000000e+03
2.872000000000000000e+03 6.193000000000000000e+03
2.833000000000000000e+03 6.345000000000000000e+03
2.623000000000000000e+03 7.091000000000000000e+03
2.807000000000000000e+03 6.895000000000000000e+03
2.916000000000000000e+03 6.990000000000000000e+03
2.830000000000000000e+03 6.895000000000000000e+03
2.865000000000000000e+03 7.254000000000000000e+03
2.694000000000000000e+03 7.300000000000000000e+03
2.689000000000000000e+03 7.114000000000000000e+03
2.789000000000000000e+03 6.997000000000000000e+03
4.236000000000000000e+03 4.978000000000000000e+03
3.756000000000000000e+03 4.984000000000000000e+03
3.957000000000000000e+03 4.949000000000000000e+03
5.775000000000000000e+03 4.823000000000000000e+03
5.723000000000000000e+03 4.853000000000000000e+03
2.622000000000000000e+03 5.393000000000000000e+03
2.643000000000000000e+03 5.315000000000000000e+03
2.845000000000000000e+03 5.708000000000000000e+03
2.875000000000000000e+03 5.882000000000000000e+03
2.861000000000000000e+03 5.415000000000000000e+03
2.813000000000000000e+03 5.581000000000000000e+03
2.816000000000000000e+03 5.507000000000000000e+03
2.686000000000000000e+03 5.464000000000000000e+03
2.836000000000000000e+03 5.365000000000000000e+03
2.830000000000000000e+03 5.359000000000000000e+03
5.984000000000000000e+03 4.671000000000000000e+03
5.916000000000000000e+03 4.771000000000000000e+03
6.036000000000000000e+03 4.655000000000000000e+03
5.921000000000000000e+03 4.645000000000000000e+03
5.738000000000000000e+03 4.737000000000000000e+03
5.109000000000000000e+03 4.896000000000000000e+03
5.852000000000000000e+03 4.760000000000000000e+03
5.836000000000000000e+03 4.794000000000000000e+03
6.461000000000000000e+03 4.771000000000000000e+03
6.412000000000000000e+03 4.770000000000000000e+03
6.430000000000000000e+03 4.559000000000000000e+03
6.264000000000000000e+03 4.623000000000000000e+03
5.504000000000000000e+03 4.751000000000000000e+03
6.074000000000000000e+03 4.767000000000000000e+03
6.430000000000000000e+03 4.793000000000000000e+03
6.281000000000000000e+03 4.669000000000000000e+03
4.396000000000000000e+03 4.639000000000000000e+03
4.420000000000000000e+03 4.700000000000000000e+03
4.580000000000000000e+03 4.678000000000000000e+03
4.579000000000000000e+03 4.472000000000000000e+03
3.111000000000000000e+03 4.963000000000000000e+03
3.328000000000000000e+03 5.153000000000000000e+03
3.586000000000000000e+03 4.747000000000000000e+03
3.873000000000000000e+03 4.673000000000000000e+03
2.950000000000000000e+03 4.728000000000000000e+03
2.954000000000000000e+03 4.865000000000000000e+03
3.369000000000000000e+03 4.639000000000000000e+03
3.246000000000000000e+03 4.571000000000000000e+03
2.649000000000000000e+03 5.011000000000000000e+03
2.806000000000000000e+03 4.748000000000000000e+03
2.655000000000000000e+03 4.794000000000000000e+03
2.752000000000000000e+03 4.591000000000000000e+03
3.972000000000000000e+03 4.744000000000000000e+03
3.920000000000000000e+03 4.727000000000000000e+03
3.892000000000000000e+03 4.705000000000000000e+03
3.834000000000000000e+03 4.667000000000000000e+03
4.166000000000000000e+03 4.711000000000000000e+03
4.351000000000000000e+03 4.790000000000000000e+03
4.160000000000000000e+03 4.733000000000000000e+03
4.159000000000000000e+03 4.678000000000000000e+03
4.004000000000000000e+03 4.791000000000000000e+03
3.498000000000000000e+03 4.795000000000000000e+03
3.972000000000000000e+03 4.796000000000000000e+03
4.576000000000000000e+03 4.795000000000000000e+03
4.890000000000000000e+03 4.743000000000000000e+03
4.830000000000000000e+03 4.816000000000000000e+03
5.002000000000000000e+03 4.692000000000000000e+03
5.025000000000000000e+03 4.761000000000000000e+03
5.278000000000000000e+03 4.642000000000000000e+03
5.214000000000000000e+03 4.593000000000000000e+03
5.254000000000000000e+03 4.759000000000000000e+03
5.481000000000000000e+03 4.788000000000000000e+03
5.393000000000000000e+03 4.608000000000000000e+03
5.514000000000000000e+03 4.657000000000000000e+03
5.552000000000000000e+03 4.721000000000000000e+03
7.099000000000000000e+03 4.689000000000000000e+03
7.042000000000000000e+03 4.727000000000000000e+03
7.107000000000000000e+03 4.584000000000000000e+03
7.009000000000000000e+03 4.662000000000000000e+03
6.949000000000000000e+03 4.769000000000000000e+03
6.963000000000000000e+03 4.845000000000000000e+03
6.839000000000000000e+03 4.751000000000000000e+03
6.842000000000000000e+03 4.779000000000000000e+03
5.953000000000000000e+03 7.126000000000000000e+03
5.969000000000000000e+03 6.393000000000000000e+03
6.001000000000000000e+03 7.081000000000000000e+03
6.146000000000000000e+03 7.459000000000000000e+03
6.438000000000000000e+03 7.457000000000000000e+03
6.489000000000000000e+03 7.475000000000000000e+03
6.357000000000000000e+03 7.188000000000000000e+03
6.285000000000000000e+03 6.208000000000000000e+03
3.085000000000000000e+03 7.353000000000000000e+03
3.131000000000000000e+03 7.316000000000000000e+03
3.096000000000000000e+03 7.339000000000000000e+03
2.925000000000000000e+03 7.338000000000000000e+03
3.637000000000000000e+03 7.389000000000000000e+03
4.029000000000000000e+03 7.305000000000000000e+03
3.244000000000000000e+03 7.344000000000000000e+03
3.363000000000000000e+03 7.344000000000000000e+03
4.410000000000000000e+03 6.777000000000000000e+03
3.557000000000000000e+03 7.123000000000000000e+03
3.502000000000000000e+03 7.305000000000000000e+03
5.715000000000000000e+03 6.794000000000000000e+03
6.199000000000000000e+03 7.340000000000000000e+03
5.929000000000000000e+03 7.009000000000000000e+03
5.555000000000000000e+03 6.638000000000000000e+03
4.255000000000000000e+03 7.393000000000000000e+03
4.166000000000000000e+03 6.803000000000000000e+03
4.175000000000000000e+03 7.449000000000000000e+03
4.170000000000000000e+03 7.357000000000000000e+03
5.075000000000000000e+03 6.694000000000000000e+03
5.226000000000000000e+03 6.881000000000000000e+03
4.764000000000000000e+03 7.336000000000000000e+03
4.351000000000000000e+03 7.431000000000000000e+03
5.462000000000000000e+03 7.414000000000000000e+03
5.848000000000000000e+03 7.450000000000000000e+03
5.751000000000000000e+03 7.450000000000000000e+03
4.972000000000000000e+03 7.407000000000000000e+03
5.937000000000000000e+03 7.404000000000000000e+03
5.476000000000000000e+03 7.388000000000000000e+03
5.780000000000000000e+03 7.415000000000000000e+03
5.290000000000000000e+03 7.377000000000000000e+03
3.972000000000000000e+03 7.417000000000000000e+03
3.900000000000000000e+03 7.375000000000000000e+03
4.018000000000000000e+03 7.361000000000000000e+03
4.049000000000000000e+03 7.402000000000000000e+03
4.195000000000000000e+03 7.428000000000000000e+03
3.786000000000000000e+03 7.413000000000000000e+03
3.802000000000000000e+03 7.433000000000000000e+03
3.685000000000000000e+03 7.447000000000000000e+03
5.092000000000000000e+03 6.739000000000000000e+03
4.516000000000000000e+03 4.554000000000000000e+03
4.633000000000000000e+03 4.714000000000000000e+03
5.283000000000000000e+03 6.049000000000000000e+03
6.394000000000000000e+03 6.841000000000000000e+03
5.990000000000000000e+03 6.441000000000000000e+03
6.948000000000000000e+03 7.267000000000000000e+03
6.574000000000000000e+03 7.365000000000000000e+03
6.345000000000000000e+03 7.335000000000000000e+03
5.341000000000000000e+03 5.678000000000000000e+03
6.624000000000000000e+03 7.282000000000000000e+03
6.746000000000000000e+03 7.239000000000000000e+03
6.762000000000000000e+03 7.250000000000000000e+03
6.107000000000000000e+03 5.864000000000000000e+03
6.906000000000000000e+03 7.200000000000000000e+03
4.497000000000000000e+03 4.396000000000000000e+03
4.527000000000000000e+03 4.409000000000000000e+03
4.548000000000000000e+03 4.166000000000000000e+03
4.516000000000000000e+03 4.317000000000000000e+03
4.463000000000000000e+03 4.394000000000000000e+03
4.413000000000000000e+03 4.342000000000000000e+03
4.473000000000000000e+03 4.497000000000000000e+03
4.407000000000000000e+03 4.439000000000000000e+03
4.554000000000000000e+03 4.078000000000000000e+03
4.556000000000000000e+03 4.111000000000000000e+03
4.457000000000000000e+03 4.054000000000000000e+03
4.520000000000000000e+03 4.007000000000000000e+03
4.383000000000000000e+03 4.144000000000000000e+03
4.401000000000000000e+03 4.039000000000000000e+03
4.349000000000000000e+03 4.222000000000000000e+03
4.325000000000000000e+03 4.350000000000000000e+03
5.555000000000000000e+03 6.835000000000000000e+03
5.603000000000000000e+03 6.954000000000000000e+03
6.067000000000000000e+03 6.460000000000000000e+03
6.155000000000000000e+03 6.996000000000000000e+03
6.114000000000000000e+03 6.747000000000000000e+03
5.825000000000000000e+03 6.889000000000000000e+03
5.310000000000000000e+03 7.286000000000000000e+03
5.477000000000000000e+03 7.240000000000000000e+03
6.757000000000000000e+03 6.812000000000000000e+03
6.736000000000000000e+03 7.372000000000000000e+03
6.803000000000000000e+03 7.427000000000000000e+03
6.188000000000000000e+03 5.589000000000000000e+03
5.206000000000000000e+03 7.321000000000000000e+03
5.688000000000000000e+03 7.322000000000000000e+03
5.685000000000000000e+03 6.006000000000000000e+03
5.823000000000000000e+03 7.321000000000000000e+03
4.447000000000000000e+03 7.341000000000000000e+03
4.514000000000000000e+03 7.382000000000000000e+03
4.728000000000000000e+03 7.343000000000000000e+03
4.780000000000000000e+03 7.216000000000000000e+03
4.540000000000000000e+03 7.459000000000000000e+03
4.701000000000000000e+03 7.415000000000000000e+03
4.742000000000000000e+03 7.385000000000000000e+03
4.527000000000000000e+03 7.244000000000000000e+03
6.482000000000000000e+03 6.460000000000000000e+03
5.217000000000000000e+03 7.436000000000000000e+03
5.782000000000000000e+03 6.856000000000000000e+03
6.317000000000000000e+03 6.699000000000000000e+03
5.910000000000000000e+03 6.898000000000000000e+03
5.573000000000000000e+03 7.029000000000000000e+03
5.377000000000000000e+03 7.468000000000000000e+03
5.347000000000000000e+03 7.471000000000000000e+03
2.310000000000000000e+03 4.812000000000000000e+03
2.391000000000000000e+03 4.913000000000000000e+03
2.117000000000000000e+03 4.999000000000000000e+03
2.456000000000000000e+03 4.788000000000000000e+03
2.074000000000000000e+03 5.093000000000000000e+03
1.874000000000000000e+03 5.020000000000000000e+03
1.962000000000000000e+03 5.107000000000000000e+03
1.718000000000000000e+03 4.976000000000000000e+03
1.874000000000000000e+03 4.951000000000000000e+03
1.691000000000000000e+03 5.073000000000000000e+03
1.727000000000000000e+03 5.077000000000000000e+03
2.216000000000000000e+03 4.848000000000000000e+03
1.927000000000000000e+03 4.914000000000000000e+03
2.029000000000000000e+03 4.917000000000000000e+03
2.074000000000000000e+03 4.906000000000000000e+03
1.800000000000000000e+03 5.239000000000000000e+03
1.920000000000000000e+03 5.301000000000000000e+03
1.826000000000000000e+03 5.321000000000000000e+03
1.856000000000000000e+03 5.184000000000000000e+03
2.389000000000000000e+03 5.088000000000000000e+03
2.049000000000000000e+03 5.231000000000000000e+03
1.948000000000000000e+03 5.380000000000000000e+03
2.002000000000000000e+03 5.308000000000000000e+03
1.700000000000000000e+03 5.244000000000000000e+03
1.816000000000000000e+03 5.315000000000000000e+03
1.726000000000000000e+03 5.381000000000000000e+03
2.528000000000000000e+03 5.020000000000000000e+03
1.555000000000000000e+03 5.409000000000000000e+03
1.666000000000000000e+03 5.406000000000000000e+03
1.513000000000000000e+03 5.230000000000000000e+03
1.526000000000000000e+03 5.330000000000000000e+03
2.808000000000000000e+03 5.158000000000000000e+03
2.319000000000000000e+03 5.235000000000000000e+03
2.396000000000000000e+03 5.269000000000000000e+03
2.145000000000000000e+03 5.463000000000000000e+03
2.295000000000000000e+03 5.437000000000000000e+03
2.136000000000000000e+03 5.313000000000000000e+03
2.134000000000000000e+03 5.453000000000000000e+03
2.521000000000000000e+03 5.400000000000000000e+03
2.594000000000000000e+03 4.980000000000000000e+03
2.444000000000000000e+03 5.500000000000000000e+03
2.398000000000000000e+03 5.499000000000000000e+03
2.764000000000000000e+03 4.547000000000000000e+03
2.638000000000000000e+03 5.269000000000000000e+03
2.778000000000000000e+03 4.880000000000000000e+03
2.907000000000000000e+03 4.203000000000000000e+03
2.565000000000000000e+03 5.101000000000000000e+03
3.573000000000000000e+03 4.784000000000000000e+03
2.553000000000000000e+03 5.226000000000000000e+03
2.603000000000000000e+03 5.141000000000000000e+03
2.661000000000000000e+03 4.969000000000000000e+03
2.655000000000000000e+03 4.981000000000000000e+03
3.654000000000000000e+03 4.693000000000000000e+03
2.688000000000000000e+03 5.054000000000000000e+03
2.437000000000000000e+03 4.792000000000000000e+03
2.483000000000000000e+03 4.823000000000000000e+03
2.394000000000000000e+03 4.832000000000000000e+03
2.503000000000000000e+03 4.809000000000000000e+03
2.390000000000000000e+03 4.886000000000000000e+03
2.441000000000000000e+03 4.793000000000000000e+03
2.394000000000000000e+03 4.975000000000000000e+03
2.571000000000000000e+03 4.878000000000000000e+03
4.365000000000000000e+03 2.916000000000000000e+03
4.366000000000000000e+03 3.064000000000000000e+03
4.448000000000000000e+03 3.165000000000000000e+03
4.272000000000000000e+03 2.937000000000000000e+03
4.328000000000000000e+03 3.053000000000000000e+03
4.232000000000000000e+03 2.748000000000000000e+03
4.260000000000000000e+03 2.746000000000000000e+03
2.907000000000000000e+03 2.467000000000000000e+03
2.948000000000000000e+03 2.562000000000000000e+03
2.936000000000000000e+03 2.506000000000000000e+03
2.688000000000000000e+03 2.569000000000000000e+03
3.184000000000000000e+03 2.679000000000000000e+03
3.440000000000000000e+03 2.616000000000000000e+03
3.192000000000000000e+03 2.631000000000000000e+03
3.185000000000000000e+03 2.413000000000000000e+03
3.324000000000000000e+03 2.405000000000000000e+03
3.448000000000000000e+03 2.448000000000000000e+03
3.171000000000000000e+03 2.484000000000000000e+03
3.263000000000000000e+03 2.532000000000000000e+03
3.207000000000000000e+03 2.516000000000000000e+03
2.992000000000000000e+03 2.560000000000000000e+03
3.029000000000000000e+03 2.613000000000000000e+03
2.970000000000000000e+03 2.436000000000000000e+03
4.092000000000000000e+03 2.605000000000000000e+03
3.994000000000000000e+03 2.671000000000000000e+03
3.938000000000000000e+03 2.671000000000000000e+03
4.145000000000000000e+03 2.715000000000000000e+03
4.326000000000000000e+03 3.079000000000000000e+03
4.381000000000000000e+03 3.258000000000000000e+03
4.228000000000000000e+03 3.093000000000000000e+03
4.209000000000000000e+03 2.764000000000000000e+03
3.636000000000000000e+03 2.705000000000000000e+03
3.534000000000000000e+03 2.606000000000000000e+03
3.889000000000000000e+03 2.642000000000000000e+03
3.759000000000000000e+03 2.664000000000000000e+03
4.371000000000000000e+03 2.724000000000000000e+03
4.398000000000000000e+03 2.895000000000000000e+03
3.776000000000000000e+03 2.722000000000000000e+03
4.434000000000000000e+03 2.995000000000000000e+03
3.279000000000000000e+03 2.322000000000000000e+03
3.463000000000000000e+03 2.243000000000000000e+03
3.226000000000000000e+03 2.273000000000000000e+03
3.097000000000000000e+03 2.312000000000000000e+03
2.991000000000000000e+03 2.277000000000000000e+03
3.128000000000000000e+03 2.256000000000000000e+03
4.511000000000000000e+03 2.939000000000000000e+03
4.526000000000000000e+03 2.863000000000000000e+03
3.588000000000000000e+03 2.433000000000000000e+03
3.140000000000000000e+03 2.594000000000000000e+03
3.503000000000000000e+03 2.561000000000000000e+03
4.361000000000000000e+03 2.346000000000000000e+03
4.453000000000000000e+03 2.635000000000000000e+03
4.804000000000000000e+03 1.824000000000000000e+03
6.497000000000000000e+03 1.480000000000000000e+03
4.726000000000000000e+03 1.454000000000000000e+03
3.116000000000000000e+03 2.449000000000000000e+03
3.930000000000000000e+03 2.528000000000000000e+03
4.553000000000000000e+03 3.337000000000000000e+03
4.177000000000000000e+03 2.624000000000000000e+03
4.532000000000000000e+03 2.669000000000000000e+03
4.471000000000000000e+03 2.628000000000000000e+03
4.560000000000000000e+03 2.820000000000000000e+03
4.551000000000000000e+03 3.070000000000000000e+03
2.347000000000000000e+03 6.351000000000000000e+03
2.747000000000000000e+03 6.359000000000000000e+03
2.788000000000000000e+03 6.172000000000000000e+03
2.832000000000000000e+03 6.120000000000000000e+03
2.764000000000000000e+03 6.030000000000000000e+03
2.962000000000000000e+03 6.116000000000000000e+03
2.929000000000000000e+03 6.134000000000000000e+03
1.993000000000000000e+03 6.549000000000000000e+03
1.308000000000000000e+03 6.858000000000000000e+03
2.089000000000000000e+03 7.052000000000000000e+03
1.828000000000000000e+03 6.747000000000000000e+03
2.355000000000000000e+03 7.136000000000000000e+03
2.194000000000000000e+03 7.279000000000000000e+03
2.321000000000000000e+03 7.249000000000000000e+03
2.639000000000000000e+03 7.203000000000000000e+03
1.337000000000000000e+03 5.309000000000000000e+03
1.582000000000000000e+03 4.910000000000000000e+03
1.291000000000000000e+03 5.243000000000000000e+03
1.229000000000000000e+03 5.200000000000000000e+03
1.727000000000000000e+03 5.163000000000000000e+03
2.177000000000000000e+03 4.002000000000000000e+03
1.520000000000000000e+03 5.283000000000000000e+03
1.330000000000000000e+03 5.352000000000000000e+03
1.041000000000000000e+03 4.680000000000000000e+03
1.128000000000000000e+03 4.390000000000000000e+03
8.080000000000000000e+02 4.737000000000000000e+03
8.220000000000000000e+02 4.706000000000000000e+03
1.236000000000000000e+03 4.686000000000000000e+03
2.105000000000000000e+03 3.270000000000000000e+03
1.459000000000000000e+03 4.186000000000000000e+03
1.688000000000000000e+03 4.011000000000000000e+03
2.104000000000000000e+03 4.696000000000000000e+03
2.546000000000000000e+03 3.419000000000000000e+03
1.642000000000000000e+03 2.976000000000000000e+03
2.517000000000000000e+03 4.651000000000000000e+03
2.334000000000000000e+03 4.809000000000000000e+03
2.637000000000000000e+03 4.672000000000000000e+03
2.229000000000000000e+03 4.913000000000000000e+03
2.494000000000000000e+03 5.327000000000000000e+03
2.492000000000000000e+03 5.319000000000000000e+03
2.396000000000000000e+03 5.257000000000000000e+03
2.410000000000000000e+03 5.259000000000000000e+03
2.467000000000000000e+03 4.782000000000000000e+03
2.368000000000000000e+03 5.231000000000000000e+03
2.337000000000000000e+03 5.108000000000000000e+03
2.285000000000000000e+03 5.043000000000000000e+03
1.539000000000000000e+03 5.037000000000000000e+03
1.554000000000000000e+03 5.083000000000000000e+03
1.622000000000000000e+03 4.973000000000000000e+03
1.505000000000000000e+03 5.023000000000000000e+03
1.381000000000000000e+03 5.085000000000000000e+03
1.453000000000000000e+03 5.062000000000000000e+03
1.305000000000000000e+03 5.080000000000000000e+03
1.306000000000000000e+03 5.137000000000000000e+03
7.940000000000000000e+02 4.821000000000000000e+03
8.230000000000000000e+02 4.896000000000000000e+03
9.480000000000000000e+02 4.835000000000000000e+03
8.580000000000000000e+02 4.886000000000000000e+03
1.123000000000000000e+03 4.676000000000000000e+03
1.056000000000000000e+03 4.820000000000000000e+03
2.431000000000000000e+03 2.823000000000000000e+03
3.007000000000000000e+03 2.850000000000000000e+03
2.726000000000000000e+03 3.510000000000000000e+03
2.935000000000000000e+03 3.448000000000000000e+03
3.023000000000000000e+03 3.578000000000000000e+03
3.253000000000000000e+03 3.881000000000000000e+03
3.299000000000000000e+03 3.905000000000000000e+03
1.807000000000000000e+03 2.593000000000000000e+03
1.005000000000000000e+03 2.700000000000000000e+03
1.786000000000000000e+03 2.932000000000000000e+03
1.695000000000000000e+03 2.779000000000000000e+03
1.622000000000000000e+03 2.649000000000000000e+03
1.461000000000000000e+03 2.836000000000000000e+03
1.374000000000000000e+03 2.707000000000000000e+03
1.386000000000000000e+03 2.637000000000000000e+03
1.293000000000000000e+03 3.305000000000000000e+03
1.381000000000000000e+03 2.797000000000000000e+03
4.406000000000000000e+03 3.949000000000000000e+03
4.466000000000000000e+03 3.918000000000000000e+03
3.456000000000000000e+03 3.884000000000000000e+03
3.184000000000000000e+03 3.697000000000000000e+03
4.303000000000000000e+03 3.966000000000000000e+03
4.241000000000000000e+03 4.035000000000000000e+03
4.478000000000000000e+03 3.876000000000000000e+03
4.267000000000000000e+03 4.050000000000000000e+03
4.481000000000000000e+03 3.745000000000000000e+03
4.450000000000000000e+03 3.941000000000000000e+03
4.397000000000000000e+03 3.766000000000000000e+03
4.455000000000000000e+03 3.807000000000000000e+03
4.502000000000000000e+03 3.578000000000000000e+03
4.548000000000000000e+03 3.891000000000000000e+03
4.419000000000000000e+03 4.308000000000000000e+03
4.456000000000000000e+03 3.756000000000000000e+03
9.580000000000000000e+02 2.819000000000000000e+03
1.099000000000000000e+03 2.830000000000000000e+03
8.330000000000000000e+02 2.627000000000000000e+03
1.018000000000000000e+03 2.612000000000000000e+03
2.756000000000000000e+03 3.146000000000000000e+03
4.076000000000000000e+03 4.327000000000000000e+03
3.286000000000000000e+03 4.523000000000000000e+03
3.845000000000000000e+03 4.491000000000000000e+03
3.004000000000000000e+03 3.690000000000000000e+03
2.630000000000000000e+03 3.550000000000000000e+03
2.972000000000000000e+03 3.275000000000000000e+03
3.639000000000000000e+03 3.805000000000000000e+03
3.983000000000000000e+03 3.609000000000000000e+03
3.171000000000000000e+03 4.629000000000000000e+03
3.308000000000000000e+03 3.627000000000000000e+03
1.867000000000000000e+03 3.096000000000000000e+03
7.600000000000000000e+02 2.638000000000000000e+03
7.990000000000000000e+02 2.790000000000000000e+03
4.029000000000000000e+03 3.652000000000000000e+03
2.085000000000000000e+03 3.093000000000000000e+03
4.378000000000000000e+03 3.409000000000000000e+03
4.296000000000000000e+03 3.647000000000000000e+03
3.947000000000000000e+03 3.517000000000000000e+03
4.327000000000000000e+03 3.573000000000000000e+03
4.032000000000000000e+03 4.709000000000000000e+03
5.025000000000000000e+03 4.438000000000000000e+03
3.507000000000000000e+03 2.956000000000000000e+03
2.900000000000000000e+03 4.679000000000000000e+03
4.258000000000000000e+03 3.754000000000000000e+03
4.241000000000000000e+03 3.917000000000000000e+03
4.288000000000000000e+03 3.946000000000000000e+03
4.220000000000000000e+03 3.872000000000000000e+03
2.560000000000000000e+02 3.300000000000000000e+02
2.918000000000000000e+03 4.870000000000000000e+03
2.560000000000000000e+02 2.780000000000000000e+03
4.602000000000000000e+03 7.600000000000000000e+02
2.560000000000000000e+02 5.550000000000000000e+03
-4.000000000000000000e+00 0.000000000000000000e+00
7.164000000000000000e+03 0.000000000000000000e+00
3.000000000000000000e+00 0.000000000000000000e+00
