5.649000000000000000e+03 7.150000000000000000e+02
5.454000000000000000e+03 8.470000000000000000e+02
5.383000000000000000e+03 7.810000000000000000e+02
5.242000000000000000e+03 7.200000000000000000e+02
5.260000000000000000e+03 6.350000000000000000e+02
5.379000000000000000e+03 6.750000000000000000e+02
5.343000000000000000e+03 6.240000000000000000e+02
5.688000000000000000e+03 7.060000000000000000e+02
5.636000000000000000e+03 7.020000000000000000e+02
5.483000000000000000e+03 7.790000000000000000e+02
5.575000000000000000e+03 7.860000000000000000e+02
5.701000000000000000e+03 6.960000000000000000e+02
5.581000000000000000e+03 9.860000000000000000e+02
5.798000000000000000e+03 7.430000000000000000e+02
5.865000000000000000e+03 7.180000000000000000e+02
5.275000000000000000e+03 5.300000000000000000e+02
5.282000000000000000e+03 5.190000000000000000e+02
5.525000000000000000e+03 6.480000000000000000e+02
5.504000000000000000e+03 6.190000000000000000e+02
5.479000000000000000e+03 4.180000000000000000e+02
5.286000000000000000e+03 4.840000000000000000e+02
5.387000000000000000e+03 3.870000000000000000e+02
5.416000000000000000e+03 3.930000000000000000e+02
5.320000000000000000e+03 3.370000000000000000e+02
5.224000000000000000e+03 3.640000000000000000e+02
5.358000000000000000e+03 2.840000000000000000e+02
5.224000000000000000e+03 2.990000000000000000e+02
5.359000000000000000e+03 5.870000000000000000e+02
5.437000000000000000e+03 5.350000000000000000e+02
5.346000000000000000e+03 3.740000000000000000e+02
5.227000000000000000e+03 4.820000000000000000e+02
6.066000000000000000e+03 6.090000000000000000e+02
6.112000000000000000e+03 6.680000000000000000e+02
6.126000000000000000e+03 7.440000000000000000e+02
5.509000000000000000e+03 9.840000000000000000e+02
5.613000000000000000e+03 9.950000000000000000e+02
5.457000000000000000e+03 9.480000000000000000e+02
5.613000000000000000e+03 9.230000000000000000e+02
5.690000000000000000e+03 8.660000000000000000e+02
5.624000000000000000e+03 8.890000000000000000e+02
5.769000000000000000e+03 8.400000000000000000e+02
5.545000000000000000e+03 8.350000000000000000e+02
5.311000000000000000e+03 9.400000000000000000e+02
5.517000000000000000e+03 1.015000000000000000e+03
5.623000000000000000e+03 9.700000000000000000e+02
5.643000000000000000e+03 9.110000000000000000e+02
5.926000000000000000e+03 6.390000000000000000e+02
6.199000000000000000e+03 6.650000000000000000e+02
6.215000000000000000e+03 7.910000000000000000e+02
6.275000000000000000e+03 7.550000000000000000e+02
6.269000000000000000e+03 8.480000000000000000e+02
6.262000000000000000e+03 9.320000000000000000e+02
6.397000000000000000e+03 1.000000000000000000e+03
6.334000000000000000e+03 8.980000000000000000e+02
6.053000000000000000e+03 3.910000000000000000e+02
6.039000000000000000e+03 3.460000000000000000e+02
5.966000000000000000e+03 2.420000000000000000e+02
5.996000000000000000e+03 1.920000000000000000e+02
6.327000000000000000e+03 4.710000000000000000e+02
6.270000000000000000e+03 4.990000000000000000e+02
6.231000000000000000e+03 4.810000000000000000e+02
6.206000000000000000e+03 4.200000000000000000e+02
6.295000000000000000e+03 5.140000000000000000e+02
6.838000000000000000e+03 7.490000000000000000e+02
6.712000000000000000e+03 7.780000000000000000e+02
6.305000000000000000e+03 1.520000000000000000e+02
6.335000000000000000e+03 2.560000000000000000e+02
6.301000000000000000e+03 2.570000000000000000e+02
6.234000000000000000e+03 2.850000000000000000e+02
6.740000000000000000e+03 6.490000000000000000e+02
6.750000000000000000e+03 6.370000000000000000e+02
6.867000000000000000e+03 6.170000000000000000e+02
6.772000000000000000e+03 7.280000000000000000e+02
6.618000000000000000e+03 6.610000000000000000e+02
6.549000000000000000e+03 6.150000000000000000e+02
6.639000000000000000e+03 6.230000000000000000e+02
6.805000000000000000e+03 5.620000000000000000e+02
6.444000000000000000e+03 1.840000000000000000e+02
6.408000000000000000e+03 2.760000000000000000e+02
6.426000000000000000e+03 4.360000000000000000e+02
6.473000000000000000e+03 2.710000000000000000e+02
6.381000000000000000e+03 3.790000000000000000e+02
6.450000000000000000e+03 4.390000000000000000e+02
6.469000000000000000e+03 7.310000000000000000e+02
6.483000000000000000e+03 8.060000000000000000e+02
6.385000000000000000e+03 6.420000000000000000e+02
6.431000000000000000e+03 6.200000000000000000e+02
6.344000000000000000e+03 7.010000000000000000e+02
6.305000000000000000e+03 6.310000000000000000e+02
6.487000000000000000e+03 7.630000000000000000e+02
6.470000000000000000e+03 7.050000000000000000e+02
6.477000000000000000e+03 8.560000000000000000e+02
6.416000000000000000e+03 8.480000000000000000e+02
6.446000000000000000e+03 3.690000000000000000e+02
6.504000000000000000e+03 2.900000000000000000e+02
6.760000000000000000e+03 1.760000000000000000e+02
6.813000000000000000e+03 2.310000000000000000e+02
6.517000000000000000e+03 1.880000000000000000e+02
6.639000000000000000e+03 1.520000000000000000e+02
6.610000000000000000e+03 2.720000000000000000e+02
6.661000000000000000e+03 1.970000000000000000e+02
6.575000000000000000e+03 5.020000000000000000e+02
6.579000000000000000e+03 4.550000000000000000e+02
6.633000000000000000e+03 4.510000000000000000e+02
6.772000000000000000e+03 4.400000000000000000e+02
6.752000000000000000e+03 3.790000000000000000e+02
6.808000000000000000e+03 3.660000000000000000e+02
6.606000000000000000e+03 3.220000000000000000e+02
6.669000000000000000e+03 2.920000000000000000e+02
6.712000000000000000e+03 6.760000000000000000e+02
6.738000000000000000e+03 9.080000000000000000e+02
6.439000000000000000e+03 8.740000000000000000e+02
6.688000000000000000e+03 1.005000000000000000e+03
6.838000000000000000e+03 3.300000000000000000e+02
6.437000000000000000e+03 6.420000000000000000e+02
6.446000000000000000e+03 5.520000000000000000e+02
6.847000000000000000e+03 5.590000000000000000e+02
6.622000000000000000e+03 6.850000000000000000e+02
6.694000000000000000e+03 8.700000000000000000e+02
6.640000000000000000e+03 8.230000000000000000e+02
6.574000000000000000e+03 8.640000000000000000e+02
6.673000000000000000e+03 9.460000000000000000e+02
6.807000000000000000e+03 9.230000000000000000e+02
6.641000000000000000e+03 8.320000000000000000e+02
6.692000000000000000e+03 8.190000000000000000e+02
4.965000000000000000e+03 8.590000000000000000e+02
4.927000000000000000e+03 9.240000000000000000e+02
4.986000000000000000e+03 9.170000000000000000e+02
4.818000000000000000e+03 8.750000000000000000e+02
4.812000000000000000e+03 8.780000000000000000e+02
4.846000000000000000e+03 9.770000000000000000e+02
4.800000000000000000e+03 7.970000000000000000e+02
5.004000000000000000e+03 5.630000000000000000e+02
5.058000000000000000e+03 5.280000000000000000e+02
5.096000000000000000e+03 5.880000000000000000e+02
4.994000000000000000e+03 5.790000000000000000e+02
5.139000000000000000e+03 7.920000000000000000e+02
5.197000000000000000e+03 8.900000000000000000e+02
5.147000000000000000e+03 7.610000000000000000e+02
5.125000000000000000e+03 6.890000000000000000e+02
4.578000000000000000e+03 5.540000000000000000e+02
4.579000000000000000e+03 5.320000000000000000e+02
4.671000000000000000e+03 4.140000000000000000e+02
4.670000000000000000e+03 4.620000000000000000e+02
4.813000000000000000e+03 6.770000000000000000e+02
4.785000000000000000e+03 8.340000000000000000e+02
4.736000000000000000e+03 5.110000000000000000e+02
4.875000000000000000e+03 5.190000000000000000e+02
4.820000000000000000e+03 5.950000000000000000e+02
4.946000000000000000e+03 4.810000000000000000e+02
4.883000000000000000e+03 4.370000000000000000e+02
4.835000000000000000e+03 5.210000000000000000e+02
4.954000000000000000e+03 7.660000000000000000e+02
4.970000000000000000e+03 8.070000000000000000e+02
4.909000000000000000e+03 7.070000000000000000e+02
4.932000000000000000e+03 6.590000000000000000e+02
5.565000000000000000e+03 8.180000000000000000e+02
5.146000000000000000e+03 9.900000000000000000e+02
5.126000000000000000e+03 9.300000000000000000e+02
5.802000000000000000e+03 1.001000000000000000e+03
5.754000000000000000e+03 9.880000000000000000e+02
6.022000000000000000e+03 4.860000000000000000e+02
5.767000000000000000e+03 8.270000000000000000e+02
6.071000000000000000e+03 8.450000000000000000e+02
6.132000000000000000e+03 8.930000000000000000e+02
6.177000000000000000e+03 1.015000000000000000e+03
6.133000000000000000e+03 9.030000000000000000e+02
5.861000000000000000e+03 9.590000000000000000e+02
5.941000000000000000e+03 9.300000000000000000e+02
6.053000000000000000e+03 9.750000000000000000e+02
6.105000000000000000e+03 1.008000000000000000e+03
6.679000000000000000e+03 1.259000000000000000e+03
6.541000000000000000e+03 1.061000000000000000e+03
6.474000000000000000e+03 1.141000000000000000e+03
6.528000000000000000e+03 1.101000000000000000e+03
6.456000000000000000e+03 1.140000000000000000e+03
6.376000000000000000e+03 1.155000000000000000e+03
6.237000000000000000e+03 1.021000000000000000e+03
6.233000000000000000e+03 1.013000000000000000e+03
6.146000000000000000e+03 3.810000000000000000e+02
6.181000000000000000e+03 3.100000000000000000e+02
6.107000000000000000e+03 4.780000000000000000e+02
6.108000000000000000e+03 4.420000000000000000e+02
6.088000000000000000e+03 2.060000000000000000e+02
6.125000000000000000e+03 1.560000000000000000e+02
6.166000000000000000e+03 2.400000000000000000e+02
6.193000000000000000e+03 1.770000000000000000e+02
4.400000000000000000e+03 1.193000000000000000e+03
5.118000000000000000e+03 1.055000000000000000e+03
5.275000000000000000e+03 1.219000000000000000e+03
5.021000000000000000e+03 1.179000000000000000e+03
4.891000000000000000e+03 1.141000000000000000e+03
4.925000000000000000e+03 1.067000000000000000e+03
4.929000000000000000e+03 1.093000000000000000e+03
6.284000000000000000e+03 1.167000000000000000e+03
6.319000000000000000e+03 1.364000000000000000e+03
6.120000000000000000e+03 1.126000000000000000e+03
6.055000000000000000e+03 1.072000000000000000e+03
5.357000000000000000e+03 1.158000000000000000e+03
5.318000000000000000e+03 1.105000000000000000e+03
5.395000000000000000e+03 1.070000000000000000e+03
5.286000000000000000e+03 1.037000000000000000e+03
5.111000000000000000e+03 1.438000000000000000e+03
4.968000000000000000e+03 1.497000000000000000e+03
5.603000000000000000e+03 1.782000000000000000e+03
6.231000000000000000e+03 1.568000000000000000e+03
5.461000000000000000e+03 1.178000000000000000e+03
6.426000000000000000e+03 2.836000000000000000e+03
5.946000000000000000e+03 1.838000000000000000e+03
5.413000000000000000e+03 1.216000000000000000e+03
4.494000000000000000e+03 1.203000000000000000e+03
4.441000000000000000e+03 1.153000000000000000e+03
4.638000000000000000e+03 1.236000000000000000e+03
4.642000000000000000e+03 1.430000000000000000e+03
5.515000000000000000e+03 1.961000000000000000e+03
6.516000000000000000e+03 2.681000000000000000e+03
5.375000000000000000e+03 1.119000000000000000e+03
5.897000000000000000e+03 1.266000000000000000e+03
5.831000000000000000e+03 5.180000000000000000e+02
5.890000000000000000e+03 5.160000000000000000e+02
5.933000000000000000e+03 6.970000000000000000e+02
5.900000000000000000e+03 6.240000000000000000e+02
5.922000000000000000e+03 5.270000000000000000e+02
5.942000000000000000e+03 4.640000000000000000e+02
5.855000000000000000e+03 4.100000000000000000e+02
5.870000000000000000e+03 3.070000000000000000e+02
5.686000000000000000e+03 2.300000000000000000e+02
5.593000000000000000e+03 1.790000000000000000e+02
5.576000000000000000e+03 3.580000000000000000e+02
5.571000000000000000e+03 3.370000000000000000e+02
5.601000000000000000e+03 3.870000000000000000e+02
5.539000000000000000e+03 4.910000000000000000e+02
5.566000000000000000e+03 6.120000000000000000e+02
5.567000000000000000e+03 5.530000000000000000e+02
5.681000000000000000e+03 5.320000000000000000e+02
5.731000000000000000e+03 5.350000000000000000e+02
5.745000000000000000e+03 4.340000000000000000e+02
5.744000000000000000e+03 4.850000000000000000e+02
5.695000000000000000e+03 3.660000000000000000e+02
5.754000000000000000e+03 2.300000000000000000e+02
5.798000000000000000e+03 1.720000000000000000e+02
5.891000000000000000e+03 2.010000000000000000e+02
5.895000000000000000e+03 1.119000000000000000e+03
5.961000000000000000e+03 1.026000000000000000e+03
5.906000000000000000e+03 1.105000000000000000e+03
6.009000000000000000e+03 1.149000000000000000e+03
5.865000000000000000e+03 1.331000000000000000e+03
5.876000000000000000e+03 1.599000000000000000e+03
5.820000000000000000e+03 1.097000000000000000e+03
5.766000000000000000e+03 1.137000000000000000e+03
5.367000000000000000e+03 1.990000000000000000e+02
5.641000000000000000e+03 2.230000000000000000e+02
6.183000000000000000e+03 5.400000000000000000e+02
5.185000000000000000e+03 2.030000000000000000e+02
5.266000000000000000e+03 2.370000000000000000e+02
5.138000000000000000e+03 1.790000000000000000e+02
5.376000000000000000e+03 2.400000000000000000e+02
6.254000000000000000e+03 5.980000000000000000e+02
6.643000000000000000e+03 6.840000000000000000e+02
6.492000000000000000e+03 4.870000000000000000e+02
5.986000000000000000e+03 4.650000000000000000e+02
5.510000000000000000e+03 2.980000000000000000e+02
5.388000000000000000e+03 2.980000000000000000e+02
6.209000000000000000e+03 4.120000000000000000e+02
6.865000000000000000e+03 7.210000000000000000e+02
4.768000000000000000e+03 1.970000000000000000e+02
4.786000000000000000e+03 1.940000000000000000e+02
4.537000000000000000e+03 3.140000000000000000e+02
4.487000000000000000e+03 1.750000000000000000e+02
4.624000000000000000e+03 1.590000000000000000e+02
4.634000000000000000e+03 2.250000000000000000e+02
4.560000000000000000e+03 2.070000000000000000e+02
4.488000000000000000e+03 2.640000000000000000e+02
4.569000000000000000e+03 1.940000000000000000e+02
4.648000000000000000e+03 2.620000000000000000e+02
4.499000000000000000e+03 3.080000000000000000e+02
4.656000000000000000e+03 2.240000000000000000e+02
4.669000000000000000e+03 2.150000000000000000e+02
4.626000000000000000e+03 2.750000000000000000e+02
4.713000000000000000e+03 2.270000000000000000e+02
4.725000000000000000e+03 2.780000000000000000e+02
5.440000000000000000e+03 1.209000000000000000e+03
7.132000000000000000e+03 1.041000000000000000e+03
6.768000000000000000e+03 8.990000000000000000e+02
5.703000000000000000e+03 3.470000000000000000e+02
6.357000000000000000e+03 5.170000000000000000e+02
5.291000000000000000e+03 1.300000000000000000e+02
5.730000000000000000e+03 2.950000000000000000e+02
7.079000000000000000e+03 3.511000000000000000e+03
7.150000000000000000e+03 4.349000000000000000e+03
7.099000000000000000e+03 2.094000000000000000e+03
7.067000000000000000e+03 3.552000000000000000e+03
7.086000000000000000e+03 9.580000000000000000e+02
7.038000000000000000e+03 1.314000000000000000e+03
5.959000000000000000e+03 9.600000000000000000e+02
5.636000000000000000e+03 1.776000000000000000e+03
7.096000000000000000e+03 1.033000000000000000e+03
7.136000000000000000e+03 9.180000000000000000e+02
6.623000000000000000e+03 8.530000000000000000e+02
5.998000000000000000e+03 8.850000000000000000e+02
6.957000000000000000e+03 1.163000000000000000e+03
7.120000000000000000e+03 1.178000000000000000e+03
6.729000000000000000e+03 7.890000000000000000e+02
6.499000000000000000e+03 7.910000000000000000e+02
7.097000000000000000e+03 1.780000000000000000e+03
6.962000000000000000e+03 1.377000000000000000e+03
7.088000000000000000e+03 1.466000000000000000e+03
7.051000000000000000e+03 1.327000000000000000e+03
6.788000000000000000e+03 1.242000000000000000e+03
6.962000000000000000e+03 1.318000000000000000e+03
6.928000000000000000e+03 1.334000000000000000e+03
7.078000000000000000e+03 1.149000000000000000e+03
3.407000000000000000e+03 1.871000000000000000e+03
4.679000000000000000e+03 9.520000000000000000e+02
4.222000000000000000e+03 1.324000000000000000e+03
1.377000000000000000e+03 3.680000000000000000e+03
1.723000000000000000e+03 3.796000000000000000e+03
3.439000000000000000e+03 2.949000000000000000e+03
1.363000000000000000e+03 3.455000000000000000e+03
4.516000000000000000e+03 6.790000000000000000e+02
4.774000000000000000e+03 6.130000000000000000e+02
4.452000000000000000e+03 6.840000000000000000e+02
4.426000000000000000e+03 6.570000000000000000e+02
4.610000000000000000e+03 7.440000000000000000e+02
4.573000000000000000e+03 7.810000000000000000e+02
4.533000000000000000e+03 7.970000000000000000e+02
4.670000000000000000e+03 7.830000000000000000e+02
9.460000000000000000e+02 3.473000000000000000e+03
9.260000000000000000e+02 3.463000000000000000e+03
1.033000000000000000e+03 3.417000000000000000e+03
1.080000000000000000e+03 3.377000000000000000e+03
3.062000000000000000e+03 2.254000000000000000e+03
1.987000000000000000e+03 3.608000000000000000e+03
1.181000000000000000e+03 3.373000000000000000e+03
1.293000000000000000e+03 3.405000000000000000e+03
1.289000000000000000e+03 3.606000000000000000e+03
1.511000000000000000e+03 3.506000000000000000e+03
1.538000000000000000e+03 3.368000000000000000e+03
1.535000000000000000e+03 3.530000000000000000e+03
1.683000000000000000e+03 3.499000000000000000e+03
1.701000000000000000e+03 3.456000000000000000e+03
1.670000000000000000e+03 3.515000000000000000e+03
1.621000000000000000e+03 3.396000000000000000e+03
1.574000000000000000e+03 3.210000000000000000e+03
1.474000000000000000e+03 3.275000000000000000e+03
3.167000000000000000e+03 2.486000000000000000e+03
1.525000000000000000e+03 3.290000000000000000e+03
2.421000000000000000e+03 2.448000000000000000e+03
1.578000000000000000e+03 3.124000000000000000e+03
1.506000000000000000e+03 3.116000000000000000e+03
1.511000000000000000e+03 3.172000000000000000e+03
9.780000000000000000e+02 3.584000000000000000e+03
9.200000000000000000e+02 3.535000000000000000e+03
1.084000000000000000e+03 3.569000000000000000e+03
2.711000000000000000e+03 3.747000000000000000e+03
1.212000000000000000e+03 3.140000000000000000e+03
1.296000000000000000e+03 3.077000000000000000e+03
1.114000000000000000e+03 3.565000000000000000e+03
1.161000000000000000e+03 3.517000000000000000e+03
9.210000000000000000e+02 2.046000000000000000e+03
7.530000000000000000e+02 2.926000000000000000e+03
3.071000000000000000e+03 2.766000000000000000e+03
1.894000000000000000e+03 2.062000000000000000e+03
2.572000000000000000e+03 2.376000000000000000e+03
3.512000000000000000e+03 1.911000000000000000e+03
1.741000000000000000e+03 3.052000000000000000e+03
2.307000000000000000e+03 3.211000000000000000e+03
1.410000000000000000e+03 2.819000000000000000e+03
1.137000000000000000e+03 2.953000000000000000e+03
1.957000000000000000e+03 2.750000000000000000e+03
1.766000000000000000e+03 2.354000000000000000e+03
2.930000000000000000e+03 2.855000000000000000e+03
2.762000000000000000e+03 2.164000000000000000e+03
2.819000000000000000e+03 2.180000000000000000e+03
2.342000000000000000e+03 2.714000000000000000e+03
4.189000000000000000e+03 1.294000000000000000e+03
4.073000000000000000e+03 1.009000000000000000e+03
4.061000000000000000e+03 8.510000000000000000e+02
4.123000000000000000e+03 8.750000000000000000e+02
4.146000000000000000e+03 9.390000000000000000e+02
4.162000000000000000e+03 8.120000000000000000e+02
4.181000000000000000e+03 6.620000000000000000e+02
4.224000000000000000e+03 1.119000000000000000e+03
4.123000000000000000e+03 4.670000000000000000e+02
4.090000000000000000e+03 6.290000000000000000e+02
4.108000000000000000e+03 7.650000000000000000e+02
4.119000000000000000e+03 2.300000000000000000e+02
4.155000000000000000e+03 1.720000000000000000e+02
4.175000000000000000e+03 9.610000000000000000e+02
4.133000000000000000e+03 3.450000000000000000e+02
4.168000000000000000e+03 8.450000000000000000e+02
4.215000000000000000e+03 5.170000000000000000e+02
4.277000000000000000e+03 1.808000000000000000e+03
4.270000000000000000e+03 4.560000000000000000e+02
4.236000000000000000e+03 1.384000000000000000e+03
4.221000000000000000e+03 3.930000000000000000e+02
4.266000000000000000e+03 3.370000000000000000e+02
4.255000000000000000e+03 1.800000000000000000e+02
4.371000000000000000e+03 6.540000000000000000e+02
4.347000000000000000e+03 5.600000000000000000e+02
4.339000000000000000e+03 6.170000000000000000e+02
4.242000000000000000e+03 7.240000000000000000e+02
4.380000000000000000e+03 8.700000000000000000e+02
4.365000000000000000e+03 4.230000000000000000e+02
4.330000000000000000e+03 2.790000000000000000e+02
4.381000000000000000e+03 3.460000000000000000e+02
3.986000000000000000e+03 4.610000000000000000e+02
3.975000000000000000e+03 1.303000000000000000e+03
4.032000000000000000e+03 4.940000000000000000e+02
3.894000000000000000e+03 1.497000000000000000e+03
3.980000000000000000e+03 2.450000000000000000e+02
4.042000000000000000e+03 2.830000000000000000e+02
4.044000000000000000e+03 1.720000000000000000e+02
4.045000000000000000e+03 7.370000000000000000e+02
3.953000000000000000e+03 4.480000000000000000e+02
4.226000000000000000e+03 1.103000000000000000e+03
3.963000000000000000e+03 7.580000000000000000e+02
3.841000000000000000e+03 1.303000000000000000e+03
4.003000000000000000e+03 6.710000000000000000e+02
3.991000000000000000e+03 8.250000000000000000e+02
3.996000000000000000e+03 9.130000000000000000e+02
3.509000000000000000e+03 2.770000000000000000e+02
3.517000000000000000e+03 1.920000000000000000e+02
3.284000000000000000e+03 2.650000000000000000e+02
3.323000000000000000e+03 3.430000000000000000e+02
3.122000000000000000e+03 4.160000000000000000e+02
3.286000000000000000e+03 3.590000000000000000e+02
3.118000000000000000e+03 3.690000000000000000e+02
3.107000000000000000e+03 3.610000000000000000e+02
4.017000000000000000e+03 8.270000000000000000e+02
3.892000000000000000e+03 4.050000000000000000e+02
3.917000000000000000e+03 3.230000000000000000e+02
3.795000000000000000e+03 3.650000000000000000e+02
3.928000000000000000e+03 1.740000000000000000e+02
3.840000000000000000e+03 1.550000000000000000e+02
3.922000000000000000e+03 4.320000000000000000e+02
3.846000000000000000e+03 2.460000000000000000e+02
4.009000000000000000e+03 1.308000000000000000e+03
3.823000000000000000e+03 9.560000000000000000e+02
3.432000000000000000e+03 3.860000000000000000e+02
2.853000000000000000e+03 2.530000000000000000e+02
2.854000000000000000e+03 2.910000000000000000e+02
2.933000000000000000e+03 3.460000000000000000e+02
3.084000000000000000e+03 3.400000000000000000e+02
3.322000000000000000e+03 1.790000000000000000e+02
3.249000000000000000e+03 1.810000000000000000e+02
3.427000000000000000e+03 1.560000000000000000e+02
3.378000000000000000e+03 1.310000000000000000e+02
3.296000000000000000e+03 2.700000000000000000e+02
3.282000000000000000e+03 2.280000000000000000e+02
3.363000000000000000e+03 3.650000000000000000e+02
3.360000000000000000e+03 3.320000000000000000e+02
2.959000000000000000e+03 1.500000000000000000e+02
2.864000000000000000e+03 1.270000000000000000e+02
3.164000000000000000e+03 1.400000000000000000e+02
3.132000000000000000e+03 1.450000000000000000e+02
2.729000000000000000e+03 1.950000000000000000e+02
2.805000000000000000e+03 1.860000000000000000e+02
3.562000000000000000e+03 3.930000000000000000e+02
3.015000000000000000e+03 1.480000000000000000e+02
3.585000000000000000e+03 2.350000000000000000e+02
3.682000000000000000e+03 2.160000000000000000e+02
3.735000000000000000e+03 1.480000000000000000e+02
3.615000000000000000e+03 1.350000000000000000e+02
3.690000000000000000e+03 2.800000000000000000e+02
3.712000000000000000e+03 3.490000000000000000e+02
3.682000000000000000e+03 3.730000000000000000e+02
3.678000000000000000e+03 4.070000000000000000e+02
2.957000000000000000e+03 4.280000000000000000e+02
2.834000000000000000e+03 4.300000000000000000e+02
2.747000000000000000e+03 3.980000000000000000e+02
2.771000000000000000e+03 3.540000000000000000e+02
2.754000000000000000e+03 3.050000000000000000e+02
3.091000000000000000e+03 2.500000000000000000e+02
3.062000000000000000e+03 2.190000000000000000e+02
2.853000000000000000e+03 2.310000000000000000e+02
3.247000000000000000e+03 1.928000000000000000e+03
3.195000000000000000e+03 2.556000000000000000e+03
4.167000000000000000e+03 1.035000000000000000e+03
4.272000000000000000e+03 1.039000000000000000e+03
3.448000000000000000e+03 3.534000000000000000e+03
4.071000000000000000e+03 2.449000000000000000e+03
4.148000000000000000e+03 1.282000000000000000e+03
4.213000000000000000e+03 1.078000000000000000e+03
4.737000000000000000e+03 1.067000000000000000e+03
4.650000000000000000e+03 1.089000000000000000e+03
4.320000000000000000e+03 8.020000000000000000e+02
4.308000000000000000e+03 8.240000000000000000e+02
4.227000000000000000e+03 9.770000000000000000e+02
4.296000000000000000e+03 9.420000000000000000e+02
4.260000000000000000e+03 8.950000000000000000e+02
4.178000000000000000e+03 8.910000000000000000e+02
4.474000000000000000e+03 9.500000000000000000e+02
4.434000000000000000e+03 9.220000000000000000e+02
4.473000000000000000e+03 8.430000000000000000e+02
4.449000000000000000e+03 7.970000000000000000e+02
4.427000000000000000e+03 1.070000000000000000e+03
4.450000000000000000e+03 1.010000000000000000e+03
4.535000000000000000e+03 1.038000000000000000e+03
4.609000000000000000e+03 9.930000000000000000e+02
3.222000000000000000e+03 6.704000000000000000e+03
4.090000000000000000e+03 6.137000000000000000e+03
4.003000000000000000e+03 6.190000000000000000e+03
3.393000000000000000e+03 6.630000000000000000e+03
2.959000000000000000e+03 6.714000000000000000e+03
1.736000000000000000e+03 7.442000000000000000e+03
2.169000000000000000e+03 7.225000000000000000e+03
4.077000000000000000e+03 6.419000000000000000e+03
3.973000000000000000e+03 6.475000000000000000e+03
3.878000000000000000e+03 6.415000000000000000e+03
4.143000000000000000e+03 6.335000000000000000e+03
3.758000000000000000e+03 6.508000000000000000e+03
3.982000000000000000e+03 6.308000000000000000e+03
4.015000000000000000e+03 6.408000000000000000e+03
3.957000000000000000e+03 6.416000000000000000e+03
3.968000000000000000e+03 7.372000000000000000e+03
3.898000000000000000e+03 7.409000000000000000e+03
3.870000000000000000e+03 7.331000000000000000e+03
3.551000000000000000e+03 7.222000000000000000e+03
3.217000000000000000e+03 7.355000000000000000e+03
3.735000000000000000e+03 7.338000000000000000e+03
2.876000000000000000e+03 7.341000000000000000e+03
3.305000000000000000e+03 7.336000000000000000e+03
1.845000000000000000e+03 7.456000000000000000e+03
2.038000000000000000e+03 7.463000000000000000e+03
1.882000000000000000e+03 7.434000000000000000e+03
1.883000000000000000e+03 7.462000000000000000e+03
1.948000000000000000e+03 7.464000000000000000e+03
3.562000000000000000e+03 7.157000000000000000e+03
3.079000000000000000e+03 7.303000000000000000e+03
3.541000000000000000e+03 7.257000000000000000e+03
3.136000000000000000e+03 7.406000000000000000e+03
3.478000000000000000e+03 6.909000000000000000e+03
3.770000000000000000e+03 6.169000000000000000e+03
3.275000000000000000e+03 7.435000000000000000e+03
3.263000000000000000e+03 7.319000000000000000e+03
3.185000000000000000e+03 7.423000000000000000e+03
3.239000000000000000e+03 7.401000000000000000e+03
2.931000000000000000e+03 7.419000000000000000e+03
2.637000000000000000e+03 7.448000000000000000e+03
2.883000000000000000e+03 7.452000000000000000e+03
3.227000000000000000e+03 6.762000000000000000e+03
2.779000000000000000e+03 7.406000000000000000e+03
2.818000000000000000e+03 7.470000000000000000e+03
2.978000000000000000e+03 7.468000000000000000e+03
2.976000000000000000e+03 7.463000000000000000e+03
3.464000000000000000e+03 6.773000000000000000e+03
3.080000000000000000e+03 6.939000000000000000e+03
3.711000000000000000e+03 6.635000000000000000e+03
3.674000000000000000e+03 6.751000000000000000e+03
3.811000000000000000e+03 6.937000000000000000e+03
3.614000000000000000e+03 6.524000000000000000e+03
3.779000000000000000e+03 6.709000000000000000e+03
3.743000000000000000e+03 6.831000000000000000e+03
3.657000000000000000e+03 7.164000000000000000e+03
3.849000000000000000e+03 7.076000000000000000e+03
3.912000000000000000e+03 7.178000000000000000e+03
3.839000000000000000e+03 7.135000000000000000e+03
3.702000000000000000e+03 7.034000000000000000e+03
3.435000000000000000e+03 7.069000000000000000e+03
3.558000000000000000e+03 7.072000000000000000e+03
3.771000000000000000e+03 7.067000000000000000e+03
4.301000000000000000e+03 5.686000000000000000e+03
3.912000000000000000e+03 6.070000000000000000e+03
4.011000000000000000e+03 5.912000000000000000e+03
4.368000000000000000e+03 4.747000000000000000e+03
4.386000000000000000e+03 5.055000000000000000e+03
4.054000000000000000e+03 6.146000000000000000e+03
3.990000000000000000e+03 6.119000000000000000e+03
3.806000000000000000e+03 6.383000000000000000e+03
3.847000000000000000e+03 6.430000000000000000e+03
3.739000000000000000e+03 6.306000000000000000e+03
3.802000000000000000e+03 6.428000000000000000e+03
3.842000000000000000e+03 6.281000000000000000e+03
3.844000000000000000e+03 6.171000000000000000e+03
3.818000000000000000e+03 6.281000000000000000e+03
3.822000000000000000e+03 6.274000000000000000e+03
4.290000000000000000e+03 4.088000000000000000e+03
4.318000000000000000e+03 4.251000000000000000e+03
4.380000000000000000e+03 4.127000000000000000e+03
4.321000000000000000e+03 4.033000000000000000e+03
4.275000000000000000e+03 4.444000000000000000e+03
4.207000000000000000e+03 5.277000000000000000e+03
4.368000000000000000e+03 4.352000000000000000e+03
4.411000000000000000e+03 4.384000000000000000e+03
4.358000000000000000e+03 3.948000000000000000e+03
4.450000000000000000e+03 4.031000000000000000e+03
4.427000000000000000e+03 3.755000000000000000e+03
4.392000000000000000e+03 3.769000000000000000e+03
4.355000000000000000e+03 4.831000000000000000e+03
4.461000000000000000e+03 4.209000000000000000e+03
4.440000000000000000e+03 4.051000000000000000e+03
4.471000000000000000e+03 4.058000000000000000e+03
4.236000000000000000e+03 3.665000000000000000e+03
4.229000000000000000e+03 3.727000000000000000e+03
4.311000000000000000e+03 3.803000000000000000e+03
4.355000000000000000e+03 3.488000000000000000e+03
3.949000000000000000e+03 4.509000000000000000e+03
4.052000000000000000e+03 4.178000000000000000e+03
4.171000000000000000e+03 3.810000000000000000e+03
4.123000000000000000e+03 3.634000000000000000e+03
4.166000000000000000e+03 4.193000000000000000e+03
4.043000000000000000e+03 4.367000000000000000e+03
4.238000000000000000e+03 3.992000000000000000e+03
4.188000000000000000e+03 3.838000000000000000e+03
3.836000000000000000e+03 4.793000000000000000e+03
4.136000000000000000e+03 4.348000000000000000e+03
4.004000000000000000e+03 4.590000000000000000e+03
4.041000000000000000e+03 4.341000000000000000e+03
4.280000000000000000e+03 4.775000000000000000e+03
4.283000000000000000e+03 4.840000000000000000e+03
4.335000000000000000e+03 4.988000000000000000e+03
4.275000000000000000e+03 4.914000000000000000e+03
4.287000000000000000e+03 4.588000000000000000e+03
4.316000000000000000e+03 4.591000000000000000e+03
4.313000000000000000e+03 4.568000000000000000e+03
4.281000000000000000e+03 4.559000000000000000e+03
4.432000000000000000e+03 5.033000000000000000e+03
4.172000000000000000e+03 5.299000000000000000e+03
4.427000000000000000e+03 4.996000000000000000e+03
4.422000000000000000e+03 4.906000000000000000e+03
4.408000000000000000e+03 4.618000000000000000e+03
4.462000000000000000e+03 4.850000000000000000e+03
4.424000000000000000e+03 4.528000000000000000e+03
4.458000000000000000e+03 4.656000000000000000e+03
4.325000000000000000e+03 3.469000000000000000e+03
4.414000000000000000e+03 3.448000000000000000e+03
4.441000000000000000e+03 3.609000000000000000e+03
4.280000000000000000e+03 3.379000000000000000e+03
4.316000000000000000e+03 3.345000000000000000e+03
4.459000000000000000e+03 3.380000000000000000e+03
4.422000000000000000e+03 3.393000000000000000e+03
4.409000000000000000e+03 5.873000000000000000e+03
4.432000000000000000e+03 5.777000000000000000e+03
4.415000000000000000e+03 5.949000000000000000e+03
4.467000000000000000e+03 6.013000000000000000e+03
4.517000000000000000e+03 5.607000000000000000e+03
4.510000000000000000e+03 5.655000000000000000e+03
4.426000000000000000e+03 5.517000000000000000e+03
4.454000000000000000e+03 5.517000000000000000e+03
6.257000000000000000e+03 7.230000000000000000e+03
4.794000000000000000e+03 6.737000000000000000e+03
6.033000000000000000e+03 7.205000000000000000e+03
6.746000000000000000e+03 7.419000000000000000e+03
6.845000000000000000e+03 7.372000000000000000e+03
6.910000000000000000e+03 7.392000000000000000e+03
6.434000000000000000e+03 7.243000000000000000e+03
4.709000000000000000e+03 6.620000000000000000e+03
4.012000000000000000e+03 7.339000000000000000e+03
4.036000000000000000e+03 7.275000000000000000e+03
4.111000000000000000e+03 7.324000000000000000e+03
4.053000000000000000e+03 7.409000000000000000e+03
4.117000000000000000e+03 7.075000000000000000e+03
4.203000000000000000e+03 7.047000000000000000e+03
4.034000000000000000e+03 7.173000000000000000e+03
4.048000000000000000e+03 7.123000000000000000e+03
4.453000000000000000e+03 6.876000000000000000e+03
3.909000000000000000e+03 6.629000000000000000e+03
3.887000000000000000e+03 6.854000000000000000e+03
5.200000000000000000e+03 6.861000000000000000e+03
4.487000000000000000e+03 7.080000000000000000e+03
4.868000000000000000e+03 6.897000000000000000e+03
4.775000000000000000e+03 6.619000000000000000e+03
4.181000000000000000e+03 7.255000000000000000e+03
4.256000000000000000e+03 6.965000000000000000e+03
4.153000000000000000e+03 7.413000000000000000e+03
4.160000000000000000e+03 7.291000000000000000e+03
4.757000000000000000e+03 6.803000000000000000e+03
4.379000000000000000e+03 6.814000000000000000e+03
4.291000000000000000e+03 7.143000000000000000e+03
4.227000000000000000e+03 7.153000000000000000e+03
5.653000000000000000e+03 7.284000000000000000e+03
6.056000000000000000e+03 7.478000000000000000e+03
5.808000000000000000e+03 7.475000000000000000e+03
5.062000000000000000e+03 7.135000000000000000e+03
6.276000000000000000e+03 7.447000000000000000e+03
5.635000000000000000e+03 7.339000000000000000e+03
5.902000000000000000e+03 7.456000000000000000e+03
5.372000000000000000e+03 7.116000000000000000e+03
4.010000000000000000e+03 6.956000000000000000e+03
3.998000000000000000e+03 6.894000000000000000e+03
4.055000000000000000e+03 6.991000000000000000e+03
4.039000000000000000e+03 7.001000000000000000e+03
4.147000000000000000e+03 6.530000000000000000e+03
3.976000000000000000e+03 6.572000000000000000e+03
3.977000000000000000e+03 6.754000000000000000e+03
3.949000000000000000e+03 6.646000000000000000e+03
4.656000000000000000e+03 6.401000000000000000e+03
3.996000000000000000e+03 3.373000000000000000e+03
4.055000000000000000e+03 3.537000000000000000e+03
4.249000000000000000e+03 5.421000000000000000e+03
4.323000000000000000e+03 5.995000000000000000e+03
4.299000000000000000e+03 5.524000000000000000e+03
4.390000000000000000e+03 6.360000000000000000e+03
4.455000000000000000e+03 6.801000000000000000e+03
4.402000000000000000e+03 6.871000000000000000e+03
4.256000000000000000e+03 5.108000000000000000e+03
4.428000000000000000e+03 6.721000000000000000e+03
4.427000000000000000e+03 6.609000000000000000e+03
4.418000000000000000e+03 6.600000000000000000e+03
4.422000000000000000e+03 5.228000000000000000e+03
4.426000000000000000e+03 6.416000000000000000e+03
4.535000000000000000e+03 3.353000000000000000e+03
4.408000000000000000e+03 3.319000000000000000e+03
4.561000000000000000e+03 3.246000000000000000e+03
4.614000000000000000e+03 3.417000000000000000e+03
4.205000000000000000e+03 3.588000000000000000e+03
4.075000000000000000e+03 3.561000000000000000e+03
4.101000000000000000e+03 3.328000000000000000e+03
4.171000000000000000e+03 3.332000000000000000e+03
4.410000000000000000e+03 3.244000000000000000e+03
4.482000000000000000e+03 3.223000000000000000e+03
4.309000000000000000e+03 3.179000000000000000e+03
4.417000000000000000e+03 3.140000000000000000e+03
4.163000000000000000e+03 3.171000000000000000e+03
4.178000000000000000e+03 3.148000000000000000e+03
4.091000000000000000e+03 3.224000000000000000e+03
3.947000000000000000e+03 3.303000000000000000e+03
4.383000000000000000e+03 6.495000000000000000e+03
5.326000000000000000e+03 6.913000000000000000e+03
4.312000000000000000e+03 5.990000000000000000e+03
4.273000000000000000e+03 6.441000000000000000e+03
5.915000000000000000e+03 6.727000000000000000e+03
5.536000000000000000e+03 6.743000000000000000e+03
4.852000000000000000e+03 7.150000000000000000e+03
5.082000000000000000e+03 7.137000000000000000e+03
5.381000000000000000e+03 6.293000000000000000e+03
4.375000000000000000e+03 6.617000000000000000e+03
4.291000000000000000e+03 6.465000000000000000e+03
4.340000000000000000e+03 5.519000000000000000e+03
4.321000000000000000e+03 6.886000000000000000e+03
4.318000000000000000e+03 6.784000000000000000e+03
4.267000000000000000e+03 5.848000000000000000e+03
4.273000000000000000e+03 6.720000000000000000e+03
4.241000000000000000e+03 6.953000000000000000e+03
4.190000000000000000e+03 6.899000000000000000e+03
4.146000000000000000e+03 6.802000000000000000e+03
4.126000000000000000e+03 6.748000000000000000e+03
4.156000000000000000e+03 6.625000000000000000e+03
4.242000000000000000e+03 6.637000000000000000e+03
4.120000000000000000e+03 6.668000000000000000e+03
4.141000000000000000e+03 6.756000000000000000e+03
6.341000000000000000e+03 6.444000000000000000e+03
4.801000000000000000e+03 7.381000000000000000e+03
5.474000000000000000e+03 6.821000000000000000e+03
6.097000000000000000e+03 6.677000000000000000e+03
5.491000000000000000e+03 6.863000000000000000e+03
5.216000000000000000e+03 6.974000000000000000e+03
4.857000000000000000e+03 7.406000000000000000e+03
4.773000000000000000e+03 7.450000000000000000e+03
3.402000000000000000e+03 5.552000000000000000e+03
3.490000000000000000e+03 5.712000000000000000e+03
3.308000000000000000e+03 5.663000000000000000e+03
3.470000000000000000e+03 5.496000000000000000e+03
3.244000000000000000e+03 5.525000000000000000e+03
3.021000000000000000e+03 5.520000000000000000e+03
3.129000000000000000e+03 5.524000000000000000e+03
2.547000000000000000e+03 5.534000000000000000e+03
2.738000000000000000e+03 5.509000000000000000e+03
2.505000000000000000e+03 5.605000000000000000e+03
2.433000000000000000e+03 5.535000000000000000e+03
3.153000000000000000e+03 5.548000000000000000e+03
2.826000000000000000e+03 5.556000000000000000e+03
2.999000000000000000e+03 5.545000000000000000e+03
3.055000000000000000e+03 5.559000000000000000e+03
2.717000000000000000e+03 5.627000000000000000e+03
2.810000000000000000e+03 5.690000000000000000e+03
2.699000000000000000e+03 5.684000000000000000e+03
2.600000000000000000e+03 5.656000000000000000e+03
3.254000000000000000e+03 5.352000000000000000e+03
3.144000000000000000e+03 5.697000000000000000e+03
2.899000000000000000e+03 5.667000000000000000e+03
3.005000000000000000e+03 5.660000000000000000e+03
2.432000000000000000e+03 5.681000000000000000e+03
2.791000000000000000e+03 5.732000000000000000e+03
2.361000000000000000e+03 5.675000000000000000e+03
3.042000000000000000e+03 4.943000000000000000e+03
2.156000000000000000e+03 5.682000000000000000e+03
2.282000000000000000e+03 5.658000000000000000e+03
2.072000000000000000e+03 5.669000000000000000e+03
2.098000000000000000e+03 5.655000000000000000e+03
4.021000000000000000e+03 6.034000000000000000e+03
3.512000000000000000e+03 6.065000000000000000e+03
3.638000000000000000e+03 6.051000000000000000e+03
3.279000000000000000e+03 5.902000000000000000e+03
3.308000000000000000e+03 5.815000000000000000e+03
3.269000000000000000e+03 6.044000000000000000e+03
3.258000000000000000e+03 6.039000000000000000e+03
3.433000000000000000e+03 6.233000000000000000e+03
3.344000000000000000e+03 5.841000000000000000e+03
3.418000000000000000e+03 6.164000000000000000e+03
3.343000000000000000e+03 6.204000000000000000e+03
3.456000000000000000e+03 5.483000000000000000e+03
3.535000000000000000e+03 6.175000000000000000e+03
3.641000000000000000e+03 5.767000000000000000e+03
3.669000000000000000e+03 5.104000000000000000e+03
3.495000000000000000e+03 5.925000000000000000e+03
3.605000000000000000e+03 4.789000000000000000e+03
3.476000000000000000e+03 5.978000000000000000e+03
3.431000000000000000e+03 5.814000000000000000e+03
3.663000000000000000e+03 5.759000000000000000e+03
3.618000000000000000e+03 5.844000000000000000e+03
3.666000000000000000e+03 4.392000000000000000e+03
3.597000000000000000e+03 5.930000000000000000e+03
3.518000000000000000e+03 5.693000000000000000e+03
3.576000000000000000e+03 5.708000000000000000e+03
3.459000000000000000e+03 5.524000000000000000e+03
3.556000000000000000e+03 5.473000000000000000e+03
3.457000000000000000e+03 5.579000000000000000e+03
3.481000000000000000e+03 5.607000000000000000e+03
3.496000000000000000e+03 5.504000000000000000e+03
3.615000000000000000e+03 5.368000000000000000e+03
3.425000000000000000e+03 2.931000000000000000e+03
3.316000000000000000e+03 3.039000000000000000e+03
3.104000000000000000e+03 3.033000000000000000e+03
3.399000000000000000e+03 3.025000000000000000e+03
3.263000000000000000e+03 2.989000000000000000e+03
3.465000000000000000e+03 2.924000000000000000e+03
3.489000000000000000e+03 2.996000000000000000e+03
3.181000000000000000e+03 3.147000000000000000e+03
3.146000000000000000e+03 3.184000000000000000e+03
3.221000000000000000e+03 3.130000000000000000e+03
2.957000000000000000e+03 3.234000000000000000e+03
3.192000000000000000e+03 3.110000000000000000e+03
3.377000000000000000e+03 3.061000000000000000e+03
3.220000000000000000e+03 3.164000000000000000e+03
3.389000000000000000e+03 2.957000000000000000e+03
4.971000000000000000e+03 3.123000000000000000e+03
4.851000000000000000e+03 3.178000000000000000e+03
4.959000000000000000e+03 3.350000000000000000e+03
4.984000000000000000e+03 3.286000000000000000e+03
3.910000000000000000e+03 3.143000000000000000e+03
4.037000000000000000e+03 3.262000000000000000e+03
4.209000000000000000e+03 3.449000000000000000e+03
4.826000000000000000e+03 3.335000000000000000e+03
3.416000000000000000e+03 3.286000000000000000e+03
3.275000000000000000e+03 3.404000000000000000e+03
3.392000000000000000e+03 3.316000000000000000e+03
3.143000000000000000e+03 3.414000000000000000e+03
3.344000000000000000e+03 3.248000000000000000e+03
3.312000000000000000e+03 3.175000000000000000e+03
3.131000000000000000e+03 3.318000000000000000e+03
3.145000000000000000e+03 3.200000000000000000e+03
3.355000000000000000e+03 3.406000000000000000e+03
3.388000000000000000e+03 3.386000000000000000e+03
3.472000000000000000e+03 3.180000000000000000e+03
3.360000000000000000e+03 3.278000000000000000e+03
3.708000000000000000e+03 3.192000000000000000e+03
3.623000000000000000e+03 3.234000000000000000e+03
3.506000000000000000e+03 3.364000000000000000e+03
3.563000000000000000e+03 3.316000000000000000e+03
5.210000000000000000e+03 3.235000000000000000e+03
5.088000000000000000e+03 3.149000000000000000e+03
5.280000000000000000e+03 3.208000000000000000e+03
5.252000000000000000e+03 3.360000000000000000e+03
5.143000000000000000e+03 3.361000000000000000e+03
4.941000000000000000e+03 3.247000000000000000e+03
3.596000000000000000e+03 3.348000000000000000e+03
3.713000000000000000e+03 3.361000000000000000e+03
4.500000000000000000e+03 3.620000000000000000e+03
4.588000000000000000e+03 3.554000000000000000e+03
5.169000000000000000e+03 3.483000000000000000e+03
5.298000000000000000e+03 3.437000000000000000e+03
4.190000000000000000e+03 3.464000000000000000e+03
4.899000000000000000e+03 4.041000000000000000e+03
5.489000000000000000e+03 3.361000000000000000e+03
5.398000000000000000e+03 3.433000000000000000e+03
4.893000000000000000e+03 3.458000000000000000e+03
4.843000000000000000e+03 3.506000000000000000e+03
3.835000000000000000e+03 3.228000000000000000e+03
4.450000000000000000e+03 2.992000000000000000e+03
4.718000000000000000e+03 3.364000000000000000e+03
4.665000000000000000e+03 3.199000000000000000e+03
4.674000000000000000e+03 3.377000000000000000e+03
4.612000000000000000e+03 3.179000000000000000e+03
3.374000000000000000e+03 5.876000000000000000e+03
3.753000000000000000e+03 5.794000000000000000e+03
3.906000000000000000e+03 5.842000000000000000e+03
4.003000000000000000e+03 5.871000000000000000e+03
3.811000000000000000e+03 5.774000000000000000e+03
4.076000000000000000e+03 5.939000000000000000e+03
4.093000000000000000e+03 5.879000000000000000e+03
2.684000000000000000e+03 5.727000000000000000e+03
1.918000000000000000e+03 5.899000000000000000e+03
3.255000000000000000e+03 6.054000000000000000e+03
3.135000000000000000e+03 5.995000000000000000e+03
3.365000000000000000e+03 6.230000000000000000e+03
3.291000000000000000e+03 6.264000000000000000e+03
3.458000000000000000e+03 6.279000000000000000e+03
3.702000000000000000e+03 6.310000000000000000e+03
1.754000000000000000e+03 5.647000000000000000e+03
2.023000000000000000e+03 5.329000000000000000e+03
1.736000000000000000e+03 5.573000000000000000e+03
1.741000000000000000e+03 5.525000000000000000e+03
2.197000000000000000e+03 5.500000000000000000e+03
2.778000000000000000e+03 4.472000000000000000e+03
1.960000000000000000e+03 5.681000000000000000e+03
1.732000000000000000e+03 5.666000000000000000e+03
1.284000000000000000e+03 3.266000000000000000e+03
1.490000000000000000e+03 3.220000000000000000e+03
1.053000000000000000e+03 3.406000000000000000e+03
1.119000000000000000e+03 3.260000000000000000e+03
1.411000000000000000e+03 3.283000000000000000e+03
2.420000000000000000e+03 3.211000000000000000e+03
1.631000000000000000e+03 3.274000000000000000e+03
1.840000000000000000e+03 3.201000000000000000e+03
2.911000000000000000e+03 5.369000000000000000e+03
3.784000000000000000e+03 3.886000000000000000e+03
1.658000000000000000e+03 5.473000000000000000e+03
3.458000000000000000e+03 5.496000000000000000e+03
3.752000000000000000e+03 5.833000000000000000e+03
3.497000000000000000e+03 5.558000000000000000e+03
3.668000000000000000e+03 5.816000000000000000e+03
4.061000000000000000e+03 6.030000000000000000e+03
4.058000000000000000e+03 6.065000000000000000e+03
3.957000000000000000e+03 6.085000000000000000e+03
3.982000000000000000e+03 6.030000000000000000e+03
3.450000000000000000e+03 5.654000000000000000e+03
3.845000000000000000e+03 6.093000000000000000e+03
3.872000000000000000e+03 5.985000000000000000e+03
3.805000000000000000e+03 5.965000000000000000e+03
2.317000000000000000e+03 5.509000000000000000e+03
2.286000000000000000e+03 5.538000000000000000e+03
2.745000000000000000e+03 5.481000000000000000e+03
2.404000000000000000e+03 5.460000000000000000e+03
2.034000000000000000e+03 5.494000000000000000e+03
2.204000000000000000e+03 5.501000000000000000e+03
1.970000000000000000e+03 5.500000000000000000e+03
1.877000000000000000e+03 5.524000000000000000e+03
1.052000000000000000e+03 4.695000000000000000e+03
1.047000000000000000e+03 3.659000000000000000e+03
1.352000000000000000e+03 3.677000000000000000e+03
1.121000000000000000e+03 3.835000000000000000e+03
1.449000000000000000e+03 5.471000000000000000e+03
1.733000000000000000e+03 3.919000000000000000e+03
3.700000000000000000e+03 3.645000000000000000e+03
3.926000000000000000e+03 3.490000000000000000e+03
3.304000000000000000e+03 5.030000000000000000e+03
3.638000000000000000e+03 3.825000000000000000e+03
3.975000000000000000e+03 3.855000000000000000e+03
4.337000000000000000e+03 4.676000000000000000e+03
4.221000000000000000e+03 4.826000000000000000e+03
2.504000000000000000e+03 4.504000000000000000e+03
9.620000000000000000e+02 5.572000000000000000e+03
1.698000000000000000e+03 5.551000000000000000e+03
1.633000000000000000e+03 5.549000000000000000e+03
1.589000000000000000e+03 5.623000000000000000e+03
1.406000000000000000e+03 5.574000000000000000e+03
1.364000000000000000e+03 5.539000000000000000e+03
1.385000000000000000e+03 5.655000000000000000e+03
1.240000000000000000e+03 5.531000000000000000e+03
1.291000000000000000e+03 5.525000000000000000e+03
4.379000000000000000e+03 5.302000000000000000e+03
4.314000000000000000e+03 5.343000000000000000e+03
4.289000000000000000e+03 5.177000000000000000e+03
4.277000000000000000e+03 5.324000000000000000e+03
4.125000000000000000e+03 5.575000000000000000e+03
4.187000000000000000e+03 5.587000000000000000e+03
4.271000000000000000e+03 5.475000000000000000e+03
4.129000000000000000e+03 5.524000000000000000e+03
4.209000000000000000e+03 5.852000000000000000e+03
4.196000000000000000e+03 5.905000000000000000e+03
4.137000000000000000e+03 5.713000000000000000e+03
4.180000000000000000e+03 5.786000000000000000e+03
4.304000000000000000e+03 5.808000000000000000e+03
4.310000000000000000e+03 5.863000000000000000e+03
4.290000000000000000e+03 5.676000000000000000e+03
4.315000000000000000e+03 5.667000000000000000e+03
9.680000000000000000e+02 5.587000000000000000e+03
9.700000000000000000e+02 5.512000000000000000e+03
7.260000000000000000e+02 5.584000000000000000e+03
9.210000000000000000e+02 5.583000000000000000e+03
2.701000000000000000e+03 5.532000000000000000e+03
3.961000000000000000e+03 5.691000000000000000e+03
3.625000000000000000e+03 4.999000000000000000e+03
4.017000000000000000e+03 4.471000000000000000e+03
2.913000000000000000e+03 4.828000000000000000e+03
2.537000000000000000e+03 4.814000000000000000e+03
2.932000000000000000e+03 5.152000000000000000e+03
3.601000000000000000e+03 4.699000000000000000e+03
3.926000000000000000e+03 4.823000000000000000e+03
3.200000000000000000e+03 3.597000000000000000e+03
3.284000000000000000e+03 4.427000000000000000e+03
1.889000000000000000e+03 5.269000000000000000e+03
6.880000000000000000e+02 5.584000000000000000e+03
7.190000000000000000e+02 5.520000000000000000e+03
3.902000000000000000e+03 5.400000000000000000e+03
1.971000000000000000e+03 5.477000000000000000e+03
4.193000000000000000e+03 5.007000000000000000e+03
4.058000000000000000e+03 4.523000000000000000e+03
3.839000000000000000e+03 5.263000000000000000e+03
4.176000000000000000e+03 5.094000000000000000e+03
4.031000000000000000e+03 5.225000000000000000e+03
4.104000000000000000e+03 4.767000000000000000e+03
3.955000000000000000e+03 5.623000000000000000e+03
3.855000000000000000e+03 5.616000000000000000e+03
4.109000000000000000e+03 4.877000000000000000e+03
4.078000000000000000e+03 4.478000000000000000e+03
4.057000000000000000e+03 4.656000000000000000e+03
4.129000000000000000e+03 5.070000000000000000e+03
3.574000000000000000e+03 1.250000000000000000e+03
8.000000000000000000e+01 4.800000000000000000e+02
1.330000000000000000e+02 3.610000000000000000e+03
4.489000000000000000e+03 3.540000000000000000e+03
6.360000000000000000e+02 5.760000000000000000e+03
-4.000000000000000000e+00 0.000000000000000000e+00
7.164000000000000000e+03 0.000000000000000000e+00
3.000000000000000000e+00 0.000000000000000000e+00
