4.927000000000000000e+03 7.830000000000000000e+02
4.542000000000000000e+03 1.030000000000000000e+03
4.988000000000000000e+03 6.190000000000000000e+02
4.822000000000000000e+03 4.530000000000000000e+02
5.357000000000000000e+03 3.150000000000000000e+02
5.344000000000000000e+03 3.830000000000000000e+02
5.406000000000000000e+03 3.640000000000000000e+02
4.651000000000000000e+03 4.310000000000000000e+02
4.637000000000000000e+03 4.920000000000000000e+02
4.565000000000000000e+03 6.180000000000000000e+02
4.621000000000000000e+03 6.620000000000000000e+02
4.631000000000000000e+03 3.960000000000000000e+02
4.610000000000000000e+03 7.600000000000000000e+02
4.739000000000000000e+03 4.160000000000000000e+02
4.898000000000000000e+03 3.980000000000000000e+02
5.581000000000000000e+03 2.850000000000000000e+02
5.618000000000000000e+03 2.720000000000000000e+02
5.420000000000000000e+03 5.350000000000000000e+02
5.436000000000000000e+03 5.180000000000000000e+02
5.788000000000000000e+03 2.580000000000000000e+02
5.690000000000000000e+03 2.370000000000000000e+02
5.835000000000000000e+03 1.690000000000000000e+02
5.755000000000000000e+03 2.000000000000000000e+02
5.688000000000000000e+03 3.020000000000000000e+02
5.671000000000000000e+03 3.660000000000000000e+02
5.787000000000000000e+03 3.310000000000000000e+02
5.711000000000000000e+03 3.180000000000000000e+02
5.507000000000000000e+03 5.260000000000000000e+02
5.569000000000000000e+03 4.730000000000000000e+02
5.628000000000000000e+03 3.740000000000000000e+02
5.529000000000000000e+03 4.220000000000000000e+02
4.897000000000000000e+03 8.570000000000000000e+02
4.516000000000000000e+03 9.910000000000000000e+02
4.584000000000000000e+03 1.031000000000000000e+03
4.383000000000000000e+03 1.583000000000000000e+03
4.386000000000000000e+03 1.504000000000000000e+03
4.328000000000000000e+03 1.602000000000000000e+03
4.331000000000000000e+03 1.496000000000000000e+03
4.487000000000000000e+03 1.406000000000000000e+03
4.338000000000000000e+03 1.405000000000000000e+03
4.523000000000000000e+03 1.397000000000000000e+03
4.487000000000000000e+03 1.463000000000000000e+03
4.265000000000000000e+03 1.641000000000000000e+03
4.311000000000000000e+03 1.530000000000000000e+03
4.317000000000000000e+03 1.450000000000000000e+03
4.326000000000000000e+03 1.417000000000000000e+03
4.453000000000000000e+03 1.336000000000000000e+03
4.503000000000000000e+03 1.089000000000000000e+03
4.454000000000000000e+03 1.199000000000000000e+03
4.546000000000000000e+03 1.144000000000000000e+03
4.476000000000000000e+03 1.257000000000000000e+03
4.494000000000000000e+03 1.270000000000000000e+03
4.629000000000000000e+03 1.287000000000000000e+03
4.581000000000000000e+03 1.248000000000000000e+03
6.177000000000000000e+03 4.700000000000000000e+02
6.145000000000000000e+03 4.790000000000000000e+02
6.095000000000000000e+03 3.030000000000000000e+02
6.106000000000000000e+03 2.560000000000000000e+02
6.220000000000000000e+03 6.340000000000000000e+02
6.343000000000000000e+03 6.430000000000000000e+02
6.343000000000000000e+03 6.040000000000000000e+02
6.271000000000000000e+03 5.440000000000000000e+02
5.718000000000000000e+03 5.300000000000000000e+02
5.107000000000000000e+03 6.710000000000000000e+02
5.062000000000000000e+03 6.190000000000000000e+02
6.452000000000000000e+03 1.340000000000000000e+02
6.403000000000000000e+03 2.460000000000000000e+02
6.363000000000000000e+03 2.350000000000000000e+02
6.343000000000000000e+03 2.830000000000000000e+02
5.343000000000000000e+03 6.840000000000000000e+02
5.389000000000000000e+03 6.070000000000000000e+02
5.376000000000000000e+03 7.020000000000000000e+02
5.198000000000000000e+03 6.790000000000000000e+02
5.310000000000000000e+03 5.790000000000000000e+02
5.271000000000000000e+03 4.850000000000000000e+02
5.253000000000000000e+03 5.000000000000000000e+02
5.402000000000000000e+03 6.640000000000000000e+02
6.538000000000000000e+03 2.270000000000000000e+02
6.096000000000000000e+03 2.140000000000000000e+02
6.129000000000000000e+03 3.650000000000000000e+02
6.519000000000000000e+03 3.310000000000000000e+02
6.432000000000000000e+03 4.070000000000000000e+02
6.418000000000000000e+03 4.770000000000000000e+02
5.520000000000000000e+03 8.570000000000000000e+02
5.424000000000000000e+03 5.630000000000000000e+02
5.119000000000000000e+03 4.230000000000000000e+02
5.108000000000000000e+03 3.150000000000000000e+02
5.062000000000000000e+03 5.190000000000000000e+02
5.167000000000000000e+03 4.100000000000000000e+02
4.964000000000000000e+03 3.290000000000000000e+02
5.027000000000000000e+03 3.480000000000000000e+02
4.984000000000000000e+03 4.550000000000000000e+02
4.930000000000000000e+03 4.280000000000000000e+02
6.421000000000000000e+03 6.840000000000000000e+02
6.530000000000000000e+03 2.790000000000000000e+02
6.782000000000000000e+03 5.560000000000000000e+02
6.761000000000000000e+03 5.820000000000000000e+02
6.583000000000000000e+03 4.040000000000000000e+02
6.757000000000000000e+03 4.220000000000000000e+02
6.635000000000000000e+03 4.690000000000000000e+02
6.745000000000000000e+03 4.110000000000000000e+02
6.450000000000000000e+03 6.170000000000000000e+02
6.504000000000000000e+03 5.270000000000000000e+02
6.551000000000000000e+03 5.020000000000000000e+02
6.626000000000000000e+03 5.190000000000000000e+02
6.708000000000000000e+03 4.560000000000000000e+02
6.715000000000000000e+03 4.100000000000000000e+02
6.649000000000000000e+03 2.790000000000000000e+02
6.705000000000000000e+03 2.670000000000000000e+02
5.984000000000000000e+03 7.510000000000000000e+02
5.059000000000000000e+03 8.120000000000000000e+02
4.927000000000000000e+03 6.990000000000000000e+02
4.681000000000000000e+03 6.010000000000000000e+02
6.606000000000000000e+03 6.620000000000000000e+02
5.539000000000000000e+03 8.210000000000000000e+02
5.889000000000000000e+03 7.640000000000000000e+02
6.160000000000000000e+03 6.950000000000000000e+02
5.094000000000000000e+03 1.015000000000000000e+03
4.883000000000000000e+03 6.570000000000000000e+02
4.867000000000000000e+03 5.890000000000000000e+02
4.852000000000000000e+03 6.540000000000000000e+02
4.769000000000000000e+03 5.950000000000000000e+02
4.920000000000000000e+03 5.470000000000000000e+02
5.136000000000000000e+03 6.200000000000000000e+02
5.074000000000000000e+03 5.780000000000000000e+02
3.060000000000000000e+03 2.565000000000000000e+03
3.012000000000000000e+03 2.535000000000000000e+03
2.989000000000000000e+03 2.582000000000000000e+03
3.231000000000000000e+03 2.526000000000000000e+03
3.174000000000000000e+03 2.568000000000000000e+03
3.108000000000000000e+03 2.499000000000000000e+03
3.217000000000000000e+03 2.500000000000000000e+03
3.484000000000000000e+03 2.420000000000000000e+03
3.414000000000000000e+03 2.488000000000000000e+03
3.473000000000000000e+03 2.483000000000000000e+03
3.424000000000000000e+03 2.416000000000000000e+03
3.694000000000000000e+03 2.542000000000000000e+03
3.705000000000000000e+03 2.584000000000000000e+03
3.687000000000000000e+03 2.590000000000000000e+03
3.512000000000000000e+03 2.598000000000000000e+03
3.219000000000000000e+03 2.312000000000000000e+03
3.286000000000000000e+03 2.238000000000000000e+03
3.350000000000000000e+03 2.250000000000000000e+03
3.351000000000000000e+03 2.294000000000000000e+03
3.513000000000000000e+03 2.283000000000000000e+03
3.645000000000000000e+03 2.416000000000000000e+03
3.462000000000000000e+03 2.309000000000000000e+03
3.716000000000000000e+03 2.295000000000000000e+03
3.603000000000000000e+03 2.388000000000000000e+03
3.729000000000000000e+03 2.321000000000000000e+03
3.642000000000000000e+03 2.243000000000000000e+03
3.675000000000000000e+03 2.165000000000000000e+03
3.800000000000000000e+03 2.534000000000000000e+03
3.760000000000000000e+03 2.557000000000000000e+03
3.762000000000000000e+03 2.457000000000000000e+03
3.740000000000000000e+03 2.428000000000000000e+03
4.340000000000000000e+03 1.903000000000000000e+03
2.841000000000000000e+03 2.571000000000000000e+03
2.970000000000000000e+03 2.640000000000000000e+03
4.591000000000000000e+03 1.782000000000000000e+03
4.564000000000000000e+03 1.847000000000000000e+03
6.213000000000000000e+03 5.150000000000000000e+02
5.199000000000000000e+03 1.351000000000000000e+03
4.656000000000000000e+03 1.562000000000000000e+03
4.586000000000000000e+03 1.557000000000000000e+03
4.424000000000000000e+03 1.669000000000000000e+03
4.555000000000000000e+03 1.541000000000000000e+03
4.499000000000000000e+03 1.786000000000000000e+03
4.476000000000000000e+03 1.734000000000000000e+03
4.496000000000000000e+03 1.615000000000000000e+03
4.457000000000000000e+03 1.610000000000000000e+03
4.372000000000000000e+03 2.394000000000000000e+03
4.456000000000000000e+03 2.169000000000000000e+03
4.423000000000000000e+03 2.116000000000000000e+03
4.419000000000000000e+03 2.197000000000000000e+03
4.404000000000000000e+03 2.063000000000000000e+03
4.413000000000000000e+03 2.023000000000000000e+03
4.439000000000000000e+03 1.800000000000000000e+03
4.416000000000000000e+03 1.773000000000000000e+03
6.306000000000000000e+03 2.990000000000000000e+02
6.305000000000000000e+03 2.700000000000000000e+02
6.292000000000000000e+03 3.960000000000000000e+02
6.280000000000000000e+03 4.010000000000000000e+02
6.168000000000000000e+03 2.150000000000000000e+02
6.152000000000000000e+03 1.640000000000000000e+02
6.265000000000000000e+03 1.950000000000000000e+02
6.260000000000000000e+03 1.640000000000000000e+02
2.329000000000000000e+03 2.512000000000000000e+03
2.159000000000000000e+03 4.769000000000000000e+03
2.642000000000000000e+03 3.692000000000000000e+03
2.028000000000000000e+03 4.110000000000000000e+03
2.143000000000000000e+03 4.692000000000000000e+03
2.102000000000000000e+03 4.734000000000000000e+03
2.082000000000000000e+03 3.884000000000000000e+03
4.348000000000000000e+03 2.043000000000000000e+03
4.316000000000000000e+03 2.103000000000000000e+03
4.328000000000000000e+03 1.860000000000000000e+03
4.356000000000000000e+03 1.782000000000000000e+03
2.779000000000000000e+03 2.831000000000000000e+03
2.689000000000000000e+03 3.527000000000000000e+03
2.413000000000000000e+03 4.754000000000000000e+03
2.396000000000000000e+03 4.728000000000000000e+03
2.318000000000000000e+03 4.070000000000000000e+03
1.799000000000000000e+03 4.445000000000000000e+03
2.417000000000000000e+03 4.199000000000000000e+03
3.225000000000000000e+03 4.176000000000000000e+03
2.470000000000000000e+03 4.600000000000000000e+03
3.698000000000000000e+03 3.171000000000000000e+03
3.133000000000000000e+03 3.661000000000000000e+03
2.200000000000000000e+03 4.590000000000000000e+03
1.673000000000000000e+03 4.588000000000000000e+03
2.023000000000000000e+03 3.233000000000000000e+03
2.147000000000000000e+03 3.146000000000000000e+03
2.338000000000000000e+03 3.239000000000000000e+03
2.975000000000000000e+03 3.063000000000000000e+03
4.073000000000000000e+03 2.788000000000000000e+03
3.584000000000000000e+03 3.343000000000000000e+03
4.476000000000000000e+03 2.730000000000000000e+03
5.595000000000000000e+03 5.450000000000000000e+02
5.578000000000000000e+03 5.730000000000000000e+02
5.176000000000000000e+03 6.460000000000000000e+02
5.354000000000000000e+03 5.520000000000000000e+02
5.610000000000000000e+03 6.000000000000000000e+02
5.672000000000000000e+03 5.980000000000000000e+02
5.754000000000000000e+03 5.420000000000000000e+02
5.753000000000000000e+03 4.750000000000000000e+02
5.912000000000000000e+03 2.270000000000000000e+02
5.997000000000000000e+03 2.040000000000000000e+02
5.909000000000000000e+03 4.380000000000000000e+02
5.852000000000000000e+03 3.960000000000000000e+02
5.904000000000000000e+03 4.750000000000000000e+02
5.788000000000000000e+03 6.160000000000000000e+02
5.672000000000000000e+03 6.720000000000000000e+02
5.792000000000000000e+03 6.550000000000000000e+02
5.827000000000000000e+03 6.250000000000000000e+02
5.958000000000000000e+03 6.140000000000000000e+02
6.033000000000000000e+03 5.840000000000000000e+02
6.015000000000000000e+03 6.690000000000000000e+02
6.048000000000000000e+03 6.780000000000000000e+02
6.075000000000000000e+03 5.130000000000000000e+02
6.090000000000000000e+03 4.320000000000000000e+02
5.970000000000000000e+03 4.150000000000000000e+02
4.567000000000000000e+03 1.932000000000000000e+03
4.571000000000000000e+03 1.917000000000000000e+03
4.540000000000000000e+03 2.063000000000000000e+03
4.580000000000000000e+03 2.119000000000000000e+03
4.559000000000000000e+03 2.347000000000000000e+03
4.470000000000000000e+03 2.426000000000000000e+03
4.573000000000000000e+03 2.133000000000000000e+03
4.528000000000000000e+03 2.296000000000000000e+03
5.416000000000000000e+03 1.780000000000000000e+02
5.587000000000000000e+03 2.470000000000000000e+02
6.316000000000000000e+03 4.830000000000000000e+02
5.230000000000000000e+03 1.950000000000000000e+02
5.362000000000000000e+03 2.410000000000000000e+02
5.220000000000000000e+03 1.730000000000000000e+02
5.475000000000000000e+03 2.340000000000000000e+02
6.353000000000000000e+03 5.470000000000000000e+02
6.782000000000000000e+03 6.000000000000000000e+02
6.520000000000000000e+03 4.310000000000000000e+02
6.050000000000000000e+03 4.330000000000000000e+02
5.575000000000000000e+03 2.950000000000000000e+02
5.484000000000000000e+03 2.820000000000000000e+02
6.287000000000000000e+03 3.640000000000000000e+02
6.897000000000000000e+03 6.640000000000000000e+02
4.770000000000000000e+03 4.490000000000000000e+02
4.798000000000000000e+03 1.900000000000000000e+02
4.571000000000000000e+03 3.150000000000000000e+02
4.472000000000000000e+03 1.830000000000000000e+02
4.601000000000000000e+03 2.040000000000000000e+02
4.562000000000000000e+03 3.000000000000000000e+02
4.590000000000000000e+03 2.200000000000000000e+02
4.697000000000000000e+03 5.560000000000000000e+02
4.664000000000000000e+03 3.300000000000000000e+02
4.671000000000000000e+03 3.100000000000000000e+02
4.464000000000000000e+03 4.420000000000000000e+02
4.700000000000000000e+03 1.930000000000000000e+02
4.736000000000000000e+03 2.300000000000000000e+02
4.724000000000000000e+03 2.720000000000000000e+02
4.787000000000000000e+03 2.330000000000000000e+02
4.772000000000000000e+03 2.240000000000000000e+02
5.290000000000000000e+03 1.404000000000000000e+03
7.155000000000000000e+03 1.137000000000000000e+03
6.717000000000000000e+03 9.720000000000000000e+02
5.849000000000000000e+03 3.090000000000000000e+02
6.524000000000000000e+03 5.020000000000000000e+02
5.408000000000000000e+03 1.220000000000000000e+02
5.782000000000000000e+03 3.370000000000000000e+02
7.133000000000000000e+03 2.688000000000000000e+03
7.191000000000000000e+03 3.166000000000000000e+03
7.085000000000000000e+03 1.788000000000000000e+03
7.085000000000000000e+03 2.243000000000000000e+03
7.163000000000000000e+03 9.700000000000000000e+02
7.150000000000000000e+03 1.392000000000000000e+03
6.510000000000000000e+03 1.483000000000000000e+03
6.470000000000000000e+03 3.115000000000000000e+03
7.148000000000000000e+03 1.184000000000000000e+03
7.162000000000000000e+03 9.410000000000000000e+02
6.809000000000000000e+03 8.550000000000000000e+02
6.041000000000000000e+03 7.510000000000000000e+02
7.059000000000000000e+03 1.516000000000000000e+03
7.181000000000000000e+03 1.490000000000000000e+03
6.817000000000000000e+03 7.340000000000000000e+02
6.570000000000000000e+03 6.840000000000000000e+02
7.121000000000000000e+03 1.785000000000000000e+03
7.173000000000000000e+03 1.468000000000000000e+03
7.156000000000000000e+03 1.785000000000000000e+03
7.080000000000000000e+03 1.469000000000000000e+03
6.925000000000000000e+03 1.465000000000000000e+03
7.144000000000000000e+03 1.464000000000000000e+03
7.128000000000000000e+03 1.518000000000000000e+03
7.151000000000000000e+03 1.291000000000000000e+03
2.454000000000000000e+03 3.185000000000000000e+03
3.187000000000000000e+03 2.454000000000000000e+03
3.106000000000000000e+03 2.784000000000000000e+03
1.331000000000000000e+03 4.574000000000000000e+03
1.638000000000000000e+03 4.547000000000000000e+03
4.181000000000000000e+03 3.372000000000000000e+03
1.299000000000000000e+03 4.704000000000000000e+03
2.932000000000000000e+03 2.311000000000000000e+03
3.381000000000000000e+03 1.932000000000000000e+03
2.892000000000000000e+03 2.289000000000000000e+03
2.951000000000000000e+03 2.300000000000000000e+03
3.020000000000000000e+03 2.359000000000000000e+03
2.997000000000000000e+03 2.390000000000000000e+03
3.438000000000000000e+03 2.272000000000000000e+03
3.082000000000000000e+03 2.301000000000000000e+03
9.650000000000000000e+02 4.814000000000000000e+03
9.020000000000000000e+02 4.819000000000000000e+03
1.082000000000000000e+03 4.794000000000000000e+03
1.090000000000000000e+03 4.858000000000000000e+03
4.671000000000000000e+03 3.889000000000000000e+03
2.308000000000000000e+03 4.837000000000000000e+03
1.170000000000000000e+03 4.815000000000000000e+03
1.205000000000000000e+03 4.736000000000000000e+03
1.151000000000000000e+03 4.821000000000000000e+03
1.330000000000000000e+03 4.866000000000000000e+03
1.405000000000000000e+03 4.897000000000000000e+03
1.389000000000000000e+03 4.861000000000000000e+03
1.559000000000000000e+03 4.720000000000000000e+03
1.569000000000000000e+03 4.716000000000000000e+03
1.566000000000000000e+03 4.796000000000000000e+03
1.508000000000000000e+03 4.851000000000000000e+03
1.860000000000000000e+03 4.765000000000000000e+03
1.677000000000000000e+03 4.825000000000000000e+03
3.436000000000000000e+03 3.712000000000000000e+03
1.786000000000000000e+03 4.600000000000000000e+03
2.865000000000000000e+03 3.887000000000000000e+03
1.894000000000000000e+03 4.774000000000000000e+03
1.871000000000000000e+03 4.856000000000000000e+03
1.753000000000000000e+03 4.856000000000000000e+03
8.620000000000000000e+02 4.663000000000000000e+03
8.200000000000000000e+02 4.728000000000000000e+03
9.220000000000000000e+02 4.678000000000000000e+03
2.797000000000000000e+03 4.377000000000000000e+03
1.358000000000000000e+03 4.675000000000000000e+03
1.537000000000000000e+03 4.672000000000000000e+03
9.920000000000000000e+02 4.723000000000000000e+03
1.078000000000000000e+03 4.695000000000000000e+03
3.015000000000000000e+03 6.424000000000000000e+03
3.207000000000000000e+03 4.986000000000000000e+03
5.008000000000000000e+03 4.760000000000000000e+03
3.154000000000000000e+03 5.704000000000000000e+03
4.376000000000000000e+03 5.826000000000000000e+03
4.263000000000000000e+03 4.422000000000000000e+03
3.246000000000000000e+03 5.027000000000000000e+03
3.089000000000000000e+03 4.555000000000000000e+03
3.324000000000000000e+03 4.928000000000000000e+03
2.901000000000000000e+03 4.908000000000000000e+03
4.492000000000000000e+03 4.993000000000000000e+03
4.000000000000000000e+03 5.009000000000000000e+03
5.196000000000000000e+03 5.259000000000000000e+03
4.776000000000000000e+03 5.648000000000000000e+03
5.124000000000000000e+03 5.849000000000000000e+03
4.593000000000000000e+03 5.610000000000000000e+03
3.425000000000000000e+03 1.540000000000000000e+03
3.806000000000000000e+03 1.753000000000000000e+03
3.666000000000000000e+03 9.870000000000000000e+02
2.399000000000000000e+03 7.890000000000000000e+02
2.423000000000000000e+03 1.135000000000000000e+03
2.449000000000000000e+03 7.950000000000000000e+02
2.539000000000000000e+03 2.870000000000000000e+02
3.523000000000000000e+03 1.259000000000000000e+03
3.365000000000000000e+03 2.060000000000000000e+02
3.443000000000000000e+03 3.020000000000000000e+02
3.555000000000000000e+03 9.760000000000000000e+02
3.563000000000000000e+03 1.950000000000000000e+02
3.616000000000000000e+03 1.620000000000000000e+02
3.586000000000000000e+03 7.520000000000000000e+02
3.461000000000000000e+03 1.790000000000000000e+02
2.467000000000000000e+03 1.134000000000000000e+03
2.673000000000000000e+03 2.980000000000000000e+02
2.585000000000000000e+03 1.330000000000000000e+03
2.691000000000000000e+03 2.510000000000000000e+02
2.828000000000000000e+03 8.120000000000000000e+02
2.800000000000000000e+03 2.970000000000000000e+02
2.819000000000000000e+03 2.350000000000000000e+02
3.037000000000000000e+03 1.910000000000000000e+02
2.432000000000000000e+03 5.360000000000000000e+02
2.534000000000000000e+03 1.670000000000000000e+02
2.558000000000000000e+03 2.080000000000000000e+02
2.381000000000000000e+03 2.970000000000000000e+02
2.638000000000000000e+03 5.170000000000000000e+02
2.767000000000000000e+03 1.610000000000000000e+02
2.972000000000000000e+03 1.580000000000000000e+02
2.842000000000000000e+03 1.370000000000000000e+02
3.306000000000000000e+03 4.210000000000000000e+02
3.087000000000000000e+03 1.195000000000000000e+03
3.201000000000000000e+03 2.980000000000000000e+02
3.051000000000000000e+03 1.009000000000000000e+03
3.287000000000000000e+03 1.830000000000000000e+02
3.144000000000000000e+03 1.400000000000000000e+02
3.308000000000000000e+03 1.510000000000000000e+02
3.894000000000000000e+03 9.020000000000000000e+02
3.821000000000000000e+03 3.170000000000000000e+02
4.076000000000000000e+03 1.142000000000000000e+03
3.189000000000000000e+03 1.233000000000000000e+03
2.931000000000000000e+03 1.649000000000000000e+03
3.057000000000000000e+03 3.130000000000000000e+02
2.993000000000000000e+03 3.070000000000000000e+02
2.886000000000000000e+03 1.188000000000000000e+03
4.389000000000000000e+03 4.010000000000000000e+02
4.387000000000000000e+03 2.830000000000000000e+02
4.464000000000000000e+03 4.830000000000000000e+02
4.375000000000000000e+03 5.430000000000000000e+02
4.437000000000000000e+03 8.570000000000000000e+02
4.459000000000000000e+03 6.830000000000000000e+02
4.394000000000000000e+03 1.090000000000000000e+03
4.410000000000000000e+03 9.260000000000000000e+02
4.064000000000000000e+03 1.372000000000000000e+03
3.835000000000000000e+03 2.690000000000000000e+02
3.733000000000000000e+03 2.280000000000000000e+02
3.767000000000000000e+03 2.390000000000000000e+02
3.934000000000000000e+03 1.820000000000000000e+02
3.886000000000000000e+03 1.680000000000000000e+02
3.906000000000000000e+03 6.230000000000000000e+02
3.768000000000000000e+03 1.510000000000000000e+02
4.237000000000000000e+03 1.114000000000000000e+03
4.359000000000000000e+03 1.546000000000000000e+03
4.336000000000000000e+03 9.810000000000000000e+02
4.302000000000000000e+03 8.650000000000000000e+02
4.284000000000000000e+03 1.011000000000000000e+03
4.255000000000000000e+03 1.166000000000000000e+03
4.270000000000000000e+03 1.171000000000000000e+03
4.485000000000000000e+03 4.950000000000000000e+02
4.500000000000000000e+03 5.600000000000000000e+02
4.510000000000000000e+03 3.190000000000000000e+02
4.493000000000000000e+03 3.550000000000000000e+02
4.422000000000000000e+03 7.420000000000000000e+02
4.480000000000000000e+03 7.110000000000000000e+02
4.367000000000000000e+03 8.980000000000000000e+02
4.421000000000000000e+03 8.270000000000000000e+02
4.286000000000000000e+03 2.660000000000000000e+02
4.296000000000000000e+03 3.460000000000000000e+02
4.259000000000000000e+03 1.780000000000000000e+02
4.308000000000000000e+03 1.780000000000000000e+02
4.295000000000000000e+03 6.920000000000000000e+02
4.329000000000000000e+03 5.500000000000000000e+02
4.302000000000000000e+03 1.225000000000000000e+03
4.337000000000000000e+03 4.610000000000000000e+02
4.049000000000000000e+03 2.340000000000000000e+02
4.073000000000000000e+03 2.400000000000000000e+02
4.079000000000000000e+03 1.410000000000000000e+02
4.146000000000000000e+03 1.540000000000000000e+02
4.094000000000000000e+03 3.190000000000000000e+02
4.122000000000000000e+03 4.510000000000000000e+02
4.277000000000000000e+03 7.560000000000000000e+02
4.327000000000000000e+03 8.630000000000000000e+02
4.215000000000000000e+03 1.204000000000000000e+03
4.210000000000000000e+03 1.060000000000000000e+03
4.231000000000000000e+03 9.440000000000000000e+02
4.265000000000000000e+03 7.420000000000000000e+02
4.239000000000000000e+03 6.150000000000000000e+02
4.284000000000000000e+03 4.150000000000000000e+02
4.203000000000000000e+03 2.800000000000000000e+02
4.238000000000000000e+03 3.850000000000000000e+02
2.536000000000000000e+03 2.326000000000000000e+03
2.475000000000000000e+03 2.724000000000000000e+03
2.411000000000000000e+03 2.331000000000000000e+03
2.429000000000000000e+03 2.405000000000000000e+03
2.665000000000000000e+03 3.735000000000000000e+03
2.977000000000000000e+03 2.094000000000000000e+03
2.560000000000000000e+03 2.296000000000000000e+03
2.498000000000000000e+03 2.350000000000000000e+03
3.044000000000000000e+03 2.633000000000000000e+03
3.275000000000000000e+03 2.550000000000000000e+03
2.670000000000000000e+03 2.441000000000000000e+03
2.598000000000000000e+03 2.545000000000000000e+03
2.413000000000000000e+03 2.466000000000000000e+03
2.458000000000000000e+03 2.540000000000000000e+03
2.512000000000000000e+03 2.530000000000000000e+03
2.502000000000000000e+03 2.408000000000000000e+03
2.693000000000000000e+03 2.399000000000000000e+03
2.761000000000000000e+03 2.345000000000000000e+03
2.856000000000000000e+03 2.356000000000000000e+03
2.843000000000000000e+03 2.334000000000000000e+03
3.316000000000000000e+03 2.392000000000000000e+03
3.082000000000000000e+03 2.322000000000000000e+03
2.639000000000000000e+03 2.472000000000000000e+03
2.763000000000000000e+03 2.426000000000000000e+03
2.892000000000000000e+03 6.174000000000000000e+03
2.701000000000000000e+03 5.087000000000000000e+03
2.720000000000000000e+03 5.139000000000000000e+03
3.570000000000000000e+03 5.827000000000000000e+03
3.018000000000000000e+03 6.148000000000000000e+03
1.800000000000000000e+03 7.471000000000000000e+03
2.036000000000000000e+03 7.097000000000000000e+03
2.866000000000000000e+03 4.848000000000000000e+03
3.018000000000000000e+03 5.170000000000000000e+03
2.998000000000000000e+03 5.117000000000000000e+03
3.148000000000000000e+03 4.821000000000000000e+03
2.741000000000000000e+03 5.464000000000000000e+03
2.880000000000000000e+03 5.188000000000000000e+03
2.736000000000000000e+03 4.907000000000000000e+03
2.855000000000000000e+03 5.131000000000000000e+03
3.482000000000000000e+03 7.346000000000000000e+03
3.374000000000000000e+03 7.361000000000000000e+03
3.072000000000000000e+03 7.308000000000000000e+03
2.972000000000000000e+03 7.009000000000000000e+03
2.595000000000000000e+03 6.998000000000000000e+03
2.782000000000000000e+03 7.232000000000000000e+03
2.381000000000000000e+03 7.107000000000000000e+03
2.701000000000000000e+03 6.985000000000000000e+03
1.873000000000000000e+03 7.449000000000000000e+03
2.055000000000000000e+03 7.440000000000000000e+03
1.896000000000000000e+03 7.335000000000000000e+03
1.931000000000000000e+03 7.435000000000000000e+03
1.965000000000000000e+03 7.445000000000000000e+03
2.627000000000000000e+03 7.064000000000000000e+03
2.529000000000000000e+03 7.215000000000000000e+03
2.565000000000000000e+03 7.140000000000000000e+03
3.066000000000000000e+03 7.456000000000000000e+03
3.290000000000000000e+03 5.877000000000000000e+03
3.682000000000000000e+03 4.707000000000000000e+03
3.261000000000000000e+03 7.459000000000000000e+03
3.227000000000000000e+03 7.229000000000000000e+03
3.114000000000000000e+03 7.455000000000000000e+03
3.180000000000000000e+03 7.353000000000000000e+03
2.817000000000000000e+03 7.449000000000000000e+03
2.533000000000000000e+03 7.445000000000000000e+03
2.725000000000000000e+03 7.445000000000000000e+03
2.947000000000000000e+03 6.491000000000000000e+03
2.585000000000000000e+03 7.411000000000000000e+03
2.734000000000000000e+03 7.477000000000000000e+03
2.854000000000000000e+03 7.480000000000000000e+03
2.854000000000000000e+03 7.479000000000000000e+03
2.713000000000000000e+03 6.724000000000000000e+03
2.616000000000000000e+03 6.884000000000000000e+03
2.830000000000000000e+03 6.855000000000000000e+03
2.930000000000000000e+03 7.149000000000000000e+03
3.328000000000000000e+03 7.331000000000000000e+03
3.227000000000000000e+03 6.303000000000000000e+03
3.195000000000000000e+03 7.112000000000000000e+03
3.200000000000000000e+03 7.294000000000000000e+03
2.798000000000000000e+03 7.317000000000000000e+03
2.919000000000000000e+03 7.348000000000000000e+03
3.162000000000000000e+03 7.373000000000000000e+03
2.914000000000000000e+03 7.368000000000000000e+03
2.729000000000000000e+03 7.301000000000000000e+03
2.546000000000000000e+03 7.260000000000000000e+03
2.614000000000000000e+03 7.339000000000000000e+03
2.745000000000000000e+03 7.333000000000000000e+03
5.211000000000000000e+03 4.905000000000000000e+03
6.383000000000000000e+03 4.889000000000000000e+03
6.051000000000000000e+03 4.902000000000000000e+03
6.398000000000000000e+03 4.830000000000000000e+03
6.306000000000000000e+03 4.942000000000000000e+03
3.798000000000000000e+03 4.784000000000000000e+03
3.903000000000000000e+03 4.779000000000000000e+03
3.472000000000000000e+03 4.856000000000000000e+03
3.468000000000000000e+03 4.933000000000000000e+03
2.973000000000000000e+03 4.894000000000000000e+03
3.321000000000000000e+03 4.783000000000000000e+03
3.238000000000000000e+03 4.968000000000000000e+03
3.230000000000000000e+03 4.762000000000000000e+03
2.719000000000000000e+03 4.953000000000000000e+03
2.816000000000000000e+03 4.829000000000000000e+03
6.673000000000000000e+03 4.729000000000000000e+03
6.760000000000000000e+03 4.817000000000000000e+03
6.686000000000000000e+03 4.674000000000000000e+03
6.552000000000000000e+03 4.667000000000000000e+03
6.446000000000000000e+03 4.718000000000000000e+03
6.027000000000000000e+03 5.054000000000000000e+03
6.633000000000000000e+03 4.785000000000000000e+03
6.634000000000000000e+03 4.813000000000000000e+03
7.127000000000000000e+03 4.411000000000000000e+03
7.049000000000000000e+03 4.464000000000000000e+03
7.054000000000000000e+03 4.096000000000000000e+03
7.053000000000000000e+03 4.427000000000000000e+03
6.553000000000000000e+03 4.807000000000000000e+03
6.654000000000000000e+03 4.746000000000000000e+03
7.132000000000000000e+03 4.654000000000000000e+03
6.999000000000000000e+03 4.637000000000000000e+03
4.672000000000000000e+03 4.666000000000000000e+03
4.683000000000000000e+03 4.682000000000000000e+03
4.824000000000000000e+03 4.701000000000000000e+03
4.812000000000000000e+03 4.477000000000000000e+03
3.740000000000000000e+03 4.989000000000000000e+03
4.092000000000000000e+03 4.776000000000000000e+03
4.452000000000000000e+03 4.644000000000000000e+03
4.475000000000000000e+03 4.554000000000000000e+03
4.110000000000000000e+03 4.650000000000000000e+03
3.949000000000000000e+03 4.805000000000000000e+03
4.298000000000000000e+03 4.565000000000000000e+03
4.204000000000000000e+03 4.466000000000000000e+03
3.542000000000000000e+03 4.942000000000000000e+03
3.967000000000000000e+03 4.662000000000000000e+03
3.517000000000000000e+03 4.748000000000000000e+03
3.626000000000000000e+03 4.489000000000000000e+03
5.402000000000000000e+03 4.707000000000000000e+03
5.281000000000000000e+03 4.700000000000000000e+03
5.261000000000000000e+03 4.802000000000000000e+03
5.155000000000000000e+03 4.688000000000000000e+03
5.452000000000000000e+03 4.694000000000000000e+03
5.507000000000000000e+03 4.783000000000000000e+03
5.561000000000000000e+03 4.697000000000000000e+03
5.582000000000000000e+03 4.671000000000000000e+03
5.769000000000000000e+03 4.759000000000000000e+03
4.938000000000000000e+03 4.663000000000000000e+03
5.823000000000000000e+03 4.746000000000000000e+03
5.911000000000000000e+03 4.774000000000000000e+03
5.934000000000000000e+03 4.735000000000000000e+03
6.000000000000000000e+03 4.771000000000000000e+03
5.941000000000000000e+03 4.647000000000000000e+03
6.115000000000000000e+03 4.687000000000000000e+03
4.520000000000000000e+03 4.108000000000000000e+03
4.559000000000000000e+03 4.037000000000000000e+03
4.608000000000000000e+03 4.219000000000000000e+03
4.452000000000000000e+03 4.308000000000000000e+03
4.496000000000000000e+03 4.117000000000000000e+03
4.547000000000000000e+03 4.265000000000000000e+03
4.528000000000000000e+03 4.348000000000000000e+03
7.021000000000000000e+03 4.967000000000000000e+03
7.079000000000000000e+03 4.929000000000000000e+03
6.945000000000000000e+03 4.989000000000000000e+03
6.870000000000000000e+03 4.984000000000000000e+03
7.000000000000000000e+03 4.862000000000000000e+03
7.017000000000000000e+03 4.780000000000000000e+03
7.034000000000000000e+03 4.688000000000000000e+03
7.028000000000000000e+03 4.710000000000000000e+03
5.893000000000000000e+03 7.230000000000000000e+03
5.828000000000000000e+03 6.420000000000000000e+03
5.877000000000000000e+03 7.137000000000000000e+03
6.148000000000000000e+03 7.459000000000000000e+03
6.439000000000000000e+03 7.468000000000000000e+03
6.499000000000000000e+03 7.472000000000000000e+03
6.309000000000000000e+03 7.166000000000000000e+03
6.428000000000000000e+03 6.313000000000000000e+03
3.624000000000000000e+03 7.398000000000000000e+03
3.646000000000000000e+03 7.327000000000000000e+03
3.776000000000000000e+03 7.348000000000000000e+03
3.633000000000000000e+03 7.359000000000000000e+03
3.928000000000000000e+03 7.453000000000000000e+03
4.046000000000000000e+03 7.375000000000000000e+03
3.707000000000000000e+03 7.430000000000000000e+03
3.798000000000000000e+03 7.433000000000000000e+03
4.596000000000000000e+03 7.194000000000000000e+03
3.901000000000000000e+03 6.893000000000000000e+03
3.863000000000000000e+03 7.271000000000000000e+03
5.514000000000000000e+03 6.638000000000000000e+03
6.483000000000000000e+03 7.383000000000000000e+03
5.888000000000000000e+03 6.937000000000000000e+03
5.412000000000000000e+03 6.528000000000000000e+03
4.365000000000000000e+03 7.394000000000000000e+03
4.253000000000000000e+03 6.955000000000000000e+03
4.318000000000000000e+03 7.469000000000000000e+03
4.259000000000000000e+03 7.410000000000000000e+03
4.871000000000000000e+03 6.552000000000000000e+03
5.369000000000000000e+03 6.773000000000000000e+03
4.576000000000000000e+03 7.424000000000000000e+03
4.499000000000000000e+03 7.429000000000000000e+03
5.799000000000000000e+03 7.408000000000000000e+03
5.846000000000000000e+03 7.440000000000000000e+03
5.753000000000000000e+03 7.444000000000000000e+03
5.530000000000000000e+03 7.359000000000000000e+03
5.981000000000000000e+03 7.405000000000000000e+03
5.596000000000000000e+03 7.376000000000000000e+03
5.789000000000000000e+03 7.412000000000000000e+03
5.772000000000000000e+03 7.369000000000000000e+03
4.082000000000000000e+03 7.386000000000000000e+03
4.053000000000000000e+03 7.371000000000000000e+03
4.115000000000000000e+03 7.438000000000000000e+03
4.098000000000000000e+03 7.441000000000000000e+03
4.851000000000000000e+03 7.292000000000000000e+03
4.388000000000000000e+03 7.294000000000000000e+03
4.166000000000000000e+03 7.318000000000000000e+03
4.255000000000000000e+03 7.296000000000000000e+03
5.184000000000000000e+03 6.800000000000000000e+03
5.013000000000000000e+03 4.706000000000000000e+03
5.086000000000000000e+03 4.778000000000000000e+03
5.776000000000000000e+03 6.056000000000000000e+03
6.616000000000000000e+03 6.845000000000000000e+03
6.410000000000000000e+03 6.293000000000000000e+03
6.882000000000000000e+03 7.387000000000000000e+03
6.418000000000000000e+03 7.330000000000000000e+03
6.019000000000000000e+03 7.316000000000000000e+03
5.249000000000000000e+03 5.631000000000000000e+03
6.470000000000000000e+03 7.317000000000000000e+03
6.686000000000000000e+03 7.361000000000000000e+03
6.729000000000000000e+03 7.356000000000000000e+03
6.231000000000000000e+03 5.972000000000000000e+03
6.900000000000000000e+03 7.292000000000000000e+03
4.411000000000000000e+03 4.513000000000000000e+03
4.472000000000000000e+03 4.489000000000000000e+03
4.425000000000000000e+03 4.265000000000000000e+03
4.412000000000000000e+03 4.417000000000000000e+03
4.518000000000000000e+03 4.486000000000000000e+03
4.396000000000000000e+03 4.553000000000000000e+03
4.688000000000000000e+03 4.583000000000000000e+03
4.584000000000000000e+03 4.534000000000000000e+03
4.409000000000000000e+03 4.124000000000000000e+03
4.229000000000000000e+03 4.204000000000000000e+03
4.219000000000000000e+03 4.240000000000000000e+03
4.190000000000000000e+03 4.162000000000000000e+03
4.259000000000000000e+03 4.281000000000000000e+03
4.185000000000000000e+03 4.281000000000000000e+03
4.269000000000000000e+03 4.393000000000000000e+03
4.286000000000000000e+03 4.529000000000000000e+03
5.487000000000000000e+03 7.265000000000000000e+03
5.602000000000000000e+03 6.953000000000000000e+03
6.070000000000000000e+03 6.527000000000000000e+03
6.278000000000000000e+03 7.123000000000000000e+03
6.101000000000000000e+03 6.752000000000000000e+03
5.806000000000000000e+03 6.897000000000000000e+03
5.294000000000000000e+03 7.296000000000000000e+03
5.500000000000000000e+03 7.237000000000000000e+03
6.713000000000000000e+03 6.737000000000000000e+03
6.662000000000000000e+03 7.240000000000000000e+03
6.780000000000000000e+03 7.160000000000000000e+03
5.978000000000000000e+03 5.806000000000000000e+03
5.280000000000000000e+03 7.304000000000000000e+03
5.849000000000000000e+03 7.312000000000000000e+03
5.619000000000000000e+03 6.187000000000000000e+03
6.306000000000000000e+03 7.274000000000000000e+03
4.641000000000000000e+03 7.336000000000000000e+03
4.707000000000000000e+03 7.404000000000000000e+03
4.818000000000000000e+03 7.335000000000000000e+03
5.267000000000000000e+03 7.160000000000000000e+03
5.020000000000000000e+03 7.306000000000000000e+03
5.018000000000000000e+03 7.331000000000000000e+03
5.114000000000000000e+03 7.290000000000000000e+03
4.722000000000000000e+03 7.290000000000000000e+03
6.492000000000000000e+03 6.452000000000000000e+03
5.224000000000000000e+03 7.439000000000000000e+03
5.780000000000000000e+03 6.867000000000000000e+03
6.305000000000000000e+03 6.723000000000000000e+03
5.906000000000000000e+03 6.895000000000000000e+03
5.577000000000000000e+03 7.036000000000000000e+03
5.437000000000000000e+03 7.468000000000000000e+03
5.357000000000000000e+03 7.465000000000000000e+03
2.449000000000000000e+03 4.536000000000000000e+03
2.547000000000000000e+03 4.709000000000000000e+03
1.914000000000000000e+03 5.012000000000000000e+03
2.714000000000000000e+03 4.618000000000000000e+03
1.824000000000000000e+03 5.093000000000000000e+03
1.663000000000000000e+03 5.035000000000000000e+03
1.717000000000000000e+03 5.140000000000000000e+03
1.535000000000000000e+03 4.985000000000000000e+03
1.707000000000000000e+03 4.643000000000000000e+03
1.455000000000000000e+03 5.022000000000000000e+03
1.457000000000000000e+03 5.020000000000000000e+03
2.208000000000000000e+03 4.218000000000000000e+03
1.792000000000000000e+03 4.774000000000000000e+03
2.125000000000000000e+03 4.898000000000000000e+03
2.133000000000000000e+03 4.661000000000000000e+03
1.650000000000000000e+03 5.210000000000000000e+03
1.765000000000000000e+03 5.221000000000000000e+03
1.634000000000000000e+03 5.274000000000000000e+03
1.623000000000000000e+03 5.195000000000000000e+03
2.312000000000000000e+03 5.046000000000000000e+03
1.942000000000000000e+03 5.194000000000000000e+03
1.824000000000000000e+03 5.315000000000000000e+03
1.896000000000000000e+03 5.283000000000000000e+03
1.675000000000000000e+03 5.299000000000000000e+03
1.816000000000000000e+03 5.414000000000000000e+03
1.640000000000000000e+03 5.402000000000000000e+03
2.342000000000000000e+03 5.136000000000000000e+03
1.440000000000000000e+03 5.362000000000000000e+03
1.554000000000000000e+03 5.381000000000000000e+03
1.372000000000000000e+03 5.229000000000000000e+03
1.406000000000000000e+03 5.306000000000000000e+03
3.236000000000000000e+03 5.042000000000000000e+03
2.491000000000000000e+03 5.151000000000000000e+03
2.470000000000000000e+03 5.114000000000000000e+03
2.061000000000000000e+03 5.381000000000000000e+03
2.096000000000000000e+03 5.329000000000000000e+03
2.106000000000000000e+03 5.276000000000000000e+03
2.160000000000000000e+03 5.397000000000000000e+03
2.579000000000000000e+03 5.368000000000000000e+03
2.602000000000000000e+03 5.321000000000000000e+03
2.483000000000000000e+03 5.439000000000000000e+03
2.467000000000000000e+03 5.430000000000000000e+03
2.652000000000000000e+03 5.140000000000000000e+03
2.557000000000000000e+03 5.274000000000000000e+03
2.605000000000000000e+03 5.137000000000000000e+03
2.740000000000000000e+03 4.963000000000000000e+03
2.385000000000000000e+03 5.203000000000000000e+03
3.386000000000000000e+03 4.846000000000000000e+03
2.398000000000000000e+03 5.317000000000000000e+03
2.379000000000000000e+03 5.266000000000000000e+03
2.415000000000000000e+03 5.020000000000000000e+03
2.414000000000000000e+03 5.030000000000000000e+03
3.529000000000000000e+03 4.738000000000000000e+03
2.446000000000000000e+03 5.106000000000000000e+03
2.124000000000000000e+03 4.903000000000000000e+03
2.181000000000000000e+03 4.932000000000000000e+03
2.147000000000000000e+03 4.904000000000000000e+03
2.258000000000000000e+03 4.879000000000000000e+03
2.076000000000000000e+03 5.006000000000000000e+03
2.143000000000000000e+03 4.911000000000000000e+03
2.098000000000000000e+03 5.061000000000000000e+03
2.361000000000000000e+03 4.971000000000000000e+03
4.570000000000000000e+03 3.406000000000000000e+03
4.536000000000000000e+03 3.456000000000000000e+03
4.574000000000000000e+03 3.521000000000000000e+03
4.513000000000000000e+03 3.306000000000000000e+03
4.551000000000000000e+03 3.391000000000000000e+03
4.451000000000000000e+03 3.197000000000000000e+03
4.489000000000000000e+03 3.130000000000000000e+03
4.199000000000000000e+03 3.316000000000000000e+03
4.214000000000000000e+03 3.226000000000000000e+03
4.216000000000000000e+03 3.438000000000000000e+03
4.139000000000000000e+03 3.622000000000000000e+03
4.257000000000000000e+03 3.041000000000000000e+03
4.331000000000000000e+03 2.976000000000000000e+03
4.261000000000000000e+03 3.056000000000000000e+03
4.300000000000000000e+03 2.920000000000000000e+03
4.382000000000000000e+03 3.081000000000000000e+03
4.431000000000000000e+03 3.038000000000000000e+03
4.336000000000000000e+03 3.306000000000000000e+03
4.342000000000000000e+03 3.221000000000000000e+03
4.143000000000000000e+03 3.328000000000000000e+03
4.176000000000000000e+03 3.435000000000000000e+03
4.152000000000000000e+03 3.282000000000000000e+03
4.280000000000000000e+03 3.378000000000000000e+03
4.459000000000000000e+03 3.442000000000000000e+03
4.321000000000000000e+03 3.469000000000000000e+03
4.225000000000000000e+03 3.402000000000000000e+03
4.298000000000000000e+03 3.567000000000000000e+03
4.368000000000000000e+03 3.696000000000000000e+03
4.381000000000000000e+03 3.793000000000000000e+03
4.256000000000000000e+03 3.675000000000000000e+03
4.249000000000000000e+03 3.434000000000000000e+03
4.169000000000000000e+03 3.959000000000000000e+03
4.196000000000000000e+03 3.926000000000000000e+03
4.254000000000000000e+03 3.726000000000000000e+03
4.174000000000000000e+03 3.874000000000000000e+03
4.433000000000000000e+03 3.671000000000000000e+03
4.393000000000000000e+03 3.890000000000000000e+03
4.247000000000000000e+03 3.953000000000000000e+03
4.359000000000000000e+03 3.984000000000000000e+03
4.566000000000000000e+03 2.895000000000000000e+03
4.553000000000000000e+03 2.933000000000000000e+03
4.582000000000000000e+03 2.785000000000000000e+03
4.524000000000000000e+03 2.767000000000000000e+03
4.450000000000000000e+03 2.861000000000000000e+03
4.410000000000000000e+03 2.853000000000000000e+03
4.400000000000000000e+03 3.964000000000000000e+03
4.498000000000000000e+03 3.919000000000000000e+03
4.569000000000000000e+03 2.618000000000000000e+03
5.041000000000000000e+03 3.498000000000000000e+03
6.550000000000000000e+03 4.663000000000000000e+03
6.948000000000000000e+03 4.404000000000000000e+03
4.727000000000000000e+03 3.820000000000000000e+03
5.275000000000000000e+03 3.552000000000000000e+03
7.077000000000000000e+03 3.758000000000000000e+03
7.111000000000000000e+03 3.986000000000000000e+03
4.583000000000000000e+03 3.202000000000000000e+03
4.601000000000000000e+03 3.114000000000000000e+03
4.570000000000000000e+03 3.945000000000000000e+03
4.675000000000000000e+03 3.226000000000000000e+03
4.549000000000000000e+03 3.656000000000000000e+03
4.470000000000000000e+03 3.519000000000000000e+03
4.601000000000000000e+03 3.756000000000000000e+03
4.523000000000000000e+03 3.718000000000000000e+03
2.502000000000000000e+03 5.259000000000000000e+03
2.483000000000000000e+03 4.985000000000000000e+03
3.263000000000000000e+03 4.654000000000000000e+03
3.483000000000000000e+03 4.686000000000000000e+03
3.140000000000000000e+03 4.820000000000000000e+03
3.909000000000000000e+03 4.809000000000000000e+03
3.959000000000000000e+03 4.783000000000000000e+03
1.890000000000000000e+03 5.468000000000000000e+03
1.321000000000000000e+03 5.616000000000000000e+03
2.425000000000000000e+03 5.312000000000000000e+03
2.119000000000000000e+03 5.455000000000000000e+03
2.884000000000000000e+03 5.692000000000000000e+03
2.841000000000000000e+03 5.693000000000000000e+03
2.758000000000000000e+03 5.764000000000000000e+03
2.929000000000000000e+03 5.750000000000000000e+03
1.172000000000000000e+03 5.317000000000000000e+03
1.577000000000000000e+03 4.895000000000000000e+03
1.136000000000000000e+03 5.237000000000000000e+03
1.076000000000000000e+03 5.206000000000000000e+03
1.477000000000000000e+03 5.381000000000000000e+03
2.129000000000000000e+03 5.260000000000000000e+03
1.297000000000000000e+03 5.376000000000000000e+03
1.143000000000000000e+03 5.379000000000000000e+03
8.520000000000000000e+02 4.868000000000000000e+03
9.970000000000000000e+02 4.535000000000000000e+03
6.960000000000000000e+02 4.795000000000000000e+03
7.220000000000000000e+02 4.787000000000000000e+03
9.950000000000000000e+02 4.935000000000000000e+03
2.157000000000000000e+03 4.395000000000000000e+03
1.261000000000000000e+03 4.950000000000000000e+03
1.521000000000000000e+03 4.991000000000000000e+03
2.312000000000000000e+03 4.187000000000000000e+03
2.399000000000000000e+03 4.244000000000000000e+03
1.568000000000000000e+03 2.643000000000000000e+03
2.919000000000000000e+03 4.650000000000000000e+03
2.810000000000000000e+03 4.612000000000000000e+03
2.970000000000000000e+03 4.674000000000000000e+03
2.688000000000000000e+03 4.659000000000000000e+03
3.821000000000000000e+03 4.798000000000000000e+03
3.687000000000000000e+03 4.792000000000000000e+03
3.447000000000000000e+03 4.700000000000000000e+03
3.511000000000000000e+03 4.744000000000000000e+03
2.892000000000000000e+03 4.728000000000000000e+03
3.120000000000000000e+03 4.807000000000000000e+03
3.108000000000000000e+03 4.570000000000000000e+03
2.934000000000000000e+03 4.659000000000000000e+03
1.323000000000000000e+03 5.040000000000000000e+03
1.321000000000000000e+03 5.152000000000000000e+03
1.493000000000000000e+03 5.040000000000000000e+03
1.377000000000000000e+03 5.076000000000000000e+03
1.190000000000000000e+03 5.046000000000000000e+03
1.242000000000000000e+03 5.008000000000000000e+03
1.154000000000000000e+03 5.089000000000000000e+03
1.145000000000000000e+03 5.119000000000000000e+03
8.420000000000000000e+02 2.645000000000000000e+03
8.630000000000000000e+02 2.663000000000000000e+03
1.010000000000000000e+03 2.565000000000000000e+03
8.800000000000000000e+02 2.881000000000000000e+03
1.125000000000000000e+03 2.629000000000000000e+03
1.087000000000000000e+03 2.541000000000000000e+03
2.384000000000000000e+03 4.093000000000000000e+03
2.798000000000000000e+03 4.120000000000000000e+03
2.565000000000000000e+03 2.868000000000000000e+03
2.804000000000000000e+03 3.838000000000000000e+03
2.721000000000000000e+03 4.221000000000000000e+03
3.043000000000000000e+03 2.762000000000000000e+03
3.164000000000000000e+03 2.778000000000000000e+03
1.545000000000000000e+03 2.435000000000000000e+03
9.890000000000000000e+02 2.360000000000000000e+03
1.534000000000000000e+03 2.687000000000000000e+03
1.458000000000000000e+03 2.564000000000000000e+03
1.430000000000000000e+03 2.454000000000000000e+03
1.360000000000000000e+03 2.589000000000000000e+03
1.323000000000000000e+03 2.414000000000000000e+03
1.365000000000000000e+03 2.334000000000000000e+03
1.220000000000000000e+03 2.474000000000000000e+03
1.302000000000000000e+03 2.375000000000000000e+03
4.171000000000000000e+03 2.824000000000000000e+03
4.140000000000000000e+03 2.750000000000000000e+03
3.078000000000000000e+03 3.378000000000000000e+03
2.780000000000000000e+03 3.343000000000000000e+03
4.067000000000000000e+03 2.562000000000000000e+03
4.142000000000000000e+03 2.684000000000000000e+03
4.110000000000000000e+03 2.644000000000000000e+03
4.011000000000000000e+03 2.748000000000000000e+03
4.379000000000000000e+03 2.636000000000000000e+03
4.380000000000000000e+03 3.073000000000000000e+03
4.270000000000000000e+03 2.608000000000000000e+03
4.315000000000000000e+03 2.616000000000000000e+03
4.358000000000000000e+03 2.732000000000000000e+03
4.327000000000000000e+03 3.137000000000000000e+03
4.215000000000000000e+03 3.392000000000000000e+03
4.260000000000000000e+03 3.009000000000000000e+03
9.440000000000000000e+02 2.436000000000000000e+03
1.054000000000000000e+03 2.272000000000000000e+03
7.740000000000000000e+02 2.273000000000000000e+03
9.190000000000000000e+02 2.311000000000000000e+03
2.722000000000000000e+03 2.624000000000000000e+03
3.936000000000000000e+03 2.845000000000000000e+03
3.477000000000000000e+03 2.261000000000000000e+03
3.868000000000000000e+03 1.396000000000000000e+03
3.006000000000000000e+03 1.732000000000000000e+03
2.639000000000000000e+03 1.687000000000000000e+03
2.970000000000000000e+03 2.011000000000000000e+03
3.638000000000000000e+03 1.544000000000000000e+03
3.788000000000000000e+03 1.594000000000000000e+03
3.134000000000000000e+03 3.720000000000000000e+02
3.392000000000000000e+03 1.685000000000000000e+03
1.979000000000000000e+03 2.171000000000000000e+03
7.710000000000000000e+02 2.379000000000000000e+03
8.070000000000000000e+02 2.537000000000000000e+03
3.996000000000000000e+03 2.533000000000000000e+03
2.068000000000000000e+03 2.472000000000000000e+03
4.181000000000000000e+03 2.330000000000000000e+03
4.064000000000000000e+03 3.307000000000000000e+03
3.780000000000000000e+03 2.437000000000000000e+03
4.069000000000000000e+03 2.417000000000000000e+03
4.888000000000000000e+03 4.231000000000000000e+03
5.208000000000000000e+03 3.855000000000000000e+03
3.869000000000000000e+03 2.425000000000000000e+03
3.799000000000000000e+03 2.854000000000000000e+03
4.211000000000000000e+03 1.955000000000000000e+03
4.222000000000000000e+03 2.131000000000000000e+03
4.320000000000000000e+03 3.057000000000000000e+03
4.236000000000000000e+03 2.133000000000000000e+03
2.560000000000000000e+02 2.680000000000000000e+03
2.807000000000000000e+03 4.830000000000000000e+03
2.560000000000000000e+02 3.700000000000000000e+02
4.651000000000000000e+03 7.300000000000000000e+02
2.560000000000000000e+02 5.500000000000000000e+03
-4.000000000000000000e+00 0.000000000000000000e+00
7.164000000000000000e+03 0.000000000000000000e+00
3.000000000000000000e+00 0.000000000000000000e+00
