5.541000000000000000e+03 5.040000000000000000e+02
5.323000000000000000e+03 5.050000000000000000e+02
5.230000000000000000e+03 9.420000000000000000e+02
5.388000000000000000e+03 7.810000000000000000e+02
5.416000000000000000e+03 8.120000000000000000e+02
5.341000000000000000e+03 8.870000000000000000e+02
5.432000000000000000e+03 8.510000000000000000e+02
5.739000000000000000e+03 2.540000000000000000e+02
5.762000000000000000e+03 3.060000000000000000e+02
5.678000000000000000e+03 3.820000000000000000e+02
5.780000000000000000e+03 3.790000000000000000e+02
5.737000000000000000e+03 1.960000000000000000e+02
5.485000000000000000e+03 5.650000000000000000e+02
5.719000000000000000e+03 1.750000000000000000e+02
5.727000000000000000e+03 1.930000000000000000e+02
5.451000000000000000e+03 6.610000000000000000e+02
5.468000000000000000e+03 6.200000000000000000e+02
5.125000000000000000e+03 7.520000000000000000e+02
5.138000000000000000e+03 6.890000000000000000e+02
5.600000000000000000e+03 4.910000000000000000e+02
5.478000000000000000e+03 4.620000000000000000e+02
5.620000000000000000e+03 4.750000000000000000e+02
5.589000000000000000e+03 4.940000000000000000e+02
5.359000000000000000e+03 4.960000000000000000e+02
5.224000000000000000e+03 5.540000000000000000e+02
5.434000000000000000e+03 4.890000000000000000e+02
5.304000000000000000e+03 4.910000000000000000e+02
5.062000000000000000e+03 6.590000000000000000e+02
5.110000000000000000e+03 6.860000000000000000e+02
5.207000000000000000e+03 5.760000000000000000e+02
5.114000000000000000e+03 6.000000000000000000e+02
5.869000000000000000e+03 1.900000000000000000e+02
5.983000000000000000e+03 1.360000000000000000e+02
5.967000000000000000e+03 2.050000000000000000e+02
5.027000000000000000e+03 3.800000000000000000e+02
5.075000000000000000e+03 3.720000000000000000e+02
5.016000000000000000e+03 5.170000000000000000e+02
5.022000000000000000e+03 5.330000000000000000e+02
5.464000000000000000e+03 3.450000000000000000e+02
5.302000000000000000e+03 3.300000000000000000e+02
5.380000000000000000e+03 3.450000000000000000e+02
5.254000000000000000e+03 4.890000000000000000e+02
4.949000000000000000e+03 5.310000000000000000e+02
5.001000000000000000e+03 2.690000000000000000e+02
5.082000000000000000e+03 2.480000000000000000e+02
5.144000000000000000e+03 2.970000000000000000e+02
5.609000000000000000e+03 7.020000000000000000e+02
5.943000000000000000e+03 2.620000000000000000e+02
5.986000000000000000e+03 3.640000000000000000e+02
6.061000000000000000e+03 2.610000000000000000e+02
6.074000000000000000e+03 4.700000000000000000e+02
5.976000000000000000e+03 3.960000000000000000e+02
6.009000000000000000e+03 4.780000000000000000e+02
6.006000000000000000e+03 4.480000000000000000e+02
5.935000000000000000e+03 5.200000000000000000e+02
5.889000000000000000e+03 4.930000000000000000e+02
5.810000000000000000e+03 5.410000000000000000e+02
5.824000000000000000e+03 5.030000000000000000e+02
6.102000000000000000e+03 5.930000000000000000e+02
6.092000000000000000e+03 7.220000000000000000e+02
6.029000000000000000e+03 6.740000000000000000e+02
6.014000000000000000e+03 5.720000000000000000e+02
6.119000000000000000e+03 5.850000000000000000e+02
6.644000000000000000e+03 5.070000000000000000e+02
6.570000000000000000e+03 4.660000000000000000e+02
6.215000000000000000e+03 5.250000000000000000e+02
6.217000000000000000e+03 5.750000000000000000e+02
6.211000000000000000e+03 5.330000000000000000e+02
6.074000000000000000e+03 6.600000000000000000e+02
6.626000000000000000e+03 2.860000000000000000e+02
6.676000000000000000e+03 2.810000000000000000e+02
6.742000000000000000e+03 4.510000000000000000e+02
6.646000000000000000e+03 3.760000000000000000e+02
6.577000000000000000e+03 1.700000000000000000e+02
6.578000000000000000e+03 1.870000000000000000e+02
6.642000000000000000e+03 1.880000000000000000e+02
6.705000000000000000e+03 2.840000000000000000e+02
6.272000000000000000e+03 6.670000000000000000e+02
6.221000000000000000e+03 7.640000000000000000e+02
6.264000000000000000e+03 8.780000000000000000e+02
6.295000000000000000e+03 7.560000000000000000e+02
6.195000000000000000e+03 8.320000000000000000e+02
6.161000000000000000e+03 8.740000000000000000e+02
5.787000000000000000e+03 1.025000000000000000e+03
6.087000000000000000e+03 7.540000000000000000e+02
6.179000000000000000e+03 2.210000000000000000e+02
6.275000000000000000e+03 1.620000000000000000e+02
6.057000000000000000e+03 2.680000000000000000e+02
6.135000000000000000e+03 1.450000000000000000e+02
6.279000000000000000e+03 3.590000000000000000e+02
6.252000000000000000e+03 2.740000000000000000e+02
6.168000000000000000e+03 3.820000000000000000e+02
6.208000000000000000e+03 3.980000000000000000e+02
6.322000000000000000e+03 9.150000000000000000e+02
6.363000000000000000e+03 5.570000000000000000e+02
6.493000000000000000e+03 8.240000000000000000e+02
6.557000000000000000e+03 8.310000000000000000e+02
6.339000000000000000e+03 6.410000000000000000e+02
6.393000000000000000e+03 7.560000000000000000e+02
6.381000000000000000e+03 7.070000000000000000e+02
6.409000000000000000e+03 7.320000000000000000e+02
6.549000000000000000e+03 6.840000000000000000e+02
6.585000000000000000e+03 7.140000000000000000e+02
6.590000000000000000e+03 6.860000000000000000e+02
6.679000000000000000e+03 6.260000000000000000e+02
6.607000000000000000e+03 5.910000000000000000e+02
6.662000000000000000e+03 5.200000000000000000e+02
6.474000000000000000e+03 5.540000000000000000e+02
6.510000000000000000e+03 5.600000000000000000e+02
6.299000000000000000e+03 8.870000000000000000e+02
6.303000000000000000e+03 6.500000000000000000e+02
6.167000000000000000e+03 4.770000000000000000e+02
6.385000000000000000e+03 4.310000000000000000e+02
6.504000000000000000e+03 8.900000000000000000e+02
5.996000000000000000e+03 6.790000000000000000e+02
6.047000000000000000e+03 6.310000000000000000e+02
6.413000000000000000e+03 9.270000000000000000e+02
6.264000000000000000e+03 7.760000000000000000e+02
6.462000000000000000e+03 2.360000000000000000e+02
6.454000000000000000e+03 1.530000000000000000e+02
6.377000000000000000e+03 2.150000000000000000e+02
6.374000000000000000e+03 3.950000000000000000e+02
6.476000000000000000e+03 4.150000000000000000e+02
6.334000000000000000e+03 3.640000000000000000e+02
6.476000000000000000e+03 2.930000000000000000e+02
3.257000000000000000e+03 2.304000000000000000e+03
3.121000000000000000e+03 2.323000000000000000e+03
3.119000000000000000e+03 2.389000000000000000e+03
3.214000000000000000e+03 2.052000000000000000e+03
3.156000000000000000e+03 2.171000000000000000e+03
3.071000000000000000e+03 2.207000000000000000e+03
3.234000000000000000e+03 2.135000000000000000e+03
3.446000000000000000e+03 2.206000000000000000e+03
3.452000000000000000e+03 2.357000000000000000e+03
3.420000000000000000e+03 2.354000000000000000e+03
3.456000000000000000e+03 2.218000000000000000e+03
3.410000000000000000e+03 2.180000000000000000e+03
3.435000000000000000e+03 2.130000000000000000e+03
3.443000000000000000e+03 2.287000000000000000e+03
3.335000000000000000e+03 2.370000000000000000e+03
3.804000000000000000e+03 2.371000000000000000e+03
3.872000000000000000e+03 2.274000000000000000e+03
3.990000000000000000e+03 2.460000000000000000e+03
3.949000000000000000e+03 2.436000000000000000e+03
4.096000000000000000e+03 2.173000000000000000e+03
4.152000000000000000e+03 2.139000000000000000e+03
4.029000000000000000e+03 2.394000000000000000e+03
4.131000000000000000e+03 2.346000000000000000e+03
3.601000000000000000e+03 2.377000000000000000e+03
3.687000000000000000e+03 2.383000000000000000e+03
3.711000000000000000e+03 2.324000000000000000e+03
3.705000000000000000e+03 2.093000000000000000e+03
3.558000000000000000e+03 2.212000000000000000e+03
3.617000000000000000e+03 2.154000000000000000e+03
3.532000000000000000e+03 2.325000000000000000e+03
3.553000000000000000e+03 2.422000000000000000e+03
4.505000000000000000e+03 1.249000000000000000e+03
3.673000000000000000e+03 2.395000000000000000e+03
3.355000000000000000e+03 2.420000000000000000e+03
4.843000000000000000e+03 7.350000000000000000e+02
4.834000000000000000e+03 8.410000000000000000e+02
5.817000000000000000e+03 8.220000000000000000e+02
5.184000000000000000e+03 8.220000000000000000e+02
5.211000000000000000e+03 3.780000000000000000e+02
5.241000000000000000e+03 4.320000000000000000e+02
4.939000000000000000e+03 7.760000000000000000e+02
5.156000000000000000e+03 3.970000000000000000e+02
4.863000000000000000e+03 6.630000000000000000e+02
4.910000000000000000e+03 6.020000000000000000e+02
4.994000000000000000e+03 5.040000000000000000e+02
5.040000000000000000e+03 5.090000000000000000e+02
4.536000000000000000e+03 6.970000000000000000e+02
4.651000000000000000e+03 5.830000000000000000e+02
4.600000000000000000e+03 4.990000000000000000e+02
4.611000000000000000e+03 5.550000000000000000e+02
4.600000000000000000e+03 4.900000000000000000e+02
4.609000000000000000e+03 4.240000000000000000e+02
4.843000000000000000e+03 3.720000000000000000e+02
4.760000000000000000e+03 3.660000000000000000e+02
5.916000000000000000e+03 8.650000000000000000e+02
5.982000000000000000e+03 8.770000000000000000e+02
5.858000000000000000e+03 8.990000000000000000e+02
5.886000000000000000e+03 8.570000000000000000e+02
5.883000000000000000e+03 6.870000000000000000e+02
5.909000000000000000e+03 6.820000000000000000e+02
5.984000000000000000e+03 8.400000000000000000e+02
5.956000000000000000e+03 8.160000000000000000e+02
3.769000000000000000e+03 2.078000000000000000e+03
2.552000000000000000e+03 2.287000000000000000e+03
3.414000000000000000e+03 1.972000000000000000e+03
2.901000000000000000e+03 2.265000000000000000e+03
2.698000000000000000e+03 2.192000000000000000e+03
2.646000000000000000e+03 2.268000000000000000e+03
3.326000000000000000e+03 2.329000000000000000e+03
4.434000000000000000e+03 4.530000000000000000e+02
4.365000000000000000e+03 4.500000000000000000e+02
4.547000000000000000e+03 3.770000000000000000e+02
4.628000000000000000e+03 3.720000000000000000e+02
3.134000000000000000e+03 1.813000000000000000e+03
2.946000000000000000e+03 1.963000000000000000e+03
2.269000000000000000e+03 2.354000000000000000e+03
2.299000000000000000e+03 2.315000000000000000e+03
2.458000000000000000e+03 1.967000000000000000e+03
1.957000000000000000e+03 1.973000000000000000e+03
2.566000000000000000e+03 1.763000000000000000e+03
3.373000000000000000e+03 1.829000000000000000e+03
2.339000000000000000e+03 2.213000000000000000e+03
3.841000000000000000e+03 8.660000000000000000e+02
3.197000000000000000e+03 1.527000000000000000e+03
2.325000000000000000e+03 2.142000000000000000e+03
1.920000000000000000e+03 2.163000000000000000e+03
2.062000000000000000e+03 2.211000000000000000e+03
2.236000000000000000e+03 2.132000000000000000e+03
2.355000000000000000e+03 1.965000000000000000e+03
3.285000000000000000e+03 2.038000000000000000e+03
4.240000000000000000e+03 6.880000000000000000e+02
3.637000000000000000e+03 1.595000000000000000e+03
4.468000000000000000e+03 1.320000000000000000e+03
5.262000000000000000e+03 7.160000000000000000e+02
5.258000000000000000e+03 6.930000000000000000e+02
4.984000000000000000e+03 8.470000000000000000e+02
5.071000000000000000e+03 8.410000000000000000e+02
5.160000000000000000e+03 7.190000000000000000e+02
5.287000000000000000e+03 6.210000000000000000e+02
5.325000000000000000e+03 6.070000000000000000e+02
5.460000000000000000e+03 5.580000000000000000e+02
5.587000000000000000e+03 6.380000000000000000e+02
5.587000000000000000e+03 6.980000000000000000e+02
5.400000000000000000e+03 7.960000000000000000e+02
5.444000000000000000e+03 7.640000000000000000e+02
5.352000000000000000e+03 7.570000000000000000e+02
5.193000000000000000e+03 9.060000000000000000e+02
5.033000000000000000e+03 8.890000000000000000e+02
5.119000000000000000e+03 8.870000000000000000e+02
5.512000000000000000e+03 8.560000000000000000e+02
5.571000000000000000e+03 8.780000000000000000e+02
5.658000000000000000e+03 8.560000000000000000e+02
5.647000000000000000e+03 9.110000000000000000e+02
5.672000000000000000e+03 9.120000000000000000e+02
5.732000000000000000e+03 8.030000000000000000e+02
5.743000000000000000e+03 7.310000000000000000e+02
5.709000000000000000e+03 6.410000000000000000e+02
4.950000000000000000e+03 5.260000000000000000e+02
4.896000000000000000e+03 4.310000000000000000e+02
4.802000000000000000e+03 5.280000000000000000e+02
4.762000000000000000e+03 5.540000000000000000e+02
4.714000000000000000e+03 7.130000000000000000e+02
4.698000000000000000e+03 8.490000000000000000e+02
4.792000000000000000e+03 7.410000000000000000e+02
4.749000000000000000e+03 8.230000000000000000e+02
5.408000000000000000e+03 1.800000000000000000e+02
5.569000000000000000e+03 2.560000000000000000e+02
6.140000000000000000e+03 5.340000000000000000e+02
5.195000000000000000e+03 1.950000000000000000e+02
5.307000000000000000e+03 2.310000000000000000e+02
5.169000000000000000e+03 1.600000000000000000e+02
5.378000000000000000e+03 2.580000000000000000e+02
6.195000000000000000e+03 5.780000000000000000e+02
6.511000000000000000e+03 6.570000000000000000e+02
6.401000000000000000e+03 5.070000000000000000e+02
5.938000000000000000e+03 3.870000000000000000e+02
5.557000000000000000e+03 2.900000000000000000e+02
5.423000000000000000e+03 2.840000000000000000e+02
6.144000000000000000e+03 3.780000000000000000e+02
6.672000000000000000e+03 7.480000000000000000e+02
4.693000000000000000e+03 2.890000000000000000e+02
4.783000000000000000e+03 1.960000000000000000e+02
4.544000000000000000e+03 3.820000000000000000e+02
4.455000000000000000e+03 1.750000000000000000e+02
4.583000000000000000e+03 2.240000000000000000e+02
4.525000000000000000e+03 3.100000000000000000e+02
4.542000000000000000e+03 2.210000000000000000e+02
4.462000000000000000e+03 3.000000000000000000e+02
4.544000000000000000e+03 2.610000000000000000e+02
4.617000000000000000e+03 3.280000000000000000e+02
4.436000000000000000e+03 3.970000000000000000e+02
4.616000000000000000e+03 2.070000000000000000e+02
4.634000000000000000e+03 2.160000000000000000e+02
4.613000000000000000e+03 3.010000000000000000e+02
4.585000000000000000e+03 1.570000000000000000e+02
4.627000000000000000e+03 2.190000000000000000e+02
5.152000000000000000e+03 1.479000000000000000e+03
6.981000000000000000e+03 9.470000000000000000e+02
6.556000000000000000e+03 9.040000000000000000e+02
5.737000000000000000e+03 3.330000000000000000e+02
6.313000000000000000e+03 5.270000000000000000e+02
5.336000000000000000e+03 1.280000000000000000e+02
5.756000000000000000e+03 2.870000000000000000e+02
7.107000000000000000e+03 2.856000000000000000e+03
7.217000000000000000e+03 3.744000000000000000e+03
7.059000000000000000e+03 1.351000000000000000e+03
7.044000000000000000e+03 2.396000000000000000e+03
6.928000000000000000e+03 9.330000000000000000e+02
6.903000000000000000e+03 1.091000000000000000e+03
6.050000000000000000e+03 1.002000000000000000e+03
5.940000000000000000e+03 2.945000000000000000e+03
6.958000000000000000e+03 9.440000000000000000e+02
6.944000000000000000e+03 8.630000000000000000e+02
6.636000000000000000e+03 6.840000000000000000e+02
5.992000000000000000e+03 7.970000000000000000e+02
6.969000000000000000e+03 9.380000000000000000e+02
7.091000000000000000e+03 9.840000000000000000e+02
6.665000000000000000e+03 6.590000000000000000e+02
6.433000000000000000e+03 6.810000000000000000e+02
7.102000000000000000e+03 1.221000000000000000e+03
6.967000000000000000e+03 9.590000000000000000e+02
7.157000000000000000e+03 1.135000000000000000e+03
7.115000000000000000e+03 1.005000000000000000e+03
6.930000000000000000e+03 1.049000000000000000e+03
7.065000000000000000e+03 9.600000000000000000e+02
6.998000000000000000e+03 1.052000000000000000e+03
7.126000000000000000e+03 8.650000000000000000e+02
2.954000000000000000e+03 3.241000000000000000e+03
3.965000000000000000e+03 2.133000000000000000e+03
3.629000000000000000e+03 2.455000000000000000e+03
1.194000000000000000e+03 4.997000000000000000e+03
1.667000000000000000e+03 4.843000000000000000e+03
4.009000000000000000e+03 2.932000000000000000e+03
1.151000000000000000e+03 5.027000000000000000e+03
3.897000000000000000e+03 2.282000000000000000e+03
4.251000000000000000e+03 1.889000000000000000e+03
3.778000000000000000e+03 2.232000000000000000e+03
3.746000000000000000e+03 2.077000000000000000e+03
3.949000000000000000e+03 2.282000000000000000e+03
3.893000000000000000e+03 2.250000000000000000e+03
4.188000000000000000e+03 2.134000000000000000e+03
4.066000000000000000e+03 2.214000000000000000e+03
8.170000000000000000e+02 5.095000000000000000e+03
7.940000000000000000e+02 5.044000000000000000e+03
8.920000000000000000e+02 5.017000000000000000e+03
9.200000000000000000e+02 5.037000000000000000e+03
3.583000000000000000e+03 3.983000000000000000e+03
2.802000000000000000e+03 4.592000000000000000e+03
1.004000000000000000e+03 5.024000000000000000e+03
1.067000000000000000e+03 5.049000000000000000e+03
1.187000000000000000e+03 4.992000000000000000e+03
1.423000000000000000e+03 5.037000000000000000e+03
1.514000000000000000e+03 5.074000000000000000e+03
1.465000000000000000e+03 4.990000000000000000e+03
1.805000000000000000e+03 5.019000000000000000e+03
1.816000000000000000e+03 4.940000000000000000e+03
1.708000000000000000e+03 5.008000000000000000e+03
1.607000000000000000e+03 5.064000000000000000e+03
1.766000000000000000e+03 5.171000000000000000e+03
1.632000000000000000e+03 5.150000000000000000e+03
3.479000000000000000e+03 3.695000000000000000e+03
1.742000000000000000e+03 4.882000000000000000e+03
3.646000000000000000e+03 3.654000000000000000e+03
1.854000000000000000e+03 5.162000000000000000e+03
1.769000000000000000e+03 5.078000000000000000e+03
1.771000000000000000e+03 5.093000000000000000e+03
1.126000000000000000e+03 5.226000000000000000e+03
1.027000000000000000e+03 5.164000000000000000e+03
1.166000000000000000e+03 5.166000000000000000e+03
3.038000000000000000e+03 4.200000000000000000e+03
1.415000000000000000e+03 5.177000000000000000e+03
1.481000000000000000e+03 5.175000000000000000e+03
1.218000000000000000e+03 5.175000000000000000e+03
1.274000000000000000e+03 5.161000000000000000e+03
9.450000000000000000e+02 3.299000000000000000e+03
8.550000000000000000e+02 4.780000000000000000e+03
3.354000000000000000e+03 3.316000000000000000e+03
2.146000000000000000e+03 4.066000000000000000e+03
3.026000000000000000e+03 3.348000000000000000e+03
4.083000000000000000e+03 2.115000000000000000e+03
2.067000000000000000e+03 4.787000000000000000e+03
3.267000000000000000e+03 3.761000000000000000e+03
1.580000000000000000e+03 4.764000000000000000e+03
1.276000000000000000e+03 4.880000000000000000e+03
2.245000000000000000e+03 4.748000000000000000e+03
2.022000000000000000e+03 4.291000000000000000e+03
3.190000000000000000e+03 4.328000000000000000e+03
2.878000000000000000e+03 4.038000000000000000e+03
3.039000000000000000e+03 3.660000000000000000e+03
2.539000000000000000e+03 4.349000000000000000e+03
4.201000000000000000e+03 1.937000000000000000e+03
4.416000000000000000e+03 2.260000000000000000e+03
4.433000000000000000e+03 2.186000000000000000e+03
4.088000000000000000e+03 2.256000000000000000e+03
3.879000000000000000e+03 2.188000000000000000e+03
4.154000000000000000e+03 2.265000000000000000e+03
4.529000000000000000e+03 2.162000000000000000e+03
4.379000000000000000e+03 1.947000000000000000e+03
4.485000000000000000e+03 1.796000000000000000e+03
4.459000000000000000e+03 1.991000000000000000e+03
4.423000000000000000e+03 2.063000000000000000e+03
4.638000000000000000e+03 1.388000000000000000e+03
4.703000000000000000e+03 1.386000000000000000e+03
4.536000000000000000e+03 1.599000000000000000e+03
4.545000000000000000e+03 1.476000000000000000e+03
3.925000000000000000e+03 2.247000000000000000e+03
4.590000000000000000e+03 2.007000000000000000e+03
4.509000000000000000e+03 2.056000000000000000e+03
4.619000000000000000e+03 1.939000000000000000e+03
4.233000000000000000e+03 1.982000000000000000e+03
4.594000000000000000e+03 1.792000000000000000e+03
4.636000000000000000e+03 1.769000000000000000e+03
4.650000000000000000e+03 1.559000000000000000e+03
4.680000000000000000e+03 2.174000000000000000e+03
4.665000000000000000e+03 2.118000000000000000e+03
4.641000000000000000e+03 2.135000000000000000e+03
4.552000000000000000e+03 2.275000000000000000e+03
4.699000000000000000e+03 1.946000000000000000e+03
4.681000000000000000e+03 1.881000000000000000e+03
4.702000000000000000e+03 1.600000000000000000e+03
4.699000000000000000e+03 1.782000000000000000e+03
4.458000000000000000e+03 1.658000000000000000e+03
4.263000000000000000e+03 2.063000000000000000e+03
4.379000000000000000e+03 1.848000000000000000e+03
4.029000000000000000e+03 2.186000000000000000e+03
4.454000000000000000e+03 1.596000000000000000e+03
4.453000000000000000e+03 1.680000000000000000e+03
4.479000000000000000e+03 1.528000000000000000e+03
4.554000000000000000e+03 2.047000000000000000e+03
4.537000000000000000e+03 1.812000000000000000e+03
4.578000000000000000e+03 1.847000000000000000e+03
4.411000000000000000e+03 1.948000000000000000e+03
4.312000000000000000e+03 2.219000000000000000e+03
4.346000000000000000e+03 1.953000000000000000e+03
4.364000000000000000e+03 2.063000000000000000e+03
4.340000000000000000e+03 2.240000000000000000e+03
4.490000000000000000e+03 1.369000000000000000e+03
4.501000000000000000e+03 1.279000000000000000e+03
4.423000000000000000e+03 1.362000000000000000e+03
4.408000000000000000e+03 1.516000000000000000e+03
4.277000000000000000e+03 1.618000000000000000e+03
4.358000000000000000e+03 1.462000000000000000e+03
4.280000000000000000e+03 1.742000000000000000e+03
4.284000000000000000e+03 1.688000000000000000e+03
4.599000000000000000e+03 2.109000000000000000e+03
4.544000000000000000e+03 1.684000000000000000e+03
4.581000000000000000e+03 1.317000000000000000e+03
4.579000000000000000e+03 1.408000000000000000e+03
4.698000000000000000e+03 1.171000000000000000e+03
4.685000000000000000e+03 1.047000000000000000e+03
4.654000000000000000e+03 1.450000000000000000e+03
4.631000000000000000e+03 1.214000000000000000e+03
4.437000000000000000e+03 1.406000000000000000e+03
4.273000000000000000e+03 1.644000000000000000e+03
4.283000000000000000e+03 1.463000000000000000e+03
4.335000000000000000e+03 6.850000000000000000e+02
4.367000000000000000e+03 7.470000000000000000e+02
4.413000000000000000e+03 9.550000000000000000e+02
4.385000000000000000e+03 1.053000000000000000e+03
4.451000000000000000e+03 1.028000000000000000e+03
4.432000000000000000e+03 1.039000000000000000e+03
4.506000000000000000e+03 8.740000000000000000e+02
4.502000000000000000e+03 9.400000000000000000e+02
4.365000000000000000e+03 1.320000000000000000e+03
4.404000000000000000e+03 1.237000000000000000e+03
4.293000000000000000e+03 1.405000000000000000e+03
4.287000000000000000e+03 1.311000000000000000e+03
4.435000000000000000e+03 6.370000000000000000e+02
4.412000000000000000e+03 5.750000000000000000e+02
4.523000000000000000e+03 6.830000000000000000e+02
4.503000000000000000e+03 6.660000000000000000e+02
4.303000000000000000e+03 5.510000000000000000e+02
4.360000000000000000e+03 5.740000000000000000e+02
4.288000000000000000e+03 1.263000000000000000e+03
4.432000000000000000e+03 5.650000000000000000e+02
4.582000000000000000e+03 9.150000000000000000e+02
4.626000000000000000e+03 9.830000000000000000e+02
4.653000000000000000e+03 8.510000000000000000e+02
4.618000000000000000e+03 7.800000000000000000e+02
4.561000000000000000e+03 1.070000000000000000e+03
4.526000000000000000e+03 1.120000000000000000e+03
4.434000000000000000e+03 1.146000000000000000e+03
4.393000000000000000e+03 1.174000000000000000e+03
4.285000000000000000e+03 1.092000000000000000e+03
4.301000000000000000e+03 1.025000000000000000e+03
4.320000000000000000e+03 9.600000000000000000e+02
4.345000000000000000e+03 9.140000000000000000e+02
4.304000000000000000e+03 8.330000000000000000e+02
4.462000000000000000e+03 7.600000000000000000e+02
4.468000000000000000e+03 7.670000000000000000e+02
4.332000000000000000e+03 7.670000000000000000e+02
4.138000000000000000e+03 2.401000000000000000e+03
4.271000000000000000e+03 2.697000000000000000e+03
2.842000000000000000e+03 2.444000000000000000e+03
2.775000000000000000e+03 2.426000000000000000e+03
4.268000000000000000e+03 3.286000000000000000e+03
4.017000000000000000e+03 1.878000000000000000e+03
3.441000000000000000e+03 2.195000000000000000e+03
2.843000000000000000e+03 2.271000000000000000e+03
3.210000000000000000e+03 2.159000000000000000e+03
3.698000000000000000e+03 2.224000000000000000e+03
3.035000000000000000e+03 2.207000000000000000e+03
2.932000000000000000e+03 2.162000000000000000e+03
2.775000000000000000e+03 2.415000000000000000e+03
2.826000000000000000e+03 2.326000000000000000e+03
2.937000000000000000e+03 2.361000000000000000e+03
2.987000000000000000e+03 2.317000000000000000e+03
2.526000000000000000e+03 2.408000000000000000e+03
2.412000000000000000e+03 2.425000000000000000e+03
2.565000000000000000e+03 2.331000000000000000e+03
2.549000000000000000e+03 2.213000000000000000e+03
3.442000000000000000e+03 2.473000000000000000e+03
3.056000000000000000e+03 2.464000000000000000e+03
2.639000000000000000e+03 2.420000000000000000e+03
2.746000000000000000e+03 2.191000000000000000e+03
3.604000000000000000e+03 6.559000000000000000e+03
5.041000000000000000e+03 5.369000000000000000e+03
5.013000000000000000e+03 5.304000000000000000e+03
4.381000000000000000e+03 5.956000000000000000e+03
3.729000000000000000e+03 6.168000000000000000e+03
1.813000000000000000e+03 7.465000000000000000e+03
2.257000000000000000e+03 7.212000000000000000e+03
4.743000000000000000e+03 5.323000000000000000e+03
4.529000000000000000e+03 5.560000000000000000e+03
4.406000000000000000e+03 5.724000000000000000e+03
4.678000000000000000e+03 5.418000000000000000e+03
4.575000000000000000e+03 5.573000000000000000e+03
4.866000000000000000e+03 5.371000000000000000e+03
4.798000000000000000e+03 5.310000000000000000e+03
4.659000000000000000e+03 5.515000000000000000e+03
4.469000000000000000e+03 7.440000000000000000e+03
4.366000000000000000e+03 7.442000000000000000e+03
4.294000000000000000e+03 7.418000000000000000e+03
4.246000000000000000e+03 7.337000000000000000e+03
4.119000000000000000e+03 7.386000000000000000e+03
4.122000000000000000e+03 7.394000000000000000e+03
3.181000000000000000e+03 7.442000000000000000e+03
4.063000000000000000e+03 7.404000000000000000e+03
1.875000000000000000e+03 7.447000000000000000e+03
2.055000000000000000e+03 7.436000000000000000e+03
2.068000000000000000e+03 7.254000000000000000e+03
1.938000000000000000e+03 7.443000000000000000e+03
1.967000000000000000e+03 7.447000000000000000e+03
3.354000000000000000e+03 7.263000000000000000e+03
3.227000000000000000e+03 7.385000000000000000e+03
3.793000000000000000e+03 7.218000000000000000e+03
3.092000000000000000e+03 7.453000000000000000e+03
3.862000000000000000e+03 7.271000000000000000e+03
4.078000000000000000e+03 7.345000000000000000e+03
3.252000000000000000e+03 7.460000000000000000e+03
3.208000000000000000e+03 7.439000000000000000e+03
3.102000000000000000e+03 7.456000000000000000e+03
3.218000000000000000e+03 7.446000000000000000e+03
2.812000000000000000e+03 7.446000000000000000e+03
2.529000000000000000e+03 7.445000000000000000e+03
2.721000000000000000e+03 7.448000000000000000e+03
3.140000000000000000e+03 7.091000000000000000e+03
2.681000000000000000e+03 7.329000000000000000e+03
2.729000000000000000e+03 7.476000000000000000e+03
2.852000000000000000e+03 7.479000000000000000e+03
2.850000000000000000e+03 7.474000000000000000e+03
2.743000000000000000e+03 7.300000000000000000e+03
2.863000000000000000e+03 7.212000000000000000e+03
3.579000000000000000e+03 7.352000000000000000e+03
3.502000000000000000e+03 7.397000000000000000e+03
3.824000000000000000e+03 7.460000000000000000e+03
3.628000000000000000e+03 6.858000000000000000e+03
3.679000000000000000e+03 7.410000000000000000e+03
3.658000000000000000e+03 7.461000000000000000e+03
3.222000000000000000e+03 7.190000000000000000e+03
3.408000000000000000e+03 7.369000000000000000e+03
3.937000000000000000e+03 7.451000000000000000e+03
3.570000000000000000e+03 7.394000000000000000e+03
2.816000000000000000e+03 7.395000000000000000e+03
2.644000000000000000e+03 7.303000000000000000e+03
2.796000000000000000e+03 7.241000000000000000e+03
3.076000000000000000e+03 7.357000000000000000e+03
5.386000000000000000e+03 5.470000000000000000e+03
5.003000000000000000e+03 5.367000000000000000e+03
5.234000000000000000e+03 5.393000000000000000e+03
5.794000000000000000e+03 5.380000000000000000e+03
5.794000000000000000e+03 5.516000000000000000e+03
5.106000000000000000e+03 5.498000000000000000e+03
5.106000000000000000e+03 5.516000000000000000e+03
4.717000000000000000e+03 5.574000000000000000e+03
4.746000000000000000e+03 5.661000000000000000e+03
4.865000000000000000e+03 5.485000000000000000e+03
4.791000000000000000e+03 5.478000000000000000e+03
4.939000000000000000e+03 5.578000000000000000e+03
4.991000000000000000e+03 5.543000000000000000e+03
4.906000000000000000e+03 5.485000000000000000e+03
4.904000000000000000e+03 5.509000000000000000e+03
5.672000000000000000e+03 5.064000000000000000e+03
5.742000000000000000e+03 5.213000000000000000e+03
5.720000000000000000e+03 5.047000000000000000e+03
5.628000000000000000e+03 5.043000000000000000e+03
5.692000000000000000e+03 5.425000000000000000e+03
5.644000000000000000e+03 5.557000000000000000e+03
5.751000000000000000e+03 5.297000000000000000e+03
5.794000000000000000e+03 5.339000000000000000e+03
5.823000000000000000e+03 5.056000000000000000e+03
5.827000000000000000e+03 5.069000000000000000e+03
5.785000000000000000e+03 4.820000000000000000e+03
5.687000000000000000e+03 4.902000000000000000e+03
5.784000000000000000e+03 5.287000000000000000e+03
5.764000000000000000e+03 5.202000000000000000e+03
5.877000000000000000e+03 5.134000000000000000e+03
5.867000000000000000e+03 5.039000000000000000e+03
5.543000000000000000e+03 5.128000000000000000e+03
5.452000000000000000e+03 5.107000000000000000e+03
5.408000000000000000e+03 5.045000000000000000e+03
5.483000000000000000e+03 4.767000000000000000e+03
5.377000000000000000e+03 5.459000000000000000e+03
5.515000000000000000e+03 5.523000000000000000e+03
5.588000000000000000e+03 5.324000000000000000e+03
5.533000000000000000e+03 5.080000000000000000e+03
5.072000000000000000e+03 5.039000000000000000e+03
5.047000000000000000e+03 5.044000000000000000e+03
5.205000000000000000e+03 4.942000000000000000e+03
5.103000000000000000e+03 4.789000000000000000e+03
4.935000000000000000e+03 5.136000000000000000e+03
5.064000000000000000e+03 5.133000000000000000e+03
5.046000000000000000e+03 5.170000000000000000e+03
5.068000000000000000e+03 5.041000000000000000e+03
5.262000000000000000e+03 5.281000000000000000e+03
5.197000000000000000e+03 5.315000000000000000e+03
5.243000000000000000e+03 5.401000000000000000e+03
5.205000000000000000e+03 5.391000000000000000e+03
5.248000000000000000e+03 5.161000000000000000e+03
5.308000000000000000e+03 5.211000000000000000e+03
5.316000000000000000e+03 5.134000000000000000e+03
5.314000000000000000e+03 5.082000000000000000e+03
5.350000000000000000e+03 5.494000000000000000e+03
5.047000000000000000e+03 5.533000000000000000e+03
5.393000000000000000e+03 5.534000000000000000e+03
5.435000000000000000e+03 5.509000000000000000e+03
5.452000000000000000e+03 5.329000000000000000e+03
5.480000000000000000e+03 5.459000000000000000e+03
5.412000000000000000e+03 5.207000000000000000e+03
5.440000000000000000e+03 5.301000000000000000e+03
4.748000000000000000e+03 4.899000000000000000e+03
4.692000000000000000e+03 4.813000000000000000e+03
4.632000000000000000e+03 4.890000000000000000e+03
4.837000000000000000e+03 5.073000000000000000e+03
4.788000000000000000e+03 4.885000000000000000e+03
4.876000000000000000e+03 4.914000000000000000e+03
4.905000000000000000e+03 5.011000000000000000e+03
6.077000000000000000e+03 5.143000000000000000e+03
6.142000000000000000e+03 5.087000000000000000e+03
6.058000000000000000e+03 5.210000000000000000e+03
6.093000000000000000e+03 5.285000000000000000e+03
6.135000000000000000e+03 5.009000000000000000e+03
6.110000000000000000e+03 5.023000000000000000e+03
5.979000000000000000e+03 5.052000000000000000e+03
6.009000000000000000e+03 5.068000000000000000e+03
6.088000000000000000e+03 7.138000000000000000e+03
6.026000000000000000e+03 6.484000000000000000e+03
6.031000000000000000e+03 7.141000000000000000e+03
6.152000000000000000e+03 7.460000000000000000e+03
6.437000000000000000e+03 7.459000000000000000e+03
6.489000000000000000e+03 7.477000000000000000e+03
6.350000000000000000e+03 7.239000000000000000e+03
6.135000000000000000e+03 6.399000000000000000e+03
4.488000000000000000e+03 7.105000000000000000e+03
4.553000000000000000e+03 7.171000000000000000e+03
4.501000000000000000e+03 7.274000000000000000e+03
4.506000000000000000e+03 7.223000000000000000e+03
4.674000000000000000e+03 7.093000000000000000e+03
4.703000000000000000e+03 7.232000000000000000e+03
4.511000000000000000e+03 7.011000000000000000e+03
4.620000000000000000e+03 7.022000000000000000e+03
4.763000000000000000e+03 7.194000000000000000e+03
4.408000000000000000e+03 7.151000000000000000e+03
4.399000000000000000e+03 7.177000000000000000e+03
5.341000000000000000e+03 6.847000000000000000e+03
4.967000000000000000e+03 7.321000000000000000e+03
5.204000000000000000e+03 7.014000000000000000e+03
5.097000000000000000e+03 6.689000000000000000e+03
4.633000000000000000e+03 7.364000000000000000e+03
4.655000000000000000e+03 6.880000000000000000e+03
4.594000000000000000e+03 7.428000000000000000e+03
4.537000000000000000e+03 7.388000000000000000e+03
5.077000000000000000e+03 6.803000000000000000e+03
4.855000000000000000e+03 6.937000000000000000e+03
4.790000000000000000e+03 7.330000000000000000e+03
4.725000000000000000e+03 7.326000000000000000e+03
5.890000000000000000e+03 7.404000000000000000e+03
5.859000000000000000e+03 7.446000000000000000e+03
5.769000000000000000e+03 7.447000000000000000e+03
5.737000000000000000e+03 7.351000000000000000e+03
6.000000000000000000e+03 7.401000000000000000e+03
5.635000000000000000e+03 7.298000000000000000e+03
5.813000000000000000e+03 7.414000000000000000e+03
5.904000000000000000e+03 7.365000000000000000e+03
4.549000000000000000e+03 6.736000000000000000e+03
4.520000000000000000e+03 6.669000000000000000e+03
4.429000000000000000e+03 6.733000000000000000e+03
4.387000000000000000e+03 6.692000000000000000e+03
5.544000000000000000e+03 7.300000000000000000e+03
4.855000000000000000e+03 7.062000000000000000e+03
4.601000000000000000e+03 6.700000000000000000e+03
4.648000000000000000e+03 6.767000000000000000e+03
5.007000000000000000e+03 6.608000000000000000e+03
4.449000000000000000e+03 4.685000000000000000e+03
4.458000000000000000e+03 4.844000000000000000e+03
4.578000000000000000e+03 5.618000000000000000e+03
4.534000000000000000e+03 5.881000000000000000e+03
4.537000000000000000e+03 5.657000000000000000e+03
4.539000000000000000e+03 6.215000000000000000e+03
4.634000000000000000e+03 6.495000000000000000e+03
4.553000000000000000e+03 6.556000000000000000e+03
4.561000000000000000e+03 5.534000000000000000e+03
4.595000000000000000e+03 6.466000000000000000e+03
4.596000000000000000e+03 6.414000000000000000e+03
4.563000000000000000e+03 6.383000000000000000e+03
4.636000000000000000e+03 5.629000000000000000e+03
4.597000000000000000e+03 6.255000000000000000e+03
4.619000000000000000e+03 4.650000000000000000e+03
4.658000000000000000e+03 4.650000000000000000e+03
4.641000000000000000e+03 4.385000000000000000e+03
4.645000000000000000e+03 4.560000000000000000e+03
4.533000000000000000e+03 4.651000000000000000e+03
4.409000000000000000e+03 4.646000000000000000e+03
4.504000000000000000e+03 4.636000000000000000e+03
4.549000000000000000e+03 4.677000000000000000e+03
4.573000000000000000e+03 4.451000000000000000e+03
4.603000000000000000e+03 4.411000000000000000e+03
4.485000000000000000e+03 4.375000000000000000e+03
4.544000000000000000e+03 4.305000000000000000e+03
4.428000000000000000e+03 4.422000000000000000e+03
4.408000000000000000e+03 4.389000000000000000e+03
4.402000000000000000e+03 4.523000000000000000e+03
4.362000000000000000e+03 4.640000000000000000e+03
4.661000000000000000e+03 6.339000000000000000e+03
5.586000000000000000e+03 6.922000000000000000e+03
4.518000000000000000e+03 5.999000000000000000e+03
4.497000000000000000e+03 6.214000000000000000e+03
6.057000000000000000e+03 6.732000000000000000e+03
5.800000000000000000e+03 6.875000000000000000e+03
5.255000000000000000e+03 7.266000000000000000e+03
5.473000000000000000e+03 7.244000000000000000e+03
5.418000000000000000e+03 6.193000000000000000e+03
4.481000000000000000e+03 6.405000000000000000e+03
4.470000000000000000e+03 6.259000000000000000e+03
4.463000000000000000e+03 5.639000000000000000e+03
4.420000000000000000e+03 6.575000000000000000e+03
4.420000000000000000e+03 6.490000000000000000e+03
4.339000000000000000e+03 5.938000000000000000e+03
4.390000000000000000e+03 6.416000000000000000e+03
4.466000000000000000e+03 6.838000000000000000e+03
4.512000000000000000e+03 6.841000000000000000e+03
4.631000000000000000e+03 7.024000000000000000e+03
4.967000000000000000e+03 6.998000000000000000e+03
5.511000000000000000e+03 7.335000000000000000e+03
5.471000000000000000e+03 7.273000000000000000e+03
5.386000000000000000e+03 7.326000000000000000e+03
4.909000000000000000e+03 7.237000000000000000e+03
6.466000000000000000e+03 6.419000000000000000e+03
5.199000000000000000e+03 7.435000000000000000e+03
5.764000000000000000e+03 6.830000000000000000e+03
6.288000000000000000e+03 6.624000000000000000e+03
5.913000000000000000e+03 6.863000000000000000e+03
5.590000000000000000e+03 7.003000000000000000e+03
5.440000000000000000e+03 7.470000000000000000e+03
5.377000000000000000e+03 7.460000000000000000e+03
3.414000000000000000e+03 4.948000000000000000e+03
3.405000000000000000e+03 4.998000000000000000e+03
2.958000000000000000e+03 5.040000000000000000e+03
3.419000000000000000e+03 4.811000000000000000e+03
2.836000000000000000e+03 5.034000000000000000e+03
2.642000000000000000e+03 5.012000000000000000e+03
2.732000000000000000e+03 5.030000000000000000e+03
2.556000000000000000e+03 5.159000000000000000e+03
2.729000000000000000e+03 5.149000000000000000e+03
2.487000000000000000e+03 5.116000000000000000e+03
2.533000000000000000e+03 5.022000000000000000e+03
3.197000000000000000e+03 5.167000000000000000e+03
2.843000000000000000e+03 5.186000000000000000e+03
3.310000000000000000e+03 5.128000000000000000e+03
3.189000000000000000e+03 5.151000000000000000e+03
2.620000000000000000e+03 5.252000000000000000e+03
2.780000000000000000e+03 5.284000000000000000e+03
2.627000000000000000e+03 5.284000000000000000e+03
2.535000000000000000e+03 5.240000000000000000e+03
3.057000000000000000e+03 5.179000000000000000e+03
2.933000000000000000e+03 5.277000000000000000e+03
2.816000000000000000e+03 5.380000000000000000e+03
2.888000000000000000e+03 5.360000000000000000e+03
2.609000000000000000e+03 5.255000000000000000e+03
3.227000000000000000e+03 5.257000000000000000e+03
2.623000000000000000e+03 5.408000000000000000e+03
4.243000000000000000e+03 4.705000000000000000e+03
2.399000000000000000e+03 5.396000000000000000e+03
2.527000000000000000e+03 5.386000000000000000e+03
2.355000000000000000e+03 5.206000000000000000e+03
2.338000000000000000e+03 5.364000000000000000e+03
3.999000000000000000e+03 5.201000000000000000e+03
3.414000000000000000e+03 5.247000000000000000e+03
3.459000000000000000e+03 5.200000000000000000e+03
3.075000000000000000e+03 5.424000000000000000e+03
3.094000000000000000e+03 5.367000000000000000e+03
3.108000000000000000e+03 5.279000000000000000e+03
3.087000000000000000e+03 5.419000000000000000e+03
3.465000000000000000e+03 5.393000000000000000e+03
3.701000000000000000e+03 5.153000000000000000e+03
3.367000000000000000e+03 5.401000000000000000e+03
3.314000000000000000e+03 5.407000000000000000e+03
3.919000000000000000e+03 4.932000000000000000e+03
3.579000000000000000e+03 5.356000000000000000e+03
3.806000000000000000e+03 5.111000000000000000e+03
4.194000000000000000e+03 4.823000000000000000e+03
3.547000000000000000e+03 5.207000000000000000e+03
4.035000000000000000e+03 5.011000000000000000e+03
3.509000000000000000e+03 5.317000000000000000e+03
3.454000000000000000e+03 5.216000000000000000e+03
3.662000000000000000e+03 5.089000000000000000e+03
3.644000000000000000e+03 5.111000000000000000e+03
3.956000000000000000e+03 4.883000000000000000e+03
3.668000000000000000e+03 5.178000000000000000e+03
3.381000000000000000e+03 5.005000000000000000e+03
3.426000000000000000e+03 5.037000000000000000e+03
3.314000000000000000e+03 4.969000000000000000e+03
3.429000000000000000e+03 4.953000000000000000e+03
3.250000000000000000e+03 5.029000000000000000e+03
3.301000000000000000e+03 4.970000000000000000e+03
3.163000000000000000e+03 5.062000000000000000e+03
3.354000000000000000e+03 5.060000000000000000e+03
4.359000000000000000e+03 2.926000000000000000e+03
4.429000000000000000e+03 2.707000000000000000e+03
4.426000000000000000e+03 2.856000000000000000e+03
4.501000000000000000e+03 2.651000000000000000e+03
4.397000000000000000e+03 2.601000000000000000e+03
4.528000000000000000e+03 2.611000000000000000e+03
4.497000000000000000e+03 2.681000000000000000e+03
4.426000000000000000e+03 2.973000000000000000e+03
4.349000000000000000e+03 2.898000000000000000e+03
4.501000000000000000e+03 2.986000000000000000e+03
4.409000000000000000e+03 3.015000000000000000e+03
4.286000000000000000e+03 2.695000000000000000e+03
4.383000000000000000e+03 2.694000000000000000e+03
4.308000000000000000e+03 2.785000000000000000e+03
4.326000000000000000e+03 2.632000000000000000e+03
4.527000000000000000e+03 3.125000000000000000e+03
4.538000000000000000e+03 3.085000000000000000e+03
4.604000000000000000e+03 3.360000000000000000e+03
4.566000000000000000e+03 3.281000000000000000e+03
4.491000000000000000e+03 3.710000000000000000e+03
4.517000000000000000e+03 3.828000000000000000e+03
4.415000000000000000e+03 3.763000000000000000e+03
4.595000000000000000e+03 3.595000000000000000e+03
4.371000000000000000e+03 3.021000000000000000e+03
4.323000000000000000e+03 3.074000000000000000e+03
4.312000000000000000e+03 3.151000000000000000e+03
4.323000000000000000e+03 3.181000000000000000e+03
4.326000000000000000e+03 3.439000000000000000e+03
4.254000000000000000e+03 3.549000000000000000e+03
4.275000000000000000e+03 3.334000000000000000e+03
4.281000000000000000e+03 3.081000000000000000e+03
4.380000000000000000e+03 3.638000000000000000e+03
4.334000000000000000e+03 3.630000000000000000e+03
4.486000000000000000e+03 3.360000000000000000e+03
4.459000000000000000e+03 3.545000000000000000e+03
4.426000000000000000e+03 3.179000000000000000e+03
4.393000000000000000e+03 3.333000000000000000e+03
4.394000000000000000e+03 3.630000000000000000e+03
4.362000000000000000e+03 3.493000000000000000e+03
4.614000000000000000e+03 2.810000000000000000e+03
4.684000000000000000e+03 2.748000000000000000e+03
4.597000000000000000e+03 2.861000000000000000e+03
4.645000000000000000e+03 2.988000000000000000e+03
4.687000000000000000e+03 3.116000000000000000e+03
4.661000000000000000e+03 3.099000000000000000e+03
4.381000000000000000e+03 3.563000000000000000e+03
4.506000000000000000e+03 3.633000000000000000e+03
4.677000000000000000e+03 3.442000000000000000e+03
4.663000000000000000e+03 3.912000000000000000e+03
4.733000000000000000e+03 4.842000000000000000e+03
5.087000000000000000e+03 4.917000000000000000e+03
4.640000000000000000e+03 3.826000000000000000e+03
5.078000000000000000e+03 3.873000000000000000e+03
5.500000000000000000e+03 4.828000000000000000e+03
5.399000000000000000e+03 4.934000000000000000e+03
4.691000000000000000e+03 3.890000000000000000e+03
4.691000000000000000e+03 3.736000000000000000e+03
4.396000000000000000e+03 3.877000000000000000e+03
4.685000000000000000e+03 3.476000000000000000e+03
4.644000000000000000e+03 3.687000000000000000e+03
4.573000000000000000e+03 3.138000000000000000e+03
4.622000000000000000e+03 3.945000000000000000e+03
4.565000000000000000e+03 3.879000000000000000e+03
4.765000000000000000e+03 5.972000000000000000e+03
4.672000000000000000e+03 5.874000000000000000e+03
4.638000000000000000e+03 5.712000000000000000e+03
4.571000000000000000e+03 5.669000000000000000e+03
4.555000000000000000e+03 5.747000000000000000e+03
4.519000000000000000e+03 5.810000000000000000e+03
4.528000000000000000e+03 5.862000000000000000e+03
5.430000000000000000e+03 6.117000000000000000e+03
4.962000000000000000e+03 6.685000000000000000e+03
5.388000000000000000e+03 7.031000000000000000e+03
5.405000000000000000e+03 6.585000000000000000e+03
4.827000000000000000e+03 6.589000000000000000e+03
5.010000000000000000e+03 7.181000000000000000e+03
4.725000000000000000e+03 6.028000000000000000e+03
4.605000000000000000e+03 6.035000000000000000e+03
2.174000000000000000e+03 5.298000000000000000e+03
2.750000000000000000e+03 5.124000000000000000e+03
2.150000000000000000e+03 5.217000000000000000e+03
2.061000000000000000e+03 5.204000000000000000e+03
2.786000000000000000e+03 5.232000000000000000e+03
3.934000000000000000e+03 4.740000000000000000e+03
2.348000000000000000e+03 5.284000000000000000e+03
2.142000000000000000e+03 5.334000000000000000e+03
8.550000000000000000e+02 5.224000000000000000e+03
1.209000000000000000e+03 5.123000000000000000e+03
6.650000000000000000e+02 5.140000000000000000e+03
6.800000000000000000e+02 5.176000000000000000e+03
9.910000000000000000e+02 5.275000000000000000e+03
3.334000000000000000e+03 4.574000000000000000e+03
1.812000000000000000e+03 4.974000000000000000e+03
2.148000000000000000e+03 4.984000000000000000e+03
3.146000000000000000e+03 5.311000000000000000e+03
3.379000000000000000e+03 4.983000000000000000e+03
1.642000000000000000e+03 5.344000000000000000e+03
3.466000000000000000e+03 5.336000000000000000e+03
4.330000000000000000e+03 5.360000000000000000e+03
3.458000000000000000e+03 5.323000000000000000e+03
4.092000000000000000e+03 5.339000000000000000e+03
4.540000000000000000e+03 5.553000000000000000e+03
4.564000000000000000e+03 5.533000000000000000e+03
4.593000000000000000e+03 5.406000000000000000e+03
4.528000000000000000e+03 5.465000000000000000e+03
3.547000000000000000e+03 5.319000000000000000e+03
4.349000000000000000e+03 5.379000000000000000e+03
4.476000000000000000e+03 5.360000000000000000e+03
4.288000000000000000e+03 5.369000000000000000e+03
2.383000000000000000e+03 5.023000000000000000e+03
2.362000000000000000e+03 5.042000000000000000e+03
2.574000000000000000e+03 4.978000000000000000e+03
2.351000000000000000e+03 5.027000000000000000e+03
2.199000000000000000e+03 5.027000000000000000e+03
2.292000000000000000e+03 5.021000000000000000e+03
2.189000000000000000e+03 5.088000000000000000e+03
2.130000000000000000e+03 5.104000000000000000e+03
4.940000000000000000e+02 5.158000000000000000e+03
5.230000000000000000e+02 5.153000000000000000e+03
5.900000000000000000e+02 5.097000000000000000e+03
4.990000000000000000e+02 5.056000000000000000e+03
7.120000000000000000e+02 5.133000000000000000e+03
6.370000000000000000e+02 5.005000000000000000e+03
3.261000000000000000e+03 4.972000000000000000e+03
3.635000000000000000e+03 5.022000000000000000e+03
3.481000000000000000e+03 5.035000000000000000e+03
3.513000000000000000e+03 5.016000000000000000e+03
3.728000000000000000e+03 4.970000000000000000e+03
4.288000000000000000e+03 4.697000000000000000e+03
4.189000000000000000e+03 4.766000000000000000e+03
2.644000000000000000e+03 4.778000000000000000e+03
1.026000000000000000e+03 5.385000000000000000e+03
1.719000000000000000e+03 5.161000000000000000e+03
1.631000000000000000e+03 5.272000000000000000e+03
1.527000000000000000e+03 5.213000000000000000e+03
1.397000000000000000e+03 5.321000000000000000e+03
1.371000000000000000e+03 5.393000000000000000e+03
1.397000000000000000e+03 5.357000000000000000e+03
1.245000000000000000e+03 5.337000000000000000e+03
1.394000000000000000e+03 5.405000000000000000e+03
4.064000000000000000e+03 5.054000000000000000e+03
4.010000000000000000e+03 5.119000000000000000e+03
4.324000000000000000e+03 4.753000000000000000e+03
4.523000000000000000e+03 4.658000000000000000e+03
3.946000000000000000e+03 5.275000000000000000e+03
3.985000000000000000e+03 5.302000000000000000e+03
3.946000000000000000e+03 5.155000000000000000e+03
3.848000000000000000e+03 5.226000000000000000e+03
4.347000000000000000e+03 5.217000000000000000e+03
4.437000000000000000e+03 5.033000000000000000e+03
4.240000000000000000e+03 5.198000000000000000e+03
4.291000000000000000e+03 5.232000000000000000e+03
4.389000000000000000e+03 5.109000000000000000e+03
4.385000000000000000e+03 4.940000000000000000e+03
4.556000000000000000e+03 5.129000000000000000e+03
4.411000000000000000e+03 5.011000000000000000e+03
7.870000000000000000e+02 5.332000000000000000e+03
1.098000000000000000e+03 5.421000000000000000e+03
7.450000000000000000e+02 5.402000000000000000e+03
8.980000000000000000e+02 5.383000000000000000e+03
2.893000000000000000e+03 5.529000000000000000e+03
4.280000000000000000e+03 5.731000000000000000e+03
3.722000000000000000e+03 6.019000000000000000e+03
4.220000000000000000e+03 6.554000000000000000e+03
3.185000000000000000e+03 6.200000000000000000e+03
2.799000000000000000e+03 6.160000000000000000e+03
3.167000000000000000e+03 5.772000000000000000e+03
3.825000000000000000e+03 6.363000000000000000e+03
4.212000000000000000e+03 6.216000000000000000e+03
3.264000000000000000e+03 7.319000000000000000e+03
3.500000000000000000e+03 5.870000000000000000e+03
2.093000000000000000e+03 5.648000000000000000e+03
5.520000000000000000e+02 5.375000000000000000e+03
5.410000000000000000e+02 5.318000000000000000e+03
4.026000000000000000e+03 5.538000000000000000e+03
2.015000000000000000e+03 5.476000000000000000e+03
4.053000000000000000e+03 5.350000000000000000e+03
3.857000000000000000e+03 5.274000000000000000e+03
3.784000000000000000e+03 5.523000000000000000e+03
3.969000000000000000e+03 5.463000000000000000e+03
4.327000000000000000e+03 5.109000000000000000e+03
4.068000000000000000e+03 5.069000000000000000e+03
4.428000000000000000e+03 5.496000000000000000e+03
4.445000000000000000e+03 5.307000000000000000e+03
4.378000000000000000e+03 6.067000000000000000e+03
4.390000000000000000e+03 5.900000000000000000e+03
4.150000000000000000e+03 5.257000000000000000e+03
4.403000000000000000e+03 5.973000000000000000e+03
4.090000000000000000e+02 2.000000000000000000e+02
3.430000000000000000e+02 2.520000000000000000e+03
4.260000000000000000e+02 5.480000000000000000e+03
4.736000000000000000e+03 9.900000000000000000e+02
4.683000000000000000e+03 5.590000000000000000e+03
-4.000000000000000000e+00 0.000000000000000000e+00
7.164000000000000000e+03 0.000000000000000000e+00
3.000000000000000000e+00 0.000000000000000000e+00
