6.718000000000000000e+03 2.774000000000000000e+03
6.603000000000000000e+03 2.955000000000000000e+03
6.695000000000000000e+03 2.613000000000000000e+03
6.386000000000000000e+03 2.979000000000000000e+03
6.429000000000000000e+03 3.097000000000000000e+03
6.457000000000000000e+03 3.140000000000000000e+03
6.490000000000000000e+03 3.280000000000000000e+03
6.602000000000000000e+03 2.422000000000000000e+03
6.710000000000000000e+03 2.444000000000000000e+03
6.634000000000000000e+03 2.540000000000000000e+03
6.734000000000000000e+03 2.522000000000000000e+03
6.663000000000000000e+03 2.300000000000000000e+03
6.795000000000000000e+03 2.331000000000000000e+03
6.593000000000000000e+03 2.337000000000000000e+03
6.650000000000000000e+03 2.277000000000000000e+03
6.909000000000000000e+03 3.935000000000000000e+03
6.962000000000000000e+03 3.754000000000000000e+03
6.992000000000000000e+03 4.007000000000000000e+03
7.053000000000000000e+03 3.967000000000000000e+03
6.853000000000000000e+03 3.508000000000000000e+03
6.739000000000000000e+03 3.797000000000000000e+03
6.947000000000000000e+03 3.646000000000000000e+03
6.911000000000000000e+03 3.856000000000000000e+03
6.950000000000000000e+03 3.568000000000000000e+03
6.910000000000000000e+03 3.603000000000000000e+03
6.904000000000000000e+03 3.256000000000000000e+03
7.113000000000000000e+03 3.094000000000000000e+03
6.758000000000000000e+03 3.235000000000000000e+03
6.684000000000000000e+03 3.613000000000000000e+03
6.616000000000000000e+03 3.118000000000000000e+03
6.492000000000000000e+03 3.004000000000000000e+03
6.228000000000000000e+03 3.019000000000000000e+03
5.887000000000000000e+03 2.793000000000000000e+03
6.224000000000000000e+03 2.917000000000000000e+03
5.700000000000000000e+03 2.700000000000000000e+03
5.875000000000000000e+03 2.900000000000000000e+03
5.876000000000000000e+03 2.935000000000000000e+03
5.696000000000000000e+03 2.791000000000000000e+03
6.194000000000000000e+03 3.209000000000000000e+03
6.193000000000000000e+03 3.139000000000000000e+03
6.222000000000000000e+03 3.090000000000000000e+03
6.137000000000000000e+03 3.095000000000000000e+03
6.060000000000000000e+03 3.010000000000000000e+03
5.905000000000000000e+03 2.867000000000000000e+03
5.821000000000000000e+03 2.972000000000000000e+03
6.090000000000000000e+03 2.930000000000000000e+03
6.212000000000000000e+03 2.832000000000000000e+03
6.107000000000000000e+03 2.821000000000000000e+03
6.110000000000000000e+03 2.746000000000000000e+03
6.269000000000000000e+03 2.870000000000000000e+03
6.343000000000000000e+03 3.108000000000000000e+03
6.256000000000000000e+03 3.069000000000000000e+03
6.174000000000000000e+03 2.880000000000000000e+03
6.299000000000000000e+03 2.971000000000000000e+03
6.047000000000000000e+03 2.815000000000000000e+03
5.671000000000000000e+03 2.682000000000000000e+03
5.989000000000000000e+03 3.105000000000000000e+03
5.883000000000000000e+03 2.999000000000000000e+03
5.984000000000000000e+03 3.258000000000000000e+03
5.964000000000000000e+03 3.195000000000000000e+03
5.909000000000000000e+03 3.105000000000000000e+03
5.924000000000000000e+03 3.122000000000000000e+03
6.474000000000000000e+03 2.743000000000000000e+03
6.669000000000000000e+03 2.802000000000000000e+03
6.567000000000000000e+03 2.812000000000000000e+03
7.073000000000000000e+03 2.861000000000000000e+03
7.073000000000000000e+03 2.871000000000000000e+03
6.847000000000000000e+03 2.835000000000000000e+03
6.861000000000000000e+03 2.803000000000000000e+03
6.531000000000000000e+03 2.453000000000000000e+03
6.426000000000000000e+03 2.421000000000000000e+03
6.374000000000000000e+03 2.389000000000000000e+03
6.454000000000000000e+03 2.303000000000000000e+03
6.410000000000000000e+03 2.595000000000000000e+03
6.506000000000000000e+03 2.585000000000000000e+03
5.988000000000000000e+03 2.674000000000000000e+03
6.069000000000000000e+03 2.494000000000000000e+03
5.973000000000000000e+03 2.380000000000000000e+03
5.583000000000000000e+03 2.422000000000000000e+03
6.054000000000000000e+03 2.282000000000000000e+03
6.030000000000000000e+03 2.366000000000000000e+03
6.008000000000000000e+03 2.631000000000000000e+03
5.972000000000000000e+03 2.503000000000000000e+03
6.066000000000000000e+03 2.582000000000000000e+03
6.115000000000000000e+03 2.633000000000000000e+03
6.877000000000000000e+03 2.904000000000000000e+03
6.770000000000000000e+03 2.894000000000000000e+03
7.032000000000000000e+03 2.973000000000000000e+03
7.090000000000000000e+03 2.957000000000000000e+03
6.587000000000000000e+03 2.899000000000000000e+03
6.736000000000000000e+03 2.921000000000000000e+03
6.409000000000000000e+03 2.848000000000000000e+03
6.543000000000000000e+03 2.932000000000000000e+03
5.662000000000000000e+03 2.267000000000000000e+03
5.682000000000000000e+03 2.370000000000000000e+03
5.641000000000000000e+03 2.392000000000000000e+03
5.495000000000000000e+03 2.329000000000000000e+03
5.644000000000000000e+03 2.603000000000000000e+03
5.709000000000000000e+03 2.630000000000000000e+03
5.574000000000000000e+03 2.479000000000000000e+03
5.615000000000000000e+03 2.584000000000000000e+03
5.596000000000000000e+03 2.280000000000000000e+03
5.308000000000000000e+03 2.274000000000000000e+03
5.431000000000000000e+03 2.293000000000000000e+03
5.523000000000000000e+03 2.284000000000000000e+03
5.401000000000000000e+03 2.335000000000000000e+03
5.401000000000000000e+03 2.420000000000000000e+03
5.507000000000000000e+03 2.495000000000000000e+03
5.475000000000000000e+03 2.456000000000000000e+03
5.803000000000000000e+03 2.500000000000000000e+03
5.801000000000000000e+03 2.579000000000000000e+03
5.902000000000000000e+03 2.612000000000000000e+03
5.902000000000000000e+03 2.650000000000000000e+03
5.822000000000000000e+03 2.280000000000000000e+03
5.863000000000000000e+03 2.308000000000000000e+03
5.657000000000000000e+03 2.249000000000000000e+03
5.828000000000000000e+03 2.420000000000000000e+03
6.212000000000000000e+03 2.620000000000000000e+03
6.285000000000000000e+03 2.627000000000000000e+03
6.232000000000000000e+03 2.494000000000000000e+03
6.324000000000000000e+03 2.555000000000000000e+03
6.308000000000000000e+03 2.312000000000000000e+03
6.245000000000000000e+03 2.305000000000000000e+03
6.143000000000000000e+03 2.485000000000000000e+03
6.201000000000000000e+03 2.428000000000000000e+03
6.859000000000000000e+03 1.244000000000000000e+03
7.183000000000000000e+03 9.080000000000000000e+02
7.244000000000000000e+03 8.610000000000000000e+02
6.772000000000000000e+03 2.411000000000000000e+03
6.790000000000000000e+03 1.574000000000000000e+03
6.854000000000000000e+03 1.874000000000000000e+03
6.840000000000000000e+03 2.360000000000000000e+03
6.929000000000000000e+03 2.339000000000000000e+03
6.853000000000000000e+03 1.406000000000000000e+03
6.899000000000000000e+03 2.415000000000000000e+03
6.929000000000000000e+03 2.449000000000000000e+03
6.995000000000000000e+03 2.288000000000000000e+03
7.054000000000000000e+03 2.365000000000000000e+03
7.036000000000000000e+03 2.349000000000000000e+03
7.021000000000000000e+03 2.344000000000000000e+03
7.016000000000000000e+03 2.482000000000000000e+03
7.174000000000000000e+03 2.501000000000000000e+03
7.133000000000000000e+03 2.560000000000000000e+03
7.109000000000000000e+03 2.547000000000000000e+03
7.018000000000000000e+03 2.567000000000000000e+03
6.972000000000000000e+03 2.553000000000000000e+03
6.758000000000000000e+03 2.670000000000000000e+03
6.787000000000000000e+03 2.613000000000000000e+03
6.965000000000000000e+03 2.463000000000000000e+03
7.210000000000000000e+03 2.297000000000000000e+03
6.769000000000000000e+03 2.608000000000000000e+03
6.769000000000000000e+03 2.516000000000000000e+03
7.145000000000000000e+03 2.370000000000000000e+03
7.222000000000000000e+03 2.425000000000000000e+03
7.198000000000000000e+03 2.272000000000000000e+03
7.209000000000000000e+03 2.376000000000000000e+03
6.300000000000000000e+03 2.402000000000000000e+03
2.411000000000000000e+03 1.134000000000000000e+03
3.272000000000000000e+03 1.536000000000000000e+03
6.576000000000000000e+03 2.733000000000000000e+03
6.664000000000000000e+03 3.082000000000000000e+03
6.474000000000000000e+03 2.981000000000000000e+03
6.547000000000000000e+03 2.933000000000000000e+03
5.678000000000000000e+03 2.569000000000000000e+03
6.803000000000000000e+03 3.041000000000000000e+03
6.777000000000000000e+03 3.087000000000000000e+03
6.839000000000000000e+03 3.033000000000000000e+03
7.000000000000000000e+03 3.061000000000000000e+03
6.741000000000000000e+03 2.918000000000000000e+03
6.966000000000000000e+03 3.055000000000000000e+03
6.903000000000000000e+03 3.134000000000000000e+03
2.444000000000000000e+03 1.363000000000000000e+03
2.427000000000000000e+03 1.320000000000000000e+03
2.417000000000000000e+03 1.207000000000000000e+03
2.386000000000000000e+03 1.183000000000000000e+03
2.306000000000000000e+03 1.266000000000000000e+03
2.327000000000000000e+03 1.409000000000000000e+03
2.708000000000000000e+03 1.579000000000000000e+03
2.837000000000000000e+03 1.461000000000000000e+03
6.850000000000000000e+03 2.718000000000000000e+03
6.899000000000000000e+03 2.705000000000000000e+03
6.698000000000000000e+03 2.661000000000000000e+03
6.648000000000000000e+03 2.730000000000000000e+03
7.090000000000000000e+03 2.770000000000000000e+03
7.093000000000000000e+03 2.703000000000000000e+03
6.985000000000000000e+03 2.679000000000000000e+03
6.998000000000000000e+03 2.722000000000000000e+03
2.145000000000000000e+03 1.865000000000000000e+03
2.292000000000000000e+03 2.039000000000000000e+03
2.365000000000000000e+03 2.058000000000000000e+03
2.407000000000000000e+03 2.089000000000000000e+03
2.387000000000000000e+03 2.115000000000000000e+03
3.378000000000000000e+03 2.273000000000000000e+03
2.312000000000000000e+03 2.157000000000000000e+03
2.325000000000000000e+03 1.789000000000000000e+03
2.260000000000000000e+03 1.820000000000000000e+03
2.900000000000000000e+03 1.869000000000000000e+03
2.370000000000000000e+03 1.848000000000000000e+03
2.377000000000000000e+03 1.997000000000000000e+03
3.035000000000000000e+03 2.086000000000000000e+03
2.403000000000000000e+03 1.917000000000000000e+03
2.400000000000000000e+03 1.869000000000000000e+03
1.940000000000000000e+03 2.280000000000000000e+03
2.029000000000000000e+03 2.175000000000000000e+03
2.076000000000000000e+03 2.153000000000000000e+03
2.128000000000000000e+03 2.092000000000000000e+03
2.182000000000000000e+03 2.276000000000000000e+03
2.948000000000000000e+03 2.363000000000000000e+03
2.102000000000000000e+03 2.334000000000000000e+03
2.055000000000000000e+03 2.259000000000000000e+03
1.905000000000000000e+03 2.028000000000000000e+03
3.409000000000000000e+03 2.227000000000000000e+03
2.231000000000000000e+03 1.734000000000000000e+03
2.174000000000000000e+03 1.747000000000000000e+03
2.007000000000000000e+03 2.085000000000000000e+03
1.945000000000000000e+03 2.122000000000000000e+03
2.187000000000000000e+03 2.112000000000000000e+03
2.639000000000000000e+03 2.181000000000000000e+03
3.943000000000000000e+03 5.840000000000000000e+02
4.778000000000000000e+03 6.360000000000000000e+02
3.880000000000000000e+03 5.340000000000000000e+02
4.145000000000000000e+03 6.030000000000000000e+02
2.484000000000000000e+03 5.360000000000000000e+02
2.395000000000000000e+03 6.280000000000000000e+02
2.564000000000000000e+03 7.670000000000000000e+02
2.496000000000000000e+03 8.810000000000000000e+02
2.408000000000000000e+03 6.280000000000000000e+02
2.429000000000000000e+03 6.670000000000000000e+02
2.367000000000000000e+03 7.320000000000000000e+02
3.069000000000000000e+03 8.750000000000000000e+02
5.433000000000000000e+03 3.010000000000000000e+02
5.432000000000000000e+03 1.399000000000000000e+03
2.435000000000000000e+03 6.980000000000000000e+02
4.375000000000000000e+03 1.501000000000000000e+03
2.956000000000000000e+03 1.007000000000000000e+03
2.407000000000000000e+03 1.076000000000000000e+03
2.232000000000000000e+03 1.277000000000000000e+03
2.300000000000000000e+03 1.266000000000000000e+03
2.280000000000000000e+03 1.031000000000000000e+03
2.312000000000000000e+03 1.047000000000000000e+03
2.245000000000000000e+03 1.025000000000000000e+03
2.250000000000000000e+03 1.038000000000000000e+03
2.376000000000000000e+03 1.050000000000000000e+03
2.390000000000000000e+03 8.850000000000000000e+02
2.448000000000000000e+03 9.780000000000000000e+02
2.473000000000000000e+03 1.060000000000000000e+03
2.489000000000000000e+03 1.395000000000000000e+03
4.992000000000000000e+03 2.124000000000000000e+03
2.319000000000000000e+03 7.980000000000000000e+02
3.403000000000000000e+03 1.500000000000000000e+03
5.201000000000000000e+03 2.848000000000000000e+03
4.999000000000000000e+03 2.760000000000000000e+03
5.085000000000000000e+03 2.769000000000000000e+03
4.838000000000000000e+03 3.023000000000000000e+03
4.715000000000000000e+03 2.951000000000000000e+03
4.724000000000000000e+03 2.934000000000000000e+03
4.805000000000000000e+03 2.934000000000000000e+03
5.344000000000000000e+03 2.844000000000000000e+03
5.387000000000000000e+03 2.800000000000000000e+03
5.172000000000000000e+03 2.775000000000000000e+03
5.313000000000000000e+03 2.826000000000000000e+03
5.478000000000000000e+03 2.798000000000000000e+03
5.484000000000000000e+03 2.881000000000000000e+03
5.568000000000000000e+03 2.856000000000000000e+03
5.635000000000000000e+03 2.929000000000000000e+03
4.983000000000000000e+03 3.052000000000000000e+03
5.014000000000000000e+03 2.492000000000000000e+03
4.941000000000000000e+03 3.060000000000000000e+03
4.803000000000000000e+03 3.034000000000000000e+03
5.212000000000000000e+03 3.008000000000000000e+03
5.268000000000000000e+03 2.970000000000000000e+03
5.284000000000000000e+03 2.966000000000000000e+03
5.013000000000000000e+03 2.966000000000000000e+03
5.553000000000000000e+03 2.726000000000000000e+03
5.463000000000000000e+03 2.650000000000000000e+03
5.432000000000000000e+03 2.597000000000000000e+03
5.551000000000000000e+03 2.594000000000000000e+03
5.230000000000000000e+03 2.505000000000000000e+03
5.296000000000000000e+03 2.567000000000000000e+03
5.100000000000000000e+03 2.493000000000000000e+03
5.150000000000000000e+03 2.498000000000000000e+03
4.791000000000000000e+03 3.230000000000000000e+03
5.228000000000000000e+03 2.931000000000000000e+03
5.360000000000000000e+03 2.914000000000000000e+03
5.169000000000000000e+03 2.862000000000000000e+03
5.129000000000000000e+03 2.854000000000000000e+03
5.031000000000000000e+03 2.871000000000000000e+03
5.096000000000000000e+03 2.906000000000000000e+03
4.818000000000000000e+03 2.847000000000000000e+03
4.895000000000000000e+03 2.835000000000000000e+03
4.849000000000000000e+03 2.907000000000000000e+03
4.997000000000000000e+03 2.923000000000000000e+03
4.795000000000000000e+03 2.773000000000000000e+03
4.836000000000000000e+03 2.922000000000000000e+03
4.798000000000000000e+03 2.728000000000000000e+03
4.866000000000000000e+03 2.787000000000000000e+03
5.150000000000000000e+03 2.597000000000000000e+03
4.997000000000000000e+03 3.747000000000000000e+03
5.174000000000000000e+03 2.667000000000000000e+03
5.117000000000000000e+03 2.662000000000000000e+03
5.258000000000000000e+03 2.670000000000000000e+03
5.201000000000000000e+03 2.670000000000000000e+03
5.355000000000000000e+03 2.678000000000000000e+03
5.429000000000000000e+03 2.698000000000000000e+03
4.841000000000000000e+03 2.605000000000000000e+03
4.869000000000000000e+03 2.702000000000000000e+03
4.951000000000000000e+03 2.664000000000000000e+03
4.943000000000000000e+03 2.672000000000000000e+03
5.155000000000000000e+03 2.546000000000000000e+03
4.905000000000000000e+03 3.379000000000000000e+03
4.993000000000000000e+03 2.633000000000000000e+03
5.026000000000000000e+03 2.669000000000000000e+03
5.623000000000000000e+03 3.179000000000000000e+03
5.276000000000000000e+03 3.148000000000000000e+03
5.350000000000000000e+03 3.176000000000000000e+03
5.439000000000000000e+03 3.086000000000000000e+03
5.551000000000000000e+03 3.058000000000000000e+03
5.481000000000000000e+03 3.101000000000000000e+03
5.586000000000000000e+03 3.135000000000000000e+03
4.752000000000000000e+03 2.729000000000000000e+03
4.743000000000000000e+03 2.881000000000000000e+03
4.901000000000000000e+03 3.276000000000000000e+03
4.957000000000000000e+03 3.292000000000000000e+03
5.061000000000000000e+03 3.248000000000000000e+03
5.044000000000000000e+03 3.249000000000000000e+03
4.963000000000000000e+03 2.779000000000000000e+03
4.913000000000000000e+03 2.784000000000000000e+03
5.634000000000000000e+03 3.206000000000000000e+03
5.677000000000000000e+03 3.186000000000000000e+03
5.429000000000000000e+03 3.416000000000000000e+03
5.426000000000000000e+03 3.663000000000000000e+03
4.905000000000000000e+03 3.163000000000000000e+03
4.856000000000000000e+03 3.159000000000000000e+03
4.938000000000000000e+03 2.927000000000000000e+03
4.824000000000000000e+03 3.176000000000000000e+03
5.661000000000000000e+03 3.008000000000000000e+03
5.703000000000000000e+03 2.938000000000000000e+03
5.650000000000000000e+03 3.008000000000000000e+03
5.647000000000000000e+03 2.966000000000000000e+03
5.745000000000000000e+03 2.884000000000000000e+03
5.779000000000000000e+03 2.983000000000000000e+03
5.714000000000000000e+03 3.069000000000000000e+03
5.750000000000000000e+03 3.098000000000000000e+03
4.719000000000000000e+03 3.184000000000000000e+03
4.859000000000000000e+03 3.363000000000000000e+03
3.639000000000000000e+03 2.323000000000000000e+03
4.535000000000000000e+03 3.045000000000000000e+03
5.277000000000000000e+03 3.035000000000000000e+03
5.372000000000000000e+03 3.044000000000000000e+03
5.455000000000000000e+03 3.045000000000000000e+03
5.477000000000000000e+03 2.967000000000000000e+03
4.991000000000000000e+03 3.420000000000000000e+03
4.873000000000000000e+03 3.685000000000000000e+03
4.945000000000000000e+03 3.345000000000000000e+03
5.001000000000000000e+03 3.392000000000000000e+03
5.311000000000000000e+03 3.342000000000000000e+03
5.191000000000000000e+03 3.384000000000000000e+03
5.071000000000000000e+03 3.408000000000000000e+03
5.098000000000000000e+03 3.347000000000000000e+03
5.162000000000000000e+03 3.069000000000000000e+03
5.008000000000000000e+03 3.094000000000000000e+03
5.042000000000000000e+03 3.134000000000000000e+03
4.945000000000000000e+03 3.121000000000000000e+03
5.056000000000000000e+03 3.444000000000000000e+03
5.316000000000000000e+03 3.506000000000000000e+03
5.048000000000000000e+03 3.566000000000000000e+03
5.126000000000000000e+03 3.464000000000000000e+03
5.245000000000000000e+03 3.431000000000000000e+03
5.209000000000000000e+03 3.512000000000000000e+03
5.197000000000000000e+03 3.518000000000000000e+03
5.215000000000000000e+03 3.564000000000000000e+03
5.227000000000000000e+03 3.276000000000000000e+03
5.247000000000000000e+03 3.284000000000000000e+03
5.380000000000000000e+03 3.224000000000000000e+03
5.271000000000000000e+03 3.195000000000000000e+03
2.069000000000000000e+03 3.108000000000000000e+03
2.905000000000000000e+03 1.724000000000000000e+03
2.366000000000000000e+03 1.906000000000000000e+03
4.691000000000000000e+03 3.770000000000000000e+03
5.142000000000000000e+03 3.619000000000000000e+03
1.745000000000000000e+03 5.023000000000000000e+03
1.699000000000000000e+03 5.041000000000000000e+03
2.467000000000000000e+03 1.618000000000000000e+03
2.451000000000000000e+03 1.572000000000000000e+03
2.396000000000000000e+03 1.540000000000000000e+03
2.379000000000000000e+03 1.581000000000000000e+03
2.988000000000000000e+03 1.819000000000000000e+03
2.811000000000000000e+03 1.716000000000000000e+03
2.291000000000000000e+03 1.464000000000000000e+03
2.279000000000000000e+03 1.553000000000000000e+03
1.601000000000000000e+03 5.151000000000000000e+03
1.593000000000000000e+03 5.161000000000000000e+03
1.689000000000000000e+03 5.170000000000000000e+03
1.766000000000000000e+03 5.115000000000000000e+03
2.484000000000000000e+03 5.153000000000000000e+03
2.615000000000000000e+03 5.028000000000000000e+03
2.570000000000000000e+03 5.072000000000000000e+03
1.905000000000000000e+03 5.209000000000000000e+03
1.609000000000000000e+03 5.049000000000000000e+03
1.469000000000000000e+03 5.048000000000000000e+03
3.118000000000000000e+03 4.916000000000000000e+03
1.546000000000000000e+03 5.091000000000000000e+03
1.288000000000000000e+03 5.128000000000000000e+03
1.292000000000000000e+03 5.111000000000000000e+03
1.390000000000000000e+03 5.058000000000000000e+03
1.342000000000000000e+03 5.038000000000000000e+03
2.013000000000000000e+03 5.148000000000000000e+03
2.017000000000000000e+03 5.194000000000000000e+03
2.204000000000000000e+03 5.235000000000000000e+03
2.300000000000000000e+03 5.148000000000000000e+03
3.424000000000000000e+03 4.824000000000000000e+03
4.211000000000000000e+03 4.151000000000000000e+03
2.261000000000000000e+03 5.198000000000000000e+03
2.011000000000000000e+03 5.039000000000000000e+03
1.874000000000000000e+03 5.067000000000000000e+03
2.089000000000000000e+03 5.021000000000000000e+03
1.930000000000000000e+03 5.053000000000000000e+03
2.294000000000000000e+03 5.026000000000000000e+03
2.194000000000000000e+03 5.029000000000000000e+03
2.937000000000000000e+03 4.940000000000000000e+03
2.281000000000000000e+03 5.077000000000000000e+03
2.643000000000000000e+03 4.505000000000000000e+03
3.542000000000000000e+03 4.009000000000000000e+03
2.787000000000000000e+03 4.623000000000000000e+03
2.890000000000000000e+03 4.126000000000000000e+03
1.268000000000000000e+03 3.910000000000000000e+03
1.295000000000000000e+03 3.447000000000000000e+03
1.316000000000000000e+03 4.749000000000000000e+03
2.841000000000000000e+03 3.869000000000000000e+03
2.802000000000000000e+03 4.219000000000000000e+03
1.893000000000000000e+03 4.955000000000000000e+03
4.511000000000000000e+03 3.770000000000000000e+03
1.938000000000000000e+03 4.526000000000000000e+03
2.695000000000000000e+03 4.922000000000000000e+03
3.873000000000000000e+03 2.838000000000000000e+03
2.247000000000000000e+03 4.794000000000000000e+03
4.910000000000000000e+03 3.537000000000000000e+03
7.323000000000000000e+03 3.056000000000000000e+03
7.360000000000000000e+03 3.169000000000000000e+03
7.361000000000000000e+03 3.135000000000000000e+03
7.289000000000000000e+03 3.375000000000000000e+03
7.292000000000000000e+03 3.421000000000000000e+03
7.317000000000000000e+03 3.215000000000000000e+03
7.336000000000000000e+03 3.334000000000000000e+03
7.345000000000000000e+03 2.825000000000000000e+03
7.416000000000000000e+03 2.885000000000000000e+03
7.417000000000000000e+03 2.669000000000000000e+03
7.390000000000000000e+03 2.476000000000000000e+03
7.465000000000000000e+03 2.485000000000000000e+03
7.087000000000000000e+03 2.824000000000000000e+03
7.426000000000000000e+03 2.467000000000000000e+03
7.414000000000000000e+03 2.812000000000000000e+03
7.208000000000000000e+03 2.585000000000000000e+03
7.355000000000000000e+03 2.427000000000000000e+03
7.314000000000000000e+03 2.470000000000000000e+03
7.377000000000000000e+03 2.397000000000000000e+03
7.454000000000000000e+03 2.502000000000000000e+03
7.251000000000000000e+03 2.443000000000000000e+03
7.312000000000000000e+03 2.522000000000000000e+03
7.355000000000000000e+03 2.799000000000000000e+03
7.419000000000000000e+03 2.490000000000000000e+03
7.439000000000000000e+03 2.650000000000000000e+03
7.284000000000000000e+03 2.481000000000000000e+03
7.373000000000000000e+03 2.749000000000000000e+03
7.396000000000000000e+03 2.815000000000000000e+03
7.420000000000000000e+03 2.998000000000000000e+03
7.331000000000000000e+03 2.913000000000000000e+03
7.298000000000000000e+03 2.988000000000000000e+03
7.396000000000000000e+03 3.978000000000000000e+03
7.380000000000000000e+03 3.909000000000000000e+03
7.205000000000000000e+03 3.981000000000000000e+03
7.426000000000000000e+03 4.060000000000000000e+03
7.095000000000000000e+03 3.363000000000000000e+03
7.444000000000000000e+03 3.081000000000000000e+03
7.434000000000000000e+03 4.207000000000000000e+03
7.412000000000000000e+03 3.886000000000000000e+03
7.301000000000000000e+03 4.335000000000000000e+03
7.362000000000000000e+03 4.213000000000000000e+03
7.386000000000000000e+03 4.218000000000000000e+03
7.299000000000000000e+03 4.221000000000000000e+03
6.987000000000000000e+03 5.175000000000000000e+03
7.432000000000000000e+03 4.559000000000000000e+03
7.407000000000000000e+03 4.388000000000000000e+03
7.417000000000000000e+03 4.880000000000000000e+03
7.257000000000000000e+03 3.950000000000000000e+03
7.359000000000000000e+03 3.806000000000000000e+03
7.297000000000000000e+03 3.857000000000000000e+03
7.317000000000000000e+03 3.857000000000000000e+03
7.277000000000000000e+03 4.115000000000000000e+03
7.290000000000000000e+03 3.992000000000000000e+03
7.287000000000000000e+03 4.061000000000000000e+03
7.318000000000000000e+03 4.071000000000000000e+03
7.248000000000000000e+03 3.574000000000000000e+03
7.297000000000000000e+03 3.337000000000000000e+03
7.285000000000000000e+03 3.645000000000000000e+03
7.310000000000000000e+03 3.585000000000000000e+03
7.257000000000000000e+03 3.276000000000000000e+03
7.268000000000000000e+03 3.311000000000000000e+03
7.338000000000000000e+03 3.380000000000000000e+03
7.211000000000000000e+03 3.335000000000000000e+03
6.444000000000000000e+03 5.529000000000000000e+03
6.929000000000000000e+03 5.562000000000000000e+03
6.896000000000000000e+03 5.533000000000000000e+03
7.104000000000000000e+03 5.542000000000000000e+03
7.231000000000000000e+03 5.523000000000000000e+03
7.171000000000000000e+03 5.549000000000000000e+03
7.176000000000000000e+03 5.622000000000000000e+03
6.373000000000000000e+03 5.589000000000000000e+03
6.693000000000000000e+03 5.526000000000000000e+03
6.428000000000000000e+03 5.631000000000000000e+03
6.441000000000000000e+03 5.617000000000000000e+03
5.877000000000000000e+03 5.686000000000000000e+03
6.167000000000000000e+03 5.446000000000000000e+03
6.477000000000000000e+03 5.482000000000000000e+03
6.339000000000000000e+03 5.557000000000000000e+03
7.372000000000000000e+03 5.885000000000000000e+03
7.463000000000000000e+03 5.995000000000000000e+03
7.414000000000000000e+03 6.091000000000000000e+03
7.410000000000000000e+03 6.077000000000000000e+03
7.332000000000000000e+03 5.956000000000000000e+03
7.317000000000000000e+03 5.847000000000000000e+03
7.227000000000000000e+03 5.988000000000000000e+03
7.329000000000000000e+03 6.134000000000000000e+03
6.894000000000000000e+03 5.596000000000000000e+03
6.993000000000000000e+03 5.613000000000000000e+03
6.763000000000000000e+03 5.641000000000000000e+03
6.918000000000000000e+03 5.562000000000000000e+03
6.569000000000000000e+03 5.619000000000000000e+03
6.481000000000000000e+03 5.608000000000000000e+03
6.679000000000000000e+03 5.610000000000000000e+03
6.679000000000000000e+03 5.614000000000000000e+03
6.161000000000000000e+03 5.341000000000000000e+03
7.268000000000000000e+03 5.651000000000000000e+03
6.693000000000000000e+03 5.591000000000000000e+03
6.225000000000000000e+03 5.596000000000000000e+03
6.119000000000000000e+03 5.574000000000000000e+03
6.113000000000000000e+03 5.527000000000000000e+03
6.112000000000000000e+03 5.457000000000000000e+03
7.333000000000000000e+03 5.702000000000000000e+03
7.361000000000000000e+03 5.711000000000000000e+03
7.404000000000000000e+03 5.823000000000000000e+03
7.440000000000000000e+03 5.793000000000000000e+03
7.431000000000000000e+03 5.619000000000000000e+03
7.446000000000000000e+03 5.682000000000000000e+03
7.466000000000000000e+03 5.421000000000000000e+03
7.392000000000000000e+03 5.532000000000000000e+03
6.011000000000000000e+03 5.478000000000000000e+03
5.997000000000000000e+03 5.337000000000000000e+03
6.018000000000000000e+03 5.337000000000000000e+03
6.077000000000000000e+03 5.334000000000000000e+03
4.898000000000000000e+03 5.229000000000000000e+03
4.943000000000000000e+03 5.259000000000000000e+03
5.789000000000000000e+03 5.270000000000000000e+03
4.557000000000000000e+03 5.285000000000000000e+03
5.834000000000000000e+03 5.355000000000000000e+03
5.821000000000000000e+03 5.365000000000000000e+03
5.927000000000000000e+03 5.498000000000000000e+03
5.966000000000000000e+03 5.443000000000000000e+03
5.783000000000000000e+03 5.434000000000000000e+03
5.794000000000000000e+03 5.288000000000000000e+03
5.855000000000000000e+03 5.281000000000000000e+03
5.846000000000000000e+03 5.243000000000000000e+03
5.472000000000000000e+03 5.236000000000000000e+03
5.394000000000000000e+03 5.981000000000000000e+03
5.494000000000000000e+03 4.399000000000000000e+03
5.365000000000000000e+03 5.038000000000000000e+03
5.333000000000000000e+03 5.041000000000000000e+03
5.312000000000000000e+03 5.455000000000000000e+03
5.373000000000000000e+03 5.333000000000000000e+03
5.541000000000000000e+03 4.781000000000000000e+03
5.382000000000000000e+03 4.741000000000000000e+03
5.453000000000000000e+03 4.772000000000000000e+03
5.497000000000000000e+03 4.930000000000000000e+03
5.257000000000000000e+03 4.657000000000000000e+03
5.325000000000000000e+03 4.686000000000000000e+03
5.149000000000000000e+03 4.575000000000000000e+03
5.191000000000000000e+03 4.657000000000000000e+03
5.635000000000000000e+03 4.780000000000000000e+03
5.610000000000000000e+03 4.837000000000000000e+03
5.678000000000000000e+03 4.944000000000000000e+03
5.732000000000000000e+03 4.890000000000000000e+03
5.624000000000000000e+03 4.720000000000000000e+03
5.612000000000000000e+03 4.729000000000000000e+03
5.444000000000000000e+03 4.627000000000000000e+03
5.540000000000000000e+03 4.617000000000000000e+03
5.821000000000000000e+03 4.811000000000000000e+03
5.795000000000000000e+03 4.952000000000000000e+03
5.820000000000000000e+03 4.777000000000000000e+03
5.747000000000000000e+03 4.673000000000000000e+03
5.670000000000000000e+03 4.548000000000000000e+03
5.844000000000000000e+03 4.653000000000000000e+03
5.543000000000000000e+03 4.649000000000000000e+03
5.606000000000000000e+03 4.562000000000000000e+03
5.653000000000000000e+03 5.546000000000000000e+03
5.771000000000000000e+03 5.541000000000000000e+03
5.644000000000000000e+03 5.619000000000000000e+03
5.564000000000000000e+03 5.572000000000000000e+03
5.829000000000000000e+03 5.544000000000000000e+03
5.879000000000000000e+03 5.621000000000000000e+03
5.951000000000000000e+03 5.653000000000000000e+03
5.888000000000000000e+03 5.592000000000000000e+03
5.665000000000000000e+03 5.799000000000000000e+03
5.643000000000000000e+03 5.754000000000000000e+03
5.541000000000000000e+03 5.743000000000000000e+03
5.574000000000000000e+03 5.820000000000000000e+03
5.556000000000000000e+03 5.860000000000000000e+03
5.552000000000000000e+03 5.838000000000000000e+03
5.671000000000000000e+03 5.979000000000000000e+03
5.611000000000000000e+03 5.921000000000000000e+03
5.551000000000000000e+03 6.269000000000000000e+03
5.571000000000000000e+03 6.213000000000000000e+03
5.591000000000000000e+03 6.367000000000000000e+03
5.534000000000000000e+03 6.349000000000000000e+03
5.676000000000000000e+03 6.276000000000000000e+03
5.705000000000000000e+03 6.169000000000000000e+03
5.661000000000000000e+03 6.375000000000000000e+03
5.652000000000000000e+03 6.354000000000000000e+03
5.491000000000000000e+03 6.039000000000000000e+03
5.482000000000000000e+03 6.022000000000000000e+03
5.575000000000000000e+03 6.116000000000000000e+03
5.604000000000000000e+03 6.096000000000000000e+03
5.415000000000000000e+03 6.174000000000000000e+03
5.504000000000000000e+03 6.228000000000000000e+03
5.460000000000000000e+03 6.107000000000000000e+03
5.382000000000000000e+03 6.121000000000000000e+03
5.409000000000000000e+03 5.080000000000000000e+03
5.623000000000000000e+03 5.061000000000000000e+03
5.442000000000000000e+03 5.022000000000000000e+03
5.488000000000000000e+03 5.238000000000000000e+03
5.424000000000000000e+03 5.173000000000000000e+03
5.229000000000000000e+03 5.072000000000000000e+03
5.346000000000000000e+03 5.077000000000000000e+03
5.306000000000000000e+03 5.143000000000000000e+03
5.325000000000000000e+03 5.353000000000000000e+03
5.253000000000000000e+03 5.459000000000000000e+03
5.198000000000000000e+03 5.397000000000000000e+03
5.391000000000000000e+03 5.254000000000000000e+03
5.242000000000000000e+03 5.207000000000000000e+03
5.210000000000000000e+03 5.311000000000000000e+03
5.413000000000000000e+03 5.273000000000000000e+03
5.555000000000000000e+03 5.031000000000000000e+03
5.590000000000000000e+03 5.047000000000000000e+03
5.532000000000000000e+03 5.035000000000000000e+03
5.610000000000000000e+03 5.065000000000000000e+03
5.433000000000000000e+03 5.336000000000000000e+03
5.508000000000000000e+03 5.311000000000000000e+03
5.427000000000000000e+03 5.166000000000000000e+03
5.464000000000000000e+03 5.095000000000000000e+03
5.423000000000000000e+03 5.436000000000000000e+03
5.418000000000000000e+03 5.508000000000000000e+03
5.492000000000000000e+03 5.420000000000000000e+03
5.503000000000000000e+03 5.595000000000000000e+03
5.621000000000000000e+03 5.206000000000000000e+03
5.603000000000000000e+03 5.288000000000000000e+03
5.574000000000000000e+03 5.405000000000000000e+03
5.638000000000000000e+03 5.342000000000000000e+03
5.018000000000000000e+03 5.412000000000000000e+03
5.037000000000000000e+03 5.473000000000000000e+03
5.044000000000000000e+03 5.410000000000000000e+03
4.927000000000000000e+03 5.354000000000000000e+03
4.929000000000000000e+03 5.432000000000000000e+03
5.014000000000000000e+03 5.254000000000000000e+03
4.915000000000000000e+03 5.320000000000000000e+03
5.297000000000000000e+03 4.940000000000000000e+03
5.484000000000000000e+03 4.938000000000000000e+03
5.400000000000000000e+03 4.988000000000000000e+03
5.387000000000000000e+03 5.045000000000000000e+03
5.261000000000000000e+03 4.871000000000000000e+03
5.210000000000000000e+03 4.787000000000000000e+03
5.119000000000000000e+03 4.882000000000000000e+03
5.167000000000000000e+03 4.846000000000000000e+03
5.068000000000000000e+03 5.173000000000000000e+03
4.914000000000000000e+03 5.097000000000000000e+03
4.994000000000000000e+03 5.138000000000000000e+03
5.132000000000000000e+03 5.131000000000000000e+03
4.828000000000000000e+03 4.924000000000000000e+03
4.798000000000000000e+03 4.863000000000000000e+03
4.857000000000000000e+03 4.985000000000000000e+03
4.899000000000000000e+03 5.033000000000000000e+03
4.972000000000000000e+03 4.832000000000000000e+03
4.965000000000000000e+03 4.760000000000000000e+03
5.021000000000000000e+03 4.713000000000000000e+03
5.084000000000000000e+03 4.691000000000000000e+03
5.112000000000000000e+03 4.950000000000000000e+03
5.081000000000000000e+03 4.939000000000000000e+03
5.166000000000000000e+03 5.009000000000000000e+03
5.016000000000000000e+03 4.979000000000000000e+03
6.560000000000000000e+03 4.226000000000000000e+03
6.708000000000000000e+03 4.268000000000000000e+03
6.782000000000000000e+03 4.252000000000000000e+03
6.847000000000000000e+03 4.075000000000000000e+03
6.786000000000000000e+03 4.038000000000000000e+03
6.823000000000000000e+03 4.177000000000000000e+03
6.868000000000000000e+03 4.133000000000000000e+03
6.265000000000000000e+03 4.368000000000000000e+03
6.665000000000000000e+03 4.065000000000000000e+03
6.606000000000000000e+03 3.945000000000000000e+03
6.735000000000000000e+03 3.906000000000000000e+03
6.226000000000000000e+03 4.512000000000000000e+03
6.552000000000000000e+03 4.253000000000000000e+03
6.642000000000000000e+03 4.179000000000000000e+03
6.106000000000000000e+03 4.523000000000000000e+03
5.742000000000000000e+03 4.202000000000000000e+03
5.758000000000000000e+03 4.080000000000000000e+03
5.890000000000000000e+03 3.874000000000000000e+03
5.765000000000000000e+03 4.137000000000000000e+03
6.266000000000000000e+03 3.806000000000000000e+03
6.312000000000000000e+03 3.850000000000000000e+03
6.035000000000000000e+03 3.848000000000000000e+03
6.016000000000000000e+03 4.068000000000000000e+03
6.259000000000000000e+03 3.917000000000000000e+03
6.272000000000000000e+03 3.959000000000000000e+03
5.998000000000000000e+03 3.949000000000000000e+03
5.927000000000000000e+03 3.982000000000000000e+03
6.376000000000000000e+03 3.927000000000000000e+03
6.397000000000000000e+03 3.908000000000000000e+03
6.522000000000000000e+03 3.889000000000000000e+03
6.470000000000000000e+03 3.827000000000000000e+03
5.734000000000000000e+03 4.446000000000000000e+03
6.108000000000000000e+03 4.266000000000000000e+03
6.155000000000000000e+03 4.075000000000000000e+03
6.045000000000000000e+03 4.129000000000000000e+03
5.980000000000000000e+03 4.342000000000000000e+03
5.816000000000000000e+03 4.371000000000000000e+03
6.040000000000000000e+03 4.234000000000000000e+03
6.240000000000000000e+03 4.148000000000000000e+03
6.151000000000000000e+03 4.339000000000000000e+03
6.450000000000000000e+03 4.266000000000000000e+03
6.113000000000000000e+03 4.732000000000000000e+03
6.253000000000000000e+03 4.588000000000000000e+03
6.069000000000000000e+03 4.494000000000000000e+03
5.528000000000000000e+03 4.472000000000000000e+03
5.979000000000000000e+03 4.213000000000000000e+03
5.934000000000000000e+03 4.358000000000000000e+03
6.388000000000000000e+03 4.165000000000000000e+03
6.501000000000000000e+03 4.136000000000000000e+03
6.438000000000000000e+03 4.004000000000000000e+03
6.483000000000000000e+03 4.061000000000000000e+03
5.897000000000000000e+03 4.519000000000000000e+03
5.987000000000000000e+03 4.546000000000000000e+03
6.300000000000000000e+03 4.227000000000000000e+03
6.177000000000000000e+03 4.436000000000000000e+03
6.220000000000000000e+03 4.052000000000000000e+03
6.069000000000000000e+03 3.999000000000000000e+03
5.911000000000000000e+03 4.073000000000000000e+03
5.952000000000000000e+03 4.045000000000000000e+03
5.777000000000000000e+03 4.143000000000000000e+03
5.803000000000000000e+03 4.200000000000000000e+03
5.920000000000000000e+03 4.390000000000000000e+03
5.688000000000000000e+03 4.330000000000000000e+03
4.744000000000000000e+03 7.329000000000000000e+03
6.672000000000000000e+03 7.296000000000000000e+03
6.947000000000000000e+03 7.156000000000000000e+03
4.582000000000000000e+03 6.957000000000000000e+03
4.697000000000000000e+03 6.920000000000000000e+03
4.820000000000000000e+03 6.837000000000000000e+03
4.645000000000000000e+03 6.944000000000000000e+03
4.954000000000000000e+03 7.149000000000000000e+03
4.833000000000000000e+03 6.964000000000000000e+03
5.640000000000000000e+03 6.865000000000000000e+03
4.993000000000000000e+03 7.019000000000000000e+03
4.728000000000000000e+03 7.038000000000000000e+03
4.873000000000000000e+03 7.057000000000000000e+03
4.790000000000000000e+03 7.081000000000000000e+03
4.497000000000000000e+03 7.099000000000000000e+03
7.373000000000000000e+03 7.423000000000000000e+03
6.589000000000000000e+03 7.057000000000000000e+03
7.419000000000000000e+03 7.391000000000000000e+03
7.256000000000000000e+03 7.426000000000000000e+03
6.940000000000000000e+03 6.910000000000000000e+03
7.136000000000000000e+03 6.906000000000000000e+03
6.281000000000000000e+03 6.759000000000000000e+03
6.387000000000000000e+03 6.924000000000000000e+03
5.332000000000000000e+03 6.769000000000000000e+03
5.213000000000000000e+03 6.771000000000000000e+03
5.450000000000000000e+03 6.804000000000000000e+03
5.494000000000000000e+03 6.854000000000000000e+03
5.005000000000000000e+03 6.765000000000000000e+03
5.155000000000000000e+03 6.758000000000000000e+03
5.123000000000000000e+03 6.736000000000000000e+03
5.220000000000000000e+03 6.684000000000000000e+03
9.120000000000000000e+02 7.455000000000000000e+03
1.027000000000000000e+03 7.389000000000000000e+03
9.550000000000000000e+02 7.464000000000000000e+03
6.800000000000000000e+02 7.461000000000000000e+03
4.500000000000000000e+02 7.467000000000000000e+03
3.232000000000000000e+03 7.373000000000000000e+03
1.080000000000000000e+03 7.277000000000000000e+03
4.789000000000000000e+03 7.257000000000000000e+03
4.838000000000000000e+03 7.320000000000000000e+03
4.899000000000000000e+03 7.364000000000000000e+03
4.875000000000000000e+03 7.318000000000000000e+03
5.006000000000000000e+03 7.279000000000000000e+03
4.968000000000000000e+03 7.270000000000000000e+03
4.761000000000000000e+03 7.130000000000000000e+03
4.833000000000000000e+03 7.146000000000000000e+03
1.536000000000000000e+03 7.451000000000000000e+03
1.394000000000000000e+03 7.462000000000000000e+03
1.575000000000000000e+03 7.470000000000000000e+03
1.495000000000000000e+03 7.473000000000000000e+03
1.481000000000000000e+03 7.451000000000000000e+03
1.368000000000000000e+03 7.443000000000000000e+03
1.403000000000000000e+03 7.453000000000000000e+03
1.589000000000000000e+03 7.460000000000000000e+03
2.235000000000000000e+03 7.469000000000000000e+03
2.281000000000000000e+03 7.462000000000000000e+03
2.357000000000000000e+03 7.474000000000000000e+03
2.405000000000000000e+03 7.468000000000000000e+03
3.535000000000000000e+03 7.458000000000000000e+03
3.312000000000000000e+03 7.455000000000000000e+03
2.116000000000000000e+03 7.473000000000000000e+03
2.049000000000000000e+03 7.465000000000000000e+03
6.217000000000000000e+03 7.476000000000000000e+03
6.197000000000000000e+03 7.466000000000000000e+03
6.269000000000000000e+03 7.466000000000000000e+03
6.632000000000000000e+03 7.466000000000000000e+03
6.543000000000000000e+03 7.456000000000000000e+03
6.637000000000000000e+03 7.450000000000000000e+03
6.741000000000000000e+03 7.469000000000000000e+03
5.137000000000000000e+03 7.090000000000000000e+03
5.125000000000000000e+03 7.019000000000000000e+03
5.258000000000000000e+03 7.073000000000000000e+03
5.221000000000000000e+03 7.149000000000000000e+03
5.487000000000000000e+03 6.732000000000000000e+03
5.466000000000000000e+03 7.104000000000000000e+03
5.340000000000000000e+03 7.141000000000000000e+03
5.403000000000000000e+03 7.114000000000000000e+03
5.041000000000000000e+03 6.919000000000000000e+03
5.073000000000000000e+03 6.973000000000000000e+03
5.124000000000000000e+03 6.940000000000000000e+03
5.287000000000000000e+03 6.973000000000000000e+03
5.282000000000000000e+03 6.882000000000000000e+03
5.471000000000000000e+03 6.923000000000000000e+03
5.525000000000000000e+03 6.788000000000000000e+03
5.437000000000000000e+03 6.800000000000000000e+03
5.829000000000000000e+03 5.434000000000000000e+03
6.818000000000000000e+03 6.318000000000000000e+03
5.732000000000000000e+03 6.007000000000000000e+03
6.633000000000000000e+03 6.373000000000000000e+03
6.248000000000000000e+03 5.703000000000000000e+03
5.904000000000000000e+03 6.739000000000000000e+03
6.350000000000000000e+03 5.848000000000000000e+03
6.166000000000000000e+03 5.405000000000000000e+03
5.681000000000000000e+03 5.816000000000000000e+03
5.473000000000000000e+03 6.224000000000000000e+03
5.773000000000000000e+03 6.250000000000000000e+03
5.665000000000000000e+03 6.607000000000000000e+03
5.407000000000000000e+03 6.622000000000000000e+03
5.240000000000000000e+03 6.676000000000000000e+03
5.380000000000000000e+03 6.576000000000000000e+03
5.442000000000000000e+03 6.559000000000000000e+03
5.562000000000000000e+03 6.784000000000000000e+03
5.526000000000000000e+03 6.738000000000000000e+03
5.364000000000000000e+03 7.361000000000000000e+03
5.223000000000000000e+03 7.405000000000000000e+03
5.480000000000000000e+03 7.013000000000000000e+03
5.425000000000000000e+03 6.995000000000000000e+03
5.367000000000000000e+03 6.981000000000000000e+03
5.220000000000000000e+03 6.996000000000000000e+03
5.869000000000000000e+03 7.435000000000000000e+03
5.887000000000000000e+03 7.449000000000000000e+03
5.574000000000000000e+03 7.421000000000000000e+03
5.677000000000000000e+03 7.439000000000000000e+03
5.571000000000000000e+03 7.432000000000000000e+03
5.459000000000000000e+03 7.441000000000000000e+03
5.244000000000000000e+03 7.435000000000000000e+03
5.697000000000000000e+03 7.446000000000000000e+03
5.453000000000000000e+03 6.504000000000000000e+03
5.549000000000000000e+03 6.347000000000000000e+03
5.688000000000000000e+03 6.432000000000000000e+03
5.639000000000000000e+03 6.431000000000000000e+03
5.697000000000000000e+03 6.057000000000000000e+03
5.295000000000000000e+03 6.490000000000000000e+03
5.168000000000000000e+03 6.571000000000000000e+03
5.202000000000000000e+03 6.612000000000000000e+03
1.760000000000000000e+03 5.631000000000000000e+03
4.709000000000000000e+03 7.211000000000000000e+03
4.697000000000000000e+03 7.187000000000000000e+03
1.164000000000000000e+03 5.335000000000000000e+03
1.127000000000000000e+03 5.324000000000000000e+03
1.113000000000000000e+03 5.388000000000000000e+03
1.020000000000000000e+03 5.423000000000000000e+03
4.742000000000000000e+03 6.677000000000000000e+03
4.692000000000000000e+03 6.646000000000000000e+03
4.674000000000000000e+03 6.457000000000000000e+03
4.736000000000000000e+03 6.542000000000000000e+03
4.687000000000000000e+03 6.290000000000000000e+03
4.740000000000000000e+03 6.243000000000000000e+03
4.851000000000000000e+03 6.199000000000000000e+03
4.846000000000000000e+03 6.263000000000000000e+03
3.701000000000000000e+03 6.893000000000000000e+03
1.406000000000000000e+03 5.596000000000000000e+03
1.259000000000000000e+03 5.358000000000000000e+03
1.293000000000000000e+03 5.411000000000000000e+03
4.651000000000000000e+03 6.025000000000000000e+03
4.639000000000000000e+03 6.093000000000000000e+03
2.558000000000000000e+03 5.943000000000000000e+03
1.471000000000000000e+03 5.405000000000000000e+03
2.759000000000000000e+03 7.125000000000000000e+03
3.003000000000000000e+03 6.504000000000000000e+03
4.027000000000000000e+03 7.230000000000000000e+03
4.422000000000000000e+03 6.543000000000000000e+03
4.208000000000000000e+03 6.460000000000000000e+03
3.268000000000000000e+03 5.677000000000000000e+03
3.165000000000000000e+03 6.225000000000000000e+03
3.402000000000000000e+03 6.289000000000000000e+03
4.402000000000000000e+03 5.721000000000000000e+03
4.610000000000000000e+03 5.686000000000000000e+03
4.699000000000000000e+03 5.676000000000000000e+03
4.887000000000000000e+03 5.423000000000000000e+03
4.927000000000000000e+03 5.673000000000000000e+03
4.685000000000000000e+03 5.629000000000000000e+03
4.790000000000000000e+03 5.651000000000000000e+03
2.829000000000000000e+03 5.287000000000000000e+03
2.410000000000000000e+03 5.325000000000000000e+03
3.188000000000000000e+03 5.352000000000000000e+03
1.887000000000000000e+03 5.376000000000000000e+03
1.786000000000000000e+03 5.469000000000000000e+03
1.845000000000000000e+03 5.422000000000000000e+03
2.412000000000000000e+03 5.410000000000000000e+03
1.740000000000000000e+03 5.422000000000000000e+03
4.983000000000000000e+03 6.575000000000000000e+03
4.956000000000000000e+03 6.657000000000000000e+03
4.853000000000000000e+03 6.651000000000000000e+03
4.828000000000000000e+03 6.698000000000000000e+03
5.067000000000000000e+03 6.545000000000000000e+03
5.078000000000000000e+03 6.459000000000000000e+03
4.920000000000000000e+03 6.426000000000000000e+03
4.820000000000000000e+03 6.403000000000000000e+03
5.009000000000000000e+03 6.345000000000000000e+03
5.058000000000000000e+03 6.313000000000000000e+03
5.064000000000000000e+03 6.235000000000000000e+03
5.057000000000000000e+03 6.260000000000000000e+03
4.847000000000000000e+03 6.464000000000000000e+03
4.855000000000000000e+03 6.520000000000000000e+03
4.962000000000000000e+03 6.417000000000000000e+03
4.906000000000000000e+03 6.468000000000000000e+03
5.276000000000000000e+03 5.038000000000000000e+03
5.110000000000000000e+03 4.984000000000000000e+03
4.672000000000000000e+03 6.765000000000000000e+03
4.592000000000000000e+03 7.391000000000000000e+03
4.473000000000000000e+03 7.453000000000000000e+03
4.602000000000000000e+03 7.461000000000000000e+03
4.651000000000000000e+03 7.405000000000000000e+03
4.843000000000000000e+03 6.040000000000000000e+03
4.909000000000000000e+03 5.979000000000000000e+03
4.753000000000000000e+03 6.131000000000000000e+03
4.795000000000000000e+03 6.126000000000000000e+03
5.014000000000000000e+03 5.737000000000000000e+03
4.930000000000000000e+03 5.765000000000000000e+03
4.955000000000000000e+03 5.100000000000000000e+03
4.930000000000000000e+03 5.862000000000000000e+03
2.271000000000000000e+03 5.099000000000000000e+03
1.908000000000000000e+03 5.404000000000000000e+03
1.268000000000000000e+03 5.194000000000000000e+03
1.197000000000000000e+03 5.116000000000000000e+03
1.104000000000000000e+03 5.154000000000000000e+03
1.015000000000000000e+03 5.189000000000000000e+03
1.125000000000000000e+03 5.088000000000000000e+03
1.112000000000000000e+03 5.155000000000000000e+03
1.461000000000000000e+03 5.197000000000000000e+03
1.409000000000000000e+03 5.279000000000000000e+03
2.236000000000000000e+03 5.118000000000000000e+03
1.398000000000000000e+03 5.287000000000000000e+03
2.647000000000000000e+03 5.106000000000000000e+03
2.252000000000000000e+03 5.213000000000000000e+03
2.141000000000000000e+03 5.160000000000000000e+03
1.626000000000000000e+03 5.306000000000000000e+03
4.977000000000000000e+03 5.948000000000000000e+03
4.966000000000000000e+03 5.935000000000000000e+03
4.828000000000000000e+03 5.983000000000000000e+03
5.034000000000000000e+03 6.075000000000000000e+03
4.857000000000000000e+03 6.152000000000000000e+03
4.967000000000000000e+03 6.096000000000000000e+03
4.962000000000000000e+03 6.125000000000000000e+03
4.983000000000000000e+03 6.124000000000000000e+03
4.767000000000000000e+03 5.634000000000000000e+03
4.775000000000000000e+03 5.516000000000000000e+03
4.863000000000000000e+03 5.566000000000000000e+03
4.853000000000000000e+03 5.628000000000000000e+03
4.764000000000000000e+03 5.841000000000000000e+03
4.773000000000000000e+03 5.744000000000000000e+03
4.767000000000000000e+03 5.876000000000000000e+03
4.763000000000000000e+03 5.992000000000000000e+03
5.049000000000000000e+03 5.857000000000000000e+03
5.031000000000000000e+03 5.854000000000000000e+03
5.132000000000000000e+03 5.762000000000000000e+03
5.064000000000000000e+03 5.909000000000000000e+03
5.133000000000000000e+03 5.572000000000000000e+03
5.230000000000000000e+03 5.660000000000000000e+03
5.160000000000000000e+03 5.659000000000000000e+03
5.151000000000000000e+03 5.558000000000000000e+03
5.005000000000000000e+03 6.032000000000000000e+03
5.086000000000000000e+03 6.018000000000000000e+03
5.153000000000000000e+03 6.047000000000000000e+03
5.161000000000000000e+03 5.928000000000000000e+03
5.279000000000000000e+03 5.839000000000000000e+03
5.250000000000000000e+03 5.888000000000000000e+03
5.278000000000000000e+03 5.784000000000000000e+03
5.274000000000000000e+03 5.783000000000000000e+03
2.545000000000000000e+03 3.300000000000000000e+02
3.940000000000000000e+02 2.460000000000000000e+03
7.340000000000000000e+02 5.520000000000000000e+03
4.660000000000000000e+02 1.600000000000000000e+02
5.344000000000000000e+03 3.220000000000000000e+03
5.726000000000000000e+03 5.700000000000000000e+03
6.144000000000000000e+03 4.330000000000000000e+03
-4.000000000000000000e+00 0.000000000000000000e+00
-1.200000000000000000e+01 0.000000000000000000e+00
7.442000000000000000e+03 0.000000000000000000e+00
