6.012000000000000000e+03 1.319000000000000000e+03
5.972000000000000000e+03 7.990000000000000000e+02
5.433000000000000000e+03 1.482000000000000000e+03
5.910000000000000000e+03 2.440000000000000000e+02
6.056000000000000000e+03 2.060000000000000000e+02
6.188000000000000000e+03 2.400000000000000000e+02
6.237000000000000000e+03 2.170000000000000000e+02
4.757000000000000000e+03 6.260000000000000000e+02
5.114000000000000000e+03 8.920000000000000000e+02
4.759000000000000000e+03 7.710000000000000000e+02
5.370000000000000000e+03 1.409000000000000000e+03
5.482000000000000000e+03 2.167000000000000000e+03
5.464000000000000000e+03 2.110000000000000000e+03
4.894000000000000000e+03 8.530000000000000000e+02
5.266000000000000000e+03 1.462000000000000000e+03
6.564000000000000000e+03 4.970000000000000000e+02
6.739000000000000000e+03 7.780000000000000000e+02
6.803000000000000000e+03 5.040000000000000000e+02
6.951000000000000000e+03 7.150000000000000000e+02
6.620000000000000000e+03 9.080000000000000000e+02
6.456000000000000000e+03 4.970000000000000000e+02
6.553000000000000000e+03 8.420000000000000000e+02
6.502000000000000000e+03 8.560000000000000000e+02
6.882000000000000000e+03 9.130000000000000000e+02
6.892000000000000000e+03 9.590000000000000000e+02
6.782000000000000000e+03 8.140000000000000000e+02
7.119000000000000000e+03 1.072000000000000000e+03
6.420000000000000000e+03 9.000000000000000000e+02
6.379000000000000000e+03 9.130000000000000000e+02
6.220000000000000000e+03 9.140000000000000000e+02
6.040000000000000000e+03 9.150000000000000000e+02
5.349000000000000000e+03 9.060000000000000000e+02
4.667000000000000000e+03 3.600000000000000000e+02
5.419000000000000000e+03 4.560000000000000000e+02
4.698000000000000000e+03 4.730000000000000000e+02
4.756000000000000000e+03 4.060000000000000000e+02
4.762000000000000000e+03 2.490000000000000000e+02
4.631000000000000000e+03 3.190000000000000000e+02
5.604000000000000000e+03 3.420000000000000000e+02
5.517000000000000000e+03 2.920000000000000000e+02
5.533000000000000000e+03 2.490000000000000000e+02
5.405000000000000000e+03 3.990000000000000000e+02
5.304000000000000000e+03 1.980000000000000000e+02
5.103000000000000000e+03 1.220000000000000000e+02
4.953000000000000000e+03 3.880000000000000000e+02
5.233000000000000000e+03 2.070000000000000000e+02
5.441000000000000000e+03 1.019000000000000000e+03
5.215000000000000000e+03 9.510000000000000000e+02
5.096000000000000000e+03 9.950000000000000000e+02
5.495000000000000000e+03 1.011000000000000000e+03
5.685000000000000000e+03 9.170000000000000000e+02
5.620000000000000000e+03 9.480000000000000000e+02
5.371000000000000000e+03 9.370000000000000000e+02
5.612000000000000000e+03 1.025000000000000000e+03
5.099000000000000000e+03 8.470000000000000000e+02
4.601000000000000000e+03 3.880000000000000000e+02
5.024000000000000000e+03 2.990000000000000000e+02
4.791000000000000000e+03 1.910000000000000000e+02
5.106000000000000000e+03 3.760000000000000000e+02
5.028000000000000000e+03 3.670000000000000000e+02
4.940000000000000000e+03 1.660000000000000000e+02
4.982000000000000000e+03 1.170000000000000000e+02
5.768000000000000000e+03 1.784000000000000000e+03
6.311000000000000000e+03 2.684000000000000000e+03
5.649000000000000000e+03 1.748000000000000000e+03
7.402000000000000000e+03 1.894000000000000000e+03
7.360000000000000000e+03 1.819000000000000000e+03
7.336000000000000000e+03 1.925000000000000000e+03
7.314000000000000000e+03 2.112000000000000000e+03
5.584000000000000000e+03 2.503000000000000000e+03
5.518000000000000000e+03 2.500000000000000000e+03
5.438000000000000000e+03 2.347000000000000000e+03
5.510000000000000000e+03 2.277000000000000000e+03
5.534000000000000000e+03 1.980000000000000000e+03
5.552000000000000000e+03 2.286000000000000000e+03
5.663000000000000000e+03 2.700000000000000000e+03
5.714000000000000000e+03 2.714000000000000000e+03
4.501000000000000000e+03 1.860000000000000000e+02
4.852000000000000000e+03 6.510000000000000000e+02
4.546000000000000000e+03 4.070000000000000000e+02
4.494000000000000000e+03 2.850000000000000000e+02
4.817000000000000000e+03 5.090000000000000000e+02
4.574000000000000000e+03 1.550000000000000000e+02
4.617000000000000000e+03 3.590000000000000000e+02
4.913000000000000000e+03 6.910000000000000000e+02
7.168000000000000000e+03 1.407000000000000000e+03
6.575000000000000000e+03 1.214000000000000000e+03
7.344000000000000000e+03 1.541000000000000000e+03
7.379000000000000000e+03 1.569000000000000000e+03
5.489000000000000000e+03 1.353000000000000000e+03
6.077000000000000000e+03 1.030000000000000000e+03
5.486000000000000000e+03 1.169000000000000000e+03
5.553000000000000000e+03 1.282000000000000000e+03
4.363000000000000000e+03 3.110000000000000000e+02
4.369000000000000000e+03 1.880000000000000000e+02
4.328000000000000000e+03 1.730000000000000000e+02
4.335000000000000000e+03 1.900000000000000000e+02
4.263000000000000000e+03 4.520000000000000000e+02
4.305000000000000000e+03 3.340000000000000000e+02
4.179000000000000000e+03 2.090000000000000000e+02
4.201000000000000000e+03 1.920000000000000000e+02
4.263000000000000000e+03 6.940000000000000000e+02
4.021000000000000000e+03 2.300000000000000000e+02
4.079000000000000000e+03 1.880000000000000000e+02
4.140000000000000000e+03 2.730000000000000000e+02
4.049000000000000000e+03 4.240000000000000000e+02
4.048000000000000000e+03 3.950000000000000000e+02
4.206000000000000000e+03 4.180000000000000000e+02
4.139000000000000000e+03 4.010000000000000000e+02
4.046000000000000000e+03 6.340000000000000000e+02
4.070000000000000000e+03 6.850000000000000000e+02
4.200000000000000000e+03 6.830000000000000000e+02
4.195000000000000000e+03 7.020000000000000000e+02
4.112000000000000000e+03 5.340000000000000000e+02
4.134000000000000000e+03 5.180000000000000000e+02
4.011000000000000000e+03 5.760000000000000000e+02
4.040000000000000000e+03 5.360000000000000000e+02
4.328000000000000000e+03 6.490000000000000000e+02
4.430000000000000000e+03 6.770000000000000000e+02
4.437000000000000000e+03 5.640000000000000000e+02
4.613000000000000000e+03 7.020000000000000000e+02
4.647000000000000000e+03 5.980000000000000000e+02
4.677000000000000000e+03 5.410000000000000000e+02
4.437000000000000000e+03 4.680000000000000000e+02
4.490000000000000000e+03 5.030000000000000000e+02
5.580000000000000000e+03 1.393000000000000000e+03
5.359000000000000000e+03 1.444000000000000000e+03
5.461000000000000000e+03 1.281000000000000000e+03
5.332000000000000000e+03 1.801000000000000000e+03
5.313000000000000000e+03 1.580000000000000000e+03
5.203000000000000000e+03 1.741000000000000000e+03
5.538000000000000000e+03 1.877000000000000000e+03
5.330000000000000000e+03 2.752000000000000000e+03
4.952000000000000000e+03 1.408000000000000000e+03
5.344000000000000000e+03 2.567000000000000000e+03
5.328000000000000000e+03 2.684000000000000000e+03
5.489000000000000000e+03 2.743000000000000000e+03
5.429000000000000000e+03 2.655000000000000000e+03
5.430000000000000000e+03 2.604000000000000000e+03
5.451000000000000000e+03 2.609000000000000000e+03
5.392000000000000000e+03 2.303000000000000000e+03
5.413000000000000000e+03 2.439000000000000000e+03
5.390000000000000000e+03 2.524000000000000000e+03
5.434000000000000000e+03 2.485000000000000000e+03
5.493000000000000000e+03 2.458000000000000000e+03
5.466000000000000000e+03 2.178000000000000000e+03
5.482000000000000000e+03 1.732000000000000000e+03
5.482000000000000000e+03 2.024000000000000000e+03
5.545000000000000000e+03 1.817000000000000000e+03
5.363000000000000000e+03 1.793000000000000000e+03
5.430000000000000000e+03 1.641000000000000000e+03
5.369000000000000000e+03 1.620000000000000000e+03
5.430000000000000000e+03 2.071000000000000000e+03
5.468000000000000000e+03 2.004000000000000000e+03
5.326000000000000000e+03 1.919000000000000000e+03
5.379000000000000000e+03 1.901000000000000000e+03
5.221000000000000000e+03 8.920000000000000000e+02
3.284000000000000000e+03 7.570000000000000000e+02
4.059000000000000000e+03 7.530000000000000000e+02
5.974000000000000000e+03 7.220000000000000000e+02
6.854000000000000000e+03 8.460000000000000000e+02
6.065000000000000000e+03 8.490000000000000000e+02
6.002000000000000000e+03 8.280000000000000000e+02
5.402000000000000000e+03 6.240000000000000000e+02
7.150000000000000000e+03 5.420000000000000000e+02
7.072000000000000000e+03 6.070000000000000000e+02
7.198000000000000000e+03 5.980000000000000000e+02
7.147000000000000000e+03 7.750000000000000000e+02
6.500000000000000000e+03 9.050000000000000000e+02
7.196000000000000000e+03 8.600000000000000000e+02
7.142000000000000000e+03 6.740000000000000000e+02
3.231000000000000000e+03 5.720000000000000000e+02
3.301000000000000000e+03 6.110000000000000000e+02
3.269000000000000000e+03 7.060000000000000000e+02
3.262000000000000000e+03 6.180000000000000000e+02
3.429000000000000000e+03 6.060000000000000000e+02
3.372000000000000000e+03 4.870000000000000000e+02
3.494000000000000000e+03 7.160000000000000000e+02
3.366000000000000000e+03 5.550000000000000000e+02
6.743000000000000000e+03 8.510000000000000000e+02
7.289000000000000000e+03 9.370000000000000000e+02
5.824000000000000000e+03 8.560000000000000000e+02
5.847000000000000000e+03 8.560000000000000000e+02
7.284000000000000000e+03 7.670000000000000000e+02
7.358000000000000000e+03 6.880000000000000000e+02
6.918000000000000000e+03 8.740000000000000000e+02
7.341000000000000000e+03 7.720000000000000000e+02
6.521000000000000000e+03 4.660000000000000000e+02
7.359000000000000000e+03 3.110000000000000000e+02
7.277000000000000000e+03 2.370000000000000000e+02
7.272000000000000000e+03 2.420000000000000000e+02
7.264000000000000000e+03 2.260000000000000000e+02
6.324000000000000000e+03 1.500000000000000000e+02
7.197000000000000000e+03 2.930000000000000000e+02
7.118000000000000000e+03 2.210000000000000000e+02
7.058000000000000000e+03 3.250000000000000000e+02
6.030000000000000000e+03 4.350000000000000000e+02
7.005000000000000000e+03 1.890000000000000000e+02
7.070000000000000000e+03 4.350000000000000000e+02
6.432000000000000000e+03 3.840000000000000000e+02
7.051000000000000000e+03 3.130000000000000000e+02
7.000000000000000000e+03 2.630000000000000000e+02
7.056000000000000000e+03 5.070000000000000000e+02
7.327000000000000000e+03 4.880000000000000000e+02
7.262000000000000000e+03 4.640000000000000000e+02
7.130000000000000000e+03 5.560000000000000000e+02
7.402000000000000000e+03 9.200000000000000000e+02
6.898000000000000000e+03 1.032000000000000000e+03
7.412000000000000000e+03 6.840000000000000000e+02
7.366000000000000000e+03 5.330000000000000000e+02
7.102000000000000000e+03 9.060000000000000000e+02
5.776000000000000000e+03 9.620000000000000000e+02
6.666000000000000000e+03 9.900000000000000000e+02
6.671000000000000000e+03 8.710000000000000000e+02
7.415000000000000000e+03 1.208000000000000000e+03
7.333000000000000000e+03 1.322000000000000000e+03
7.334000000000000000e+03 1.188000000000000000e+03
6.439000000000000000e+03 1.300000000000000000e+03
1.940000000000000000e+03 1.010000000000000000e+03
2.780000000000000000e+03 9.040000000000000000e+02
2.385000000000000000e+03 9.540000000000000000e+02
2.775000000000000000e+03 1.041000000000000000e+03
3.390000000000000000e+02 1.033000000000000000e+03
1.657000000000000000e+03 7.800000000000000000e+02
7.180000000000000000e+02 1.132000000000000000e+03
6.150000000000000000e+02 1.237000000000000000e+03
2.159000000000000000e+03 7.860000000000000000e+02
2.454000000000000000e+03 7.360000000000000000e+02
2.516000000000000000e+03 7.050000000000000000e+02
2.705000000000000000e+03 9.600000000000000000e+02
3.929000000000000000e+03 8.180000000000000000e+02
4.291000000000000000e+03 7.880000000000000000e+02
1.760000000000000000e+03 7.940000000000000000e+02
3.393000000000000000e+03 8.520000000000000000e+02
3.851000000000000000e+03 7.930000000000000000e+02
3.974000000000000000e+03 7.120000000000000000e+02
3.881000000000000000e+03 7.270000000000000000e+02
3.894000000000000000e+03 7.510000000000000000e+02
3.673000000000000000e+03 7.150000000000000000e+02
3.433000000000000000e+03 7.210000000000000000e+02
3.535000000000000000e+03 7.370000000000000000e+02
3.672000000000000000e+03 7.020000000000000000e+02
6.380000000000000000e+02 8.530000000000000000e+02
3.920000000000000000e+02 7.930000000000000000e+02
3.120000000000000000e+02 1.095000000000000000e+03
3.390000000000000000e+02 1.119000000000000000e+03
1.437000000000000000e+03 7.720000000000000000e+02
4.099000000000000000e+03 6.920000000000000000e+02
2.583000000000000000e+03 7.430000000000000000e+02
3.364000000000000000e+03 7.230000000000000000e+02
6.432000000000000000e+03 3.180000000000000000e+03
6.450000000000000000e+03 3.146000000000000000e+03
6.571000000000000000e+03 3.095000000000000000e+03
6.522000000000000000e+03 3.202000000000000000e+03
6.366000000000000000e+03 3.210000000000000000e+03
6.317000000000000000e+03 3.231000000000000000e+03
6.268000000000000000e+03 3.197000000000000000e+03
6.959000000000000000e+03 3.128000000000000000e+03
6.959000000000000000e+03 3.086000000000000000e+03
6.621000000000000000e+03 3.086000000000000000e+03
6.907000000000000000e+03 3.118000000000000000e+03
7.092000000000000000e+03 3.053000000000000000e+03
7.128000000000000000e+03 3.107000000000000000e+03
7.156000000000000000e+03 3.143000000000000000e+03
7.166000000000000000e+03 3.174000000000000000e+03
6.692000000000000000e+03 3.194000000000000000e+03
5.507000000000000000e+03 2.882000000000000000e+03
6.670000000000000000e+03 3.212000000000000000e+03
6.506000000000000000e+03 3.201000000000000000e+03
6.898000000000000000e+03 3.178000000000000000e+03
6.942000000000000000e+03 3.183000000000000000e+03
6.856000000000000000e+03 3.141000000000000000e+03
6.722000000000000000e+03 3.175000000000000000e+03
7.165000000000000000e+03 2.890000000000000000e+03
7.122000000000000000e+03 2.820000000000000000e+03
7.002000000000000000e+03 2.823000000000000000e+03
7.048000000000000000e+03 2.797000000000000000e+03
6.691000000000000000e+03 2.795000000000000000e+03
6.866000000000000000e+03 2.811000000000000000e+03
6.417000000000000000e+03 2.834000000000000000e+03
6.553000000000000000e+03 2.813000000000000000e+03
6.096000000000000000e+03 3.364000000000000000e+03
6.955000000000000000e+03 3.050000000000000000e+03
7.086000000000000000e+03 3.041000000000000000e+03
6.880000000000000000e+03 3.008000000000000000e+03
6.867000000000000000e+03 3.005000000000000000e+03
6.746000000000000000e+03 3.020000000000000000e+03
6.751000000000000000e+03 3.023000000000000000e+03
6.088000000000000000e+03 2.986000000000000000e+03
6.504000000000000000e+03 3.012000000000000000e+03
6.188000000000000000e+03 2.992000000000000000e+03
6.670000000000000000e+03 3.018000000000000000e+03
6.042000000000000000e+03 3.002000000000000000e+03
5.851000000000000000e+03 3.073000000000000000e+03
6.061000000000000000e+03 2.993000000000000000e+03
6.307000000000000000e+03 3.034000000000000000e+03
6.768000000000000000e+03 2.882000000000000000e+03
5.535000000000000000e+03 3.637000000000000000e+03
6.714000000000000000e+03 2.899000000000000000e+03
6.708000000000000000e+03 2.911000000000000000e+03
6.907000000000000000e+03 2.900000000000000000e+03
6.844000000000000000e+03 2.911000000000000000e+03
7.009000000000000000e+03 2.899000000000000000e+03
7.058000000000000000e+03 2.909000000000000000e+03
5.695000000000000000e+03 2.158000000000000000e+03
5.989000000000000000e+03 2.959000000000000000e+03
6.464000000000000000e+03 2.930000000000000000e+03
6.412000000000000000e+03 2.940000000000000000e+03
5.812000000000000000e+03 2.096000000000000000e+03
5.848000000000000000e+03 3.586000000000000000e+03
6.515000000000000000e+03 2.896000000000000000e+03
6.591000000000000000e+03 2.924000000000000000e+03
6.989000000000000000e+03 3.409000000000000000e+03
6.857000000000000000e+03 3.357000000000000000e+03
6.858000000000000000e+03 3.405000000000000000e+03
6.952000000000000000e+03 3.344000000000000000e+03
7.086000000000000000e+03 3.390000000000000000e+03
7.046000000000000000e+03 3.378000000000000000e+03
7.161000000000000000e+03 3.383000000000000000e+03
4.640000000000000000e+03 2.208000000000000000e+03
4.844000000000000000e+03 2.468000000000000000e+03
6.513000000000000000e+03 3.362000000000000000e+03
6.549000000000000000e+03 3.378000000000000000e+03
6.643000000000000000e+03 3.373000000000000000e+03
6.652000000000000000e+03 3.413000000000000000e+03
5.080000000000000000e+03 2.377000000000000000e+03
4.863000000000000000e+03 2.374000000000000000e+03
6.752000000000000000e+03 3.693000000000000000e+03
6.525000000000000000e+03 3.664000000000000000e+03
6.409000000000000000e+03 3.693000000000000000e+03
5.860000000000000000e+03 3.680000000000000000e+03
6.400000000000000000e+03 3.307000000000000000e+03
6.272000000000000000e+03 3.283000000000000000e+03
5.753000000000000000e+03 2.690000000000000000e+03
6.105000000000000000e+03 3.287000000000000000e+03
7.013000000000000000e+03 3.660000000000000000e+03
7.019000000000000000e+03 3.713000000000000000e+03
7.132000000000000000e+03 3.642000000000000000e+03
7.116000000000000000e+03 3.607000000000000000e+03
5.760000000000000000e+03 2.953000000000000000e+03
5.667000000000000000e+03 2.860000000000000000e+03
6.905000000000000000e+03 3.700000000000000000e+03
6.856000000000000000e+03 3.716000000000000000e+03
5.627000000000000000e+03 3.410000000000000000e+03
6.443000000000000000e+03 3.429000000000000000e+03
6.273000000000000000e+03 2.069000000000000000e+03
5.721000000000000000e+03 2.838000000000000000e+03
6.972000000000000000e+03 3.251000000000000000e+03
7.041000000000000000e+03 3.291000000000000000e+03
7.161000000000000000e+03 3.286000000000000000e+03
7.119000000000000000e+03 3.227000000000000000e+03
6.593000000000000000e+03 3.479000000000000000e+03
6.173000000000000000e+03 3.511000000000000000e+03
5.936000000000000000e+03 3.248000000000000000e+03
6.704000000000000000e+03 3.480000000000000000e+03
7.032000000000000000e+03 3.468000000000000000e+03
6.917000000000000000e+03 3.472000000000000000e+03
6.436000000000000000e+03 3.494000000000000000e+03
6.808000000000000000e+03 3.482000000000000000e+03
6.868000000000000000e+03 3.278000000000000000e+03
6.453000000000000000e+03 3.366000000000000000e+03
6.719000000000000000e+03 3.286000000000000000e+03
6.366000000000000000e+03 3.282000000000000000e+03
5.884000000000000000e+03 3.508000000000000000e+03
6.271000000000000000e+03 3.551000000000000000e+03
6.111000000000000000e+03 3.683000000000000000e+03
6.607000000000000000e+03 3.566000000000000000e+03
6.820000000000000000e+03 3.585000000000000000e+03
6.378000000000000000e+03 3.570000000000000000e+03
6.689000000000000000e+03 3.606000000000000000e+03
6.099000000000000000e+03 3.565000000000000000e+03
6.941000000000000000e+03 3.585000000000000000e+03
6.968000000000000000e+03 3.577000000000000000e+03
7.126000000000000000e+03 3.524000000000000000e+03
7.064000000000000000e+03 3.529000000000000000e+03
2.643000000000000000e+03 2.670000000000000000e+03
3.690000000000000000e+03 7.690000000000000000e+02
3.375000000000000000e+03 1.152000000000000000e+03
4.521000000000000000e+03 3.424000000000000000e+03
4.610000000000000000e+03 3.435000000000000000e+03
1.192000000000000000e+03 5.187000000000000000e+03
1.155000000000000000e+03 5.374000000000000000e+03
3.725000000000000000e+03 5.780000000000000000e+02
3.685000000000000000e+03 6.120000000000000000e+02
3.609000000000000000e+03 5.350000000000000000e+02
3.589000000000000000e+03 4.870000000000000000e+02
3.726000000000000000e+03 4.650000000000000000e+02
3.704000000000000000e+03 6.100000000000000000e+02
3.459000000000000000e+03 4.930000000000000000e+02
3.499000000000000000e+03 4.810000000000000000e+02
1.578000000000000000e+03 5.296000000000000000e+03
1.544000000000000000e+03 5.332000000000000000e+03
1.618000000000000000e+03 5.397000000000000000e+03
1.713000000000000000e+03 5.395000000000000000e+03
2.744000000000000000e+03 5.215000000000000000e+03
2.924000000000000000e+03 5.141000000000000000e+03
2.722000000000000000e+03 4.817000000000000000e+03
2.014000000000000000e+03 5.392000000000000000e+03
1.074000000000000000e+03 5.345000000000000000e+03
1.130000000000000000e+03 5.312000000000000000e+03
3.584000000000000000e+03 5.002000000000000000e+03
1.313000000000000000e+03 5.285000000000000000e+03
1.221000000000000000e+03 5.303000000000000000e+03
1.254000000000000000e+03 5.353000000000000000e+03
1.055000000000000000e+03 5.360000000000000000e+03
1.079000000000000000e+03 5.301000000000000000e+03
1.909000000000000000e+03 3.675000000000000000e+03
1.689000000000000000e+03 3.393000000000000000e+03
2.195000000000000000e+03 2.737000000000000000e+03
2.838000000000000000e+03 2.750000000000000000e+03
4.009000000000000000e+03 3.615000000000000000e+03
4.264000000000000000e+03 2.757000000000000000e+03
2.392000000000000000e+03 2.732000000000000000e+03
1.876000000000000000e+03 5.470000000000000000e+03
1.832000000000000000e+03 5.380000000000000000e+03
2.086000000000000000e+03 5.456000000000000000e+03
1.961000000000000000e+03 5.402000000000000000e+03
2.493000000000000000e+03 5.433000000000000000e+03
2.300000000000000000e+03 5.439000000000000000e+03
3.407000000000000000e+03 5.125000000000000000e+03
2.476000000000000000e+03 5.393000000000000000e+03
2.778000000000000000e+03 3.993000000000000000e+03
3.647000000000000000e+03 3.604000000000000000e+03
3.061000000000000000e+03 3.179000000000000000e+03
3.176000000000000000e+03 3.819000000000000000e+03
1.342000000000000000e+03 4.275000000000000000e+03
1.450000000000000000e+03 4.362000000000000000e+03
1.309000000000000000e+03 2.959000000000000000e+03
2.725000000000000000e+03 3.266000000000000000e+03
3.073000000000000000e+03 3.362000000000000000e+03
2.277000000000000000e+03 2.830000000000000000e+03
4.592000000000000000e+03 3.403000000000000000e+03
1.908000000000000000e+03 3.671000000000000000e+03
2.709000000000000000e+03 3.181000000000000000e+03
3.824000000000000000e+03 3.852000000000000000e+03
2.941000000000000000e+03 2.935000000000000000e+03
4.558000000000000000e+03 2.785000000000000000e+03
7.364000000000000000e+03 3.160000000000000000e+03
7.365000000000000000e+03 3.347000000000000000e+03
7.347000000000000000e+03 3.334000000000000000e+03
7.331000000000000000e+03 3.446000000000000000e+03
7.347000000000000000e+03 3.427000000000000000e+03
7.359000000000000000e+03 3.368000000000000000e+03
7.352000000000000000e+03 3.493000000000000000e+03
7.404000000000000000e+03 2.924000000000000000e+03
7.440000000000000000e+03 2.990000000000000000e+03
7.433000000000000000e+03 2.716000000000000000e+03
7.380000000000000000e+03 2.491000000000000000e+03
7.447000000000000000e+03 2.490000000000000000e+03
7.075000000000000000e+03 2.883000000000000000e+03
7.438000000000000000e+03 2.467000000000000000e+03
7.456000000000000000e+03 2.892000000000000000e+03
7.373000000000000000e+03 2.643000000000000000e+03
7.406000000000000000e+03 2.425000000000000000e+03
7.365000000000000000e+03 2.465000000000000000e+03
7.408000000000000000e+03 2.379000000000000000e+03
7.455000000000000000e+03 2.509000000000000000e+03
7.267000000000000000e+03 2.464000000000000000e+03
7.293000000000000000e+03 2.560000000000000000e+03
7.380000000000000000e+03 2.889000000000000000e+03
7.448000000000000000e+03 2.522000000000000000e+03
7.447000000000000000e+03 2.700000000000000000e+03
7.381000000000000000e+03 2.526000000000000000e+03
7.420000000000000000e+03 2.764000000000000000e+03
7.407000000000000000e+03 2.834000000000000000e+03
7.432000000000000000e+03 3.074000000000000000e+03
7.373000000000000000e+03 3.042000000000000000e+03
7.352000000000000000e+03 3.099000000000000000e+03
7.410000000000000000e+03 3.869000000000000000e+03
7.366000000000000000e+03 3.798000000000000000e+03
7.274000000000000000e+03 3.909000000000000000e+03
7.412000000000000000e+03 4.022000000000000000e+03
7.153000000000000000e+03 3.359000000000000000e+03
7.454000000000000000e+03 3.195000000000000000e+03
7.459000000000000000e+03 4.277000000000000000e+03
7.421000000000000000e+03 3.987000000000000000e+03
7.407000000000000000e+03 4.465000000000000000e+03
7.427000000000000000e+03 4.190000000000000000e+03
7.449000000000000000e+03 4.231000000000000000e+03
7.389000000000000000e+03 4.178000000000000000e+03
7.059000000000000000e+03 5.294000000000000000e+03
7.431000000000000000e+03 4.726000000000000000e+03
7.400000000000000000e+03 4.500000000000000000e+03
7.396000000000000000e+03 4.851000000000000000e+03
7.335000000000000000e+03 3.790000000000000000e+03
7.398000000000000000e+03 3.650000000000000000e+03
7.322000000000000000e+03 3.668000000000000000e+03
7.360000000000000000e+03 3.637000000000000000e+03
7.378000000000000000e+03 4.098000000000000000e+03
7.363000000000000000e+03 3.885000000000000000e+03
7.384000000000000000e+03 3.990000000000000000e+03
7.378000000000000000e+03 3.985000000000000000e+03
7.305000000000000000e+03 3.601000000000000000e+03
7.396000000000000000e+03 3.452000000000000000e+03
7.339000000000000000e+03 3.617000000000000000e+03
7.392000000000000000e+03 3.548000000000000000e+03
7.343000000000000000e+03 3.469000000000000000e+03
7.352000000000000000e+03 3.436000000000000000e+03
7.404000000000000000e+03 3.409000000000000000e+03
7.325000000000000000e+03 3.484000000000000000e+03
6.427000000000000000e+03 5.093000000000000000e+03
6.771000000000000000e+03 5.082000000000000000e+03
6.705000000000000000e+03 5.042000000000000000e+03
6.857000000000000000e+03 5.051000000000000000e+03
7.029000000000000000e+03 5.099000000000000000e+03
6.946000000000000000e+03 5.086000000000000000e+03
7.026000000000000000e+03 5.042000000000000000e+03
6.352000000000000000e+03 5.060000000000000000e+03
6.633000000000000000e+03 5.069000000000000000e+03
6.528000000000000000e+03 5.187000000000000000e+03
6.438000000000000000e+03 5.119000000000000000e+03
6.042000000000000000e+03 5.293000000000000000e+03
6.285000000000000000e+03 5.079000000000000000e+03
6.430000000000000000e+03 5.047000000000000000e+03
6.362000000000000000e+03 5.088000000000000000e+03
7.120000000000000000e+03 5.226000000000000000e+03
7.161000000000000000e+03 5.295000000000000000e+03
7.110000000000000000e+03 5.298000000000000000e+03
7.074000000000000000e+03 5.250000000000000000e+03
6.936000000000000000e+03 5.275000000000000000e+03
6.880000000000000000e+03 5.278000000000000000e+03
6.997000000000000000e+03 5.251000000000000000e+03
6.994000000000000000e+03 5.350000000000000000e+03
6.825000000000000000e+03 5.164000000000000000e+03
6.853000000000000000e+03 5.185000000000000000e+03
6.694000000000000000e+03 5.213000000000000000e+03
6.820000000000000000e+03 5.139000000000000000e+03
6.532000000000000000e+03 5.141000000000000000e+03
6.474000000000000000e+03 5.130000000000000000e+03
6.626000000000000000e+03 5.149000000000000000e+03
6.629000000000000000e+03 5.150000000000000000e+03
6.529000000000000000e+03 5.223000000000000000e+03
7.124000000000000000e+03 5.093000000000000000e+03
6.704000000000000000e+03 5.151000000000000000e+03
6.868000000000000000e+03 5.374000000000000000e+03
6.768000000000000000e+03 5.364000000000000000e+03
6.713000000000000000e+03 5.378000000000000000e+03
6.681000000000000000e+03 5.310000000000000000e+03
7.202000000000000000e+03 5.038000000000000000e+03
7.276000000000000000e+03 5.058000000000000000e+03
7.359000000000000000e+03 5.106000000000000000e+03
7.389000000000000000e+03 5.101000000000000000e+03
7.376000000000000000e+03 5.196000000000000000e+03
7.373000000000000000e+03 5.216000000000000000e+03
7.293000000000000000e+03 5.184000000000000000e+03
7.244000000000000000e+03 5.149000000000000000e+03
6.566000000000000000e+03 5.420000000000000000e+03
6.535000000000000000e+03 5.357000000000000000e+03
6.484000000000000000e+03 5.374000000000000000e+03
6.524000000000000000e+03 5.310000000000000000e+03
5.182000000000000000e+03 4.841000000000000000e+03
5.234000000000000000e+03 4.887000000000000000e+03
6.220000000000000000e+03 5.099000000000000000e+03
4.849000000000000000e+03 4.822000000000000000e+03
6.348000000000000000e+03 5.222000000000000000e+03
6.334000000000000000e+03 5.260000000000000000e+03
6.425000000000000000e+03 5.403000000000000000e+03
6.430000000000000000e+03 5.352000000000000000e+03
6.301000000000000000e+03 5.393000000000000000e+03
6.208000000000000000e+03 5.328000000000000000e+03
6.265000000000000000e+03 5.224000000000000000e+03
6.206000000000000000e+03 5.241000000000000000e+03
5.856000000000000000e+03 5.076000000000000000e+03
5.790000000000000000e+03 5.636000000000000000e+03
5.872000000000000000e+03 4.470000000000000000e+03
5.603000000000000000e+03 4.895000000000000000e+03
5.602000000000000000e+03 4.826000000000000000e+03
5.656000000000000000e+03 5.383000000000000000e+03
5.717000000000000000e+03 5.246000000000000000e+03
5.819000000000000000e+03 4.797000000000000000e+03
5.608000000000000000e+03 4.826000000000000000e+03
5.708000000000000000e+03 4.868000000000000000e+03
5.729000000000000000e+03 4.979000000000000000e+03
5.618000000000000000e+03 4.610000000000000000e+03
5.658000000000000000e+03 4.700000000000000000e+03
5.450000000000000000e+03 4.560000000000000000e+03
5.547000000000000000e+03 4.615000000000000000e+03
5.820000000000000000e+03 4.770000000000000000e+03
5.779000000000000000e+03 4.816000000000000000e+03
5.846000000000000000e+03 4.938000000000000000e+03
5.893000000000000000e+03 4.895000000000000000e+03
5.841000000000000000e+03 4.698000000000000000e+03
5.825000000000000000e+03 4.642000000000000000e+03
5.697000000000000000e+03 4.535000000000000000e+03
5.784000000000000000e+03 4.566000000000000000e+03
5.988000000000000000e+03 4.978000000000000000e+03
5.940000000000000000e+03 5.092000000000000000e+03
5.992000000000000000e+03 4.914000000000000000e+03
5.952000000000000000e+03 4.801000000000000000e+03
5.938000000000000000e+03 4.655000000000000000e+03
6.081000000000000000e+03 4.781000000000000000e+03
5.824000000000000000e+03 4.606000000000000000e+03
5.940000000000000000e+03 4.582000000000000000e+03
7.251000000000000000e+03 5.367000000000000000e+03
7.345000000000000000e+03 5.418000000000000000e+03
7.137000000000000000e+03 5.446000000000000000e+03
7.209000000000000000e+03 5.407000000000000000e+03
7.378000000000000000e+03 5.360000000000000000e+03
7.358000000000000000e+03 5.488000000000000000e+03
7.458000000000000000e+03 5.706000000000000000e+03
7.450000000000000000e+03 5.521000000000000000e+03
6.097000000000000000e+03 5.374000000000000000e+03
6.023000000000000000e+03 5.347000000000000000e+03
5.891000000000000000e+03 5.345000000000000000e+03
5.933000000000000000e+03 5.442000000000000000e+03
5.921000000000000000e+03 5.457000000000000000e+03
5.874000000000000000e+03 5.415000000000000000e+03
6.104000000000000000e+03 5.432000000000000000e+03
5.960000000000000000e+03 5.444000000000000000e+03
5.705000000000000000e+03 6.210000000000000000e+03
5.722000000000000000e+03 6.138000000000000000e+03
5.805000000000000000e+03 6.269000000000000000e+03
5.775000000000000000e+03 6.267000000000000000e+03
5.839000000000000000e+03 6.075000000000000000e+03
5.870000000000000000e+03 5.957000000000000000e+03
5.855000000000000000e+03 6.181000000000000000e+03
5.886000000000000000e+03 6.189000000000000000e+03
5.680000000000000000e+03 5.998000000000000000e+03
5.721000000000000000e+03 5.916000000000000000e+03
5.689000000000000000e+03 6.052000000000000000e+03
5.737000000000000000e+03 6.051000000000000000e+03
5.790000000000000000e+03 5.760000000000000000e+03
5.878000000000000000e+03 5.827000000000000000e+03
5.727000000000000000e+03 5.912000000000000000e+03
5.726000000000000000e+03 5.808000000000000000e+03
5.515000000000000000e+03 5.141000000000000000e+03
5.531000000000000000e+03 5.213000000000000000e+03
5.446000000000000000e+03 5.097000000000000000e+03
5.857000000000000000e+03 5.025000000000000000e+03
5.670000000000000000e+03 5.137000000000000000e+03
5.285000000000000000e+03 5.246000000000000000e+03
5.533000000000000000e+03 5.197000000000000000e+03
5.695000000000000000e+03 5.289000000000000000e+03
5.775000000000000000e+03 5.246000000000000000e+03
5.797000000000000000e+03 5.197000000000000000e+03
5.751000000000000000e+03 5.128000000000000000e+03
5.649000000000000000e+03 5.213000000000000000e+03
5.573000000000000000e+03 5.106000000000000000e+03
5.686000000000000000e+03 5.115000000000000000e+03
5.798000000000000000e+03 5.132000000000000000e+03
5.740000000000000000e+03 5.098000000000000000e+03
5.639000000000000000e+03 5.129000000000000000e+03
5.683000000000000000e+03 5.390000000000000000e+03
5.583000000000000000e+03 5.376000000000000000e+03
5.600000000000000000e+03 5.599000000000000000e+03
5.690000000000000000e+03 5.694000000000000000e+03
5.696000000000000000e+03 5.552000000000000000e+03
5.686000000000000000e+03 5.456000000000000000e+03
5.529000000000000000e+03 5.561000000000000000e+03
5.452000000000000000e+03 5.626000000000000000e+03
5.430000000000000000e+03 5.512000000000000000e+03
5.442000000000000000e+03 5.658000000000000000e+03
5.420000000000000000e+03 5.219000000000000000e+03
5.437000000000000000e+03 5.295000000000000000e+03
5.441000000000000000e+03 5.432000000000000000e+03
5.430000000000000000e+03 5.359000000000000000e+03
5.213000000000000000e+03 5.345000000000000000e+03
5.218000000000000000e+03 5.350000000000000000e+03
5.219000000000000000e+03 5.288000000000000000e+03
5.204000000000000000e+03 5.539000000000000000e+03
5.179000000000000000e+03 5.414000000000000000e+03
5.308000000000000000e+03 5.514000000000000000e+03
5.263000000000000000e+03 5.570000000000000000e+03
5.535000000000000000e+03 4.886000000000000000e+03
5.706000000000000000e+03 4.909000000000000000e+03
5.551000000000000000e+03 4.970000000000000000e+03
5.597000000000000000e+03 5.026000000000000000e+03
5.487000000000000000e+03 4.811000000000000000e+03
5.433000000000000000e+03 4.758000000000000000e+03
5.409000000000000000e+03 4.612000000000000000e+03
5.437000000000000000e+03 4.705000000000000000e+03
5.437000000000000000e+03 5.034000000000000000e+03
5.333000000000000000e+03 4.935000000000000000e+03
5.380000000000000000e+03 5.011000000000000000e+03
5.414000000000000000e+03 5.093000000000000000e+03
5.314000000000000000e+03 4.707000000000000000e+03
5.246000000000000000e+03 4.508000000000000000e+03
5.318000000000000000e+03 4.792000000000000000e+03
5.370000000000000000e+03 4.855000000000000000e+03
5.183000000000000000e+03 4.923000000000000000e+03
5.161000000000000000e+03 4.850000000000000000e+03
5.196000000000000000e+03 4.759000000000000000e+03
5.254000000000000000e+03 4.674000000000000000e+03
5.299000000000000000e+03 5.033000000000000000e+03
5.244000000000000000e+03 5.027000000000000000e+03
5.332000000000000000e+03 5.077000000000000000e+03
5.162000000000000000e+03 5.060000000000000000e+03
6.227000000000000000e+03 3.692000000000000000e+03
6.207000000000000000e+03 3.710000000000000000e+03
6.293000000000000000e+03 3.733000000000000000e+03
6.344000000000000000e+03 3.581000000000000000e+03
6.313000000000000000e+03 3.583000000000000000e+03
6.377000000000000000e+03 3.683000000000000000e+03
6.386000000000000000e+03 3.632000000000000000e+03
6.123000000000000000e+03 3.883000000000000000e+03
6.327000000000000000e+03 3.389000000000000000e+03
6.276000000000000000e+03 3.261000000000000000e+03
6.301000000000000000e+03 3.341000000000000000e+03
6.075000000000000000e+03 3.512000000000000000e+03
6.225000000000000000e+03 3.454000000000000000e+03
6.217000000000000000e+03 3.463000000000000000e+03
5.986000000000000000e+03 4.094000000000000000e+03
5.925000000000000000e+03 3.858000000000000000e+03
5.812000000000000000e+03 3.598000000000000000e+03
5.752000000000000000e+03 3.333000000000000000e+03
5.771000000000000000e+03 3.526000000000000000e+03
5.954000000000000000e+03 3.180000000000000000e+03
5.920000000000000000e+03 3.264000000000000000e+03
5.796000000000000000e+03 3.265000000000000000e+03
5.764000000000000000e+03 3.185000000000000000e+03
6.086000000000000000e+03 3.363000000000000000e+03
6.030000000000000000e+03 3.329000000000000000e+03
5.960000000000000000e+03 3.423000000000000000e+03
5.969000000000000000e+03 3.476000000000000000e+03
6.099000000000000000e+03 3.246000000000000000e+03
6.074000000000000000e+03 3.235000000000000000e+03
6.166000000000000000e+03 3.279000000000000000e+03
6.173000000000000000e+03 3.181000000000000000e+03
5.723000000000000000e+03 4.145000000000000000e+03
5.914000000000000000e+03 3.932000000000000000e+03
5.808000000000000000e+03 3.708000000000000000e+03
5.716000000000000000e+03 3.742000000000000000e+03
5.766000000000000000e+03 3.996000000000000000e+03
5.719000000000000000e+03 4.060000000000000000e+03
5.751000000000000000e+03 3.908000000000000000e+03
5.927000000000000000e+03 3.835000000000000000e+03
6.009000000000000000e+03 3.959000000000000000e+03
6.242000000000000000e+03 3.846000000000000000e+03
6.010000000000000000e+03 4.286000000000000000e+03
6.153000000000000000e+03 4.107000000000000000e+03
5.936000000000000000e+03 4.008000000000000000e+03
5.617000000000000000e+03 4.051000000000000000e+03
5.736000000000000000e+03 3.791000000000000000e+03
5.682000000000000000e+03 3.941000000000000000e+03
5.931000000000000000e+03 3.651000000000000000e+03
6.026000000000000000e+03 3.579000000000000000e+03
6.169000000000000000e+03 3.629000000000000000e+03
6.085000000000000000e+03 3.593000000000000000e+03
5.874000000000000000e+03 4.219000000000000000e+03
5.870000000000000000e+03 4.111000000000000000e+03
5.956000000000000000e+03 3.779000000000000000e+03
6.017000000000000000e+03 4.000000000000000000e+03
5.871000000000000000e+03 3.627000000000000000e+03
5.761000000000000000e+03 3.509000000000000000e+03
5.709000000000000000e+03 3.487000000000000000e+03
5.672000000000000000e+03 3.466000000000000000e+03
5.641000000000000000e+03 3.572000000000000000e+03
5.706000000000000000e+03 3.617000000000000000e+03
5.888000000000000000e+03 3.940000000000000000e+03
5.604000000000000000e+03 3.676000000000000000e+03
4.798000000000000000e+03 7.328000000000000000e+03
6.683000000000000000e+03 7.301000000000000000e+03
6.965000000000000000e+03 7.168000000000000000e+03
4.719000000000000000e+03 6.934000000000000000e+03
4.999000000000000000e+03 6.956000000000000000e+03
5.110000000000000000e+03 6.985000000000000000e+03
4.802000000000000000e+03 7.011000000000000000e+03
5.156000000000000000e+03 7.208000000000000000e+03
5.045000000000000000e+03 7.079000000000000000e+03
5.830000000000000000e+03 6.949000000000000000e+03
5.206000000000000000e+03 7.098000000000000000e+03
5.039000000000000000e+03 7.163000000000000000e+03
5.291000000000000000e+03 7.158000000000000000e+03
5.242000000000000000e+03 7.246000000000000000e+03
4.781000000000000000e+03 7.225000000000000000e+03
7.375000000000000000e+03 7.420000000000000000e+03
6.785000000000000000e+03 7.143000000000000000e+03
7.418000000000000000e+03 7.388000000000000000e+03
7.268000000000000000e+03 7.425000000000000000e+03
7.132000000000000000e+03 6.992000000000000000e+03
7.135000000000000000e+03 6.938000000000000000e+03
6.537000000000000000e+03 6.631000000000000000e+03
6.489000000000000000e+03 6.991000000000000000e+03
5.436000000000000000e+03 6.813000000000000000e+03
5.376000000000000000e+03 6.827000000000000000e+03
5.551000000000000000e+03 6.875000000000000000e+03
5.666000000000000000e+03 6.956000000000000000e+03
5.222000000000000000e+03 6.890000000000000000e+03
5.382000000000000000e+03 6.874000000000000000e+03
5.278000000000000000e+03 6.810000000000000000e+03
5.375000000000000000e+03 6.747000000000000000e+03
9.060000000000000000e+02 7.451000000000000000e+03
1.012000000000000000e+03 7.395000000000000000e+03
9.510000000000000000e+02 7.455000000000000000e+03
6.770000000000000000e+02 7.474000000000000000e+03
4.450000000000000000e+02 7.454000000000000000e+03
3.351000000000000000e+03 7.295000000000000000e+03
1.180000000000000000e+03 7.111000000000000000e+03
4.999000000000000000e+03 7.243000000000000000e+03
5.041000000000000000e+03 7.338000000000000000e+03
5.095000000000000000e+03 7.274000000000000000e+03
5.097000000000000000e+03 7.301000000000000000e+03
5.056000000000000000e+03 7.124000000000000000e+03
5.046000000000000000e+03 7.117000000000000000e+03
4.689000000000000000e+03 6.998000000000000000e+03
4.793000000000000000e+03 7.020000000000000000e+03
1.525000000000000000e+03 7.457000000000000000e+03
1.393000000000000000e+03 7.470000000000000000e+03
1.575000000000000000e+03 7.468000000000000000e+03
1.496000000000000000e+03 7.473000000000000000e+03
1.487000000000000000e+03 7.453000000000000000e+03
1.366000000000000000e+03 7.448000000000000000e+03
1.411000000000000000e+03 7.458000000000000000e+03
1.582000000000000000e+03 7.461000000000000000e+03
2.228000000000000000e+03 7.463000000000000000e+03
2.282000000000000000e+03 7.471000000000000000e+03
2.345000000000000000e+03 7.468000000000000000e+03
2.404000000000000000e+03 7.469000000000000000e+03
3.518000000000000000e+03 7.468000000000000000e+03
3.261000000000000000e+03 7.462000000000000000e+03
2.124000000000000000e+03 7.474000000000000000e+03
2.039000000000000000e+03 7.466000000000000000e+03
6.216000000000000000e+03 7.480000000000000000e+03
6.201000000000000000e+03 7.471000000000000000e+03
6.274000000000000000e+03 7.464000000000000000e+03
6.636000000000000000e+03 7.463000000000000000e+03
6.549000000000000000e+03 7.462000000000000000e+03
6.647000000000000000e+03 7.440000000000000000e+03
6.746000000000000000e+03 7.464000000000000000e+03
5.418000000000000000e+03 7.175000000000000000e+03
5.396000000000000000e+03 7.106000000000000000e+03
5.543000000000000000e+03 7.157000000000000000e+03
5.497000000000000000e+03 7.224000000000000000e+03
5.777000000000000000e+03 6.658000000000000000e+03
5.785000000000000000e+03 7.157000000000000000e+03
5.635000000000000000e+03 7.189000000000000000e+03
5.699000000000000000e+03 7.168000000000000000e+03
5.403000000000000000e+03 6.979000000000000000e+03
5.369000000000000000e+03 7.038000000000000000e+03
5.446000000000000000e+03 7.018000000000000000e+03
5.518000000000000000e+03 7.007000000000000000e+03
5.561000000000000000e+03 6.855000000000000000e+03
5.697000000000000000e+03 6.923000000000000000e+03
5.728000000000000000e+03 6.866000000000000000e+03
5.684000000000000000e+03 6.859000000000000000e+03
5.539000000000000000e+03 5.514000000000000000e+03
6.711000000000000000e+03 6.193000000000000000e+03
5.521000000000000000e+03 6.130000000000000000e+03
6.479000000000000000e+03 6.114000000000000000e+03
5.984000000000000000e+03 5.579000000000000000e+03
6.010000000000000000e+03 6.860000000000000000e+03
6.052000000000000000e+03 5.901000000000000000e+03
5.979000000000000000e+03 5.328000000000000000e+03
5.823000000000000000e+03 5.779000000000000000e+03
5.757000000000000000e+03 6.107000000000000000e+03
5.943000000000000000e+03 6.082000000000000000e+03
5.871000000000000000e+03 6.445000000000000000e+03
5.686000000000000000e+03 6.672000000000000000e+03
5.547000000000000000e+03 6.721000000000000000e+03
5.635000000000000000e+03 6.594000000000000000e+03
5.683000000000000000e+03 6.555000000000000000e+03
5.730000000000000000e+03 6.769000000000000000e+03
5.700000000000000000e+03 6.557000000000000000e+03
5.396000000000000000e+03 7.344000000000000000e+03
5.264000000000000000e+03 7.403000000000000000e+03
5.725000000000000000e+03 6.944000000000000000e+03
5.717000000000000000e+03 6.968000000000000000e+03
5.638000000000000000e+03 7.069000000000000000e+03
5.520000000000000000e+03 7.039000000000000000e+03
5.869000000000000000e+03 7.435000000000000000e+03
5.891000000000000000e+03 7.445000000000000000e+03
5.572000000000000000e+03 7.425000000000000000e+03
5.679000000000000000e+03 7.440000000000000000e+03
5.572000000000000000e+03 7.445000000000000000e+03
5.465000000000000000e+03 7.470000000000000000e+03
5.245000000000000000e+03 7.462000000000000000e+03
5.698000000000000000e+03 7.444000000000000000e+03
5.627000000000000000e+03 6.496000000000000000e+03
5.705000000000000000e+03 6.278000000000000000e+03
5.832000000000000000e+03 6.337000000000000000e+03
5.821000000000000000e+03 6.315000000000000000e+03
5.826000000000000000e+03 5.811000000000000000e+03
5.520000000000000000e+03 6.555000000000000000e+03
5.416000000000000000e+03 6.652000000000000000e+03
5.456000000000000000e+03 6.686000000000000000e+03
1.875000000000000000e+03 5.674000000000000000e+03
4.901000000000000000e+03 7.193000000000000000e+03
4.869000000000000000e+03 7.171000000000000000e+03
9.450000000000000000e+02 5.473000000000000000e+03
8.300000000000000000e+02 5.503000000000000000e+03
9.350000000000000000e+02 5.538000000000000000e+03
9.400000000000000000e+02 5.536000000000000000e+03
4.918000000000000000e+03 6.716000000000000000e+03
4.847000000000000000e+03 6.706000000000000000e+03
4.847000000000000000e+03 6.504000000000000000e+03
4.901000000000000000e+03 6.585000000000000000e+03
4.843000000000000000e+03 6.347000000000000000e+03
4.904000000000000000e+03 6.316000000000000000e+03
5.001000000000000000e+03 6.286000000000000000e+03
4.996000000000000000e+03 6.331000000000000000e+03
3.815000000000000000e+03 6.933000000000000000e+03
1.553000000000000000e+03 5.636000000000000000e+03
1.104000000000000000e+03 5.462000000000000000e+03
1.294000000000000000e+03 5.456000000000000000e+03
4.813000000000000000e+03 6.059000000000000000e+03
4.830000000000000000e+03 6.191000000000000000e+03
2.692000000000000000e+03 5.987000000000000000e+03
1.510000000000000000e+03 5.450000000000000000e+03
2.925000000000000000e+03 7.163000000000000000e+03
3.157000000000000000e+03 6.552000000000000000e+03
4.135000000000000000e+03 7.268000000000000000e+03
4.581000000000000000e+03 6.585000000000000000e+03
4.364000000000000000e+03 6.501000000000000000e+03
3.429000000000000000e+03 5.718000000000000000e+03
3.329000000000000000e+03 6.263000000000000000e+03
3.565000000000000000e+03 6.325000000000000000e+03
4.598000000000000000e+03 5.716000000000000000e+03
4.901000000000000000e+03 5.758000000000000000e+03
4.919000000000000000e+03 5.729000000000000000e+03
5.073000000000000000e+03 5.341000000000000000e+03
5.110000000000000000e+03 5.760000000000000000e+03
4.851000000000000000e+03 5.697000000000000000e+03
4.903000000000000000e+03 5.711000000000000000e+03
3.386000000000000000e+03 5.304000000000000000e+03
3.106000000000000000e+03 5.393000000000000000e+03
3.700000000000000000e+03 5.430000000000000000e+03
2.625000000000000000e+03 5.485000000000000000e+03
2.293000000000000000e+03 5.523000000000000000e+03
2.461000000000000000e+03 5.508000000000000000e+03
2.850000000000000000e+03 5.498000000000000000e+03
1.977000000000000000e+03 5.481000000000000000e+03
5.153000000000000000e+03 6.689000000000000000e+03
5.131000000000000000e+03 6.778000000000000000e+03
5.023000000000000000e+03 6.767000000000000000e+03
4.974000000000000000e+03 6.808000000000000000e+03
5.236000000000000000e+03 6.642000000000000000e+03
5.233000000000000000e+03 6.551000000000000000e+03
5.066000000000000000e+03 6.483000000000000000e+03
5.001000000000000000e+03 6.487000000000000000e+03
5.155000000000000000e+03 6.448000000000000000e+03
5.195000000000000000e+03 6.395000000000000000e+03
5.151000000000000000e+03 6.291000000000000000e+03
5.178000000000000000e+03 6.333000000000000000e+03
5.016000000000000000e+03 6.569000000000000000e+03
5.010000000000000000e+03 6.639000000000000000e+03
5.121000000000000000e+03 6.539000000000000000e+03
5.039000000000000000e+03 6.589000000000000000e+03
5.446000000000000000e+03 5.003000000000000000e+03
5.278000000000000000e+03 5.088000000000000000e+03
4.824000000000000000e+03 6.808000000000000000e+03
4.771000000000000000e+03 7.381000000000000000e+03
4.644000000000000000e+03 7.466000000000000000e+03
4.871000000000000000e+03 7.423000000000000000e+03
4.878000000000000000e+03 7.340000000000000000e+03
5.049000000000000000e+03 6.170000000000000000e+03
5.097000000000000000e+03 6.081000000000000000e+03
4.910000000000000000e+03 6.188000000000000000e+03
4.940000000000000000e+03 6.157000000000000000e+03
5.177000000000000000e+03 5.839000000000000000e+03
5.117000000000000000e+03 5.904000000000000000e+03
5.118000000000000000e+03 5.309000000000000000e+03
5.125000000000000000e+03 6.033000000000000000e+03
2.558000000000000000e+03 5.186000000000000000e+03
2.160000000000000000e+03 5.483000000000000000e+03
1.382000000000000000e+03 5.404000000000000000e+03
9.360000000000000000e+02 5.358000000000000000e+03
7.590000000000000000e+02 5.411000000000000000e+03
6.820000000000000000e+02 5.326000000000000000e+03
7.860000000000000000e+02 5.295000000000000000e+03
8.290000000000000000e+02 5.336000000000000000e+03
1.877000000000000000e+03 5.288000000000000000e+03
1.933000000000000000e+03 5.300000000000000000e+03
2.786000000000000000e+03 5.192000000000000000e+03
1.911000000000000000e+03 5.306000000000000000e+03
3.315000000000000000e+03 5.143000000000000000e+03
2.946000000000000000e+03 5.238000000000000000e+03
2.744000000000000000e+03 5.223000000000000000e+03
2.319000000000000000e+03 5.330000000000000000e+03
5.206000000000000000e+03 5.943000000000000000e+03
5.170000000000000000e+03 5.997000000000000000e+03
5.048000000000000000e+03 6.067000000000000000e+03
5.275000000000000000e+03 6.159000000000000000e+03
5.092000000000000000e+03 6.229000000000000000e+03
5.204000000000000000e+03 6.190000000000000000e+03
5.199000000000000000e+03 6.217000000000000000e+03
5.228000000000000000e+03 6.208000000000000000e+03
4.978000000000000000e+03 5.758000000000000000e+03
4.990000000000000000e+03 5.652000000000000000e+03
5.067000000000000000e+03 5.696000000000000000e+03
5.053000000000000000e+03 5.715000000000000000e+03
4.933000000000000000e+03 5.922000000000000000e+03
4.969000000000000000e+03 5.843000000000000000e+03
4.943000000000000000e+03 5.974000000000000000e+03
4.941000000000000000e+03 6.056000000000000000e+03
5.169000000000000000e+03 5.991000000000000000e+03
5.199000000000000000e+03 5.993000000000000000e+03
5.286000000000000000e+03 5.899000000000000000e+03
5.228000000000000000e+03 5.970000000000000000e+03
5.289000000000000000e+03 5.713000000000000000e+03
5.397000000000000000e+03 5.777000000000000000e+03
5.306000000000000000e+03 5.800000000000000000e+03
5.312000000000000000e+03 5.702000000000000000e+03
5.249000000000000000e+03 6.138000000000000000e+03
5.318000000000000000e+03 6.110000000000000000e+03
5.345000000000000000e+03 6.110000000000000000e+03
5.388000000000000000e+03 6.023000000000000000e+03
5.484000000000000000e+03 5.919000000000000000e+03
5.476000000000000000e+03 5.979000000000000000e+03
5.459000000000000000e+03 5.860000000000000000e+03
5.474000000000000000e+03 5.858000000000000000e+03
4.110000000000000000e+02 8.100000000000000000e+02
5.870000000000000000e+02 2.770000000000000000e+03
9.010000000000000000e+02 5.560000000000000000e+03
5.584000000000000000e+03 9.500000000000000000e+02
4.832000000000000000e+03 2.400000000000000000e+02
5.895000000000000000e+03 5.480000000000000000e+03
6.049000000000000000e+03 3.830000000000000000e+03
-4.000000000000000000e+00 0.000000000000000000e+00
-1.200000000000000000e+01 0.000000000000000000e+00
7.442000000000000000e+03 0.000000000000000000e+00
