6.308000000000000000e+03 2.224000000000000000e+03
6.211000000000000000e+03 2.391000000000000000e+03
5.730000000000000000e+03 1.171000000000000000e+03
6.055000000000000000e+03 2.460000000000000000e+03
6.150000000000000000e+03 2.453000000000000000e+03
6.248000000000000000e+03 2.470000000000000000e+03
6.326000000000000000e+03 2.440000000000000000e+03
5.882000000000000000e+03 1.120000000000000000e+03
5.913000000000000000e+03 1.129000000000000000e+03
5.768000000000000000e+03 1.565000000000000000e+03
5.724000000000000000e+03 1.070000000000000000e+03
6.004000000000000000e+03 1.281000000000000000e+03
5.985000000000000000e+03 1.260000000000000000e+03
5.902000000000000000e+03 1.206000000000000000e+03
5.945000000000000000e+03 1.203000000000000000e+03
6.916000000000000000e+03 2.491000000000000000e+03
6.987000000000000000e+03 2.550000000000000000e+03
7.058000000000000000e+03 2.519000000000000000e+03
7.103000000000000000e+03 2.501000000000000000e+03
6.847000000000000000e+03 2.451000000000000000e+03
6.770000000000000000e+03 2.496000000000000000e+03
6.915000000000000000e+03 2.457000000000000000e+03
6.886000000000000000e+03 2.445000000000000000e+03
7.021000000000000000e+03 2.566000000000000000e+03
6.878000000000000000e+03 2.563000000000000000e+03
6.944000000000000000e+03 2.480000000000000000e+03
7.262000000000000000e+03 2.559000000000000000e+03
6.657000000000000000e+03 2.516000000000000000e+03
6.628000000000000000e+03 2.459000000000000000e+03
6.528000000000000000e+03 2.507000000000000000e+03
6.371000000000000000e+03 2.482000000000000000e+03
5.821000000000000000e+03 2.457000000000000000e+03
5.303000000000000000e+03 2.293000000000000000e+03
5.642000000000000000e+03 2.480000000000000000e+03
5.275000000000000000e+03 2.086000000000000000e+03
5.231000000000000000e+03 2.400000000000000000e+03
5.175000000000000000e+03 2.382000000000000000e+03
5.134000000000000000e+03 2.310000000000000000e+03
5.976000000000000000e+03 2.651000000000000000e+03
6.015000000000000000e+03 2.596000000000000000e+03
5.990000000000000000e+03 2.615000000000000000e+03
5.849000000000000000e+03 2.690000000000000000e+03
5.682000000000000000e+03 2.597000000000000000e+03
5.539000000000000000e+03 2.499000000000000000e+03
5.373000000000000000e+03 2.626000000000000000e+03
5.468000000000000000e+03 2.586000000000000000e+03
5.511000000000000000e+03 2.501000000000000000e+03
5.526000000000000000e+03 2.182000000000000000e+03
5.421000000000000000e+03 2.092000000000000000e+03
5.632000000000000000e+03 2.471000000000000000e+03
5.966000000000000000e+03 2.496000000000000000e+03
5.816000000000000000e+03 2.518000000000000000e+03
5.714000000000000000e+03 2.214000000000000000e+03
5.791000000000000000e+03 2.518000000000000000e+03
5.558000000000000000e+03 2.015000000000000000e+03
5.254000000000000000e+03 1.870000000000000000e+03
5.301000000000000000e+03 2.495000000000000000e+03
5.128000000000000000e+03 2.412000000000000000e+03
5.297000000000000000e+03 2.681000000000000000e+03
5.342000000000000000e+03 2.649000000000000000e+03
5.166000000000000000e+03 2.515000000000000000e+03
5.140000000000000000e+03 2.554000000000000000e+03
6.127000000000000000e+03 2.603000000000000000e+03
6.323000000000000000e+03 2.729000000000000000e+03
6.302000000000000000e+03 2.662000000000000000e+03
6.787000000000000000e+03 2.817000000000000000e+03
6.780000000000000000e+03 2.794000000000000000e+03
6.575000000000000000e+03 2.794000000000000000e+03
6.547000000000000000e+03 2.833000000000000000e+03
5.943000000000000000e+03 1.554000000000000000e+03
5.939000000000000000e+03 1.519000000000000000e+03
5.943000000000000000e+03 1.442000000000000000e+03
5.914000000000000000e+03 1.496000000000000000e+03
5.793000000000000000e+03 1.641000000000000000e+03
5.844000000000000000e+03 1.638000000000000000e+03
5.676000000000000000e+03 2.250000000000000000e+03
5.810000000000000000e+03 2.251000000000000000e+03
5.522000000000000000e+03 1.390000000000000000e+03
5.223000000000000000e+03 1.959000000000000000e+03
5.559000000000000000e+03 1.351000000000000000e+03
5.571000000000000000e+03 1.384000000000000000e+03
5.497000000000000000e+03 1.869000000000000000e+03
5.520000000000000000e+03 1.511000000000000000e+03
5.567000000000000000e+03 1.621000000000000000e+03
5.583000000000000000e+03 2.002000000000000000e+03
6.350000000000000000e+03 2.763000000000000000e+03
6.277000000000000000e+03 2.796000000000000000e+03
6.597000000000000000e+03 2.705000000000000000e+03
6.448000000000000000e+03 2.788000000000000000e+03
6.116000000000000000e+03 2.762000000000000000e+03
6.258000000000000000e+03 2.793000000000000000e+03
6.096000000000000000e+03 2.612000000000000000e+03
6.169000000000000000e+03 2.690000000000000000e+03
5.442000000000000000e+03 1.227000000000000000e+03
5.443000000000000000e+03 1.306000000000000000e+03
5.396000000000000000e+03 1.342000000000000000e+03
5.225000000000000000e+03 1.424000000000000000e+03
5.312000000000000000e+03 1.581000000000000000e+03
5.406000000000000000e+03 1.543000000000000000e+03
5.302000000000000000e+03 1.424000000000000000e+03
5.356000000000000000e+03 1.502000000000000000e+03
5.339000000000000000e+03 1.091000000000000000e+03
5.380000000000000000e+03 9.720000000000000000e+02
5.491000000000000000e+03 1.020000000000000000e+03
5.512000000000000000e+03 1.113000000000000000e+03
5.360000000000000000e+03 1.033000000000000000e+03
5.355000000000000000e+03 1.099000000000000000e+03
5.358000000000000000e+03 1.221000000000000000e+03
5.383000000000000000e+03 1.154000000000000000e+03
5.411000000000000000e+03 8.500000000000000000e+02
5.397000000000000000e+03 7.800000000000000000e+02
5.493000000000000000e+03 7.950000000000000000e+02
5.533000000000000000e+03 7.500000000000000000e+02
5.541000000000000000e+03 9.670000000000000000e+02
5.576000000000000000e+03 9.640000000000000000e+02
5.295000000000000000e+03 8.420000000000000000e+02
5.472000000000000000e+03 8.970000000000000000e+02
5.642000000000000000e+03 1.196000000000000000e+03
5.729000000000000000e+03 1.306000000000000000e+03
5.754000000000000000e+03 1.499000000000000000e+03
5.879000000000000000e+03 1.563000000000000000e+03
5.741000000000000000e+03 1.411000000000000000e+03
5.752000000000000000e+03 1.451000000000000000e+03
5.683000000000000000e+03 1.641000000000000000e+03
5.679000000000000000e+03 1.581000000000000000e+03
5.607000000000000000e+03 9.840000000000000000e+02
5.460000000000000000e+03 4.430000000000000000e+02
5.500000000000000000e+03 5.310000000000000000e+02
5.551000000000000000e+03 6.680000000000000000e+02
5.443000000000000000e+03 6.100000000000000000e+02
5.543000000000000000e+03 5.380000000000000000e+02
5.760000000000000000e+03 9.740000000000000000e+02
5.734000000000000000e+03 6.640000000000000000e+02
5.326000000000000000e+03 4.460000000000000000e+02
5.664000000000000000e+03 6.580000000000000000e+02
5.685000000000000000e+03 6.780000000000000000e+02
5.854000000000000000e+03 8.170000000000000000e+02
5.799000000000000000e+03 9.190000000000000000e+02
5.834000000000000000e+03 9.470000000000000000e+02
5.810000000000000000e+03 8.990000000000000000e+02
5.937000000000000000e+03 1.052000000000000000e+03
5.922000000000000000e+03 1.000000000000000000e+03
5.962000000000000000e+03 9.420000000000000000e+02
5.939000000000000000e+03 8.790000000000000000e+02
5.959000000000000000e+03 8.090000000000000000e+02
5.926000000000000000e+03 7.670000000000000000e+02
6.012000000000000000e+03 8.550000000000000000e+02
6.016000000000000000e+03 9.200000000000000000e+02
5.911000000000000000e+03 8.290000000000000000e+02
5.650000000000000000e+03 7.130000000000000000e+02
5.856000000000000000e+03 8.180000000000000000e+02
5.795000000000000000e+03 7.420000000000000000e+02
5.758000000000000000e+03 1.003000000000000000e+03
5.737000000000000000e+03 9.110000000000000000e+02
5.684000000000000000e+03 8.280000000000000000e+02
5.655000000000000000e+03 8.960000000000000000e+02
5.807000000000000000e+03 1.936000000000000000e+03
1.430000000000000000e+03 1.842000000000000000e+03
2.544000000000000000e+03 2.284000000000000000e+03
6.109000000000000000e+03 2.327000000000000000e+03
6.601000000000000000e+03 2.661000000000000000e+03
6.391000000000000000e+03 2.606000000000000000e+03
6.349000000000000000e+03 2.521000000000000000e+03
5.653000000000000000e+03 2.255000000000000000e+03
6.907000000000000000e+03 2.745000000000000000e+03
6.773000000000000000e+03 2.704000000000000000e+03
6.923000000000000000e+03 2.725000000000000000e+03
7.096000000000000000e+03 2.715000000000000000e+03
6.554000000000000000e+03 2.273000000000000000e+03
7.072000000000000000e+03 2.741000000000000000e+03
7.104000000000000000e+03 2.758000000000000000e+03
1.443000000000000000e+03 2.389000000000000000e+03
1.447000000000000000e+03 2.389000000000000000e+03
1.427000000000000000e+03 2.250000000000000000e+03
1.517000000000000000e+03 2.155000000000000000e+03
1.585000000000000000e+03 2.247000000000000000e+03
1.587000000000000000e+03 2.374000000000000000e+03
2.180000000000000000e+03 2.172000000000000000e+03
1.868000000000000000e+03 2.174000000000000000e+03
6.580000000000000000e+03 2.581000000000000000e+03
6.732000000000000000e+03 2.621000000000000000e+03
6.263000000000000000e+03 2.445000000000000000e+03
6.319000000000000000e+03 2.559000000000000000e+03
6.983000000000000000e+03 2.637000000000000000e+03
7.019000000000000000e+03 2.644000000000000000e+03
6.694000000000000000e+03 2.571000000000000000e+03
6.827000000000000000e+03 2.641000000000000000e+03
1.722000000000000000e+03 2.385000000000000000e+03
1.683000000000000000e+03 2.537000000000000000e+03
1.655000000000000000e+03 2.449000000000000000e+03
1.684000000000000000e+03 2.428000000000000000e+03
1.727000000000000000e+03 2.446000000000000000e+03
2.828000000000000000e+03 2.329000000000000000e+03
1.821000000000000000e+03 2.465000000000000000e+03
1.526000000000000000e+03 2.524000000000000000e+03
1.586000000000000000e+03 2.579000000000000000e+03
2.427000000000000000e+03 2.409000000000000000e+03
1.524000000000000000e+03 2.549000000000000000e+03
1.528000000000000000e+03 2.727000000000000000e+03
2.245000000000000000e+03 2.642000000000000000e+03
1.501000000000000000e+03 2.643000000000000000e+03
1.490000000000000000e+03 2.565000000000000000e+03
2.146000000000000000e+03 2.494000000000000000e+03
2.075000000000000000e+03 2.498000000000000000e+03
2.046000000000000000e+03 2.467000000000000000e+03
1.927000000000000000e+03 2.512000000000000000e+03
2.150000000000000000e+03 2.619000000000000000e+03
3.002000000000000000e+03 2.619000000000000000e+03
2.241000000000000000e+03 2.576000000000000000e+03
2.158000000000000000e+03 2.505000000000000000e+03
1.679000000000000000e+03 2.714000000000000000e+03
3.167000000000000000e+03 2.525000000000000000e+03
1.918000000000000000e+03 2.490000000000000000e+03
1.854000000000000000e+03 2.630000000000000000e+03
1.820000000000000000e+03 2.671000000000000000e+03
1.746000000000000000e+03 2.657000000000000000e+03
1.901000000000000000e+03 2.589000000000000000e+03
2.473000000000000000e+03 2.477000000000000000e+03
1.898000000000000000e+03 5.130000000000000000e+02
2.789000000000000000e+03 5.000000000000000000e+02
2.241000000000000000e+03 4.390000000000000000e+02
2.449000000000000000e+03 5.900000000000000000e+02
3.350000000000000000e+02 3.170000000000000000e+02
1.473000000000000000e+03 3.220000000000000000e+02
5.920000000000000000e+02 5.470000000000000000e+02
4.450000000000000000e+02 6.640000000000000000e+02
1.731000000000000000e+03 2.050000000000000000e+02
1.896000000000000000e+03 3.070000000000000000e+02
2.125000000000000000e+03 1.710000000000000000e+02
2.191000000000000000e+03 4.450000000000000000e+02
4.425000000000000000e+03 5.220000000000000000e+02
4.720000000000000000e+03 9.510000000000000000e+02
9.250000000000000000e+02 2.400000000000000000e+02
3.528000000000000000e+03 1.224000000000000000e+03
2.391000000000000000e+03 1.934000000000000000e+03
2.007000000000000000e+03 2.138000000000000000e+03
1.932000000000000000e+03 2.366000000000000000e+03
1.903000000000000000e+03 2.285000000000000000e+03
1.791000000000000000e+03 2.252000000000000000e+03
1.790000000000000000e+03 2.118000000000000000e+03
1.859000000000000000e+03 2.171000000000000000e+03
1.836000000000000000e+03 2.256000000000000000e+03
3.620000000000000000e+02 8.240000000000000000e+02
3.080000000000000000e+02 6.500000000000000000e+02
3.260000000000000000e+02 7.840000000000000000e+02
3.560000000000000000e+02 9.620000000000000000e+02
7.230000000000000000e+02 1.182000000000000000e+03
4.616000000000000000e+03 1.286000000000000000e+03
2.096000000000000000e+03 1.950000000000000000e+02
3.281000000000000000e+03 7.240000000000000000e+02
6.653000000000000000e+03 3.145000000000000000e+03
6.621000000000000000e+03 3.148000000000000000e+03
6.729000000000000000e+03 3.154000000000000000e+03
6.597000000000000000e+03 3.272000000000000000e+03
6.479000000000000000e+03 3.203000000000000000e+03
6.456000000000000000e+03 3.220000000000000000e+03
6.459000000000000000e+03 3.181000000000000000e+03
7.003000000000000000e+03 3.187000000000000000e+03
7.032000000000000000e+03 3.146000000000000000e+03
6.780000000000000000e+03 3.139000000000000000e+03
6.971000000000000000e+03 3.170000000000000000e+03
7.157000000000000000e+03 3.119000000000000000e+03
7.199000000000000000e+03 3.189000000000000000e+03
7.224000000000000000e+03 3.162000000000000000e+03
7.233000000000000000e+03 3.218000000000000000e+03
6.782000000000000000e+03 3.264000000000000000e+03
6.108000000000000000e+03 2.853000000000000000e+03
6.757000000000000000e+03 3.267000000000000000e+03
6.574000000000000000e+03 3.214000000000000000e+03
6.991000000000000000e+03 3.267000000000000000e+03
7.044000000000000000e+03 3.248000000000000000e+03
6.946000000000000000e+03 3.201000000000000000e+03
6.834000000000000000e+03 3.189000000000000000e+03
7.266000000000000000e+03 2.907000000000000000e+03
7.203000000000000000e+03 2.831000000000000000e+03
7.105000000000000000e+03 2.843000000000000000e+03
7.145000000000000000e+03 2.825000000000000000e+03
6.866000000000000000e+03 2.859000000000000000e+03
6.994000000000000000e+03 2.865000000000000000e+03
6.569000000000000000e+03 2.907000000000000000e+03
6.690000000000000000e+03 2.894000000000000000e+03
6.112000000000000000e+03 3.434000000000000000e+03
7.109000000000000000e+03 3.129000000000000000e+03
7.217000000000000000e+03 3.080000000000000000e+03
7.044000000000000000e+03 3.050000000000000000e+03
6.996000000000000000e+03 3.053000000000000000e+03
6.865000000000000000e+03 3.068000000000000000e+03
6.924000000000000000e+03 3.065000000000000000e+03
6.308000000000000000e+03 2.945000000000000000e+03
6.614000000000000000e+03 3.064000000000000000e+03
6.379000000000000000e+03 2.973000000000000000e+03
6.783000000000000000e+03 3.060000000000000000e+03
6.289000000000000000e+03 3.005000000000000000e+03
6.226000000000000000e+03 3.010000000000000000e+03
6.330000000000000000e+03 2.984000000000000000e+03
6.449000000000000000e+03 3.028000000000000000e+03
6.928000000000000000e+03 2.954000000000000000e+03
5.915000000000000000e+03 3.882000000000000000e+03
6.851000000000000000e+03 2.945000000000000000e+03
6.861000000000000000e+03 2.975000000000000000e+03
7.075000000000000000e+03 2.959000000000000000e+03
7.011000000000000000e+03 2.964000000000000000e+03
7.164000000000000000e+03 2.956000000000000000e+03
7.219000000000000000e+03 2.951000000000000000e+03
5.873000000000000000e+03 2.820000000000000000e+03
6.238000000000000000e+03 2.972000000000000000e+03
6.598000000000000000e+03 2.977000000000000000e+03
6.536000000000000000e+03 2.987000000000000000e+03
5.930000000000000000e+03 2.747000000000000000e+03
6.238000000000000000e+03 3.645000000000000000e+03
6.674000000000000000e+03 2.956000000000000000e+03
6.747000000000000000e+03 2.980000000000000000e+03
7.023000000000000000e+03 3.476000000000000000e+03
6.925000000000000000e+03 3.445000000000000000e+03
6.922000000000000000e+03 3.493000000000000000e+03
6.971000000000000000e+03 3.434000000000000000e+03
7.062000000000000000e+03 3.474000000000000000e+03
7.063000000000000000e+03 3.437000000000000000e+03
7.172000000000000000e+03 3.480000000000000000e+03
5.723000000000000000e+03 2.467000000000000000e+03
5.870000000000000000e+03 2.824000000000000000e+03
6.586000000000000000e+03 3.437000000000000000e+03
6.631000000000000000e+03 3.471000000000000000e+03
6.758000000000000000e+03 3.449000000000000000e+03
6.731000000000000000e+03 3.476000000000000000e+03
5.972000000000000000e+03 2.676000000000000000e+03
5.841000000000000000e+03 2.524000000000000000e+03
6.786000000000000000e+03 3.597000000000000000e+03
6.680000000000000000e+03 3.496000000000000000e+03
6.571000000000000000e+03 3.530000000000000000e+03
6.341000000000000000e+03 3.536000000000000000e+03
6.351000000000000000e+03 3.236000000000000000e+03
6.184000000000000000e+03 3.149000000000000000e+03
5.269000000000000000e+03 2.806000000000000000e+03
5.990000000000000000e+03 3.113000000000000000e+03
7.023000000000000000e+03 3.643000000000000000e+03
7.006000000000000000e+03 3.630000000000000000e+03
7.165000000000000000e+03 3.606000000000000000e+03
7.099000000000000000e+03 3.540000000000000000e+03
6.208000000000000000e+03 2.678000000000000000e+03
6.141000000000000000e+03 2.621000000000000000e+03
6.927000000000000000e+03 3.679000000000000000e+03
6.853000000000000000e+03 3.729000000000000000e+03
6.073000000000000000e+03 3.378000000000000000e+03
6.559000000000000000e+03 3.590000000000000000e+03
4.062000000000000000e+03 2.899000000000000000e+03
5.726000000000000000e+03 3.241000000000000000e+03
7.024000000000000000e+03 3.322000000000000000e+03
7.094000000000000000e+03 3.363000000000000000e+03
7.200000000000000000e+03 3.356000000000000000e+03
7.172000000000000000e+03 3.292000000000000000e+03
6.675000000000000000e+03 3.638000000000000000e+03
6.512000000000000000e+03 3.819000000000000000e+03
6.336000000000000000e+03 3.538000000000000000e+03
6.796000000000000000e+03 3.624000000000000000e+03
7.152000000000000000e+03 3.672000000000000000e+03
7.071000000000000000e+03 3.681000000000000000e+03
6.775000000000000000e+03 3.655000000000000000e+03
6.929000000000000000e+03 3.606000000000000000e+03
6.909000000000000000e+03 3.352000000000000000e+03
6.550000000000000000e+03 3.254000000000000000e+03
6.760000000000000000e+03 3.352000000000000000e+03
6.296000000000000000e+03 3.142000000000000000e+03
6.433000000000000000e+03 3.620000000000000000e+03
6.653000000000000000e+03 3.726000000000000000e+03
6.524000000000000000e+03 3.806000000000000000e+03
6.788000000000000000e+03 3.765000000000000000e+03
6.955000000000000000e+03 3.828000000000000000e+03
6.586000000000000000e+03 3.765000000000000000e+03
6.864000000000000000e+03 3.844000000000000000e+03
6.485000000000000000e+03 3.653000000000000000e+03
7.060000000000000000e+03 3.838000000000000000e+03
7.076000000000000000e+03 3.829000000000000000e+03
7.185000000000000000e+03 3.780000000000000000e+03
7.169000000000000000e+03 3.777000000000000000e+03
1.739000000000000000e+03 3.512000000000000000e+03
2.645000000000000000e+03 2.151000000000000000e+03
1.922000000000000000e+03 2.528000000000000000e+03
5.867000000000000000e+03 3.644000000000000000e+03
6.010000000000000000e+03 3.582000000000000000e+03
2.027000000000000000e+03 5.198000000000000000e+03
1.964000000000000000e+03 5.117000000000000000e+03
2.123000000000000000e+03 2.190000000000000000e+03
2.067000000000000000e+03 2.218000000000000000e+03
2.115000000000000000e+03 2.190000000000000000e+03
2.169000000000000000e+03 2.230000000000000000e+03
2.798000000000000000e+03 2.198000000000000000e+03
2.595000000000000000e+03 2.280000000000000000e+03
2.089000000000000000e+03 2.263000000000000000e+03
2.125000000000000000e+03 2.328000000000000000e+03
1.745000000000000000e+03 5.228000000000000000e+03
1.659000000000000000e+03 5.253000000000000000e+03
1.756000000000000000e+03 5.253000000000000000e+03
1.902000000000000000e+03 5.287000000000000000e+03
2.722000000000000000e+03 5.289000000000000000e+03
2.976000000000000000e+03 5.197000000000000000e+03
2.853000000000000000e+03 5.287000000000000000e+03
2.036000000000000000e+03 5.276000000000000000e+03
1.909000000000000000e+03 5.078000000000000000e+03
1.844000000000000000e+03 5.103000000000000000e+03
3.664000000000000000e+03 5.080000000000000000e+03
1.905000000000000000e+03 5.152000000000000000e+03
1.564000000000000000e+03 5.172000000000000000e+03
1.552000000000000000e+03 5.160000000000000000e+03
1.749000000000000000e+03 5.125000000000000000e+03
1.725000000000000000e+03 5.099000000000000000e+03
2.757000000000000000e+03 5.237000000000000000e+03
2.652000000000000000e+03 5.262000000000000000e+03
2.967000000000000000e+03 5.302000000000000000e+03
3.221000000000000000e+03 5.253000000000000000e+03
4.538000000000000000e+03 4.967000000000000000e+03
5.044000000000000000e+03 4.269000000000000000e+03
3.153000000000000000e+03 5.301000000000000000e+03
2.327000000000000000e+03 5.310000000000000000e+03
2.274000000000000000e+03 5.243000000000000000e+03
2.427000000000000000e+03 5.351000000000000000e+03
2.230000000000000000e+03 5.275000000000000000e+03
2.608000000000000000e+03 5.323000000000000000e+03
2.532000000000000000e+03 5.289000000000000000e+03
3.483000000000000000e+03 5.103000000000000000e+03
2.592000000000000000e+03 5.277000000000000000e+03
3.902000000000000000e+03 4.671000000000000000e+03
4.742000000000000000e+03 4.191000000000000000e+03
4.164000000000000000e+03 4.834000000000000000e+03
4.255000000000000000e+03 4.374000000000000000e+03
2.788000000000000000e+03 4.137000000000000000e+03
2.826000000000000000e+03 3.681000000000000000e+03
2.871000000000000000e+03 4.995000000000000000e+03
3.990000000000000000e+03 4.074000000000000000e+03
3.762000000000000000e+03 4.404000000000000000e+03
3.412000000000000000e+03 5.192000000000000000e+03
4.867000000000000000e+03 3.800000000000000000e+03
2.676000000000000000e+03 4.702000000000000000e+03
3.994000000000000000e+03 5.195000000000000000e+03
5.086000000000000000e+03 3.196000000000000000e+03
3.514000000000000000e+03 5.039000000000000000e+03
5.785000000000000000e+03 3.779000000000000000e+03
7.371000000000000000e+03 3.193000000000000000e+03
7.410000000000000000e+03 3.348000000000000000e+03
7.368000000000000000e+03 3.331000000000000000e+03
7.348000000000000000e+03 3.464000000000000000e+03
7.361000000000000000e+03 3.468000000000000000e+03
7.375000000000000000e+03 3.377000000000000000e+03
7.368000000000000000e+03 3.507000000000000000e+03
7.379000000000000000e+03 2.974000000000000000e+03
7.431000000000000000e+03 2.991000000000000000e+03
7.402000000000000000e+03 2.725000000000000000e+03
7.342000000000000000e+03 2.518000000000000000e+03
7.440000000000000000e+03 2.516000000000000000e+03
7.060000000000000000e+03 2.854000000000000000e+03
7.407000000000000000e+03 2.539000000000000000e+03
7.403000000000000000e+03 2.935000000000000000e+03
7.377000000000000000e+03 2.658000000000000000e+03
7.430000000000000000e+03 2.485000000000000000e+03
7.396000000000000000e+03 2.522000000000000000e+03
7.445000000000000000e+03 2.420000000000000000e+03
7.452000000000000000e+03 2.561000000000000000e+03
7.260000000000000000e+03 2.500000000000000000e+03
7.311000000000000000e+03 2.593000000000000000e+03
7.347000000000000000e+03 2.933000000000000000e+03
7.451000000000000000e+03 2.573000000000000000e+03
7.444000000000000000e+03 2.734000000000000000e+03
7.284000000000000000e+03 2.573000000000000000e+03
7.386000000000000000e+03 2.810000000000000000e+03
7.434000000000000000e+03 2.887000000000000000e+03
7.442000000000000000e+03 3.081000000000000000e+03
7.393000000000000000e+03 3.040000000000000000e+03
7.354000000000000000e+03 3.168000000000000000e+03
7.371000000000000000e+03 3.902000000000000000e+03
7.280000000000000000e+03 3.811000000000000000e+03
7.232000000000000000e+03 3.915000000000000000e+03
7.448000000000000000e+03 4.008000000000000000e+03
7.154000000000000000e+03 3.418000000000000000e+03
7.451000000000000000e+03 3.202000000000000000e+03
7.458000000000000000e+03 4.271000000000000000e+03
7.426000000000000000e+03 3.973000000000000000e+03
7.428000000000000000e+03 4.462000000000000000e+03
7.423000000000000000e+03 4.237000000000000000e+03
7.452000000000000000e+03 4.242000000000000000e+03
7.402000000000000000e+03 4.196000000000000000e+03
7.117000000000000000e+03 5.274000000000000000e+03
7.418000000000000000e+03 4.711000000000000000e+03
7.418000000000000000e+03 4.488000000000000000e+03
7.404000000000000000e+03 4.843000000000000000e+03
7.346000000000000000e+03 3.833000000000000000e+03
7.420000000000000000e+03 3.674000000000000000e+03
7.351000000000000000e+03 3.704000000000000000e+03
7.391000000000000000e+03 3.658000000000000000e+03
7.414000000000000000e+03 4.099000000000000000e+03
7.367000000000000000e+03 3.909000000000000000e+03
7.380000000000000000e+03 4.004000000000000000e+03
7.375000000000000000e+03 4.017000000000000000e+03
7.326000000000000000e+03 3.611000000000000000e+03
7.402000000000000000e+03 3.478000000000000000e+03
7.354000000000000000e+03 3.636000000000000000e+03
7.400000000000000000e+03 3.579000000000000000e+03
7.351000000000000000e+03 3.491000000000000000e+03
7.365000000000000000e+03 3.471000000000000000e+03
7.406000000000000000e+03 3.426000000000000000e+03
7.331000000000000000e+03 3.498000000000000000e+03
6.658000000000000000e+03 5.364000000000000000e+03
7.146000000000000000e+03 4.782000000000000000e+03
7.078000000000000000e+03 4.750000000000000000e+03
7.174000000000000000e+03 4.751000000000000000e+03
7.356000000000000000e+03 4.814000000000000000e+03
7.269000000000000000e+03 4.801000000000000000e+03
7.284000000000000000e+03 4.735000000000000000e+03
6.614000000000000000e+03 5.269000000000000000e+03
7.073000000000000000e+03 4.847000000000000000e+03
6.974000000000000000e+03 5.261000000000000000e+03
6.926000000000000000e+03 5.128000000000000000e+03
6.055000000000000000e+03 5.716000000000000000e+03
6.536000000000000000e+03 5.234000000000000000e+03
6.977000000000000000e+03 4.886000000000000000e+03
6.629000000000000000e+03 5.180000000000000000e+03
7.415000000000000000e+03 5.022000000000000000e+03
7.406000000000000000e+03 4.965000000000000000e+03
7.348000000000000000e+03 5.069000000000000000e+03
7.314000000000000000e+03 5.038000000000000000e+03
7.123000000000000000e+03 5.040000000000000000e+03
7.076000000000000000e+03 5.084000000000000000e+03
7.229000000000000000e+03 5.064000000000000000e+03
7.199000000000000000e+03 5.095000000000000000e+03
7.192000000000000000e+03 4.922000000000000000e+03
7.262000000000000000e+03 4.899000000000000000e+03
7.129000000000000000e+03 4.952000000000000000e+03
7.212000000000000000e+03 4.866000000000000000e+03
6.991000000000000000e+03 4.994000000000000000e+03
6.944000000000000000e+03 5.057000000000000000e+03
7.064000000000000000e+03 4.926000000000000000e+03
7.071000000000000000e+03 4.943000000000000000e+03
7.083000000000000000e+03 5.282000000000000000e+03
7.053000000000000000e+03 5.228000000000000000e+03
6.811000000000000000e+03 5.272000000000000000e+03
7.189000000000000000e+03 5.599000000000000000e+03
7.178000000000000000e+03 5.475000000000000000e+03
7.163000000000000000e+03 5.422000000000000000e+03
7.227000000000000000e+03 5.378000000000000000e+03
7.097000000000000000e+03 5.233000000000000000e+03
7.180000000000000000e+03 5.192000000000000000e+03
7.197000000000000000e+03 5.271000000000000000e+03
7.261000000000000000e+03 5.185000000000000000e+03
7.374000000000000000e+03 5.246000000000000000e+03
7.340000000000000000e+03 5.207000000000000000e+03
7.467000000000000000e+03 5.192000000000000000e+03
7.401000000000000000e+03 5.144000000000000000e+03
7.374000000000000000e+03 5.439000000000000000e+03
7.454000000000000000e+03 5.344000000000000000e+03
7.247000000000000000e+03 5.347000000000000000e+03
7.342000000000000000e+03 5.357000000000000000e+03
5.272000000000000000e+03 5.348000000000000000e+03
5.333000000000000000e+03 5.383000000000000000e+03
6.826000000000000000e+03 5.329000000000000000e+03
5.091000000000000000e+03 5.396000000000000000e+03
7.027000000000000000e+03 5.381000000000000000e+03
7.044000000000000000e+03 5.366000000000000000e+03
7.074000000000000000e+03 5.500000000000000000e+03
7.072000000000000000e+03 5.454000000000000000e+03
6.963000000000000000e+03 5.490000000000000000e+03
6.921000000000000000e+03 5.393000000000000000e+03
7.013000000000000000e+03 5.277000000000000000e+03
6.924000000000000000e+03 5.296000000000000000e+03
6.059000000000000000e+03 5.589000000000000000e+03
5.828000000000000000e+03 6.558000000000000000e+03
6.345000000000000000e+03 4.617000000000000000e+03
5.980000000000000000e+03 5.177000000000000000e+03
6.036000000000000000e+03 5.114000000000000000e+03
5.903000000000000000e+03 5.790000000000000000e+03
6.032000000000000000e+03 5.661000000000000000e+03
6.623000000000000000e+03 4.812000000000000000e+03
6.571000000000000000e+03 4.776000000000000000e+03
6.623000000000000000e+03 4.856000000000000000e+03
6.631000000000000000e+03 4.953000000000000000e+03
6.425000000000000000e+03 4.717000000000000000e+03
6.487000000000000000e+03 4.754000000000000000e+03
6.285000000000000000e+03 4.737000000000000000e+03
6.377000000000000000e+03 4.749000000000000000e+03
6.728000000000000000e+03 5.120000000000000000e+03
6.695000000000000000e+03 5.210000000000000000e+03
6.782000000000000000e+03 5.167000000000000000e+03
6.855000000000000000e+03 5.177000000000000000e+03
6.679000000000000000e+03 5.065000000000000000e+03
6.529000000000000000e+03 5.125000000000000000e+03
6.389000000000000000e+03 4.894000000000000000e+03
6.520000000000000000e+03 5.003000000000000000e+03
6.828000000000000000e+03 4.943000000000000000e+03
6.731000000000000000e+03 5.070000000000000000e+03
6.816000000000000000e+03 4.895000000000000000e+03
6.793000000000000000e+03 4.788000000000000000e+03
6.710000000000000000e+03 4.743000000000000000e+03
6.829000000000000000e+03 4.808000000000000000e+03
6.437000000000000000e+03 4.783000000000000000e+03
6.652000000000000000e+03 4.759000000000000000e+03
7.434000000000000000e+03 5.615000000000000000e+03
7.472000000000000000e+03 5.784000000000000000e+03
7.332000000000000000e+03 5.558000000000000000e+03
7.436000000000000000e+03 5.519000000000000000e+03
7.439000000000000000e+03 5.993000000000000000e+03
7.388000000000000000e+03 6.188000000000000000e+03
7.455000000000000000e+03 6.496000000000000000e+03
7.463000000000000000e+03 6.306000000000000000e+03
6.711000000000000000e+03 5.527000000000000000e+03
6.733000000000000000e+03 5.539000000000000000e+03
6.658000000000000000e+03 5.446000000000000000e+03
6.630000000000000000e+03 5.595000000000000000e+03
6.745000000000000000e+03 5.372000000000000000e+03
6.691000000000000000e+03 5.406000000000000000e+03
6.849000000000000000e+03 5.494000000000000000e+03
6.803000000000000000e+03 5.367000000000000000e+03
5.696000000000000000e+03 5.997000000000000000e+03
5.733000000000000000e+03 6.003000000000000000e+03
5.704000000000000000e+03 6.121000000000000000e+03
5.662000000000000000e+03 6.073000000000000000e+03
5.715000000000000000e+03 6.373000000000000000e+03
5.820000000000000000e+03 6.401000000000000000e+03
5.658000000000000000e+03 6.297000000000000000e+03
5.792000000000000000e+03 6.164000000000000000e+03
5.785000000000000000e+03 6.251000000000000000e+03
5.836000000000000000e+03 6.263000000000000000e+03
5.777000000000000000e+03 6.202000000000000000e+03
5.769000000000000000e+03 6.111000000000000000e+03
5.807000000000000000e+03 6.477000000000000000e+03
5.865000000000000000e+03 6.502000000000000000e+03
5.808000000000000000e+03 6.353000000000000000e+03
5.738000000000000000e+03 6.461000000000000000e+03
5.922000000000000000e+03 5.274000000000000000e+03
5.785000000000000000e+03 5.386000000000000000e+03
5.653000000000000000e+03 5.402000000000000000e+03
6.052000000000000000e+03 5.253000000000000000e+03
5.990000000000000000e+03 5.498000000000000000e+03
5.867000000000000000e+03 5.367000000000000000e+03
5.865000000000000000e+03 5.447000000000000000e+03
6.020000000000000000e+03 5.409000000000000000e+03
6.105000000000000000e+03 5.399000000000000000e+03
6.146000000000000000e+03 5.439000000000000000e+03
6.219000000000000000e+03 5.412000000000000000e+03
6.460000000000000000e+03 5.422000000000000000e+03
6.376000000000000000e+03 5.384000000000000000e+03
6.307000000000000000e+03 5.450000000000000000e+03
6.423000000000000000e+03 5.378000000000000000e+03
5.806000000000000000e+03 5.393000000000000000e+03
5.806000000000000000e+03 5.469000000000000000e+03
5.541000000000000000e+03 5.574000000000000000e+03
5.643000000000000000e+03 5.531000000000000000e+03
5.664000000000000000e+03 5.746000000000000000e+03
5.577000000000000000e+03 5.822000000000000000e+03
5.560000000000000000e+03 5.691000000000000000e+03
5.569000000000000000e+03 5.632000000000000000e+03
5.774000000000000000e+03 5.689000000000000000e+03
5.766000000000000000e+03 5.776000000000000000e+03
5.817000000000000000e+03 5.662000000000000000e+03
5.791000000000000000e+03 5.802000000000000000e+03
5.789000000000000000e+03 5.377000000000000000e+03
5.768000000000000000e+03 5.452000000000000000e+03
5.807000000000000000e+03 5.579000000000000000e+03
5.775000000000000000e+03 5.515000000000000000e+03
5.359000000000000000e+03 5.467000000000000000e+03
5.485000000000000000e+03 5.365000000000000000e+03
5.446000000000000000e+03 5.416000000000000000e+03
5.611000000000000000e+03 5.284000000000000000e+03
5.503000000000000000e+03 5.297000000000000000e+03
5.748000000000000000e+03 5.321000000000000000e+03
5.681000000000000000e+03 5.341000000000000000e+03
6.402000000000000000e+03 4.904000000000000000e+03
6.488000000000000000e+03 4.996000000000000000e+03
6.461000000000000000e+03 5.001000000000000000e+03
6.522000000000000000e+03 5.063000000000000000e+03
6.352000000000000000e+03 4.899000000000000000e+03
6.291000000000000000e+03 4.838000000000000000e+03
6.226000000000000000e+03 4.981000000000000000e+03
6.256000000000000000e+03 4.913000000000000000e+03
6.489000000000000000e+03 5.267000000000000000e+03
6.484000000000000000e+03 5.223000000000000000e+03
6.553000000000000000e+03 5.270000000000000000e+03
6.549000000000000000e+03 5.312000000000000000e+03
6.327000000000000000e+03 5.060000000000000000e+03
6.125000000000000000e+03 5.127000000000000000e+03
6.320000000000000000e+03 5.145000000000000000e+03
6.403000000000000000e+03 5.158000000000000000e+03
6.128000000000000000e+03 5.209000000000000000e+03
6.097000000000000000e+03 5.133000000000000000e+03
6.141000000000000000e+03 5.057000000000000000e+03
6.147000000000000000e+03 4.952000000000000000e+03
6.172000000000000000e+03 5.307000000000000000e+03
6.227000000000000000e+03 5.273000000000000000e+03
6.425000000000000000e+03 5.276000000000000000e+03
6.273000000000000000e+03 5.273000000000000000e+03
6.369000000000000000e+03 4.220000000000000000e+03
6.336000000000000000e+03 4.312000000000000000e+03
6.409000000000000000e+03 4.328000000000000000e+03
6.610000000000000000e+03 4.267000000000000000e+03
6.685000000000000000e+03 4.141000000000000000e+03
6.482000000000000000e+03 4.235000000000000000e+03
6.563000000000000000e+03 4.292000000000000000e+03
6.409000000000000000e+03 4.414000000000000000e+03
6.488000000000000000e+03 4.148000000000000000e+03
6.620000000000000000e+03 4.078000000000000000e+03
6.704000000000000000e+03 4.050000000000000000e+03
6.136000000000000000e+03 4.734000000000000000e+03
6.326000000000000000e+03 4.246000000000000000e+03
6.362000000000000000e+03 4.157000000000000000e+03
6.264000000000000000e+03 4.571000000000000000e+03
6.271000000000000000e+03 4.357000000000000000e+03
6.231000000000000000e+03 4.167000000000000000e+03
6.348000000000000000e+03 3.912000000000000000e+03
6.190000000000000000e+03 4.362000000000000000e+03
6.579000000000000000e+03 3.771000000000000000e+03
6.600000000000000000e+03 3.785000000000000000e+03
6.432000000000000000e+03 3.833000000000000000e+03
6.351000000000000000e+03 4.158000000000000000e+03
6.522000000000000000e+03 3.884000000000000000e+03
6.510000000000000000e+03 3.952000000000000000e+03
6.398000000000000000e+03 4.014000000000000000e+03
6.332000000000000000e+03 4.081000000000000000e+03
6.608000000000000000e+03 3.940000000000000000e+03
6.661000000000000000e+03 3.962000000000000000e+03
6.698000000000000000e+03 3.859000000000000000e+03
6.678000000000000000e+03 3.897000000000000000e+03
6.066000000000000000e+03 3.383000000000000000e+03
6.357000000000000000e+03 3.569000000000000000e+03
6.417000000000000000e+03 3.473000000000000000e+03
6.322000000000000000e+03 3.472000000000000000e+03
6.261000000000000000e+03 3.303000000000000000e+03
6.161000000000000000e+03 3.290000000000000000e+03
6.351000000000000000e+03 3.352000000000000000e+03
6.478000000000000000e+03 3.361000000000000000e+03
6.339000000000000000e+03 3.138000000000000000e+03
6.471000000000000000e+03 3.202000000000000000e+03
6.041000000000000000e+03 1.811000000000000000e+03
6.150000000000000000e+03 1.874000000000000000e+03
6.076000000000000000e+03 2.551000000000000000e+03
6.109000000000000000e+03 3.937000000000000000e+03
6.196000000000000000e+03 3.490000000000000000e+03
6.121000000000000000e+03 3.409000000000000000e+03
6.202000000000000000e+03 3.903000000000000000e+03
6.293000000000000000e+03 3.827000000000000000e+03
6.393000000000000000e+03 3.701000000000000000e+03
6.305000000000000000e+03 3.759000000000000000e+03
6.194000000000000000e+03 3.360000000000000000e+03
6.195000000000000000e+03 3.168000000000000000e+03
6.145000000000000000e+03 4.020000000000000000e+03
6.198000000000000000e+03 4.091000000000000000e+03
6.492000000000000000e+03 3.659000000000000000e+03
6.390000000000000000e+03 3.609000000000000000e+03
6.242000000000000000e+03 3.621000000000000000e+03
6.299000000000000000e+03 3.620000000000000000e+03
6.162000000000000000e+03 3.699000000000000000e+03
6.144000000000000000e+03 3.762000000000000000e+03
6.165000000000000000e+03 3.925000000000000000e+03
6.002000000000000000e+03 4.060000000000000000e+03
4.758000000000000000e+03 7.358000000000000000e+03
6.666000000000000000e+03 7.310000000000000000e+03
6.936000000000000000e+03 7.185000000000000000e+03
4.631000000000000000e+03 7.027000000000000000e+03
4.903000000000000000e+03 7.070000000000000000e+03
4.965000000000000000e+03 7.095000000000000000e+03
4.710000000000000000e+03 7.078000000000000000e+03
5.030000000000000000e+03 7.307000000000000000e+03
4.883000000000000000e+03 7.171000000000000000e+03
5.722000000000000000e+03 7.046000000000000000e+03
5.088000000000000000e+03 7.206000000000000000e+03
4.857000000000000000e+03 7.278000000000000000e+03
5.027000000000000000e+03 7.332000000000000000e+03
4.925000000000000000e+03 7.331000000000000000e+03
4.590000000000000000e+03 7.299000000000000000e+03
7.376000000000000000e+03 7.418000000000000000e+03
6.834000000000000000e+03 7.254000000000000000e+03
7.421000000000000000e+03 7.394000000000000000e+03
7.254000000000000000e+03 7.425000000000000000e+03
7.157000000000000000e+03 7.035000000000000000e+03
7.241000000000000000e+03 7.054000000000000000e+03
6.531000000000000000e+03 7.255000000000000000e+03
6.364000000000000000e+03 7.036000000000000000e+03
5.426000000000000000e+03 6.904000000000000000e+03
5.343000000000000000e+03 6.937000000000000000e+03
5.459000000000000000e+03 6.970000000000000000e+03
5.435000000000000000e+03 7.049000000000000000e+03
5.242000000000000000e+03 7.073000000000000000e+03
5.359000000000000000e+03 7.066000000000000000e+03
5.321000000000000000e+03 7.047000000000000000e+03
5.400000000000000000e+03 6.933000000000000000e+03
9.090000000000000000e+02 7.460000000000000000e+03
1.015000000000000000e+03 7.424000000000000000e+03
9.570000000000000000e+02 7.449000000000000000e+03
6.790000000000000000e+02 7.467000000000000000e+03
4.450000000000000000e+02 7.463000000000000000e+03
3.115000000000000000e+03 7.159000000000000000e+03
1.299000000000000000e+03 7.214000000000000000e+03
4.792000000000000000e+03 7.390000000000000000e+03
4.838000000000000000e+03 7.309000000000000000e+03
4.786000000000000000e+03 7.215000000000000000e+03
4.793000000000000000e+03 7.266000000000000000e+03
4.757000000000000000e+03 7.103000000000000000e+03
4.730000000000000000e+03 7.117000000000000000e+03
4.547000000000000000e+03 6.977000000000000000e+03
4.606000000000000000e+03 7.034000000000000000e+03
1.510000000000000000e+03 7.440000000000000000e+03
1.394000000000000000e+03 7.463000000000000000e+03
1.575000000000000000e+03 7.468000000000000000e+03
1.495000000000000000e+03 7.472000000000000000e+03
1.488000000000000000e+03 7.455000000000000000e+03
1.366000000000000000e+03 7.444000000000000000e+03
1.406000000000000000e+03 7.452000000000000000e+03
1.580000000000000000e+03 7.460000000000000000e+03
2.230000000000000000e+03 7.469000000000000000e+03
2.278000000000000000e+03 7.467000000000000000e+03
2.356000000000000000e+03 7.472000000000000000e+03
2.387000000000000000e+03 7.469000000000000000e+03
3.482000000000000000e+03 7.440000000000000000e+03
3.221000000000000000e+03 7.400000000000000000e+03
2.122000000000000000e+03 7.474000000000000000e+03
2.038000000000000000e+03 7.467000000000000000e+03
6.218000000000000000e+03 7.456000000000000000e+03
6.200000000000000000e+03 7.463000000000000000e+03
6.272000000000000000e+03 7.442000000000000000e+03
6.646000000000000000e+03 7.462000000000000000e+03
6.547000000000000000e+03 7.463000000000000000e+03
6.647000000000000000e+03 7.435000000000000000e+03
6.750000000000000000e+03 7.465000000000000000e+03
5.128000000000000000e+03 7.055000000000000000e+03
5.168000000000000000e+03 7.111000000000000000e+03
5.204000000000000000e+03 6.940000000000000000e+03
5.205000000000000000e+03 6.931000000000000000e+03
5.684000000000000000e+03 6.801000000000000000e+03
5.536000000000000000e+03 6.805000000000000000e+03
5.357000000000000000e+03 6.826000000000000000e+03
5.407000000000000000e+03 6.830000000000000000e+03
5.229000000000000000e+03 7.251000000000000000e+03
5.181000000000000000e+03 7.297000000000000000e+03
5.276000000000000000e+03 7.306000000000000000e+03
5.377000000000000000e+03 7.229000000000000000e+03
5.392000000000000000e+03 7.179000000000000000e+03
5.615000000000000000e+03 7.165000000000000000e+03
5.705000000000000000e+03 7.045000000000000000e+03
5.636000000000000000e+03 7.110000000000000000e+03
5.825000000000000000e+03 5.621000000000000000e+03
6.375000000000000000e+03 6.301000000000000000e+03
5.794000000000000000e+03 6.153000000000000000e+03
6.310000000000000000e+03 6.132000000000000000e+03
6.230000000000000000e+03 5.600000000000000000e+03
6.023000000000000000e+03 6.972000000000000000e+03
6.139000000000000000e+03 5.957000000000000000e+03
6.184000000000000000e+03 5.364000000000000000e+03
5.953000000000000000e+03 6.797000000000000000e+03
5.738000000000000000e+03 6.856000000000000000e+03
5.942000000000000000e+03 6.836000000000000000e+03
5.851000000000000000e+03 6.875000000000000000e+03
5.638000000000000000e+03 7.311000000000000000e+03
5.466000000000000000e+03 7.344000000000000000e+03
5.627000000000000000e+03 7.255000000000000000e+03
5.729000000000000000e+03 7.060000000000000000e+03
5.733000000000000000e+03 7.082000000000000000e+03
5.809000000000000000e+03 7.210000000000000000e+03
5.393000000000000000e+03 7.379000000000000000e+03
5.234000000000000000e+03 7.383000000000000000e+03
5.623000000000000000e+03 6.946000000000000000e+03
5.592000000000000000e+03 6.880000000000000000e+03
5.558000000000000000e+03 6.998000000000000000e+03
5.472000000000000000e+03 7.099000000000000000e+03
5.877000000000000000e+03 7.448000000000000000e+03
5.890000000000000000e+03 7.451000000000000000e+03
5.580000000000000000e+03 7.464000000000000000e+03
5.681000000000000000e+03 7.465000000000000000e+03
5.576000000000000000e+03 7.459000000000000000e+03
5.463000000000000000e+03 7.478000000000000000e+03
5.247000000000000000e+03 7.471000000000000000e+03
5.706000000000000000e+03 7.452000000000000000e+03
5.771000000000000000e+03 7.251000000000000000e+03
5.835000000000000000e+03 7.241000000000000000e+03
5.956000000000000000e+03 7.300000000000000000e+03
5.931000000000000000e+03 7.332000000000000000e+03
5.816000000000000000e+03 7.029000000000000000e+03
5.636000000000000000e+03 7.179000000000000000e+03
5.446000000000000000e+03 7.236000000000000000e+03
5.453000000000000000e+03 7.285000000000000000e+03
1.720000000000000000e+03 5.618000000000000000e+03
4.661000000000000000e+03 7.322000000000000000e+03
4.654000000000000000e+03 7.256000000000000000e+03
1.279000000000000000e+03 5.381000000000000000e+03
1.240000000000000000e+03 5.408000000000000000e+03
1.169000000000000000e+03 5.373000000000000000e+03
1.029000000000000000e+03 5.400000000000000000e+03
4.712000000000000000e+03 6.637000000000000000e+03
4.646000000000000000e+03 6.609000000000000000e+03
4.623000000000000000e+03 6.463000000000000000e+03
4.679000000000000000e+03 6.526000000000000000e+03
4.630000000000000000e+03 6.289000000000000000e+03
4.676000000000000000e+03 6.237000000000000000e+03
4.765000000000000000e+03 6.140000000000000000e+03
4.764000000000000000e+03 6.235000000000000000e+03
3.708000000000000000e+03 6.877000000000000000e+03
1.365000000000000000e+03 5.520000000000000000e+03
1.244000000000000000e+03 5.265000000000000000e+03
1.239000000000000000e+03 5.281000000000000000e+03
4.605000000000000000e+03 5.989000000000000000e+03
4.645000000000000000e+03 6.073000000000000000e+03
2.504000000000000000e+03 5.921000000000000000e+03
1.405000000000000000e+03 5.368000000000000000e+03
2.695000000000000000e+03 7.104000000000000000e+03
2.978000000000000000e+03 6.516000000000000000e+03
3.963000000000000000e+03 7.221000000000000000e+03
4.449000000000000000e+03 6.531000000000000000e+03
4.159000000000000000e+03 6.469000000000000000e+03
3.219000000000000000e+03 5.657000000000000000e+03
3.114000000000000000e+03 6.205000000000000000e+03
3.350000000000000000e+03 6.277000000000000000e+03
4.601000000000000000e+03 5.768000000000000000e+03
5.041000000000000000e+03 5.678000000000000000e+03
5.026000000000000000e+03 5.727000000000000000e+03
5.200000000000000000e+03 5.546000000000000000e+03
4.966000000000000000e+03 5.866000000000000000e+03
4.658000000000000000e+03 5.688000000000000000e+03
4.718000000000000000e+03 5.714000000000000000e+03
2.927000000000000000e+03 5.344000000000000000e+03
2.456000000000000000e+03 5.375000000000000000e+03
3.221000000000000000e+03 5.334000000000000000e+03
1.869000000000000000e+03 5.417000000000000000e+03
1.654000000000000000e+03 5.414000000000000000e+03
1.691000000000000000e+03 5.384000000000000000e+03
2.526000000000000000e+03 5.347000000000000000e+03
1.668000000000000000e+03 5.377000000000000000e+03
4.962000000000000000e+03 6.453000000000000000e+03
4.959000000000000000e+03 6.524000000000000000e+03
4.830000000000000000e+03 6.565000000000000000e+03
4.797000000000000000e+03 6.524000000000000000e+03
5.056000000000000000e+03 6.407000000000000000e+03
5.004000000000000000e+03 6.328000000000000000e+03
4.878000000000000000e+03 6.364000000000000000e+03
4.801000000000000000e+03 6.438000000000000000e+03
4.976000000000000000e+03 6.190000000000000000e+03
5.047000000000000000e+03 6.171000000000000000e+03
5.113000000000000000e+03 6.347000000000000000e+03
5.081000000000000000e+03 6.239000000000000000e+03
4.822000000000000000e+03 6.313000000000000000e+03
4.828000000000000000e+03 6.370000000000000000e+03
4.904000000000000000e+03 6.174000000000000000e+03
4.888000000000000000e+03 6.351000000000000000e+03
5.924000000000000000e+03 5.267000000000000000e+03
5.946000000000000000e+03 5.311000000000000000e+03
4.796000000000000000e+03 6.834000000000000000e+03
4.507000000000000000e+03 7.395000000000000000e+03
4.385000000000000000e+03 7.447000000000000000e+03
4.502000000000000000e+03 7.463000000000000000e+03
4.588000000000000000e+03 7.424000000000000000e+03
4.823000000000000000e+03 6.001000000000000000e+03
4.897000000000000000e+03 6.002000000000000000e+03
4.710000000000000000e+03 6.092000000000000000e+03
4.740000000000000000e+03 6.109000000000000000e+03
5.071000000000000000e+03 6.100000000000000000e+03
5.020000000000000000e+03 6.012000000000000000e+03
5.898000000000000000e+03 5.458000000000000000e+03
5.005000000000000000e+03 5.969000000000000000e+03
2.717000000000000000e+03 5.131000000000000000e+03
1.927000000000000000e+03 5.410000000000000000e+03
1.481000000000000000e+03 5.254000000000000000e+03
1.408000000000000000e+03 5.209000000000000000e+03
1.309000000000000000e+03 5.072000000000000000e+03
1.183000000000000000e+03 5.133000000000000000e+03
1.404000000000000000e+03 5.112000000000000000e+03
1.280000000000000000e+03 5.138000000000000000e+03
1.493000000000000000e+03 5.082000000000000000e+03
1.530000000000000000e+03 5.021000000000000000e+03
2.534000000000000000e+03 4.937000000000000000e+03
1.497000000000000000e+03 5.007000000000000000e+03
2.988000000000000000e+03 4.938000000000000000e+03
2.555000000000000000e+03 4.966000000000000000e+03
2.423000000000000000e+03 4.952000000000000000e+03
1.719000000000000000e+03 4.982000000000000000e+03
4.902000000000000000e+03 6.690000000000000000e+03
4.848000000000000000e+03 6.562000000000000000e+03
4.623000000000000000e+03 6.608000000000000000e+03
4.817000000000000000e+03 6.702000000000000000e+03
4.592000000000000000e+03 6.725000000000000000e+03
4.709000000000000000e+03 6.714000000000000000e+03
4.701000000000000000e+03 6.691000000000000000e+03
4.725000000000000000e+03 6.702000000000000000e+03
4.874000000000000000e+03 5.742000000000000000e+03
4.934000000000000000e+03 5.697000000000000000e+03
4.969000000000000000e+03 5.743000000000000000e+03
4.983000000000000000e+03 5.836000000000000000e+03
4.784000000000000000e+03 5.855000000000000000e+03
4.816000000000000000e+03 5.759000000000000000e+03
4.738000000000000000e+03 5.875000000000000000e+03
4.718000000000000000e+03 5.974000000000000000e+03
4.941000000000000000e+03 6.627000000000000000e+03
4.878000000000000000e+03 6.633000000000000000e+03
5.016000000000000000e+03 6.688000000000000000e+03
5.003000000000000000e+03 6.682000000000000000e+03
5.105000000000000000e+03 6.534000000000000000e+03
5.130000000000000000e+03 6.508000000000000000e+03
5.115000000000000000e+03 6.671000000000000000e+03
5.167000000000000000e+03 6.577000000000000000e+03
4.709000000000000000e+03 6.888000000000000000e+03
4.770000000000000000e+03 6.929000000000000000e+03
4.844000000000000000e+03 6.931000000000000000e+03
4.873000000000000000e+03 6.908000000000000000e+03
5.051000000000000000e+03 6.881000000000000000e+03
4.972000000000000000e+03 6.916000000000000000e+03
5.113000000000000000e+03 6.818000000000000000e+03
5.126000000000000000e+03 6.803000000000000000e+03
3.920000000000000000e+02 2.500000000000000000e+02
1.984000000000000000e+03 2.700000000000000000e+03
6.810000000000000000e+02 5.500000000000000000e+03
2.560000000000000000e+02 2.770000000000000000e+03
5.288000000000000000e+03 1.840000000000000000e+03
5.890000000000000000e+03 5.570000000000000000e+03
6.063000000000000000e+03 6.600000000000000000e+02
-4.000000000000000000e+00 0.000000000000000000e+00
-1.200000000000000000e+01 0.000000000000000000e+00
7.442000000000000000e+03 0.000000000000000000e+00
