4.278000000000000000e+03 2.364000000000000000e+03
3.115000000000000000e+03 2.508000000000000000e+03
5.531000000000000000e+03 2.338000000000000000e+03
3.435000000000000000e+03 2.530000000000000000e+03
2.768000000000000000e+03 2.604000000000000000e+03
2.671000000000000000e+03 2.603000000000000000e+03
2.384000000000000000e+03 2.618000000000000000e+03
5.634000000000000000e+03 2.403000000000000000e+03
5.775000000000000000e+03 2.390000000000000000e+03
5.053000000000000000e+03 2.509000000000000000e+03
5.648000000000000000e+03 2.418000000000000000e+03
5.713000000000000000e+03 2.265000000000000000e+03
5.773000000000000000e+03 2.306000000000000000e+03
5.654000000000000000e+03 2.304000000000000000e+03
5.718000000000000000e+03 2.247000000000000000e+03
1.996000000000000000e+03 3.579000000000000000e+03
2.467000000000000000e+03 3.376000000000000000e+03
2.110000000000000000e+03 3.560000000000000000e+03
2.111000000000000000e+03 3.631000000000000000e+03
2.249000000000000000e+03 3.118000000000000000e+03
2.113000000000000000e+03 3.186000000000000000e+03
2.173000000000000000e+03 3.481000000000000000e+03
1.988000000000000000e+03 3.602000000000000000e+03
2.365000000000000000e+03 3.205000000000000000e+03
2.431000000000000000e+03 3.147000000000000000e+03
2.930000000000000000e+03 2.775000000000000000e+03
3.011000000000000000e+03 2.938000000000000000e+03
2.231000000000000000e+03 2.592000000000000000e+03
2.098000000000000000e+03 2.990000000000000000e+03
2.623000000000000000e+03 2.518000000000000000e+03
2.643000000000000000e+03 2.445000000000000000e+03
3.917000000000000000e+03 2.606000000000000000e+03
3.909000000000000000e+03 2.348000000000000000e+03
3.735000000000000000e+03 2.488000000000000000e+03
4.004000000000000000e+03 2.329000000000000000e+03
3.878000000000000000e+03 2.455000000000000000e+03
3.884000000000000000e+03 2.488000000000000000e+03
3.977000000000000000e+03 2.447000000000000000e+03
3.504000000000000000e+03 2.632000000000000000e+03
3.418000000000000000e+03 2.704000000000000000e+03
3.634000000000000000e+03 2.666000000000000000e+03
3.582000000000000000e+03 2.677000000000000000e+03
3.637000000000000000e+03 2.568000000000000000e+03
3.772000000000000000e+03 2.599000000000000000e+03
3.900000000000000000e+03 2.629000000000000000e+03
3.684000000000000000e+03 2.486000000000000000e+03
3.758000000000000000e+03 2.309000000000000000e+03
3.856000000000000000e+03 2.304000000000000000e+03
3.769000000000000000e+03 2.252000000000000000e+03
3.586000000000000000e+03 2.315000000000000000e+03
3.575000000000000000e+03 2.567000000000000000e+03
3.684000000000000000e+03 2.459000000000000000e+03
3.595000000000000000e+03 2.342000000000000000e+03
3.646000000000000000e+03 2.387000000000000000e+03
3.917000000000000000e+03 2.294000000000000000e+03
4.069000000000000000e+03 2.405000000000000000e+03
3.814000000000000000e+03 2.643000000000000000e+03
3.904000000000000000e+03 2.545000000000000000e+03
3.795000000000000000e+03 2.746000000000000000e+03
3.819000000000000000e+03 2.730000000000000000e+03
3.868000000000000000e+03 2.634000000000000000e+03
3.837000000000000000e+03 2.623000000000000000e+03
3.856000000000000000e+03 2.452000000000000000e+03
3.320000000000000000e+03 2.577000000000000000e+03
3.336000000000000000e+03 2.496000000000000000e+03
3.059000000000000000e+03 2.596000000000000000e+03
3.022000000000000000e+03 2.615000000000000000e+03
3.228000000000000000e+03 2.614000000000000000e+03
3.166000000000000000e+03 2.634000000000000000e+03
5.553000000000000000e+03 2.471000000000000000e+03
5.432000000000000000e+03 2.424000000000000000e+03
5.373000000000000000e+03 2.353000000000000000e+03
5.335000000000000000e+03 2.261000000000000000e+03
5.297000000000000000e+03 2.467000000000000000e+03
5.373000000000000000e+03 2.499000000000000000e+03
4.669000000000000000e+03 2.584000000000000000e+03
4.748000000000000000e+03 2.563000000000000000e+03
4.934000000000000000e+03 2.546000000000000000e+03
4.430000000000000000e+03 2.435000000000000000e+03
4.966000000000000000e+03 2.352000000000000000e+03
4.964000000000000000e+03 2.460000000000000000e+03
4.650000000000000000e+03 2.578000000000000000e+03
4.828000000000000000e+03 2.549000000000000000e+03
4.729000000000000000e+03 2.513000000000000000e+03
4.707000000000000000e+03 2.451000000000000000e+03
3.446000000000000000e+03 2.459000000000000000e+03
3.360000000000000000e+03 2.420000000000000000e+03
3.159000000000000000e+03 2.516000000000000000e+03
3.062000000000000000e+03 2.452000000000000000e+03
3.328000000000000000e+03 2.353000000000000000e+03
3.159000000000000000e+03 2.359000000000000000e+03
3.482000000000000000e+03 2.335000000000000000e+03
3.317000000000000000e+03 2.348000000000000000e+03
4.486000000000000000e+03 2.391000000000000000e+03
4.579000000000000000e+03 2.531000000000000000e+03
4.544000000000000000e+03 2.540000000000000000e+03
4.354000000000000000e+03 2.479000000000000000e+03
4.397000000000000000e+03 2.242000000000000000e+03
4.512000000000000000e+03 2.374000000000000000e+03
4.386000000000000000e+03 2.499000000000000000e+03
4.427000000000000000e+03 2.482000000000000000e+03
4.555000000000000000e+03 2.290000000000000000e+03
4.163000000000000000e+03 2.319000000000000000e+03
4.287000000000000000e+03 2.347000000000000000e+03
4.368000000000000000e+03 2.298000000000000000e+03
4.271000000000000000e+03 2.410000000000000000e+03
4.250000000000000000e+03 2.507000000000000000e+03
4.238000000000000000e+03 2.338000000000000000e+03
4.326000000000000000e+03 2.478000000000000000e+03
4.751000000000000000e+03 2.346000000000000000e+03
4.676000000000000000e+03 2.353000000000000000e+03
4.661000000000000000e+03 2.336000000000000000e+03
4.575000000000000000e+03 2.270000000000000000e+03
4.827000000000000000e+03 2.280000000000000000e+03
4.863000000000000000e+03 2.249000000000000000e+03
4.746000000000000000e+03 2.135000000000000000e+03
4.824000000000000000e+03 2.332000000000000000e+03
5.090000000000000000e+03 2.257000000000000000e+03
5.104000000000000000e+03 2.330000000000000000e+03
5.110000000000000000e+03 2.456000000000000000e+03
5.231000000000000000e+03 2.430000000000000000e+03
5.275000000000000000e+03 2.283000000000000000e+03
5.294000000000000000e+03 2.330000000000000000e+03
5.159000000000000000e+03 2.515000000000000000e+03
5.188000000000000000e+03 2.471000000000000000e+03
6.151000000000000000e+03 1.182000000000000000e+03
6.767000000000000000e+03 9.130000000000000000e+02
6.725000000000000000e+03 8.220000000000000000e+02
6.149000000000000000e+03 1.638000000000000000e+03
6.185000000000000000e+03 3.070000000000000000e+02
6.350000000000000000e+03 1.978000000000000000e+03
5.726000000000000000e+03 2.303000000000000000e+03
6.377000000000000000e+03 2.409000000000000000e+03
6.263000000000000000e+03 1.009000000000000000e+03
6.330000000000000000e+03 2.401000000000000000e+03
6.316000000000000000e+03 2.405000000000000000e+03
6.262000000000000000e+03 2.351000000000000000e+03
6.242000000000000000e+03 2.275000000000000000e+03
6.199000000000000000e+03 2.301000000000000000e+03
6.221000000000000000e+03 2.286000000000000000e+03
5.668000000000000000e+03 2.320000000000000000e+03
6.088000000000000000e+03 2.323000000000000000e+03
6.039000000000000000e+03 2.398000000000000000e+03
6.070000000000000000e+03 2.388000000000000000e+03
5.951000000000000000e+03 2.415000000000000000e+03
5.915000000000000000e+03 2.407000000000000000e+03
4.532000000000000000e+03 2.461000000000000000e+03
4.466000000000000000e+03 2.473000000000000000e+03
6.125000000000000000e+03 2.301000000000000000e+03
6.586000000000000000e+03 2.270000000000000000e+03
5.315000000000000000e+03 2.326000000000000000e+03
5.640000000000000000e+03 2.239000000000000000e+03
6.328000000000000000e+03 2.279000000000000000e+03
6.430000000000000000e+03 2.315000000000000000e+03
6.418000000000000000e+03 2.203000000000000000e+03
6.365000000000000000e+03 2.294000000000000000e+03
3.739000000000000000e+03 2.120000000000000000e+03
2.391000000000000000e+03 1.332000000000000000e+03
2.476000000000000000e+03 1.596000000000000000e+03
2.615000000000000000e+03 2.237000000000000000e+03
2.761000000000000000e+03 2.325000000000000000e+03
2.876000000000000000e+03 2.300000000000000000e+03
2.822000000000000000e+03 2.277000000000000000e+03
2.569000000000000000e+03 2.167000000000000000e+03
2.673000000000000000e+03 2.408000000000000000e+03
2.739000000000000000e+03 2.382000000000000000e+03
2.736000000000000000e+03 2.438000000000000000e+03
2.927000000000000000e+03 2.541000000000000000e+03
3.246000000000000000e+03 2.268000000000000000e+03
2.943000000000000000e+03 2.519000000000000000e+03
2.819000000000000000e+03 2.586000000000000000e+03
2.197000000000000000e+03 1.169000000000000000e+03
2.228000000000000000e+03 1.172000000000000000e+03
2.317000000000000000e+03 1.244000000000000000e+03
2.271000000000000000e+03 1.179000000000000000e+03
2.201000000000000000e+03 1.326000000000000000e+03
2.132000000000000000e+03 1.291000000000000000e+03
2.433000000000000000e+03 1.533000000000000000e+03
2.317000000000000000e+03 1.316000000000000000e+03
3.054000000000000000e+03 2.316000000000000000e+03
3.315000000000000000e+03 2.322000000000000000e+03
3.240000000000000000e+03 2.165000000000000000e+03
3.262000000000000000e+03 2.276000000000000000e+03
2.953000000000000000e+03 2.463000000000000000e+03
2.893000000000000000e+03 2.395000000000000000e+03
3.094000000000000000e+03 2.313000000000000000e+03
3.011000000000000000e+03 2.371000000000000000e+03
2.065000000000000000e+03 1.949000000000000000e+03
2.252000000000000000e+03 2.048000000000000000e+03
2.267000000000000000e+03 2.072000000000000000e+03
2.317000000000000000e+03 2.110000000000000000e+03
2.306000000000000000e+03 2.156000000000000000e+03
2.946000000000000000e+03 2.299000000000000000e+03
2.239000000000000000e+03 2.210000000000000000e+03
2.208000000000000000e+03 1.822000000000000000e+03
2.164000000000000000e+03 1.887000000000000000e+03
2.588000000000000000e+03 1.881000000000000000e+03
2.268000000000000000e+03 1.844000000000000000e+03
2.289000000000000000e+03 2.005000000000000000e+03
2.809000000000000000e+03 2.072000000000000000e+03
2.309000000000000000e+03 1.925000000000000000e+03
2.299000000000000000e+03 1.867000000000000000e+03
2.007000000000000000e+03 2.432000000000000000e+03
2.074000000000000000e+03 2.333000000000000000e+03
2.081000000000000000e+03 2.346000000000000000e+03
2.087000000000000000e+03 2.229000000000000000e+03
2.247000000000000000e+03 2.337000000000000000e+03
2.917000000000000000e+03 2.367000000000000000e+03
2.212000000000000000e+03 2.425000000000000000e+03
2.153000000000000000e+03 2.387000000000000000e+03
1.823000000000000000e+03 2.247000000000000000e+03
3.054000000000000000e+03 2.162000000000000000e+03
2.094000000000000000e+03 1.911000000000000000e+03
2.100000000000000000e+03 1.891000000000000000e+03
1.949000000000000000e+03 2.291000000000000000e+03
1.908000000000000000e+03 2.329000000000000000e+03
2.151000000000000000e+03 2.269000000000000000e+03
2.609000000000000000e+03 2.177000000000000000e+03
3.886000000000000000e+03 5.450000000000000000e+02
4.531000000000000000e+03 5.450000000000000000e+02
3.732000000000000000e+03 5.790000000000000000e+02
4.010000000000000000e+03 7.730000000000000000e+02
2.446000000000000000e+03 5.320000000000000000e+02
2.380000000000000000e+03 6.230000000000000000e+02
2.530000000000000000e+03 7.670000000000000000e+02
2.452000000000000000e+03 9.270000000000000000e+02
2.393000000000000000e+03 8.390000000000000000e+02
2.414000000000000000e+03 8.380000000000000000e+02
2.361000000000000000e+03 9.810000000000000000e+02
3.004000000000000000e+03 9.200000000000000000e+02
4.679000000000000000e+03 2.800000000000000000e+02
4.144000000000000000e+03 1.267000000000000000e+03
2.422000000000000000e+03 7.880000000000000000e+02
3.121000000000000000e+03 1.324000000000000000e+03
2.887000000000000000e+03 1.541000000000000000e+03
2.486000000000000000e+03 1.497000000000000000e+03
2.225000000000000000e+03 1.630000000000000000e+03
2.296000000000000000e+03 1.607000000000000000e+03
2.302000000000000000e+03 1.447000000000000000e+03
2.268000000000000000e+03 1.351000000000000000e+03
2.170000000000000000e+03 1.402000000000000000e+03
2.262000000000000000e+03 1.466000000000000000e+03
2.396000000000000000e+03 1.253000000000000000e+03
2.385000000000000000e+03 1.198000000000000000e+03
2.465000000000000000e+03 1.107000000000000000e+03
2.468000000000000000e+03 1.239000000000000000e+03
2.483000000000000000e+03 1.478000000000000000e+03
2.625000000000000000e+03 2.071000000000000000e+03
2.341000000000000000e+03 1.010000000000000000e+03
2.249000000000000000e+03 1.593000000000000000e+03
6.501000000000000000e+03 3.256000000000000000e+03
6.497000000000000000e+03 3.136000000000000000e+03
6.650000000000000000e+03 2.963000000000000000e+03
6.670000000000000000e+03 3.102000000000000000e+03
6.493000000000000000e+03 3.183000000000000000e+03
6.430000000000000000e+03 3.233000000000000000e+03
6.413000000000000000e+03 3.356000000000000000e+03
6.913000000000000000e+03 3.005000000000000000e+03
6.946000000000000000e+03 2.940000000000000000e+03
6.714000000000000000e+03 2.951000000000000000e+03
6.904000000000000000e+03 3.009000000000000000e+03
7.089000000000000000e+03 2.942000000000000000e+03
7.148000000000000000e+03 2.983000000000000000e+03
7.152000000000000000e+03 3.072000000000000000e+03
7.181000000000000000e+03 3.069000000000000000e+03
6.832000000000000000e+03 3.090000000000000000e+03
5.750000000000000000e+03 2.669000000000000000e+03
6.809000000000000000e+03 3.108000000000000000e+03
6.668000000000000000e+03 3.167000000000000000e+03
7.024000000000000000e+03 3.100000000000000000e+03
7.057000000000000000e+03 3.069000000000000000e+03
6.983000000000000000e+03 3.041000000000000000e+03
6.849000000000000000e+03 3.112000000000000000e+03
7.171000000000000000e+03 2.692000000000000000e+03
7.091000000000000000e+03 2.619000000000000000e+03
6.985000000000000000e+03 2.613000000000000000e+03
7.038000000000000000e+03 2.622000000000000000e+03
6.764000000000000000e+03 2.611000000000000000e+03
6.889000000000000000e+03 2.638000000000000000e+03
6.614000000000000000e+03 2.658000000000000000e+03
6.701000000000000000e+03 2.644000000000000000e+03
6.132000000000000000e+03 3.188000000000000000e+03
7.053000000000000000e+03 2.993000000000000000e+03
7.163000000000000000e+03 2.924000000000000000e+03
6.997000000000000000e+03 2.885000000000000000e+03
6.970000000000000000e+03 2.888000000000000000e+03
6.864000000000000000e+03 2.855000000000000000e+03
6.880000000000000000e+03 2.940000000000000000e+03
6.123000000000000000e+03 2.801000000000000000e+03
6.658000000000000000e+03 2.882000000000000000e+03
6.108000000000000000e+03 2.824000000000000000e+03
6.798000000000000000e+03 2.874000000000000000e+03
6.285000000000000000e+03 2.748000000000000000e+03
5.912000000000000000e+03 2.720000000000000000e+03
6.312000000000000000e+03 2.791000000000000000e+03
6.479000000000000000e+03 2.868000000000000000e+03
6.891000000000000000e+03 2.737000000000000000e+03
5.193000000000000000e+03 3.901000000000000000e+03
6.828000000000000000e+03 2.754000000000000000e+03
6.833000000000000000e+03 2.761000000000000000e+03
7.018000000000000000e+03 2.747000000000000000e+03
6.960000000000000000e+03 2.749000000000000000e+03
7.099000000000000000e+03 2.758000000000000000e+03
7.149000000000000000e+03 2.747000000000000000e+03
5.078000000000000000e+03 2.601000000000000000e+03
5.892000000000000000e+03 2.685000000000000000e+03
6.603000000000000000e+03 2.763000000000000000e+03
6.549000000000000000e+03 2.772000000000000000e+03
5.201000000000000000e+03 2.643000000000000000e+03
5.686000000000000000e+03 3.511000000000000000e+03
6.668000000000000000e+03 2.737000000000000000e+03
6.726000000000000000e+03 2.761000000000000000e+03
7.060000000000000000e+03 3.566000000000000000e+03
6.933000000000000000e+03 3.570000000000000000e+03
6.961000000000000000e+03 3.655000000000000000e+03
7.002000000000000000e+03 3.711000000000000000e+03
7.147000000000000000e+03 3.701000000000000000e+03
7.114000000000000000e+03 3.671000000000000000e+03
7.162000000000000000e+03 3.596000000000000000e+03
3.898000000000000000e+03 2.456000000000000000e+03
4.531000000000000000e+03 2.531000000000000000e+03
6.587000000000000000e+03 3.427000000000000000e+03
6.626000000000000000e+03 3.431000000000000000e+03
6.802000000000000000e+03 3.680000000000000000e+03
6.772000000000000000e+03 3.554000000000000000e+03
4.199000000000000000e+03 3.335000000000000000e+03
3.807000000000000000e+03 3.239000000000000000e+03
6.727000000000000000e+03 3.348000000000000000e+03
6.240000000000000000e+03 3.206000000000000000e+03
6.037000000000000000e+03 3.188000000000000000e+03
4.505000000000000000e+03 3.638000000000000000e+03
6.216000000000000000e+03 3.137000000000000000e+03
6.019000000000000000e+03 3.103000000000000000e+03
4.837000000000000000e+03 2.682000000000000000e+03
5.844000000000000000e+03 3.018000000000000000e+03
7.007000000000000000e+03 3.324000000000000000e+03
7.003000000000000000e+03 3.314000000000000000e+03
7.147000000000000000e+03 3.345000000000000000e+03
7.113000000000000000e+03 3.283000000000000000e+03
4.286000000000000000e+03 2.747000000000000000e+03
3.999000000000000000e+03 2.736000000000000000e+03
6.897000000000000000e+03 3.325000000000000000e+03
6.825000000000000000e+03 3.311000000000000000e+03
5.237000000000000000e+03 3.522000000000000000e+03
6.570000000000000000e+03 3.558000000000000000e+03
3.807000000000000000e+03 2.456000000000000000e+03
4.990000000000000000e+03 2.788000000000000000e+03
6.968000000000000000e+03 3.180000000000000000e+03
7.060000000000000000e+03 3.207000000000000000e+03
7.190000000000000000e+03 3.195000000000000000e+03
7.137000000000000000e+03 3.163000000000000000e+03
6.710000000000000000e+03 3.567000000000000000e+03
6.318000000000000000e+03 3.872000000000000000e+03
6.150000000000000000e+03 3.752000000000000000e+03
6.836000000000000000e+03 3.561000000000000000e+03
7.121000000000000000e+03 3.557000000000000000e+03
7.049000000000000000e+03 3.578000000000000000e+03
6.694000000000000000e+03 3.723000000000000000e+03
6.943000000000000000e+03 3.553000000000000000e+03
6.892000000000000000e+03 3.197000000000000000e+03
6.213000000000000000e+03 3.059000000000000000e+03
6.753000000000000000e+03 3.211000000000000000e+03
5.987000000000000000e+03 3.036000000000000000e+03
6.448000000000000000e+03 3.254000000000000000e+03
6.424000000000000000e+03 3.202000000000000000e+03
6.369000000000000000e+03 3.289000000000000000e+03
6.722000000000000000e+03 3.415000000000000000e+03
6.916000000000000000e+03 3.457000000000000000e+03
6.747000000000000000e+03 3.313000000000000000e+03
6.807000000000000000e+03 3.452000000000000000e+03
6.519000000000000000e+03 3.269000000000000000e+03
7.008000000000000000e+03 3.448000000000000000e+03
7.033000000000000000e+03 3.419000000000000000e+03
7.166000000000000000e+03 3.419000000000000000e+03
7.132000000000000000e+03 3.424000000000000000e+03
2.271000000000000000e+03 2.999000000000000000e+03
2.926000000000000000e+03 1.819000000000000000e+03
2.384000000000000000e+03 1.900000000000000000e+03
4.933000000000000000e+03 3.561000000000000000e+03
5.086000000000000000e+03 3.457000000000000000e+03
1.917000000000000000e+03 4.727000000000000000e+03
1.896000000000000000e+03 4.668000000000000000e+03
2.412000000000000000e+03 1.683000000000000000e+03
2.403000000000000000e+03 1.649000000000000000e+03
2.329000000000000000e+03 1.603000000000000000e+03
2.295000000000000000e+03 1.637000000000000000e+03
2.601000000000000000e+03 1.836000000000000000e+03
2.467000000000000000e+03 1.797000000000000000e+03
2.152000000000000000e+03 1.522000000000000000e+03
2.171000000000000000e+03 1.597000000000000000e+03
1.754000000000000000e+03 4.503000000000000000e+03
1.788000000000000000e+03 4.502000000000000000e+03
1.771000000000000000e+03 4.497000000000000000e+03
1.910000000000000000e+03 4.419000000000000000e+03
2.577000000000000000e+03 4.549000000000000000e+03
2.817000000000000000e+03 4.641000000000000000e+03
2.567000000000000000e+03 4.445000000000000000e+03
2.006000000000000000e+03 4.460000000000000000e+03
1.843000000000000000e+03 4.631000000000000000e+03
1.768000000000000000e+03 4.595000000000000000e+03
3.434000000000000000e+03 4.652000000000000000e+03
1.781000000000000000e+03 4.679000000000000000e+03
1.636000000000000000e+03 4.762000000000000000e+03
1.672000000000000000e+03 4.705000000000000000e+03
1.708000000000000000e+03 4.608000000000000000e+03
1.684000000000000000e+03 4.601000000000000000e+03
2.077000000000000000e+03 4.745000000000000000e+03
1.948000000000000000e+03 4.704000000000000000e+03
2.190000000000000000e+03 4.711000000000000000e+03
2.432000000000000000e+03 4.726000000000000000e+03
3.684000000000000000e+03 4.722000000000000000e+03
4.376000000000000000e+03 4.044000000000000000e+03
2.222000000000000000e+03 4.685000000000000000e+03
2.184000000000000000e+03 4.547000000000000000e+03
2.047000000000000000e+03 4.591000000000000000e+03
2.290000000000000000e+03 4.564000000000000000e+03
2.101000000000000000e+03 4.632000000000000000e+03
2.477000000000000000e+03 4.647000000000000000e+03
2.374000000000000000e+03 4.607000000000000000e+03
3.263000000000000000e+03 4.724000000000000000e+03
2.426000000000000000e+03 4.708000000000000000e+03
2.916000000000000000e+03 6.441000000000000000e+03
3.809000000000000000e+03 5.941000000000000000e+03
3.156000000000000000e+03 6.595000000000000000e+03
3.271000000000000000e+03 6.153000000000000000e+03
1.583000000000000000e+03 5.703000000000000000e+03
1.641000000000000000e+03 5.649000000000000000e+03
1.719000000000000000e+03 7.076000000000000000e+03
3.054000000000000000e+03 5.947000000000000000e+03
3.154000000000000000e+03 5.049000000000000000e+03
2.284000000000000000e+03 7.197000000000000000e+03
4.723000000000000000e+03 5.183000000000000000e+03
2.224000000000000000e+03 4.890000000000000000e+03
2.976000000000000000e+03 6.260000000000000000e+03
4.258000000000000000e+03 4.361000000000000000e+03
2.523000000000000000e+03 5.939000000000000000e+03
5.118000000000000000e+03 3.758000000000000000e+03
7.367000000000000000e+03 3.191000000000000000e+03
7.383000000000000000e+03 3.364000000000000000e+03
7.375000000000000000e+03 3.316000000000000000e+03
7.351000000000000000e+03 3.472000000000000000e+03
7.354000000000000000e+03 3.463000000000000000e+03
7.368000000000000000e+03 3.386000000000000000e+03
7.357000000000000000e+03 3.510000000000000000e+03
7.403000000000000000e+03 2.925000000000000000e+03
7.451000000000000000e+03 3.003000000000000000e+03
7.452000000000000000e+03 2.722000000000000000e+03
7.414000000000000000e+03 2.502000000000000000e+03
7.464000000000000000e+03 2.499000000000000000e+03
7.167000000000000000e+03 2.765000000000000000e+03
7.434000000000000000e+03 2.499000000000000000e+03
7.380000000000000000e+03 2.873000000000000000e+03
7.323000000000000000e+03 2.648000000000000000e+03
7.397000000000000000e+03 2.466000000000000000e+03
7.377000000000000000e+03 2.481000000000000000e+03
7.400000000000000000e+03 2.412000000000000000e+03
7.465000000000000000e+03 2.520000000000000000e+03
7.271000000000000000e+03 2.407000000000000000e+03
7.292000000000000000e+03 2.553000000000000000e+03
7.376000000000000000e+03 2.885000000000000000e+03
7.448000000000000000e+03 2.537000000000000000e+03
7.462000000000000000e+03 2.732000000000000000e+03
7.267000000000000000e+03 2.525000000000000000e+03
7.398000000000000000e+03 2.769000000000000000e+03
7.385000000000000000e+03 2.849000000000000000e+03
7.434000000000000000e+03 3.083000000000000000e+03
7.379000000000000000e+03 3.072000000000000000e+03
7.354000000000000000e+03 3.148000000000000000e+03
7.385000000000000000e+03 3.884000000000000000e+03
7.339000000000000000e+03 3.830000000000000000e+03
7.263000000000000000e+03 3.881000000000000000e+03
7.447000000000000000e+03 4.025000000000000000e+03
7.176000000000000000e+03 3.367000000000000000e+03
7.459000000000000000e+03 3.206000000000000000e+03
7.460000000000000000e+03 4.271000000000000000e+03
7.442000000000000000e+03 3.966000000000000000e+03
7.381000000000000000e+03 4.459000000000000000e+03
7.427000000000000000e+03 4.233000000000000000e+03
7.399000000000000000e+03 4.262000000000000000e+03
7.400000000000000000e+03 4.190000000000000000e+03
6.988000000000000000e+03 5.247000000000000000e+03
7.437000000000000000e+03 4.707000000000000000e+03
7.426000000000000000e+03 4.511000000000000000e+03
7.413000000000000000e+03 4.838000000000000000e+03
7.340000000000000000e+03 3.849000000000000000e+03
7.419000000000000000e+03 3.673000000000000000e+03
7.348000000000000000e+03 3.704000000000000000e+03
7.384000000000000000e+03 3.675000000000000000e+03
7.402000000000000000e+03 4.100000000000000000e+03
7.371000000000000000e+03 3.899000000000000000e+03
7.377000000000000000e+03 3.997000000000000000e+03
7.376000000000000000e+03 4.018000000000000000e+03
7.325000000000000000e+03 3.638000000000000000e+03
7.399000000000000000e+03 3.493000000000000000e+03
7.356000000000000000e+03 3.643000000000000000e+03
7.363000000000000000e+03 3.613000000000000000e+03
7.349000000000000000e+03 3.483000000000000000e+03
7.345000000000000000e+03 3.476000000000000000e+03
7.409000000000000000e+03 3.434000000000000000e+03
7.323000000000000000e+03 3.521000000000000000e+03
6.690000000000000000e+03 4.791000000000000000e+03
7.020000000000000000e+03 4.806000000000000000e+03
6.954000000000000000e+03 4.777000000000000000e+03
7.049000000000000000e+03 4.779000000000000000e+03
7.200000000000000000e+03 4.858000000000000000e+03
7.147000000000000000e+03 4.820000000000000000e+03
7.166000000000000000e+03 4.764000000000000000e+03
6.681000000000000000e+03 4.845000000000000000e+03
6.927000000000000000e+03 4.863000000000000000e+03
6.794000000000000000e+03 5.179000000000000000e+03
6.706000000000000000e+03 5.030000000000000000e+03
6.529000000000000000e+03 4.891000000000000000e+03
6.564000000000000000e+03 4.857000000000000000e+03
6.760000000000000000e+03 4.884000000000000000e+03
6.701000000000000000e+03 4.845000000000000000e+03
7.162000000000000000e+03 5.011000000000000000e+03
7.208000000000000000e+03 5.024000000000000000e+03
7.185000000000000000e+03 5.124000000000000000e+03
7.162000000000000000e+03 5.097000000000000000e+03
6.955000000000000000e+03 5.062000000000000000e+03
6.879000000000000000e+03 5.076000000000000000e+03
7.071000000000000000e+03 5.078000000000000000e+03
7.026000000000000000e+03 5.119000000000000000e+03
7.057000000000000000e+03 4.978000000000000000e+03
7.089000000000000000e+03 4.921000000000000000e+03
6.996000000000000000e+03 5.008000000000000000e+03
7.033000000000000000e+03 4.902000000000000000e+03
6.809000000000000000e+03 4.976000000000000000e+03
6.754000000000000000e+03 5.006000000000000000e+03
6.908000000000000000e+03 4.972000000000000000e+03
6.915000000000000000e+03 4.957000000000000000e+03
6.753000000000000000e+03 5.183000000000000000e+03
7.180000000000000000e+03 5.269000000000000000e+03
6.761000000000000000e+03 5.311000000000000000e+03
7.078000000000000000e+03 5.362000000000000000e+03
7.039000000000000000e+03 5.197000000000000000e+03
6.969000000000000000e+03 5.196000000000000000e+03
6.937000000000000000e+03 5.218000000000000000e+03
7.250000000000000000e+03 5.240000000000000000e+03
7.313000000000000000e+03 5.197000000000000000e+03
7.380000000000000000e+03 5.268000000000000000e+03
7.398000000000000000e+03 5.193000000000000000e+03
7.462000000000000000e+03 5.144000000000000000e+03
7.430000000000000000e+03 5.137000000000000000e+03
7.392000000000000000e+03 5.055000000000000000e+03
7.341000000000000000e+03 5.050000000000000000e+03
6.969000000000000000e+03 5.402000000000000000e+03
6.908000000000000000e+03 5.379000000000000000e+03
6.860000000000000000e+03 5.268000000000000000e+03
6.923000000000000000e+03 5.299000000000000000e+03
6.200000000000000000e+03 5.260000000000000000e+03
6.194000000000000000e+03 5.291000000000000000e+03
6.695000000000000000e+03 5.305000000000000000e+03
5.465000000000000000e+03 5.507000000000000000e+03
6.673000000000000000e+03 5.431000000000000000e+03
6.685000000000000000e+03 5.376000000000000000e+03
6.821000000000000000e+03 5.411000000000000000e+03
6.805000000000000000e+03 5.366000000000000000e+03
6.737000000000000000e+03 5.223000000000000000e+03
6.621000000000000000e+03 5.228000000000000000e+03
6.627000000000000000e+03 5.337000000000000000e+03
6.603000000000000000e+03 5.280000000000000000e+03
5.873000000000000000e+03 5.476000000000000000e+03
5.845000000000000000e+03 6.158000000000000000e+03
5.910000000000000000e+03 4.677000000000000000e+03
5.652000000000000000e+03 5.328000000000000000e+03
5.669000000000000000e+03 5.568000000000000000e+03
5.752000000000000000e+03 5.612000000000000000e+03
5.799000000000000000e+03 5.588000000000000000e+03
5.696000000000000000e+03 5.318000000000000000e+03
5.587000000000000000e+03 5.316000000000000000e+03
5.645000000000000000e+03 5.353000000000000000e+03
5.753000000000000000e+03 5.306000000000000000e+03
5.477000000000000000e+03 5.459000000000000000e+03
5.573000000000000000e+03 5.427000000000000000e+03
5.296000000000000000e+03 5.547000000000000000e+03
5.402000000000000000e+03 5.504000000000000000e+03
5.756000000000000000e+03 5.095000000000000000e+03
5.700000000000000000e+03 5.163000000000000000e+03
5.805000000000000000e+03 5.265000000000000000e+03
5.847000000000000000e+03 5.198000000000000000e+03
5.747000000000000000e+03 5.007000000000000000e+03
5.756000000000000000e+03 4.974000000000000000e+03
5.661000000000000000e+03 4.803000000000000000e+03
5.698000000000000000e+03 4.886000000000000000e+03
5.956000000000000000e+03 5.213000000000000000e+03
5.912000000000000000e+03 5.311000000000000000e+03
5.940000000000000000e+03 5.162000000000000000e+03
5.896000000000000000e+03 5.056000000000000000e+03
5.858000000000000000e+03 4.926000000000000000e+03
6.004000000000000000e+03 5.031000000000000000e+03
5.759000000000000000e+03 4.930000000000000000e+03
5.805000000000000000e+03 4.900000000000000000e+03
7.260000000000000000e+03 5.427000000000000000e+03
7.324000000000000000e+03 5.407000000000000000e+03
7.108000000000000000e+03 5.386000000000000000e+03
7.142000000000000000e+03 5.406000000000000000e+03
7.414000000000000000e+03 5.427000000000000000e+03
7.342000000000000000e+03 5.398000000000000000e+03
7.281000000000000000e+03 5.377000000000000000e+03
7.302000000000000000e+03 5.305000000000000000e+03
6.391000000000000000e+03 5.437000000000000000e+03
6.341000000000000000e+03 5.445000000000000000e+03
6.292000000000000000e+03 5.340000000000000000e+03
6.277000000000000000e+03 5.482000000000000000e+03
6.394000000000000000e+03 5.288000000000000000e+03
6.337000000000000000e+03 5.320000000000000000e+03
6.513000000000000000e+03 5.415000000000000000e+03
6.464000000000000000e+03 5.319000000000000000e+03
5.826000000000000000e+03 5.503000000000000000e+03
5.786000000000000000e+03 5.601000000000000000e+03
5.885000000000000000e+03 5.488000000000000000e+03
5.930000000000000000e+03 5.488000000000000000e+03
5.883000000000000000e+03 5.854000000000000000e+03
5.915000000000000000e+03 5.949000000000000000e+03
5.880000000000000000e+03 5.731000000000000000e+03
5.999000000000000000e+03 5.649000000000000000e+03
5.739000000000000000e+03 5.808000000000000000e+03
5.783000000000000000e+03 5.799000000000000000e+03
5.745000000000000000e+03 5.729000000000000000e+03
5.746000000000000000e+03 5.675000000000000000e+03
5.860000000000000000e+03 6.005000000000000000e+03
5.919000000000000000e+03 6.052000000000000000e+03
5.837000000000000000e+03 5.906000000000000000e+03
5.816000000000000000e+03 5.966000000000000000e+03
5.397000000000000000e+03 4.768000000000000000e+03
5.128000000000000000e+03 4.797000000000000000e+03
5.399000000000000000e+03 3.947000000000000000e+03
6.274000000000000000e+03 4.222000000000000000e+03
6.241000000000000000e+03 4.304000000000000000e+03
5.757000000000000000e+03 4.357000000000000000e+03
5.881000000000000000e+03 4.102000000000000000e+03
5.464000000000000000e+03 4.755000000000000000e+03
5.441000000000000000e+03 4.834000000000000000e+03
5.389000000000000000e+03 4.879000000000000000e+03
5.349000000000000000e+03 4.940000000000000000e+03
5.437000000000000000e+03 5.243000000000000000e+03
5.342000000000000000e+03 5.122000000000000000e+03
5.391000000000000000e+03 5.031000000000000000e+03
5.530000000000000000e+03 5.098000000000000000e+03
5.395000000000000000e+03 4.820000000000000000e+03
5.451000000000000000e+03 4.463000000000000000e+03
5.074000000000000000e+03 4.878000000000000000e+03
5.084000000000000000e+03 4.818000000000000000e+03
5.110000000000000000e+03 5.280000000000000000e+03
5.151000000000000000e+03 5.206000000000000000e+03
5.081000000000000000e+03 5.058000000000000000e+03
5.083000000000000000e+03 4.968000000000000000e+03
5.048000000000000000e+03 5.219000000000000000e+03
4.979000000000000000e+03 5.126000000000000000e+03
4.932000000000000000e+03 5.024000000000000000e+03
5.025000000000000000e+03 5.195000000000000000e+03
4.856000000000000000e+03 4.707000000000000000e+03
4.906000000000000000e+03 4.781000000000000000e+03
4.939000000000000000e+03 4.925000000000000000e+03
4.876000000000000000e+03 4.838000000000000000e+03
4.689000000000000000e+03 4.954000000000000000e+03
4.847000000000000000e+03 5.047000000000000000e+03
4.803000000000000000e+03 4.928000000000000000e+03
4.893000000000000000e+03 5.227000000000000000e+03
4.844000000000000000e+03 5.129000000000000000e+03
5.000000000000000000e+03 5.278000000000000000e+03
4.929000000000000000e+03 5.402000000000000000e+03
5.561000000000000000e+03 5.030000000000000000e+03
5.752000000000000000e+03 5.057000000000000000e+03
5.618000000000000000e+03 5.142000000000000000e+03
5.633000000000000000e+03 5.206000000000000000e+03
5.546000000000000000e+03 4.985000000000000000e+03
5.489000000000000000e+03 4.954000000000000000e+03
5.455000000000000000e+03 5.239000000000000000e+03
5.466000000000000000e+03 5.093000000000000000e+03
5.362000000000000000e+03 5.456000000000000000e+03
5.280000000000000000e+03 5.453000000000000000e+03
5.339000000000000000e+03 5.420000000000000000e+03
5.380000000000000000e+03 5.360000000000000000e+03
5.103000000000000000e+03 5.415000000000000000e+03
5.131000000000000000e+03 5.527000000000000000e+03
5.103000000000000000e+03 5.381000000000000000e+03
5.190000000000000000e+03 5.395000000000000000e+03
5.217000000000000000e+03 5.071000000000000000e+03
5.209000000000000000e+03 4.977000000000000000e+03
5.221000000000000000e+03 4.901000000000000000e+03
5.289000000000000000e+03 4.836000000000000000e+03
5.350000000000000000e+03 5.171000000000000000e+03
5.304000000000000000e+03 5.193000000000000000e+03
5.318000000000000000e+03 5.290000000000000000e+03
5.215000000000000000e+03 5.264000000000000000e+03
6.813000000000000000e+03 4.378000000000000000e+03
6.811000000000000000e+03 4.467000000000000000e+03
6.880000000000000000e+03 4.479000000000000000e+03
7.064000000000000000e+03 4.404000000000000000e+03
7.112000000000000000e+03 4.285000000000000000e+03
6.948000000000000000e+03 4.394000000000000000e+03
7.027000000000000000e+03 4.439000000000000000e+03
6.709000000000000000e+03 4.506000000000000000e+03
6.980000000000000000e+03 4.274000000000000000e+03
7.098000000000000000e+03 4.174000000000000000e+03
7.135000000000000000e+03 4.134000000000000000e+03
6.471000000000000000e+03 5.656000000000000000e+03
6.734000000000000000e+03 4.716000000000000000e+03
6.839000000000000000e+03 4.313000000000000000e+03
6.427000000000000000e+03 4.662000000000000000e+03
6.476000000000000000e+03 4.373000000000000000e+03
6.641000000000000000e+03 4.253000000000000000e+03
6.876000000000000000e+03 4.045000000000000000e+03
6.557000000000000000e+03 4.390000000000000000e+03
7.040000000000000000e+03 3.842000000000000000e+03
7.058000000000000000e+03 3.812000000000000000e+03
6.952000000000000000e+03 3.966000000000000000e+03
6.719000000000000000e+03 4.524000000000000000e+03
7.006000000000000000e+03 4.032000000000000000e+03
7.026000000000000000e+03 4.063000000000000000e+03
6.901000000000000000e+03 4.173000000000000000e+03
6.841000000000000000e+03 4.214000000000000000e+03
7.106000000000000000e+03 4.000000000000000000e+03
7.139000000000000000e+03 3.987000000000000000e+03
7.124000000000000000e+03 3.869000000000000000e+03
7.162000000000000000e+03 3.889000000000000000e+03
6.216000000000000000e+03 4.470000000000000000e+03
6.456000000000000000e+03 4.116000000000000000e+03
6.742000000000000000e+03 3.852000000000000000e+03
6.623000000000000000e+03 3.892000000000000000e+03
6.498000000000000000e+03 3.854000000000000000e+03
6.451000000000000000e+03 4.071000000000000000e+03
6.597000000000000000e+03 3.808000000000000000e+03
6.746000000000000000e+03 3.725000000000000000e+03
6.397000000000000000e+03 3.635000000000000000e+03
5.650000000000000000e+03 3.736000000000000000e+03
8.560000000000000000e+02 3.423000000000000000e+03
1.162000000000000000e+03 3.500000000000000000e+03
1.493000000000000000e+03 3.666000000000000000e+03
3.791000000000000000e+03 5.056000000000000000e+03
6.576000000000000000e+03 3.992000000000000000e+03
6.225000000000000000e+03 3.967000000000000000e+03
6.602000000000000000e+03 4.397000000000000000e+03
6.654000000000000000e+03 4.288000000000000000e+03
6.674000000000000000e+03 4.127000000000000000e+03
6.622000000000000000e+03 4.228000000000000000e+03
3.101000000000000000e+03 4.472000000000000000e+03
2.442000000000000000e+03 3.688000000000000000e+03
6.522000000000000000e+03 4.406000000000000000e+03
6.490000000000000000e+03 4.359000000000000000e+03
6.797000000000000000e+03 3.870000000000000000e+03
6.859000000000000000e+03 3.880000000000000000e+03
6.739000000000000000e+03 4.008000000000000000e+03
6.798000000000000000e+03 3.975000000000000000e+03
6.563000000000000000e+03 4.068000000000000000e+03
6.500000000000000000e+03 4.141000000000000000e+03
5.166000000000000000e+03 4.507000000000000000e+03
6.417000000000000000e+03 4.371000000000000000e+03
4.787000000000000000e+03 7.284000000000000000e+03
6.674000000000000000e+03 7.312000000000000000e+03
6.965000000000000000e+03 7.180000000000000000e+03
4.920000000000000000e+03 6.746000000000000000e+03
5.143000000000000000e+03 6.824000000000000000e+03
5.267000000000000000e+03 6.867000000000000000e+03
4.879000000000000000e+03 6.928000000000000000e+03
5.176000000000000000e+03 7.182000000000000000e+03
5.064000000000000000e+03 6.966000000000000000e+03
5.874000000000000000e+03 6.905000000000000000e+03
5.238000000000000000e+03 7.076000000000000000e+03
5.093000000000000000e+03 7.137000000000000000e+03
5.345000000000000000e+03 7.005000000000000000e+03
5.370000000000000000e+03 6.996000000000000000e+03
4.903000000000000000e+03 7.034000000000000000e+03
7.366000000000000000e+03 7.421000000000000000e+03
6.981000000000000000e+03 7.268000000000000000e+03
7.415000000000000000e+03 7.399000000000000000e+03
7.247000000000000000e+03 7.427000000000000000e+03
7.164000000000000000e+03 7.039000000000000000e+03
7.248000000000000000e+03 7.130000000000000000e+03
6.661000000000000000e+03 7.162000000000000000e+03
6.559000000000000000e+03 6.981000000000000000e+03
5.843000000000000000e+03 6.738000000000000000e+03
5.778000000000000000e+03 6.684000000000000000e+03
5.863000000000000000e+03 6.884000000000000000e+03
5.850000000000000000e+03 6.973000000000000000e+03
5.614000000000000000e+03 6.760000000000000000e+03
5.666000000000000000e+03 6.737000000000000000e+03
5.680000000000000000e+03 6.710000000000000000e+03
5.743000000000000000e+03 6.636000000000000000e+03
9.080000000000000000e+02 7.464000000000000000e+03
1.012000000000000000e+03 7.421000000000000000e+03
9.500000000000000000e+02 7.458000000000000000e+03
6.780000000000000000e+02 7.464000000000000000e+03
4.470000000000000000e+02 7.463000000000000000e+03
3.278000000000000000e+03 6.920000000000000000e+03
1.320000000000000000e+03 7.131000000000000000e+03
5.352000000000000000e+03 6.850000000000000000e+03
5.273000000000000000e+03 6.777000000000000000e+03
5.302000000000000000e+03 6.645000000000000000e+03
5.296000000000000000e+03 6.717000000000000000e+03
5.237000000000000000e+03 6.554000000000000000e+03
5.274000000000000000e+03 6.532000000000000000e+03
5.008000000000000000e+03 6.444000000000000000e+03
5.082000000000000000e+03 6.554000000000000000e+03
1.518000000000000000e+03 7.460000000000000000e+03
1.393000000000000000e+03 7.453000000000000000e+03
1.577000000000000000e+03 7.456000000000000000e+03
1.493000000000000000e+03 7.478000000000000000e+03
1.501000000000000000e+03 7.452000000000000000e+03
1.365000000000000000e+03 7.446000000000000000e+03
1.414000000000000000e+03 7.427000000000000000e+03
1.583000000000000000e+03 7.457000000000000000e+03
2.233000000000000000e+03 7.470000000000000000e+03
2.280000000000000000e+03 7.429000000000000000e+03
2.380000000000000000e+03 7.427000000000000000e+03
2.458000000000000000e+03 7.428000000000000000e+03
4.190000000000000000e+03 6.467000000000000000e+03
3.794000000000000000e+03 6.640000000000000000e+03
2.114000000000000000e+03 7.465000000000000000e+03
2.033000000000000000e+03 7.402000000000000000e+03
6.220000000000000000e+03 7.444000000000000000e+03
6.204000000000000000e+03 7.455000000000000000e+03
6.282000000000000000e+03 7.447000000000000000e+03
6.653000000000000000e+03 7.459000000000000000e+03
6.546000000000000000e+03 7.458000000000000000e+03
6.654000000000000000e+03 7.454000000000000000e+03
6.749000000000000000e+03 7.462000000000000000e+03
5.446000000000000000e+03 7.180000000000000000e+03
5.487000000000000000e+03 7.191000000000000000e+03
5.473000000000000000e+03 7.036000000000000000e+03
5.462000000000000000e+03 7.068000000000000000e+03
5.785000000000000000e+03 6.696000000000000000e+03
5.657000000000000000e+03 6.880000000000000000e+03
5.549000000000000000e+03 6.949000000000000000e+03
5.543000000000000000e+03 6.888000000000000000e+03
5.615000000000000000e+03 7.049000000000000000e+03
5.559000000000000000e+03 7.109000000000000000e+03
5.625000000000000000e+03 7.137000000000000000e+03
5.717000000000000000e+03 7.122000000000000000e+03
5.807000000000000000e+03 7.101000000000000000e+03
5.925000000000000000e+03 7.176000000000000000e+03
6.065000000000000000e+03 7.247000000000000000e+03
5.947000000000000000e+03 7.235000000000000000e+03
4.338000000000000000e+03 4.417000000000000000e+03
6.542000000000000000e+03 6.062000000000000000e+03
4.710000000000000000e+03 5.235000000000000000e+03
6.078000000000000000e+03 5.794000000000000000e+03
4.918000000000000000e+03 5.181000000000000000e+03
6.331000000000000000e+03 6.997000000000000000e+03
5.330000000000000000e+03 5.300000000000000000e+03
4.505000000000000000e+03 4.636000000000000000e+03
5.940000000000000000e+03 6.645000000000000000e+03
5.867000000000000000e+03 6.625000000000000000e+03
6.046000000000000000e+03 6.699000000000000000e+03
6.022000000000000000e+03 6.617000000000000000e+03
5.822000000000000000e+03 7.234000000000000000e+03
5.662000000000000000e+03 7.266000000000000000e+03
5.876000000000000000e+03 7.204000000000000000e+03
5.858000000000000000e+03 7.044000000000000000e+03
6.205000000000000000e+03 7.290000000000000000e+03
6.084000000000000000e+03 7.214000000000000000e+03
5.488000000000000000e+03 7.419000000000000000e+03
5.280000000000000000e+03 7.370000000000000000e+03
5.705000000000000000e+03 6.929000000000000000e+03
5.691000000000000000e+03 6.936000000000000000e+03
5.682000000000000000e+03 7.129000000000000000e+03
5.591000000000000000e+03 7.194000000000000000e+03
5.887000000000000000e+03 7.454000000000000000e+03
5.892000000000000000e+03 7.462000000000000000e+03
5.586000000000000000e+03 7.465000000000000000e+03
5.674000000000000000e+03 7.464000000000000000e+03
5.582000000000000000e+03 7.459000000000000000e+03
5.466000000000000000e+03 7.481000000000000000e+03
5.252000000000000000e+03 7.472000000000000000e+03
5.717000000000000000e+03 7.462000000000000000e+03
6.202000000000000000e+03 7.315000000000000000e+03
6.192000000000000000e+03 7.202000000000000000e+03
6.327000000000000000e+03 7.316000000000000000e+03
6.329000000000000000e+03 7.318000000000000000e+03
6.244000000000000000e+03 6.134000000000000000e+03
6.009000000000000000e+03 7.334000000000000000e+03
5.772000000000000000e+03 7.328000000000000000e+03
5.749000000000000000e+03 7.328000000000000000e+03
2.902000000000000000e+03 3.378000000000000000e+03
5.485000000000000000e+03 6.705000000000000000e+03
5.555000000000000000e+03 6.651000000000000000e+03
2.359000000000000000e+03 3.079000000000000000e+03
2.250000000000000000e+03 2.747000000000000000e+03
2.370000000000000000e+03 2.690000000000000000e+03
2.444000000000000000e+03 2.670000000000000000e+03
6.373000000000000000e+03 4.295000000000000000e+03
6.327000000000000000e+03 4.230000000000000000e+03
6.276000000000000000e+03 4.055000000000000000e+03
6.311000000000000000e+03 4.456000000000000000e+03
6.349000000000000000e+03 3.629000000000000000e+03
6.384000000000000000e+03 3.689000000000000000e+03
6.385000000000000000e+03 3.835000000000000000e+03
6.388000000000000000e+03 3.853000000000000000e+03
4.867000000000000000e+03 4.951000000000000000e+03
2.564000000000000000e+03 3.029000000000000000e+03
2.264000000000000000e+03 3.104000000000000000e+03
2.300000000000000000e+03 2.906000000000000000e+03
5.977000000000000000e+03 4.621000000000000000e+03
6.127000000000000000e+03 3.697000000000000000e+03
3.950000000000000000e+03 3.299000000000000000e+03
2.380000000000000000e+03 3.044000000000000000e+03
4.443000000000000000e+03 4.461000000000000000e+03
4.325000000000000000e+03 3.763000000000000000e+03
5.589000000000000000e+03 4.688000000000000000e+03
5.979000000000000000e+03 4.378000000000000000e+03
5.625000000000000000e+03 4.272000000000000000e+03
4.918000000000000000e+03 2.900000000000000000e+03
4.762000000000000000e+03 3.563000000000000000e+03
4.973000000000000000e+03 3.681000000000000000e+03
5.029000000000000000e+03 4.743000000000000000e+03
5.091000000000000000e+03 4.589000000000000000e+03
5.224000000000000000e+03 4.588000000000000000e+03
4.959000000000000000e+03 4.697000000000000000e+03
6.088000000000000000e+03 4.729000000000000000e+03
6.282000000000000000e+03 4.061000000000000000e+03
6.201000000000000000e+03 4.649000000000000000e+03
3.064000000000000000e+03 4.582000000000000000e+03
2.831000000000000000e+03 4.486000000000000000e+03
3.082000000000000000e+03 3.724000000000000000e+03
2.350000000000000000e+03 3.560000000000000000e+03
2.325000000000000000e+03 3.335000000000000000e+03
2.293000000000000000e+03 3.443000000000000000e+03
2.821000000000000000e+03 3.243000000000000000e+03
2.319000000000000000e+03 3.489000000000000000e+03
6.070000000000000000e+03 4.971000000000000000e+03
6.014000000000000000e+03 4.918000000000000000e+03
6.130000000000000000e+03 4.876000000000000000e+03
6.104000000000000000e+03 4.914000000000000000e+03
6.060000000000000000e+03 5.018000000000000000e+03
6.098000000000000000e+03 5.065000000000000000e+03
6.176000000000000000e+03 4.870000000000000000e+03
6.141000000000000000e+03 4.837000000000000000e+03
6.265000000000000000e+03 5.102000000000000000e+03
6.231000000000000000e+03 5.138000000000000000e+03
6.098000000000000000e+03 5.169000000000000000e+03
6.175000000000000000e+03 5.141000000000000000e+03
6.262000000000000000e+03 4.902000000000000000e+03
6.237000000000000000e+03 4.974000000000000000e+03
6.335000000000000000e+03 5.033000000000000000e+03
6.206000000000000000e+03 5.107000000000000000e+03
5.604000000000000000e+03 5.272000000000000000e+03
5.584000000000000000e+03 5.275000000000000000e+03
5.427000000000000000e+03 6.087000000000000000e+03
5.418000000000000000e+03 6.470000000000000000e+03
5.334000000000000000e+03 6.407000000000000000e+03
5.350000000000000000e+03 6.537000000000000000e+03
5.385000000000000000e+03 6.652000000000000000e+03
5.609000000000000000e+03 5.930000000000000000e+03
5.563000000000000000e+03 5.969000000000000000e+03
5.626000000000000000e+03 6.047000000000000000e+03
5.614000000000000000e+03 6.016000000000000000e+03
5.701000000000000000e+03 6.167000000000000000e+03
5.631000000000000000e+03 6.134000000000000000e+03
5.588000000000000000e+03 5.180000000000000000e+03
5.560000000000000000e+03 6.050000000000000000e+03
3.209000000000000000e+03 4.521000000000000000e+03
3.094000000000000000e+03 3.069000000000000000e+03
2.335000000000000000e+03 4.268000000000000000e+03
2.233000000000000000e+03 4.447000000000000000e+03
2.156000000000000000e+03 4.338000000000000000e+03
2.043000000000000000e+03 4.430000000000000000e+03
2.135000000000000000e+03 4.436000000000000000e+03
2.029000000000000000e+03 4.434000000000000000e+03
2.605000000000000000e+03 4.641000000000000000e+03
2.774000000000000000e+03 4.622000000000000000e+03
3.418000000000000000e+03 4.692000000000000000e+03
2.617000000000000000e+03 4.675000000000000000e+03
3.663000000000000000e+03 4.647000000000000000e+03
3.378000000000000000e+03 4.630000000000000000e+03
3.265000000000000000e+03 4.711000000000000000e+03
2.893000000000000000e+03 4.652000000000000000e+03
5.557000000000000000e+03 6.227000000000000000e+03
5.674000000000000000e+03 5.963000000000000000e+03
5.451000000000000000e+03 6.152000000000000000e+03
5.648000000000000000e+03 6.239000000000000000e+03
5.504000000000000000e+03 6.228000000000000000e+03
5.572000000000000000e+03 6.253000000000000000e+03
5.562000000000000000e+03 6.234000000000000000e+03
5.573000000000000000e+03 6.219000000000000000e+03
5.572000000000000000e+03 5.614000000000000000e+03
5.601000000000000000e+03 5.552000000000000000e+03
5.670000000000000000e+03 5.553000000000000000e+03
5.639000000000000000e+03 5.547000000000000000e+03
5.480000000000000000e+03 5.791000000000000000e+03
5.492000000000000000e+03 5.689000000000000000e+03
5.511000000000000000e+03 5.820000000000000000e+03
5.478000000000000000e+03 5.910000000000000000e+03
5.351000000000000000e+03 6.288000000000000000e+03
5.469000000000000000e+03 6.206000000000000000e+03
5.368000000000000000e+03 6.178000000000000000e+03
5.273000000000000000e+03 6.215000000000000000e+03
5.468000000000000000e+03 6.039000000000000000e+03
5.488000000000000000e+03 6.220000000000000000e+03
5.362000000000000000e+03 6.080000000000000000e+03
5.407000000000000000e+03 6.004000000000000000e+03
5.471000000000000000e+03 6.397000000000000000e+03
5.480000000000000000e+03 6.445000000000000000e+03
5.530000000000000000e+03 6.435000000000000000e+03
5.543000000000000000e+03 6.463000000000000000e+03
5.655000000000000000e+03 6.525000000000000000e+03
5.612000000000000000e+03 6.507000000000000000e+03
5.712000000000000000e+03 6.519000000000000000e+03
5.705000000000000000e+03 6.501000000000000000e+03
2.507000000000000000e+03 3.100000000000000000e+02
7.460000000000000000e+02 4.780000000000000000e+03
2.409000000000000000e+03 2.720000000000000000e+03
3.620000000000000000e+02 3.800000000000000000e+02
2.560000000000000000e+02 3.730000000000000000e+03
5.936000000000000000e+03 5.470000000000000000e+03
4.920000000000000000e+02 2.440000000000000000e+03
-4.000000000000000000e+00 0.000000000000000000e+00
-1.200000000000000000e+01 0.000000000000000000e+00
7.442000000000000000e+03 0.000000000000000000e+00
