6.050000000000000000e+03 2.875000000000000000e+03
5.946000000000000000e+03 3.249000000000000000e+03
5.870000000000000000e+03 2.470000000000000000e+03
5.902000000000000000e+03 3.265000000000000000e+03
5.925000000000000000e+03 3.509000000000000000e+03
5.945000000000000000e+03 3.599000000000000000e+03
5.954000000000000000e+03 3.659000000000000000e+03
5.299000000000000000e+03 2.309000000000000000e+03
5.501000000000000000e+03 2.342000000000000000e+03
5.321000000000000000e+03 2.457000000000000000e+03
5.417000000000000000e+03 2.425000000000000000e+03
5.446000000000000000e+03 2.256000000000000000e+03
5.550000000000000000e+03 2.298000000000000000e+03
5.327000000000000000e+03 2.255000000000000000e+03
5.416000000000000000e+03 2.227000000000000000e+03
6.149000000000000000e+03 3.735000000000000000e+03
6.278000000000000000e+03 3.609000000000000000e+03
6.231000000000000000e+03 3.662000000000000000e+03
6.318000000000000000e+03 3.696000000000000000e+03
6.154000000000000000e+03 3.626000000000000000e+03
6.060000000000000000e+03 3.737000000000000000e+03
6.195000000000000000e+03 3.907000000000000000e+03
6.133000000000000000e+03 3.928000000000000000e+03
6.234000000000000000e+03 3.532000000000000000e+03
6.151000000000000000e+03 3.531000000000000000e+03
6.171000000000000000e+03 3.402000000000000000e+03
6.491000000000000000e+03 3.412000000000000000e+03
6.078000000000000000e+03 3.577000000000000000e+03
5.916000000000000000e+03 3.672000000000000000e+03
6.055000000000000000e+03 3.425000000000000000e+03
5.975000000000000000e+03 3.254000000000000000e+03
5.698000000000000000e+03 3.229000000000000000e+03
5.462000000000000000e+03 3.072000000000000000e+03
5.808000000000000000e+03 3.295000000000000000e+03
5.294000000000000000e+03 3.084000000000000000e+03
5.583000000000000000e+03 3.530000000000000000e+03
5.574000000000000000e+03 3.563000000000000000e+03
5.330000000000000000e+03 3.296000000000000000e+03
5.933000000000000000e+03 3.559000000000000000e+03
5.967000000000000000e+03 3.494000000000000000e+03
5.966000000000000000e+03 3.379000000000000000e+03
5.875000000000000000e+03 3.456000000000000000e+03
5.807000000000000000e+03 3.346000000000000000e+03
5.662000000000000000e+03 3.165000000000000000e+03
5.475000000000000000e+03 3.197000000000000000e+03
5.761000000000000000e+03 3.250000000000000000e+03
5.604000000000000000e+03 3.290000000000000000e+03
5.408000000000000000e+03 3.076000000000000000e+03
5.305000000000000000e+03 3.099000000000000000e+03
5.606000000000000000e+03 3.404000000000000000e+03
5.784000000000000000e+03 3.460000000000000000e+03
5.748000000000000000e+03 3.474000000000000000e+03
5.469000000000000000e+03 3.292000000000000000e+03
5.727000000000000000e+03 3.424000000000000000e+03
5.291000000000000000e+03 3.024000000000000000e+03
5.040000000000000000e+03 2.967000000000000000e+03
5.646000000000000000e+03 3.664000000000000000e+03
5.564000000000000000e+03 3.609000000000000000e+03
5.737000000000000000e+03 3.743000000000000000e+03
5.726000000000000000e+03 3.671000000000000000e+03
5.656000000000000000e+03 3.681000000000000000e+03
5.655000000000000000e+03 3.695000000000000000e+03
6.021000000000000000e+03 2.895000000000000000e+03
6.095000000000000000e+03 2.985000000000000000e+03
6.026000000000000000e+03 2.992000000000000000e+03
6.387000000000000000e+03 3.027000000000000000e+03
6.382000000000000000e+03 3.014000000000000000e+03
6.244000000000000000e+03 3.022000000000000000e+03
6.280000000000000000e+03 2.896000000000000000e+03
5.825000000000000000e+03 2.599000000000000000e+03
5.730000000000000000e+03 2.689000000000000000e+03
5.639000000000000000e+03 2.726000000000000000e+03
5.722000000000000000e+03 2.615000000000000000e+03
5.867000000000000000e+03 2.683000000000000000e+03
5.882000000000000000e+03 2.593000000000000000e+03
5.997000000000000000e+03 2.697000000000000000e+03
6.065000000000000000e+03 2.666000000000000000e+03
5.214000000000000000e+03 2.737000000000000000e+03
5.275000000000000000e+03 2.666000000000000000e+03
5.322000000000000000e+03 2.626000000000000000e+03
5.264000000000000000e+03 2.652000000000000000e+03
5.463000000000000000e+03 2.827000000000000000e+03
5.293000000000000000e+03 2.767000000000000000e+03
5.443000000000000000e+03 2.767000000000000000e+03
5.604000000000000000e+03 2.805000000000000000e+03
6.172000000000000000e+03 3.168000000000000000e+03
6.093000000000000000e+03 3.124000000000000000e+03
6.312000000000000000e+03 3.227000000000000000e+03
6.304000000000000000e+03 3.253000000000000000e+03
5.911000000000000000e+03 3.094000000000000000e+03
6.085000000000000000e+03 3.121000000000000000e+03
5.865000000000000000e+03 2.977000000000000000e+03
5.936000000000000000e+03 3.090000000000000000e+03
5.138000000000000000e+03 2.567000000000000000e+03
5.081000000000000000e+03 2.641000000000000000e+03
5.094000000000000000e+03 2.730000000000000000e+03
5.049000000000000000e+03 2.677000000000000000e+03
4.880000000000000000e+03 2.521000000000000000e+03
4.980000000000000000e+03 2.642000000000000000e+03
4.934000000000000000e+03 2.694000000000000000e+03
4.987000000000000000e+03 2.703000000000000000e+03
4.834000000000000000e+03 2.373000000000000000e+03
4.623000000000000000e+03 2.392000000000000000e+03
4.720000000000000000e+03 2.410000000000000000e+03
4.807000000000000000e+03 2.386000000000000000e+03
4.689000000000000000e+03 2.465000000000000000e+03
4.717000000000000000e+03 2.572000000000000000e+03
4.844000000000000000e+03 2.576000000000000000e+03
4.793000000000000000e+03 2.565000000000000000e+03
4.664000000000000000e+03 2.275000000000000000e+03
4.589000000000000000e+03 2.275000000000000000e+03
4.600000000000000000e+03 2.315000000000000000e+03
4.501000000000000000e+03 2.348000000000000000e+03
4.819000000000000000e+03 2.272000000000000000e+03
4.861000000000000000e+03 2.272000000000000000e+03
4.703000000000000000e+03 2.096000000000000000e+03
4.796000000000000000e+03 2.264000000000000000e+03
5.061000000000000000e+03 2.254000000000000000e+03
5.084000000000000000e+03 2.292000000000000000e+03
5.054000000000000000e+03 2.372000000000000000e+03
5.187000000000000000e+03 2.339000000000000000e+03
5.274000000000000000e+03 2.434000000000000000e+03
5.266000000000000000e+03 2.496000000000000000e+03
5.064000000000000000e+03 2.478000000000000000e+03
5.134000000000000000e+03 2.457000000000000000e+03
5.687000000000000000e+03 1.217000000000000000e+03
5.665000000000000000e+03 2.860000000000000000e+02
5.675000000000000000e+03 5.170000000000000000e+02
5.892000000000000000e+03 5.320000000000000000e+02
5.796000000000000000e+03 2.780000000000000000e+02
5.788000000000000000e+03 3.100000000000000000e+02
5.876000000000000000e+03 1.231000000000000000e+03
5.802000000000000000e+03 3.000000000000000000e+02
5.414000000000000000e+03 3.100000000000000000e+02
5.864000000000000000e+03 4.420000000000000000e+02
5.831000000000000000e+03 4.100000000000000000e+02
5.829000000000000000e+03 9.150000000000000000e+02
5.701000000000000000e+03 1.699000000000000000e+03
5.710000000000000000e+03 1.796000000000000000e+03
5.674000000000000000e+03 2.282000000000000000e+03
5.583000000000000000e+03 2.506000000000000000e+03
5.608000000000000000e+03 2.416000000000000000e+03
5.592000000000000000e+03 2.534000000000000000e+03
5.628000000000000000e+03 2.529000000000000000e+03
5.540000000000000000e+03 2.585000000000000000e+03
5.532000000000000000e+03 2.594000000000000000e+03
5.443000000000000000e+03 2.773000000000000000e+03
5.543000000000000000e+03 2.740000000000000000e+03
5.637000000000000000e+03 2.144000000000000000e+03
5.772000000000000000e+03 4.820000000000000000e+02
5.409000000000000000e+03 2.598000000000000000e+03
5.452000000000000000e+03 2.402000000000000000e+03
5.742000000000000000e+03 2.391000000000000000e+03
5.787000000000000000e+03 2.414000000000000000e+03
5.702000000000000000e+03 1.668000000000000000e+03
5.692000000000000000e+03 2.566000000000000000e+03
5.541000000000000000e+03 2.443000000000000000e+03
2.908000000000000000e+03 2.323000000000000000e+03
3.665000000000000000e+03 2.488000000000000000e+03
5.729000000000000000e+03 3.024000000000000000e+03
6.086000000000000000e+03 3.275000000000000000e+03
5.947000000000000000e+03 3.190000000000000000e+03
5.923000000000000000e+03 3.110000000000000000e+03
4.969000000000000000e+03 2.864000000000000000e+03
6.120000000000000000e+03 3.421000000000000000e+03
6.125000000000000000e+03 3.344000000000000000e+03
6.201000000000000000e+03 3.356000000000000000e+03
6.350000000000000000e+03 3.369000000000000000e+03
6.008000000000000000e+03 3.172000000000000000e+03
6.276000000000000000e+03 3.389000000000000000e+03
6.283000000000000000e+03 3.428000000000000000e+03
3.059000000000000000e+03 2.252000000000000000e+03
3.103000000000000000e+03 2.271000000000000000e+03
2.982000000000000000e+03 2.302000000000000000e+03
2.989000000000000000e+03 2.158000000000000000e+03
3.218000000000000000e+03 2.398000000000000000e+03
3.136000000000000000e+03 2.389000000000000000e+03
3.470000000000000000e+03 2.282000000000000000e+03
3.216000000000000000e+03 2.381000000000000000e+03
6.115000000000000000e+03 2.892000000000000000e+03
6.208000000000000000e+03 2.851000000000000000e+03
5.978000000000000000e+03 2.814000000000000000e+03
6.003000000000000000e+03 2.886000000000000000e+03
6.283000000000000000e+03 3.075000000000000000e+03
6.281000000000000000e+03 2.884000000000000000e+03
6.175000000000000000e+03 2.844000000000000000e+03
6.224000000000000000e+03 2.898000000000000000e+03
5.843000000000000000e+03 2.227000000000000000e+03
6.467000000000000000e+03 2.428000000000000000e+03
6.386000000000000000e+03 2.459000000000000000e+03
6.529000000000000000e+03 2.451000000000000000e+03
6.554000000000000000e+03 2.464000000000000000e+03
6.024000000000000000e+03 2.647000000000000000e+03
6.670000000000000000e+03 2.490000000000000000e+03
6.854000000000000000e+03 2.482000000000000000e+03
6.834000000000000000e+03 2.407000000000000000e+03
5.928000000000000000e+03 2.309000000000000000e+03
6.740000000000000000e+03 2.475000000000000000e+03
6.843000000000000000e+03 2.448000000000000000e+03
6.240000000000000000e+03 2.570000000000000000e+03
6.732000000000000000e+03 2.403000000000000000e+03
6.684000000000000000e+03 2.424000000000000000e+03
5.946000000000000000e+03 2.553000000000000000e+03
6.283000000000000000e+03 2.490000000000000000e+03
6.254000000000000000e+03 2.437000000000000000e+03
6.167000000000000000e+03 2.382000000000000000e+03
6.083000000000000000e+03 2.442000000000000000e+03
5.887000000000000000e+03 2.564000000000000000e+03
6.097000000000000000e+03 2.549000000000000000e+03
6.184000000000000000e+03 2.513000000000000000e+03
7.175000000000000000e+03 2.440000000000000000e+03
5.865000000000000000e+03 2.476000000000000000e+03
6.705000000000000000e+03 2.101000000000000000e+03
6.634000000000000000e+03 2.235000000000000000e+03
7.105000000000000000e+03 2.436000000000000000e+03
7.095000000000000000e+03 2.504000000000000000e+03
6.501000000000000000e+03 2.401000000000000000e+03
5.574000000000000000e+03 2.391000000000000000e+03
2.335000000000000000e+03 5.220000000000000000e+02
3.233000000000000000e+03 5.750000000000000000e+02
2.706000000000000000e+03 4.660000000000000000e+02
3.115000000000000000e+03 8.340000000000000000e+02
7.550000000000000000e+02 5.630000000000000000e+02
1.785000000000000000e+03 5.480000000000000000e+02
1.050000000000000000e+03 7.820000000000000000e+02
9.950000000000000000e+02 8.050000000000000000e+02
2.764000000000000000e+03 2.680000000000000000e+02
2.952000000000000000e+03 3.500000000000000000e+02
3.146000000000000000e+03 2.820000000000000000e+02
3.052000000000000000e+03 5.340000000000000000e+02
4.546000000000000000e+03 2.520000000000000000e+02
4.777000000000000000e+03 9.870000000000000000e+02
2.058000000000000000e+03 2.780000000000000000e+02
3.696000000000000000e+03 1.495000000000000000e+03
3.812000000000000000e+03 2.076000000000000000e+03
3.970000000000000000e+03 2.096000000000000000e+03
3.874000000000000000e+03 2.235000000000000000e+03
3.941000000000000000e+03 2.160000000000000000e+03
3.655000000000000000e+03 2.283000000000000000e+03
3.454000000000000000e+03 2.142000000000000000e+03
3.527000000000000000e+03 2.138000000000000000e+03
3.681000000000000000e+03 2.197000000000000000e+03
1.194000000000000000e+03 3.290000000000000000e+02
1.026000000000000000e+03 2.480000000000000000e+02
7.750000000000000000e+02 3.460000000000000000e+02
7.950000000000000000e+02 8.440000000000000000e+02
1.847000000000000000e+03 1.296000000000000000e+03
4.403000000000000000e+03 2.185000000000000000e+03
3.215000000000000000e+03 2.700000000000000000e+02
3.760000000000000000e+03 1.210000000000000000e+03
6.366000000000000000e+03 2.991000000000000000e+03
6.395000000000000000e+03 2.989000000000000000e+03
6.586000000000000000e+03 3.010000000000000000e+03
6.580000000000000000e+03 2.864000000000000000e+03
6.390000000000000000e+03 2.795000000000000000e+03
6.260000000000000000e+03 2.843000000000000000e+03
6.223000000000000000e+03 2.854000000000000000e+03
6.903000000000000000e+03 3.057000000000000000e+03
6.966000000000000000e+03 3.036000000000000000e+03
6.603000000000000000e+03 3.032000000000000000e+03
6.876000000000000000e+03 3.053000000000000000e+03
7.096000000000000000e+03 3.026000000000000000e+03
7.201000000000000000e+03 3.009000000000000000e+03
7.220000000000000000e+03 2.984000000000000000e+03
7.236000000000000000e+03 3.062000000000000000e+03
6.801000000000000000e+03 2.966000000000000000e+03
5.449000000000000000e+03 2.615000000000000000e+03
6.772000000000000000e+03 2.951000000000000000e+03
6.564000000000000000e+03 2.822000000000000000e+03
7.005000000000000000e+03 2.972000000000000000e+03
7.083000000000000000e+03 2.955000000000000000e+03
6.975000000000000000e+03 2.921000000000000000e+03
6.810000000000000000e+03 2.892000000000000000e+03
7.237000000000000000e+03 2.715000000000000000e+03
7.176000000000000000e+03 2.652000000000000000e+03
7.080000000000000000e+03 2.643000000000000000e+03
7.105000000000000000e+03 2.638000000000000000e+03
6.802000000000000000e+03 2.632000000000000000e+03
6.955000000000000000e+03 2.648000000000000000e+03
6.541000000000000000e+03 2.641000000000000000e+03
6.675000000000000000e+03 2.648000000000000000e+03
6.063000000000000000e+03 3.276000000000000000e+03
7.083000000000000000e+03 2.936000000000000000e+03
7.214000000000000000e+03 2.947000000000000000e+03
7.062000000000000000e+03 2.854000000000000000e+03
7.024000000000000000e+03 2.856000000000000000e+03
6.886000000000000000e+03 2.841000000000000000e+03
6.901000000000000000e+03 2.843000000000000000e+03
6.100000000000000000e+03 2.876000000000000000e+03
6.621000000000000000e+03 2.910000000000000000e+03
6.287000000000000000e+03 2.837000000000000000e+03
6.809000000000000000e+03 2.856000000000000000e+03
6.058000000000000000e+03 2.845000000000000000e+03
5.641000000000000000e+03 2.952000000000000000e+03
6.016000000000000000e+03 2.834000000000000000e+03
6.360000000000000000e+03 2.932000000000000000e+03
6.894000000000000000e+03 2.726000000000000000e+03
5.068000000000000000e+03 4.316000000000000000e+03
6.808000000000000000e+03 2.741000000000000000e+03
6.819000000000000000e+03 2.739000000000000000e+03
7.034000000000000000e+03 2.739000000000000000e+03
6.969000000000000000e+03 2.771000000000000000e+03
7.125000000000000000e+03 2.765000000000000000e+03
7.183000000000000000e+03 2.758000000000000000e+03
5.767000000000000000e+03 2.932000000000000000e+03
5.965000000000000000e+03 2.859000000000000000e+03
6.558000000000000000e+03 2.745000000000000000e+03
6.501000000000000000e+03 2.734000000000000000e+03
5.939000000000000000e+03 2.832000000000000000e+03
5.575000000000000000e+03 3.846000000000000000e+03
6.634000000000000000e+03 2.710000000000000000e+03
6.693000000000000000e+03 2.730000000000000000e+03
6.965000000000000000e+03 3.273000000000000000e+03
6.853000000000000000e+03 3.200000000000000000e+03
6.826000000000000000e+03 3.245000000000000000e+03
6.879000000000000000e+03 3.185000000000000000e+03
7.000000000000000000e+03 3.209000000000000000e+03
6.990000000000000000e+03 3.185000000000000000e+03
7.167000000000000000e+03 3.211000000000000000e+03
5.312000000000000000e+03 2.697000000000000000e+03
5.487000000000000000e+03 2.818000000000000000e+03
6.468000000000000000e+03 3.203000000000000000e+03
6.511000000000000000e+03 3.223000000000000000e+03
6.627000000000000000e+03 3.199000000000000000e+03
6.602000000000000000e+03 3.229000000000000000e+03
5.435000000000000000e+03 2.899000000000000000e+03
5.593000000000000000e+03 2.928000000000000000e+03
6.630000000000000000e+03 3.421000000000000000e+03
6.446000000000000000e+03 3.418000000000000000e+03
6.297000000000000000e+03 3.631000000000000000e+03
5.799000000000000000e+03 3.988000000000000000e+03
6.435000000000000000e+03 3.090000000000000000e+03
6.333000000000000000e+03 3.095000000000000000e+03
5.988000000000000000e+03 2.975000000000000000e+03
6.208000000000000000e+03 3.105000000000000000e+03
6.936000000000000000e+03 3.366000000000000000e+03
6.929000000000000000e+03 3.344000000000000000e+03
7.160000000000000000e+03 3.320000000000000000e+03
7.046000000000000000e+03 3.264000000000000000e+03
5.780000000000000000e+03 3.286000000000000000e+03
5.681000000000000000e+03 3.289000000000000000e+03
6.827000000000000000e+03 3.410000000000000000e+03
6.733000000000000000e+03 3.436000000000000000e+03
5.636000000000000000e+03 3.166000000000000000e+03
6.432000000000000000e+03 3.305000000000000000e+03
6.302000000000000000e+03 2.718000000000000000e+03
5.958000000000000000e+03 3.129000000000000000e+03
6.949000000000000000e+03 3.102000000000000000e+03
7.064000000000000000e+03 3.138000000000000000e+03
7.208000000000000000e+03 3.160000000000000000e+03
7.147000000000000000e+03 3.112000000000000000e+03
6.577000000000000000e+03 3.319000000000000000e+03
6.106000000000000000e+03 3.624000000000000000e+03
5.838000000000000000e+03 3.252000000000000000e+03
6.720000000000000000e+03 3.300000000000000000e+03
7.144000000000000000e+03 3.347000000000000000e+03
7.059000000000000000e+03 3.352000000000000000e+03
6.442000000000000000e+03 3.308000000000000000e+03
6.843000000000000000e+03 3.313000000000000000e+03
6.834000000000000000e+03 3.112000000000000000e+03
6.451000000000000000e+03 3.106000000000000000e+03
6.677000000000000000e+03 3.095000000000000000e+03
6.419000000000000000e+03 3.086000000000000000e+03
5.996000000000000000e+03 3.258000000000000000e+03
6.302000000000000000e+03 3.413000000000000000e+03
6.146000000000000000e+03 3.501000000000000000e+03
6.600000000000000000e+03 3.463000000000000000e+03
6.846000000000000000e+03 3.492000000000000000e+03
6.368000000000000000e+03 3.468000000000000000e+03
6.684000000000000000e+03 3.515000000000000000e+03
6.089000000000000000e+03 3.454000000000000000e+03
6.992000000000000000e+03 3.485000000000000000e+03
7.009000000000000000e+03 3.500000000000000000e+03
7.158000000000000000e+03 3.445000000000000000e+03
7.104000000000000000e+03 3.443000000000000000e+03
2.336000000000000000e+03 3.517000000000000000e+03
3.539000000000000000e+03 2.331000000000000000e+03
3.082000000000000000e+03 2.575000000000000000e+03
4.799000000000000000e+03 3.819000000000000000e+03
4.846000000000000000e+03 3.742000000000000000e+03
1.069000000000000000e+03 5.050000000000000000e+03
1.009000000000000000e+03 5.063000000000000000e+03
3.301000000000000000e+03 2.399000000000000000e+03
3.322000000000000000e+03 2.363000000000000000e+03
3.321000000000000000e+03 2.333000000000000000e+03
3.346000000000000000e+03 2.360000000000000000e+03
3.705000000000000000e+03 2.412000000000000000e+03
3.742000000000000000e+03 2.376000000000000000e+03
3.397000000000000000e+03 2.224000000000000000e+03
3.443000000000000000e+03 2.272000000000000000e+03
1.054000000000000000e+03 5.140000000000000000e+03
9.970000000000000000e+02 5.145000000000000000e+03
1.163000000000000000e+03 5.137000000000000000e+03
1.232000000000000000e+03 5.083000000000000000e+03
2.066000000000000000e+03 5.068000000000000000e+03
2.332000000000000000e+03 5.015000000000000000e+03
2.222000000000000000e+03 5.031000000000000000e+03
1.434000000000000000e+03 5.132000000000000000e+03
9.060000000000000000e+02 5.052000000000000000e+03
8.370000000000000000e+02 5.060000000000000000e+03
3.089000000000000000e+03 4.955000000000000000e+03
1.078000000000000000e+03 5.097000000000000000e+03
7.220000000000000000e+02 5.159000000000000000e+03
7.670000000000000000e+02 5.200000000000000000e+03
7.560000000000000000e+02 5.101000000000000000e+03
7.360000000000000000e+02 5.108000000000000000e+03
1.819000000000000000e+03 5.092000000000000000e+03
1.641000000000000000e+03 5.086000000000000000e+03
1.956000000000000000e+03 5.099000000000000000e+03
2.210000000000000000e+03 5.115000000000000000e+03
3.527000000000000000e+03 5.048000000000000000e+03
4.160000000000000000e+03 4.258000000000000000e+03
2.092000000000000000e+03 5.074000000000000000e+03
1.927000000000000000e+03 5.164000000000000000e+03
1.715000000000000000e+03 5.170000000000000000e+03
1.996000000000000000e+03 5.263000000000000000e+03
1.819000000000000000e+03 5.207000000000000000e+03
2.193000000000000000e+03 5.240000000000000000e+03
2.093000000000000000e+03 5.224000000000000000e+03
2.906000000000000000e+03 5.010000000000000000e+03
2.146000000000000000e+03 5.166000000000000000e+03
2.657000000000000000e+03 4.522000000000000000e+03
3.465000000000000000e+03 4.070000000000000000e+03
2.858000000000000000e+03 4.687000000000000000e+03
2.907000000000000000e+03 4.213000000000000000e+03
1.343000000000000000e+03 3.965000000000000000e+03
1.381000000000000000e+03 3.506000000000000000e+03
1.413000000000000000e+03 4.812000000000000000e+03
2.649000000000000000e+03 3.909000000000000000e+03
2.907000000000000000e+03 4.273000000000000000e+03
2.040000000000000000e+03 5.035000000000000000e+03
4.162000000000000000e+03 3.620000000000000000e+03
1.717000000000000000e+03 4.561000000000000000e+03
2.754000000000000000e+03 4.981000000000000000e+03
3.635000000000000000e+03 2.951000000000000000e+03
2.260000000000000000e+03 4.853000000000000000e+03
4.583000000000000000e+03 3.729000000000000000e+03
7.360000000000000000e+03 3.188000000000000000e+03
7.382000000000000000e+03 3.349000000000000000e+03
7.364000000000000000e+03 3.340000000000000000e+03
7.335000000000000000e+03 3.476000000000000000e+03
7.361000000000000000e+03 3.439000000000000000e+03
7.362000000000000000e+03 3.381000000000000000e+03
7.356000000000000000e+03 3.511000000000000000e+03
7.393000000000000000e+03 2.961000000000000000e+03
7.436000000000000000e+03 3.008000000000000000e+03
7.425000000000000000e+03 2.754000000000000000e+03
7.361000000000000000e+03 2.541000000000000000e+03
7.457000000000000000e+03 2.535000000000000000e+03
7.053000000000000000e+03 2.906000000000000000e+03
7.437000000000000000e+03 2.524000000000000000e+03
7.442000000000000000e+03 2.922000000000000000e+03
7.357000000000000000e+03 2.702000000000000000e+03
7.393000000000000000e+03 2.493000000000000000e+03
7.369000000000000000e+03 2.519000000000000000e+03
7.401000000000000000e+03 2.470000000000000000e+03
7.463000000000000000e+03 2.580000000000000000e+03
7.239000000000000000e+03 2.531000000000000000e+03
7.266000000000000000e+03 2.677000000000000000e+03
7.352000000000000000e+03 2.934000000000000000e+03
7.452000000000000000e+03 2.559000000000000000e+03
7.453000000000000000e+03 2.752000000000000000e+03
7.409000000000000000e+03 2.552000000000000000e+03
7.421000000000000000e+03 2.821000000000000000e+03
7.361000000000000000e+03 2.864000000000000000e+03
7.426000000000000000e+03 3.086000000000000000e+03
7.367000000000000000e+03 3.040000000000000000e+03
7.347000000000000000e+03 3.134000000000000000e+03
7.405000000000000000e+03 3.905000000000000000e+03
7.386000000000000000e+03 3.821000000000000000e+03
7.234000000000000000e+03 3.924000000000000000e+03
7.447000000000000000e+03 4.007000000000000000e+03
7.116000000000000000e+03 3.414000000000000000e+03
7.456000000000000000e+03 3.200000000000000000e+03
7.454000000000000000e+03 4.271000000000000000e+03
7.433000000000000000e+03 3.980000000000000000e+03
7.386000000000000000e+03 4.471000000000000000e+03
7.422000000000000000e+03 4.221000000000000000e+03
7.447000000000000000e+03 4.244000000000000000e+03
7.370000000000000000e+03 4.183000000000000000e+03
7.200000000000000000e+03 5.106000000000000000e+03
7.430000000000000000e+03 4.690000000000000000e+03
7.433000000000000000e+03 4.441000000000000000e+03
7.399000000000000000e+03 4.839000000000000000e+03
7.349000000000000000e+03 3.822000000000000000e+03
7.420000000000000000e+03 3.658000000000000000e+03
7.345000000000000000e+03 3.695000000000000000e+03
7.380000000000000000e+03 3.650000000000000000e+03
7.390000000000000000e+03 4.098000000000000000e+03
7.366000000000000000e+03 3.907000000000000000e+03
7.378000000000000000e+03 3.994000000000000000e+03
7.386000000000000000e+03 4.007000000000000000e+03
7.330000000000000000e+03 3.603000000000000000e+03
7.406000000000000000e+03 3.475000000000000000e+03
7.357000000000000000e+03 3.631000000000000000e+03
7.404000000000000000e+03 3.607000000000000000e+03
7.338000000000000000e+03 3.480000000000000000e+03
7.367000000000000000e+03 3.467000000000000000e+03
7.402000000000000000e+03 3.425000000000000000e+03
7.330000000000000000e+03 3.498000000000000000e+03
6.559000000000000000e+03 5.329000000000000000e+03
7.268000000000000000e+03 4.458000000000000000e+03
7.200000000000000000e+03 4.440000000000000000e+03
7.273000000000000000e+03 4.416000000000000000e+03
7.377000000000000000e+03 4.607000000000000000e+03
7.297000000000000000e+03 4.567000000000000000e+03
7.363000000000000000e+03 4.415000000000000000e+03
6.594000000000000000e+03 5.159000000000000000e+03
7.257000000000000000e+03 4.613000000000000000e+03
7.168000000000000000e+03 5.137000000000000000e+03
7.232000000000000000e+03 4.988000000000000000e+03
5.985000000000000000e+03 5.528000000000000000e+03
6.461000000000000000e+03 5.122000000000000000e+03
7.163000000000000000e+03 4.670000000000000000e+03
6.646000000000000000e+03 5.057000000000000000e+03
7.361000000000000000e+03 5.121000000000000000e+03
7.456000000000000000e+03 5.019000000000000000e+03
7.336000000000000000e+03 5.015000000000000000e+03
7.353000000000000000e+03 5.036000000000000000e+03
7.264000000000000000e+03 5.190000000000000000e+03
7.234000000000000000e+03 5.258000000000000000e+03
7.309000000000000000e+03 5.176000000000000000e+03
7.234000000000000000e+03 5.129000000000000000e+03
7.125000000000000000e+03 4.895000000000000000e+03
7.404000000000000000e+03 4.837000000000000000e+03
7.285000000000000000e+03 4.764000000000000000e+03
7.394000000000000000e+03 4.718000000000000000e+03
7.248000000000000000e+03 4.847000000000000000e+03
7.239000000000000000e+03 4.905000000000000000e+03
7.256000000000000000e+03 4.727000000000000000e+03
7.279000000000000000e+03 4.758000000000000000e+03
6.942000000000000000e+03 5.443000000000000000e+03
7.227000000000000000e+03 5.391000000000000000e+03
6.872000000000000000e+03 5.408000000000000000e+03
6.717000000000000000e+03 5.747000000000000000e+03
6.696000000000000000e+03 5.705000000000000000e+03
6.821000000000000000e+03 5.671000000000000000e+03
7.185000000000000000e+03 5.653000000000000000e+03
7.267000000000000000e+03 5.416000000000000000e+03
7.334000000000000000e+03 5.405000000000000000e+03
7.358000000000000000e+03 5.457000000000000000e+03
7.398000000000000000e+03 5.385000000000000000e+03
7.389000000000000000e+03 5.320000000000000000e+03
7.376000000000000000e+03 5.317000000000000000e+03
7.440000000000000000e+03 5.250000000000000000e+03
7.392000000000000000e+03 5.224000000000000000e+03
7.412000000000000000e+03 5.664000000000000000e+03
7.426000000000000000e+03 5.588000000000000000e+03
7.221000000000000000e+03 5.560000000000000000e+03
7.328000000000000000e+03 5.588000000000000000e+03
5.179000000000000000e+03 5.534000000000000000e+03
5.221000000000000000e+03 5.519000000000000000e+03
6.758000000000000000e+03 5.524000000000000000e+03
4.774000000000000000e+03 5.460000000000000000e+03
7.177000000000000000e+03 5.773000000000000000e+03
7.187000000000000000e+03 5.774000000000000000e+03
7.302000000000000000e+03 5.764000000000000000e+03
7.273000000000000000e+03 5.754000000000000000e+03
6.873000000000000000e+03 5.735000000000000000e+03
6.918000000000000000e+03 5.720000000000000000e+03
7.098000000000000000e+03 5.735000000000000000e+03
7.013000000000000000e+03 5.733000000000000000e+03
5.403000000000000000e+03 5.443000000000000000e+03
5.384000000000000000e+03 5.929000000000000000e+03
5.294000000000000000e+03 5.072000000000000000e+03
5.258000000000000000e+03 5.268000000000000000e+03
5.358000000000000000e+03 5.217000000000000000e+03
5.197000000000000000e+03 5.680000000000000000e+03
5.363000000000000000e+03 5.653000000000000000e+03
5.301000000000000000e+03 4.788000000000000000e+03
5.105000000000000000e+03 4.778000000000000000e+03
5.110000000000000000e+03 4.833000000000000000e+03
5.287000000000000000e+03 5.004000000000000000e+03
4.923000000000000000e+03 4.732000000000000000e+03
5.000000000000000000e+03 4.746000000000000000e+03
4.779000000000000000e+03 4.771000000000000000e+03
4.867000000000000000e+03 4.776000000000000000e+03
4.919000000000000000e+03 5.012000000000000000e+03
4.892000000000000000e+03 5.050000000000000000e+03
5.086000000000000000e+03 5.083000000000000000e+03
5.026000000000000000e+03 5.140000000000000000e+03
4.986000000000000000e+03 4.958000000000000000e+03
5.059000000000000000e+03 4.922000000000000000e+03
5.147000000000000000e+03 4.797000000000000000e+03
4.995000000000000000e+03 4.851000000000000000e+03
4.959000000000000000e+03 5.343000000000000000e+03
5.067000000000000000e+03 5.291000000000000000e+03
4.989000000000000000e+03 5.373000000000000000e+03
4.946000000000000000e+03 5.419000000000000000e+03
5.072000000000000000e+03 5.276000000000000000e+03
5.207000000000000000e+03 5.416000000000000000e+03
5.241000000000000000e+03 4.920000000000000000e+03
5.101000000000000000e+03 5.119000000000000000e+03
7.363000000000000000e+03 5.909000000000000000e+03
7.434000000000000000e+03 5.972000000000000000e+03
7.394000000000000000e+03 5.799000000000000000e+03
7.455000000000000000e+03 5.864000000000000000e+03
7.322000000000000000e+03 6.045000000000000000e+03
7.308000000000000000e+03 6.158000000000000000e+03
7.315000000000000000e+03 6.253000000000000000e+03
7.373000000000000000e+03 6.177000000000000000e+03
7.181000000000000000e+03 5.944000000000000000e+03
7.241000000000000000e+03 5.940000000000000000e+03
7.272000000000000000e+03 6.024000000000000000e+03
7.120000000000000000e+03 6.069000000000000000e+03
7.190000000000000000e+03 6.121000000000000000e+03
7.227000000000000000e+03 6.106000000000000000e+03
7.196000000000000000e+03 6.325000000000000000e+03
7.208000000000000000e+03 6.237000000000000000e+03
6.171000000000000000e+03 5.721000000000000000e+03
6.021000000000000000e+03 5.717000000000000000e+03
6.000000000000000000e+03 5.765000000000000000e+03
6.102000000000000000e+03 5.753000000000000000e+03
5.608000000000000000e+03 5.845000000000000000e+03
5.559000000000000000e+03 5.966000000000000000e+03
5.716000000000000000e+03 5.763000000000000000e+03
5.925000000000000000e+03 5.773000000000000000e+03
5.463000000000000000e+03 5.794000000000000000e+03
5.461000000000000000e+03 5.810000000000000000e+03
5.579000000000000000e+03 5.741000000000000000e+03
5.611000000000000000e+03 5.711000000000000000e+03
5.516000000000000000e+03 5.997000000000000000e+03
5.598000000000000000e+03 6.096000000000000000e+03
5.544000000000000000e+03 5.941000000000000000e+03
5.448000000000000000e+03 5.944000000000000000e+03
5.451000000000000000e+03 5.197000000000000000e+03
5.577000000000000000e+03 5.234000000000000000e+03
5.694000000000000000e+03 5.177000000000000000e+03
5.731000000000000000e+03 5.384000000000000000e+03
5.524000000000000000e+03 5.284000000000000000e+03
5.286000000000000000e+03 5.239000000000000000e+03
5.434000000000000000e+03 5.153000000000000000e+03
5.333000000000000000e+03 5.269000000000000000e+03
5.368000000000000000e+03 5.380000000000000000e+03
5.435000000000000000e+03 5.449000000000000000e+03
5.519000000000000000e+03 5.418000000000000000e+03
5.477000000000000000e+03 5.303000000000000000e+03
5.514000000000000000e+03 5.242000000000000000e+03
5.554000000000000000e+03 5.334000000000000000e+03
5.687000000000000000e+03 5.303000000000000000e+03
5.820000000000000000e+03 5.422000000000000000e+03
5.782000000000000000e+03 5.341000000000000000e+03
5.683000000000000000e+03 5.457000000000000000e+03
5.660000000000000000e+03 5.373000000000000000e+03
5.436000000000000000e+03 5.589000000000000000e+03
5.520000000000000000e+03 5.606000000000000000e+03
5.577000000000000000e+03 5.585000000000000000e+03
5.626000000000000000e+03 5.513000000000000000e+03
5.353000000000000000e+03 5.655000000000000000e+03
5.300000000000000000e+03 5.748000000000000000e+03
5.233000000000000000e+03 5.697000000000000000e+03
5.231000000000000000e+03 5.844000000000000000e+03
5.287000000000000000e+03 5.484000000000000000e+03
5.248000000000000000e+03 5.550000000000000000e+03
5.149000000000000000e+03 5.685000000000000000e+03
5.163000000000000000e+03 5.601000000000000000e+03
5.158000000000000000e+03 5.501000000000000000e+03
5.048000000000000000e+03 5.682000000000000000e+03
5.070000000000000000e+03 5.566000000000000000e+03
4.927000000000000000e+03 5.661000000000000000e+03
4.973000000000000000e+03 5.732000000000000000e+03
4.981000000000000000e+03 5.551000000000000000e+03
4.900000000000000000e+03 5.624000000000000000e+03
5.577000000000000000e+03 5.000000000000000000e+03
5.748000000000000000e+03 5.047000000000000000e+03
5.544000000000000000e+03 5.070000000000000000e+03
5.478000000000000000e+03 5.066000000000000000e+03
5.566000000000000000e+03 4.943000000000000000e+03
5.524000000000000000e+03 4.882000000000000000e+03
5.354000000000000000e+03 4.932000000000000000e+03
5.434000000000000000e+03 4.921000000000000000e+03
4.958000000000000000e+03 5.285000000000000000e+03
4.748000000000000000e+03 5.212000000000000000e+03
4.792000000000000000e+03 5.298000000000000000e+03
4.962000000000000000e+03 5.265000000000000000e+03
4.715000000000000000e+03 5.054000000000000000e+03
4.697000000000000000e+03 4.988000000000000000e+03
4.744000000000000000e+03 5.107000000000000000e+03
4.761000000000000000e+03 5.148000000000000000e+03
5.249000000000000000e+03 5.040000000000000000e+03
5.249000000000000000e+03 4.918000000000000000e+03
5.293000000000000000e+03 4.844000000000000000e+03
5.400000000000000000e+03 4.813000000000000000e+03
5.342000000000000000e+03 5.168000000000000000e+03
5.231000000000000000e+03 5.185000000000000000e+03
5.256000000000000000e+03 5.287000000000000000e+03
5.203000000000000000e+03 5.304000000000000000e+03
6.976000000000000000e+03 4.132000000000000000e+03
6.980000000000000000e+03 4.213000000000000000e+03
7.033000000000000000e+03 4.235000000000000000e+03
7.171000000000000000e+03 4.083000000000000000e+03
7.170000000000000000e+03 4.010000000000000000e+03
7.080000000000000000e+03 4.131000000000000000e+03
7.149000000000000000e+03 4.153000000000000000e+03
6.523000000000000000e+03 4.295000000000000000e+03
7.067000000000000000e+03 3.962000000000000000e+03
7.097000000000000000e+03 3.818000000000000000e+03
7.189000000000000000e+03 3.846000000000000000e+03
6.345000000000000000e+03 4.528000000000000000e+03
6.770000000000000000e+03 4.168000000000000000e+03
6.977000000000000000e+03 4.036000000000000000e+03
6.278000000000000000e+03 4.504000000000000000e+03
6.148000000000000000e+03 4.148000000000000000e+03
6.479000000000000000e+03 3.942000000000000000e+03
6.742000000000000000e+03 3.694000000000000000e+03
6.300000000000000000e+03 4.070000000000000000e+03
6.948000000000000000e+03 3.588000000000000000e+03
6.927000000000000000e+03 3.638000000000000000e+03
6.795000000000000000e+03 3.652000000000000000e+03
6.507000000000000000e+03 3.885000000000000000e+03
6.964000000000000000e+03 3.772000000000000000e+03
6.978000000000000000e+03 3.773000000000000000e+03
6.863000000000000000e+03 3.808000000000000000e+03
6.940000000000000000e+03 3.886000000000000000e+03
7.069000000000000000e+03 3.711000000000000000e+03
7.063000000000000000e+03 3.666000000000000000e+03
7.165000000000000000e+03 3.680000000000000000e+03
7.103000000000000000e+03 3.592000000000000000e+03
5.711000000000000000e+03 4.740000000000000000e+03
6.367000000000000000e+03 4.087000000000000000e+03
6.590000000000000000e+03 3.763000000000000000e+03
6.471000000000000000e+03 3.829000000000000000e+03
6.464000000000000000e+03 4.420000000000000000e+03
5.757000000000000000e+03 4.639000000000000000e+03
6.790000000000000000e+03 4.266000000000000000e+03
6.836000000000000000e+03 4.167000000000000000e+03
6.720000000000000000e+03 4.432000000000000000e+03
6.811000000000000000e+03 4.352000000000000000e+03
5.843000000000000000e+03 4.885000000000000000e+03
5.976000000000000000e+03 4.735000000000000000e+03
5.604000000000000000e+03 4.548000000000000000e+03
5.302000000000000000e+03 4.597000000000000000e+03
6.341000000000000000e+03 3.846000000000000000e+03
5.888000000000000000e+03 4.123000000000000000e+03
6.617000000000000000e+03 3.888000000000000000e+03
6.756000000000000000e+03 3.972000000000000000e+03
6.851000000000000000e+03 3.914000000000000000e+03
6.818000000000000000e+03 4.018000000000000000e+03
5.570000000000000000e+03 4.631000000000000000e+03
5.560000000000000000e+03 4.536000000000000000e+03
6.313000000000000000e+03 3.883000000000000000e+03
6.068000000000000000e+03 3.863000000000000000e+03
6.593000000000000000e+03 3.722000000000000000e+03
6.549000000000000000e+03 3.603000000000000000e+03
6.401000000000000000e+03 3.717000000000000000e+03
6.478000000000000000e+03 3.662000000000000000e+03
6.090000000000000000e+03 3.777000000000000000e+03
5.963000000000000000e+03 3.818000000000000000e+03
5.944000000000000000e+03 4.414000000000000000e+03
5.726000000000000000e+03 4.001000000000000000e+03
4.779000000000000000e+03 7.187000000000000000e+03
6.715000000000000000e+03 7.206000000000000000e+03
6.951000000000000000e+03 7.114000000000000000e+03
4.138000000000000000e+03 7.274000000000000000e+03
4.304000000000000000e+03 7.384000000000000000e+03
4.476000000000000000e+03 7.384000000000000000e+03
4.329000000000000000e+03 7.402000000000000000e+03
4.796000000000000000e+03 7.339000000000000000e+03
4.505000000000000000e+03 7.435000000000000000e+03
5.489000000000000000e+03 7.198000000000000000e+03
4.794000000000000000e+03 7.402000000000000000e+03
4.541000000000000000e+03 7.334000000000000000e+03
4.564000000000000000e+03 7.340000000000000000e+03
4.522000000000000000e+03 7.274000000000000000e+03
4.357000000000000000e+03 7.213000000000000000e+03
7.399000000000000000e+03 7.391000000000000000e+03
6.565000000000000000e+03 6.787000000000000000e+03
7.431000000000000000e+03 7.361000000000000000e+03
7.270000000000000000e+03 7.386000000000000000e+03
6.978000000000000000e+03 6.567000000000000000e+03
7.112000000000000000e+03 6.833000000000000000e+03
6.248000000000000000e+03 5.918000000000000000e+03
6.330000000000000000e+03 6.475000000000000000e+03
5.340000000000000000e+03 6.271000000000000000e+03
5.295000000000000000e+03 6.250000000000000000e+03
5.371000000000000000e+03 6.328000000000000000e+03
5.381000000000000000e+03 6.353000000000000000e+03
5.285000000000000000e+03 6.047000000000000000e+03
5.330000000000000000e+03 6.059000000000000000e+03
5.298000000000000000e+03 6.165000000000000000e+03
5.418000000000000000e+03 6.099000000000000000e+03
9.160000000000000000e+02 7.457000000000000000e+03
9.880000000000000000e+02 7.371000000000000000e+03
9.400000000000000000e+02 7.462000000000000000e+03
6.780000000000000000e+02 7.473000000000000000e+03
4.460000000000000000e+02 7.466000000000000000e+03
2.664000000000000000e+03 7.412000000000000000e+03
1.144000000000000000e+03 7.144000000000000000e+03
4.418000000000000000e+03 7.290000000000000000e+03
4.354000000000000000e+03 7.348000000000000000e+03
4.272000000000000000e+03 7.379000000000000000e+03
4.285000000000000000e+03 7.324000000000000000e+03
4.103000000000000000e+03 7.430000000000000000e+03
4.136000000000000000e+03 7.395000000000000000e+03
4.019000000000000000e+03 7.253000000000000000e+03
4.063000000000000000e+03 7.299000000000000000e+03
1.536000000000000000e+03 7.450000000000000000e+03
1.391000000000000000e+03 7.468000000000000000e+03
1.573000000000000000e+03 7.469000000000000000e+03
1.494000000000000000e+03 7.472000000000000000e+03
1.477000000000000000e+03 7.452000000000000000e+03
1.366000000000000000e+03 7.445000000000000000e+03
1.402000000000000000e+03 7.452000000000000000e+03
1.601000000000000000e+03 7.460000000000000000e+03
2.230000000000000000e+03 7.470000000000000000e+03
2.292000000000000000e+03 7.451000000000000000e+03
2.347000000000000000e+03 7.440000000000000000e+03
2.336000000000000000e+03 7.453000000000000000e+03
3.637000000000000000e+03 7.249000000000000000e+03
3.227000000000000000e+03 7.381000000000000000e+03
2.134000000000000000e+03 7.461000000000000000e+03
2.031000000000000000e+03 7.465000000000000000e+03
6.149000000000000000e+03 7.454000000000000000e+03
6.173000000000000000e+03 7.455000000000000000e+03
6.270000000000000000e+03 7.448000000000000000e+03
6.780000000000000000e+03 7.432000000000000000e+03
6.785000000000000000e+03 7.454000000000000000e+03
7.011000000000000000e+03 7.433000000000000000e+03
7.088000000000000000e+03 7.450000000000000000e+03
5.130000000000000000e+03 7.225000000000000000e+03
5.159000000000000000e+03 7.148000000000000000e+03
5.177000000000000000e+03 7.290000000000000000e+03
5.138000000000000000e+03 7.329000000000000000e+03
5.448000000000000000e+03 6.785000000000000000e+03
5.373000000000000000e+03 7.130000000000000000e+03
5.269000000000000000e+03 7.255000000000000000e+03
5.317000000000000000e+03 7.188000000000000000e+03
5.221000000000000000e+03 6.613000000000000000e+03
5.194000000000000000e+03 6.668000000000000000e+03
5.205000000000000000e+03 6.582000000000000000e+03
5.307000000000000000e+03 6.659000000000000000e+03
5.311000000000000000e+03 6.494000000000000000e+03
5.466000000000000000e+03 6.618000000000000000e+03
5.425000000000000000e+03 6.640000000000000000e+03
5.439000000000000000e+03 6.615000000000000000e+03
5.508000000000000000e+03 5.804000000000000000e+03
6.429000000000000000e+03 6.164000000000000000e+03
5.487000000000000000e+03 6.323000000000000000e+03
6.266000000000000000e+03 6.022000000000000000e+03
5.773000000000000000e+03 5.779000000000000000e+03
5.658000000000000000e+03 6.532000000000000000e+03
5.718000000000000000e+03 5.897000000000000000e+03
5.835000000000000000e+03 5.581000000000000000e+03
5.502000000000000000e+03 5.911000000000000000e+03
5.368000000000000000e+03 6.289000000000000000e+03
5.660000000000000000e+03 6.350000000000000000e+03
5.546000000000000000e+03 6.541000000000000000e+03
5.341000000000000000e+03 6.704000000000000000e+03
5.202000000000000000e+03 6.748000000000000000e+03
5.330000000000000000e+03 6.631000000000000000e+03
5.445000000000000000e+03 6.577000000000000000e+03
5.458000000000000000e+03 6.606000000000000000e+03
5.425000000000000000e+03 6.512000000000000000e+03
5.300000000000000000e+03 7.331000000000000000e+03
5.181000000000000000e+03 7.373000000000000000e+03
5.388000000000000000e+03 7.013000000000000000e+03
5.347000000000000000e+03 7.045000000000000000e+03
5.272000000000000000e+03 7.067000000000000000e+03
5.182000000000000000e+03 7.030000000000000000e+03
5.572000000000000000e+03 7.288000000000000000e+03
5.539000000000000000e+03 7.387000000000000000e+03
5.381000000000000000e+03 7.348000000000000000e+03
5.465000000000000000e+03 7.362000000000000000e+03
5.407000000000000000e+03 7.359000000000000000e+03
5.323000000000000000e+03 7.422000000000000000e+03
5.169000000000000000e+03 7.422000000000000000e+03
5.451000000000000000e+03 7.356000000000000000e+03
5.478000000000000000e+03 6.810000000000000000e+03
5.524000000000000000e+03 6.573000000000000000e+03
5.568000000000000000e+03 6.453000000000000000e+03
5.555000000000000000e+03 6.564000000000000000e+03
5.558000000000000000e+03 5.920000000000000000e+03
5.366000000000000000e+03 6.834000000000000000e+03
5.231000000000000000e+03 6.862000000000000000e+03
5.236000000000000000e+03 6.895000000000000000e+03
1.890000000000000000e+03 6.968000000000000000e+03
4.760000000000000000e+03 6.012000000000000000e+03
4.771000000000000000e+03 5.903000000000000000e+03
1.367000000000000000e+03 6.888000000000000000e+03
1.547000000000000000e+03 7.300000000000000000e+03
1.502000000000000000e+03 7.330000000000000000e+03
1.202000000000000000e+03 7.319000000000000000e+03
4.766000000000000000e+03 6.235000000000000000e+03
4.701000000000000000e+03 6.201000000000000000e+03
4.684000000000000000e+03 6.491000000000000000e+03
4.727000000000000000e+03 6.359000000000000000e+03
4.703000000000000000e+03 6.514000000000000000e+03
4.758000000000000000e+03 6.508000000000000000e+03
4.886000000000000000e+03 6.538000000000000000e+03
4.869000000000000000e+03 6.508000000000000000e+03
3.798000000000000000e+03 5.983000000000000000e+03
1.473000000000000000e+03 7.171000000000000000e+03
9.860000000000000000e+02 7.121000000000000000e+03
1.259000000000000000e+03 7.321000000000000000e+03
4.650000000000000000e+03 7.184000000000000000e+03
4.695000000000000000e+03 6.526000000000000000e+03
2.403000000000000000e+03 6.351000000000000000e+03
1.271000000000000000e+03 5.792000000000000000e+03
2.775000000000000000e+03 5.701000000000000000e+03
2.990000000000000000e+03 5.928000000000000000e+03
4.122000000000000000e+03 5.504000000000000000e+03
4.499000000000000000e+03 6.041000000000000000e+03
4.213000000000000000e+03 6.288000000000000000e+03
3.273000000000000000e+03 7.049000000000000000e+03
3.174000000000000000e+03 6.568000000000000000e+03
3.410000000000000000e+03 6.406000000000000000e+03
4.547000000000000000e+03 5.967000000000000000e+03
4.667000000000000000e+03 5.504000000000000000e+03
4.756000000000000000e+03 5.547000000000000000e+03
5.291000000000000000e+03 5.555000000000000000e+03
4.983000000000000000e+03 6.963000000000000000e+03
4.731000000000000000e+03 7.055000000000000000e+03
4.821000000000000000e+03 7.039000000000000000e+03
2.969000000000000000e+03 5.256000000000000000e+03
2.432000000000000000e+03 5.295000000000000000e+03
3.070000000000000000e+03 5.209000000000000000e+03
1.745000000000000000e+03 5.277000000000000000e+03
1.694000000000000000e+03 5.337000000000000000e+03
1.648000000000000000e+03 5.275000000000000000e+03
2.340000000000000000e+03 5.290000000000000000e+03
1.621000000000000000e+03 5.322000000000000000e+03
4.930000000000000000e+03 6.884000000000000000e+03
4.887000000000000000e+03 6.949000000000000000e+03
4.780000000000000000e+03 6.918000000000000000e+03
4.744000000000000000e+03 6.922000000000000000e+03
5.024000000000000000e+03 6.880000000000000000e+03
5.057000000000000000e+03 6.807000000000000000e+03
4.929000000000000000e+03 6.554000000000000000e+03
4.879000000000000000e+03 6.463000000000000000e+03
4.973000000000000000e+03 6.713000000000000000e+03
5.028000000000000000e+03 6.664000000000000000e+03
5.011000000000000000e+03 6.539000000000000000e+03
5.012000000000000000e+03 6.606000000000000000e+03
4.774000000000000000e+03 6.711000000000000000e+03
4.743000000000000000e+03 6.775000000000000000e+03
4.886000000000000000e+03 6.731000000000000000e+03
4.837000000000000000e+03 6.799000000000000000e+03
5.477000000000000000e+03 5.356000000000000000e+03
5.413000000000000000e+03 5.427000000000000000e+03
4.890000000000000000e+03 5.521000000000000000e+03
4.733000000000000000e+03 5.739000000000000000e+03
4.705000000000000000e+03 5.658000000000000000e+03
4.736000000000000000e+03 5.759000000000000000e+03
4.703000000000000000e+03 5.959000000000000000e+03
4.951000000000000000e+03 7.191000000000000000e+03
5.024000000000000000e+03 7.154000000000000000e+03
4.793000000000000000e+03 7.164000000000000000e+03
4.819000000000000000e+03 7.206000000000000000e+03
5.078000000000000000e+03 6.821000000000000000e+03
5.079000000000000000e+03 7.010000000000000000e+03
5.269000000000000000e+03 5.586000000000000000e+03
5.069000000000000000e+03 7.052000000000000000e+03
2.372000000000000000e+03 5.148000000000000000e+03
1.834000000000000000e+03 5.327000000000000000e+03
1.085000000000000000e+03 5.332000000000000000e+03
9.620000000000000000e+02 5.292000000000000000e+03
7.980000000000000000e+02 5.317000000000000000e+03
7.260000000000000000e+02 5.246000000000000000e+03
8.280000000000000000e+02 5.321000000000000000e+03
8.640000000000000000e+02 5.270000000000000000e+03
1.097000000000000000e+03 5.218000000000000000e+03
1.118000000000000000e+03 5.259000000000000000e+03
2.022000000000000000e+03 5.149000000000000000e+03
1.138000000000000000e+03 5.252000000000000000e+03
2.504000000000000000e+03 5.081000000000000000e+03
1.927000000000000000e+03 5.185000000000000000e+03
1.803000000000000000e+03 5.154000000000000000e+03
1.352000000000000000e+03 5.263000000000000000e+03
4.894000000000000000e+03 6.180000000000000000e+03
4.870000000000000000e+03 6.287000000000000000e+03
4.772000000000000000e+03 6.232000000000000000e+03
4.990000000000000000e+03 6.362000000000000000e+03
4.920000000000000000e+03 6.495000000000000000e+03
4.998000000000000000e+03 6.425000000000000000e+03
4.987000000000000000e+03 6.420000000000000000e+03
4.987000000000000000e+03 6.374000000000000000e+03
4.939000000000000000e+03 7.352000000000000000e+03
4.993000000000000000e+03 7.313000000000000000e+03
4.909000000000000000e+03 7.222000000000000000e+03
4.877000000000000000e+03 7.049000000000000000e+03
4.797000000000000000e+03 7.375000000000000000e+03
4.833000000000000000e+03 7.389000000000000000e+03
4.746000000000000000e+03 7.376000000000000000e+03
4.723000000000000000e+03 7.311000000000000000e+03
4.868000000000000000e+03 6.268000000000000000e+03
4.872000000000000000e+03 6.303000000000000000e+03
4.836000000000000000e+03 6.138000000000000000e+03
4.831000000000000000e+03 6.259000000000000000e+03
5.002000000000000000e+03 6.002000000000000000e+03
5.036000000000000000e+03 6.037000000000000000e+03
4.903000000000000000e+03 6.028000000000000000e+03
4.954000000000000000e+03 5.954000000000000000e+03
4.966000000000000000e+03 6.373000000000000000e+03
4.993000000000000000e+03 6.328000000000000000e+03
4.984000000000000000e+03 6.286000000000000000e+03
5.027000000000000000e+03 6.199000000000000000e+03
5.099000000000000000e+03 6.080000000000000000e+03
5.101000000000000000e+03 6.152000000000000000e+03
5.094000000000000000e+03 6.015000000000000000e+03
5.133000000000000000e+03 6.039000000000000000e+03
8.170000000000000000e+02 2.900000000000000000e+02
4.630000000000000000e+02 2.520000000000000000e+03
7.440000000000000000e+02 5.390000000000000000e+03
5.713000000000000000e+03 5.400000000000000000e+02
4.561000000000000000e+03 3.920000000000000000e+03
5.586000000000000000e+03 5.800000000000000000e+03
5.850000000000000000e+03 4.490000000000000000e+03
-4.000000000000000000e+00 0.000000000000000000e+00
-1.200000000000000000e+01 0.000000000000000000e+00
7.442000000000000000e+03 0.000000000000000000e+00
