6.741000000000000000e+03 2.619000000000000000e+03
6.641000000000000000e+03 2.905000000000000000e+03
6.703000000000000000e+03 2.408000000000000000e+03
6.518000000000000000e+03 2.935000000000000000e+03
6.654000000000000000e+03 3.035000000000000000e+03
6.668000000000000000e+03 3.112000000000000000e+03
6.669000000000000000e+03 3.215000000000000000e+03
6.623000000000000000e+03 2.192000000000000000e+03
6.722000000000000000e+03 2.246000000000000000e+03
6.612000000000000000e+03 2.348000000000000000e+03
6.720000000000000000e+03 2.318000000000000000e+03
6.738000000000000000e+03 2.119000000000000000e+03
6.859000000000000000e+03 2.212000000000000000e+03
6.642000000000000000e+03 2.109000000000000000e+03
6.720000000000000000e+03 2.108000000000000000e+03
6.711000000000000000e+03 4.041000000000000000e+03
6.894000000000000000e+03 3.819000000000000000e+03
6.849000000000000000e+03 4.062000000000000000e+03
6.937000000000000000e+03 4.017000000000000000e+03
6.796000000000000000e+03 3.593000000000000000e+03
6.660000000000000000e+03 3.927000000000000000e+03
6.815000000000000000e+03 3.778000000000000000e+03
6.757000000000000000e+03 3.938000000000000000e+03
7.039000000000000000e+03 3.862000000000000000e+03
7.042000000000000000e+03 3.867000000000000000e+03
6.904000000000000000e+03 3.271000000000000000e+03
7.041000000000000000e+03 3.201000000000000000e+03
6.774000000000000000e+03 3.265000000000000000e+03
6.640000000000000000e+03 3.623000000000000000e+03
6.767000000000000000e+03 3.092000000000000000e+03
6.731000000000000000e+03 2.915000000000000000e+03
5.997000000000000000e+03 2.945000000000000000e+03
5.500000000000000000e+03 2.754000000000000000e+03
5.841000000000000000e+03 2.966000000000000000e+03
5.400000000000000000e+03 2.599000000000000000e+03
5.388000000000000000e+03 2.841000000000000000e+03
5.373000000000000000e+03 2.880000000000000000e+03
5.282000000000000000e+03 2.713000000000000000e+03
5.676000000000000000e+03 3.211000000000000000e+03
5.637000000000000000e+03 3.244000000000000000e+03
5.706000000000000000e+03 3.247000000000000000e+03
5.540000000000000000e+03 3.283000000000000000e+03
5.518000000000000000e+03 3.127000000000000000e+03
5.482000000000000000e+03 2.933000000000000000e+03
5.448000000000000000e+03 2.920000000000000000e+03
5.581000000000000000e+03 3.013000000000000000e+03
5.566000000000000000e+03 2.720000000000000000e+03
5.504000000000000000e+03 2.621000000000000000e+03
5.435000000000000000e+03 2.513000000000000000e+03
5.609000000000000000e+03 2.742000000000000000e+03
5.717000000000000000e+03 3.015000000000000000e+03
5.644000000000000000e+03 2.934000000000000000e+03
5.560000000000000000e+03 2.680000000000000000e+03
5.697000000000000000e+03 2.826000000000000000e+03
5.501000000000000000e+03 2.592000000000000000e+03
5.243000000000000000e+03 2.507000000000000000e+03
5.490000000000000000e+03 3.055000000000000000e+03
5.352000000000000000e+03 2.937000000000000000e+03
5.435000000000000000e+03 3.213000000000000000e+03
5.416000000000000000e+03 3.217000000000000000e+03
5.378000000000000000e+03 3.052000000000000000e+03
5.333000000000000000e+03 3.070000000000000000e+03
6.630000000000000000e+03 2.538000000000000000e+03
6.916000000000000000e+03 2.770000000000000000e+03
6.817000000000000000e+03 2.756000000000000000e+03
7.171000000000000000e+03 2.897000000000000000e+03
7.163000000000000000e+03 2.930000000000000000e+03
7.052000000000000000e+03 2.837000000000000000e+03
7.145000000000000000e+03 2.795000000000000000e+03
6.531000000000000000e+03 2.211000000000000000e+03
6.410000000000000000e+03 2.163000000000000000e+03
6.423000000000000000e+03 2.070000000000000000e+03
6.528000000000000000e+03 2.109000000000000000e+03
6.412000000000000000e+03 2.307000000000000000e+03
6.500000000000000000e+03 2.312000000000000000e+03
6.007000000000000000e+03 2.344000000000000000e+03
6.062000000000000000e+03 2.232000000000000000e+03
5.813000000000000000e+03 2.152000000000000000e+03
5.496000000000000000e+03 2.200000000000000000e+03
5.924000000000000000e+03 2.096000000000000000e+03
5.903000000000000000e+03 2.144000000000000000e+03
5.839000000000000000e+03 2.343000000000000000e+03
5.800000000000000000e+03 2.255000000000000000e+03
5.938000000000000000e+03 2.295000000000000000e+03
5.993000000000000000e+03 2.344000000000000000e+03
6.828000000000000000e+03 2.966000000000000000e+03
6.762000000000000000e+03 2.927000000000000000e+03
6.927000000000000000e+03 3.054000000000000000e+03
6.891000000000000000e+03 3.122000000000000000e+03
6.665000000000000000e+03 2.837000000000000000e+03
6.816000000000000000e+03 2.906000000000000000e+03
6.631000000000000000e+03 2.694000000000000000e+03
6.715000000000000000e+03 2.815000000000000000e+03
5.640000000000000000e+03 2.049000000000000000e+03
5.700000000000000000e+03 2.116000000000000000e+03
5.626000000000000000e+03 2.145000000000000000e+03
5.481000000000000000e+03 2.139000000000000000e+03
5.561000000000000000e+03 2.272000000000000000e+03
5.593000000000000000e+03 2.264000000000000000e+03
5.530000000000000000e+03 2.196000000000000000e+03
5.487000000000000000e+03 2.240000000000000000e+03
5.425000000000000000e+03 2.139000000000000000e+03
5.021000000000000000e+03 2.170000000000000000e+03
5.168000000000000000e+03 2.194000000000000000e+03
5.263000000000000000e+03 2.176000000000000000e+03
5.141000000000000000e+03 2.229000000000000000e+03
5.161000000000000000e+03 2.315000000000000000e+03
5.310000000000000000e+03 2.316000000000000000e+03
5.262000000000000000e+03 2.312000000000000000e+03
5.114000000000000000e+03 2.069000000000000000e+03
5.177000000000000000e+03 2.036000000000000000e+03
5.430000000000000000e+03 2.050000000000000000e+03
5.472000000000000000e+03 2.061000000000000000e+03
5.264000000000000000e+03 2.110000000000000000e+03
5.360000000000000000e+03 2.096000000000000000e+03
5.083000000000000000e+03 1.956000000000000000e+03
5.127000000000000000e+03 2.126000000000000000e+03
6.157000000000000000e+03 2.294000000000000000e+03
6.225000000000000000e+03 2.317000000000000000e+03
6.155000000000000000e+03 2.201000000000000000e+03
6.233000000000000000e+03 2.260000000000000000e+03
6.269000000000000000e+03 2.128000000000000000e+03
6.262000000000000000e+03 2.083000000000000000e+03
6.080000000000000000e+03 2.095000000000000000e+03
6.122000000000000000e+03 2.134000000000000000e+03
6.875000000000000000e+03 2.090000000000000000e+03
7.207000000000000000e+03 2.056000000000000000e+03
7.254000000000000000e+03 2.106000000000000000e+03
6.845000000000000000e+03 2.138000000000000000e+03
6.797000000000000000e+03 2.043000000000000000e+03
6.920000000000000000e+03 2.057000000000000000e+03
6.912000000000000000e+03 2.278000000000000000e+03
7.046000000000000000e+03 2.087000000000000000e+03
6.921000000000000000e+03 2.052000000000000000e+03
6.972000000000000000e+03 2.116000000000000000e+03
6.991000000000000000e+03 2.130000000000000000e+03
7.066000000000000000e+03 2.246000000000000000e+03
7.134000000000000000e+03 2.248000000000000000e+03
7.140000000000000000e+03 2.162000000000000000e+03
7.057000000000000000e+03 2.207000000000000000e+03
6.934000000000000000e+03 2.361000000000000000e+03
7.047000000000000000e+03 2.340000000000000000e+03
7.022000000000000000e+03 2.393000000000000000e+03
6.980000000000000000e+03 2.356000000000000000e+03
6.926000000000000000e+03 2.409000000000000000e+03
6.891000000000000000e+03 2.372000000000000000e+03
6.767000000000000000e+03 2.484000000000000000e+03
6.744000000000000000e+03 2.471000000000000000e+03
6.946000000000000000e+03 2.246000000000000000e+03
7.232000000000000000e+03 2.114000000000000000e+03
6.764000000000000000e+03 2.404000000000000000e+03
6.780000000000000000e+03 2.303000000000000000e+03
7.176000000000000000e+03 2.267000000000000000e+03
7.230000000000000000e+03 2.224000000000000000e+03
7.218000000000000000e+03 2.185000000000000000e+03
7.212000000000000000e+03 2.265000000000000000e+03
6.357000000000000000e+03 2.476000000000000000e+03
2.378000000000000000e+03 1.687000000000000000e+03
3.258000000000000000e+03 1.904000000000000000e+03
6.587000000000000000e+03 2.552000000000000000e+03
6.895000000000000000e+03 2.752000000000000000e+03
6.749000000000000000e+03 2.663000000000000000e+03
6.738000000000000000e+03 2.658000000000000000e+03
5.811000000000000000e+03 2.568000000000000000e+03
7.034000000000000000e+03 3.010000000000000000e+03
6.967000000000000000e+03 2.971000000000000000e+03
7.088000000000000000e+03 2.983000000000000000e+03
7.059000000000000000e+03 3.095000000000000000e+03
6.802000000000000000e+03 3.065000000000000000e+03
7.132000000000000000e+03 3.062000000000000000e+03
7.151000000000000000e+03 3.110000000000000000e+03
2.401000000000000000e+03 1.389000000000000000e+03
2.399000000000000000e+03 1.457000000000000000e+03
2.381000000000000000e+03 1.576000000000000000e+03
2.355000000000000000e+03 1.424000000000000000e+03
2.309000000000000000e+03 1.388000000000000000e+03
2.278000000000000000e+03 1.370000000000000000e+03
2.647000000000000000e+03 1.562000000000000000e+03
2.713000000000000000e+03 1.434000000000000000e+03
6.961000000000000000e+03 2.630000000000000000e+03
7.012000000000000000e+03 2.623000000000000000e+03
6.846000000000000000e+03 2.535000000000000000e+03
6.839000000000000000e+03 2.571000000000000000e+03
7.085000000000000000e+03 2.736000000000000000e+03
7.139000000000000000e+03 2.649000000000000000e+03
7.039000000000000000e+03 2.583000000000000000e+03
7.056000000000000000e+03 2.646000000000000000e+03
2.087000000000000000e+03 1.873000000000000000e+03
2.100000000000000000e+03 2.148000000000000000e+03
2.157000000000000000e+03 2.117000000000000000e+03
2.226000000000000000e+03 2.112000000000000000e+03
2.211000000000000000e+03 2.116000000000000000e+03
3.347000000000000000e+03 2.224000000000000000e+03
2.266000000000000000e+03 2.073000000000000000e+03
1.916000000000000000e+03 2.020000000000000000e+03
1.980000000000000000e+03 1.976000000000000000e+03
2.669000000000000000e+03 1.903000000000000000e+03
1.892000000000000000e+03 2.054000000000000000e+03
2.023000000000000000e+03 2.132000000000000000e+03
2.690000000000000000e+03 2.221000000000000000e+03
1.998000000000000000e+03 2.110000000000000000e+03
1.961000000000000000e+03 2.081000000000000000e+03
2.379000000000000000e+03 2.157000000000000000e+03
2.390000000000000000e+03 2.054000000000000000e+03
2.422000000000000000e+03 1.928000000000000000e+03
2.318000000000000000e+03 1.888000000000000000e+03
2.612000000000000000e+03 2.123000000000000000e+03
3.402000000000000000e+03 2.210000000000000000e+03
2.594000000000000000e+03 2.176000000000000000e+03
2.471000000000000000e+03 2.122000000000000000e+03
1.924000000000000000e+03 1.936000000000000000e+03
3.602000000000000000e+03 2.154000000000000000e+03
2.281000000000000000e+03 1.691000000000000000e+03
2.215000000000000000e+03 1.775000000000000000e+03
2.275000000000000000e+03 1.964000000000000000e+03
2.303000000000000000e+03 2.024000000000000000e+03
2.444000000000000000e+03 2.006000000000000000e+03
2.938000000000000000e+03 1.986000000000000000e+03
3.955000000000000000e+03 1.823000000000000000e+03
4.787000000000000000e+03 1.954000000000000000e+03
3.961000000000000000e+03 1.863000000000000000e+03
4.197000000000000000e+03 1.819000000000000000e+03
2.463000000000000000e+03 1.714000000000000000e+03
2.431000000000000000e+03 1.841000000000000000e+03
2.591000000000000000e+03 1.647000000000000000e+03
2.495000000000000000e+03 1.461000000000000000e+03
2.972000000000000000e+03 2.060000000000000000e+03
2.897000000000000000e+03 1.960000000000000000e+03
3.115000000000000000e+03 2.112000000000000000e+03
3.436000000000000000e+03 2.020000000000000000e+03
5.545000000000000000e+03 2.018000000000000000e+03
5.667000000000000000e+03 2.163000000000000000e+03
2.678000000000000000e+03 1.999000000000000000e+03
4.489000000000000000e+03 2.066000000000000000e+03
3.119000000000000000e+03 1.199000000000000000e+03
2.667000000000000000e+03 1.026000000000000000e+03
2.369000000000000000e+03 1.079000000000000000e+03
2.417000000000000000e+03 1.164000000000000000e+03
2.386000000000000000e+03 9.100000000000000000e+02
2.323000000000000000e+03 8.490000000000000000e+02
2.299000000000000000e+03 9.060000000000000000e+02
2.399000000000000000e+03 8.810000000000000000e+02
2.865000000000000000e+03 2.155000000000000000e+03
2.913000000000000000e+03 2.095000000000000000e+03
2.776000000000000000e+03 2.077000000000000000e+03
2.694000000000000000e+03 1.952000000000000000e+03
3.119000000000000000e+03 2.006000000000000000e+03
5.141000000000000000e+03 2.368000000000000000e+03
3.126000000000000000e+03 2.085000000000000000e+03
3.838000000000000000e+03 2.273000000000000000e+03
5.897000000000000000e+03 2.795000000000000000e+03
5.824000000000000000e+03 2.745000000000000000e+03
5.981000000000000000e+03 2.745000000000000000e+03
5.880000000000000000e+03 2.866000000000000000e+03
5.693000000000000000e+03 2.809000000000000000e+03
5.682000000000000000e+03 2.820000000000000000e+03
5.698000000000000000e+03 2.768000000000000000e+03
6.310000000000000000e+03 2.806000000000000000e+03
6.318000000000000000e+03 2.768000000000000000e+03
6.065000000000000000e+03 2.744000000000000000e+03
6.285000000000000000e+03 2.767000000000000000e+03
6.423000000000000000e+03 2.746000000000000000e+03
6.525000000000000000e+03 2.755000000000000000e+03
6.523000000000000000e+03 2.818000000000000000e+03
6.587000000000000000e+03 2.867000000000000000e+03
6.076000000000000000e+03 2.865000000000000000e+03
5.737000000000000000e+03 2.500000000000000000e+03
6.047000000000000000e+03 2.836000000000000000e+03
5.919000000000000000e+03 2.822000000000000000e+03
6.274000000000000000e+03 2.892000000000000000e+03
6.344000000000000000e+03 2.861000000000000000e+03
6.292000000000000000e+03 2.842000000000000000e+03
6.089000000000000000e+03 2.787000000000000000e+03
6.555000000000000000e+03 2.609000000000000000e+03
6.481000000000000000e+03 2.526000000000000000e+03
6.381000000000000000e+03 2.499000000000000000e+03
6.453000000000000000e+03 2.494000000000000000e+03
6.109000000000000000e+03 2.452000000000000000e+03
6.238000000000000000e+03 2.481000000000000000e+03
5.898000000000000000e+03 2.468000000000000000e+03
5.984000000000000000e+03 2.461000000000000000e+03
5.540000000000000000e+03 3.107000000000000000e+03
6.398000000000000000e+03 2.750000000000000000e+03
6.531000000000000000e+03 2.721000000000000000e+03
6.285000000000000000e+03 2.667000000000000000e+03
6.254000000000000000e+03 2.671000000000000000e+03
6.117000000000000000e+03 2.672000000000000000e+03
6.171000000000000000e+03 2.690000000000000000e+03
5.669000000000000000e+03 2.640000000000000000e+03
5.874000000000000000e+03 2.661000000000000000e+03
5.718000000000000000e+03 2.651000000000000000e+03
6.033000000000000000e+03 2.669000000000000000e+03
5.653000000000000000e+03 2.661000000000000000e+03
5.470000000000000000e+03 2.735000000000000000e+03
5.650000000000000000e+03 2.662000000000000000e+03
5.752000000000000000e+03 2.684000000000000000e+03
6.131000000000000000e+03 2.533000000000000000e+03
5.152000000000000000e+03 3.655000000000000000e+03
6.081000000000000000e+03 2.572000000000000000e+03
6.064000000000000000e+03 2.574000000000000000e+03
6.273000000000000000e+03 2.577000000000000000e+03
6.202000000000000000e+03 2.588000000000000000e+03
6.366000000000000000e+03 2.582000000000000000e+03
6.441000000000000000e+03 2.594000000000000000e+03
5.456000000000000000e+03 2.508000000000000000e+03
5.563000000000000000e+03 2.599000000000000000e+03
5.826000000000000000e+03 2.570000000000000000e+03
5.787000000000000000e+03 2.585000000000000000e+03
5.618000000000000000e+03 2.506000000000000000e+03
5.392000000000000000e+03 3.341000000000000000e+03
5.873000000000000000e+03 2.535000000000000000e+03
5.946000000000000000e+03 2.559000000000000000e+03
6.380000000000000000e+03 3.116000000000000000e+03
6.199000000000000000e+03 3.025000000000000000e+03
6.183000000000000000e+03 3.068000000000000000e+03
6.245000000000000000e+03 3.014000000000000000e+03
6.342000000000000000e+03 3.049000000000000000e+03
6.345000000000000000e+03 3.026000000000000000e+03
6.504000000000000000e+03 3.089000000000000000e+03
5.192000000000000000e+03 2.745000000000000000e+03
5.329000000000000000e+03 2.827000000000000000e+03
5.791000000000000000e+03 3.019000000000000000e+03
5.837000000000000000e+03 3.043000000000000000e+03
5.965000000000000000e+03 3.016000000000000000e+03
5.937000000000000000e+03 3.042000000000000000e+03
5.262000000000000000e+03 2.691000000000000000e+03
5.278000000000000000e+03 2.746000000000000000e+03
5.980000000000000000e+03 3.240000000000000000e+03
5.945000000000000000e+03 3.209000000000000000e+03
5.808000000000000000e+03 3.392000000000000000e+03
5.614000000000000000e+03 3.629000000000000000e+03
5.695000000000000000e+03 2.919000000000000000e+03
5.586000000000000000e+03 2.933000000000000000e+03
5.135000000000000000e+03 2.666000000000000000e+03
5.482000000000000000e+03 2.933000000000000000e+03
6.299000000000000000e+03 3.263000000000000000e+03
6.301000000000000000e+03 3.260000000000000000e+03
6.487000000000000000e+03 3.206000000000000000e+03
6.407000000000000000e+03 3.210000000000000000e+03
5.798000000000000000e+03 2.987000000000000000e+03
5.714000000000000000e+03 2.968000000000000000e+03
6.194000000000000000e+03 3.250000000000000000e+03
6.111000000000000000e+03 3.261000000000000000e+03
5.088000000000000000e+03 2.955000000000000000e+03
5.741000000000000000e+03 3.104000000000000000e+03
3.855000000000000000e+03 2.225000000000000000e+03
4.952000000000000000e+03 2.818000000000000000e+03
6.449000000000000000e+03 2.905000000000000000e+03
6.497000000000000000e+03 2.969000000000000000e+03
6.562000000000000000e+03 3.028000000000000000e+03
6.581000000000000000e+03 2.932000000000000000e+03
5.926000000000000000e+03 3.127000000000000000e+03
5.645000000000000000e+03 3.195000000000000000e+03
5.677000000000000000e+03 3.082000000000000000e+03
6.046000000000000000e+03 3.119000000000000000e+03
6.459000000000000000e+03 3.135000000000000000e+03
6.288000000000000000e+03 3.124000000000000000e+03
6.024000000000000000e+03 3.175000000000000000e+03
6.180000000000000000e+03 3.119000000000000000e+03
6.254000000000000000e+03 2.949000000000000000e+03
5.857000000000000000e+03 2.954000000000000000e+03
6.056000000000000000e+03 2.934000000000000000e+03
5.635000000000000000e+03 2.907000000000000000e+03
5.462000000000000000e+03 3.158000000000000000e+03
5.761000000000000000e+03 3.240000000000000000e+03
5.525000000000000000e+03 3.262000000000000000e+03
5.914000000000000000e+03 3.222000000000000000e+03
6.160000000000000000e+03 3.283000000000000000e+03
5.964000000000000000e+03 3.314000000000000000e+03
5.984000000000000000e+03 3.302000000000000000e+03
5.671000000000000000e+03 3.276000000000000000e+03
6.480000000000000000e+03 3.288000000000000000e+03
6.508000000000000000e+03 3.301000000000000000e+03
6.584000000000000000e+03 3.222000000000000000e+03
6.540000000000000000e+03 3.230000000000000000e+03
2.062000000000000000e+03 2.943000000000000000e+03
2.916000000000000000e+03 1.497000000000000000e+03
2.323000000000000000e+03 1.640000000000000000e+03
4.831000000000000000e+03 3.563000000000000000e+03
5.031000000000000000e+03 3.400000000000000000e+03
1.881000000000000000e+03 4.846000000000000000e+03
1.812000000000000000e+03 4.837000000000000000e+03
2.490000000000000000e+03 1.136000000000000000e+03
2.449000000000000000e+03 1.150000000000000000e+03
2.443000000000000000e+03 1.043000000000000000e+03
2.433000000000000000e+03 1.027000000000000000e+03
3.040000000000000000e+03 1.190000000000000000e+03
2.901000000000000000e+03 1.302000000000000000e+03
2.308000000000000000e+03 1.094000000000000000e+03
2.311000000000000000e+03 1.007000000000000000e+03
1.563000000000000000e+03 5.060000000000000000e+03
1.552000000000000000e+03 5.035000000000000000e+03
1.615000000000000000e+03 5.108000000000000000e+03
1.670000000000000000e+03 5.001000000000000000e+03
2.361000000000000000e+03 4.908000000000000000e+03
2.612000000000000000e+03 4.871000000000000000e+03
2.568000000000000000e+03 4.844000000000000000e+03
1.774000000000000000e+03 4.995000000000000000e+03
1.720000000000000000e+03 4.822000000000000000e+03
1.638000000000000000e+03 4.820000000000000000e+03
3.139000000000000000e+03 4.790000000000000000e+03
1.685000000000000000e+03 4.930000000000000000e+03
1.440000000000000000e+03 4.910000000000000000e+03
1.436000000000000000e+03 4.876000000000000000e+03
1.567000000000000000e+03 4.834000000000000000e+03
1.533000000000000000e+03 4.822000000000000000e+03
2.060000000000000000e+03 5.016000000000000000e+03
1.996000000000000000e+03 5.011000000000000000e+03
2.214000000000000000e+03 5.021000000000000000e+03
2.336000000000000000e+03 4.883000000000000000e+03
3.669000000000000000e+03 4.715000000000000000e+03
4.179000000000000000e+03 4.035000000000000000e+03
2.327000000000000000e+03 4.968000000000000000e+03
1.941000000000000000e+03 4.925000000000000000e+03
1.887000000000000000e+03 5.031000000000000000e+03
2.033000000000000000e+03 4.919000000000000000e+03
1.876000000000000000e+03 4.932000000000000000e+03
2.158000000000000000e+03 4.839000000000000000e+03
2.084000000000000000e+03 4.852000000000000000e+03
2.963000000000000000e+03 4.766000000000000000e+03
2.152000000000000000e+03 4.884000000000000000e+03
2.920000000000000000e+03 4.333000000000000000e+03
3.786000000000000000e+03 3.956000000000000000e+03
3.105000000000000000e+03 4.462000000000000000e+03
3.177000000000000000e+03 3.935000000000000000e+03
1.553000000000000000e+03 3.702000000000000000e+03
1.616000000000000000e+03 3.234000000000000000e+03
1.654000000000000000e+03 4.529000000000000000e+03
3.103000000000000000e+03 3.720000000000000000e+03
2.959000000000000000e+03 4.036000000000000000e+03
2.226000000000000000e+03 4.746000000000000000e+03
4.667000000000000000e+03 3.557000000000000000e+03
2.126000000000000000e+03 4.326000000000000000e+03
3.017000000000000000e+03 4.692000000000000000e+03
4.212000000000000000e+03 2.817000000000000000e+03
2.391000000000000000e+03 4.578000000000000000e+03
4.894000000000000000e+03 3.572000000000000000e+03
7.370000000000000000e+03 3.135000000000000000e+03
7.395000000000000000e+03 3.331000000000000000e+03
7.365000000000000000e+03 3.307000000000000000e+03
7.348000000000000000e+03 3.437000000000000000e+03
7.377000000000000000e+03 3.421000000000000000e+03
7.387000000000000000e+03 3.352000000000000000e+03
7.385000000000000000e+03 3.479000000000000000e+03
7.405000000000000000e+03 2.906000000000000000e+03
7.440000000000000000e+03 2.972000000000000000e+03
7.432000000000000000e+03 2.696000000000000000e+03
7.393000000000000000e+03 2.500000000000000000e+03
7.464000000000000000e+03 2.492000000000000000e+03
7.125000000000000000e+03 2.857000000000000000e+03
7.441000000000000000e+03 2.480000000000000000e+03
7.443000000000000000e+03 2.883000000000000000e+03
7.362000000000000000e+03 2.633000000000000000e+03
7.398000000000000000e+03 2.424000000000000000e+03
7.355000000000000000e+03 2.485000000000000000e+03
7.398000000000000000e+03 2.395000000000000000e+03
7.452000000000000000e+03 2.521000000000000000e+03
7.246000000000000000e+03 2.450000000000000000e+03
7.321000000000000000e+03 2.575000000000000000e+03
7.366000000000000000e+03 2.860000000000000000e+03
7.441000000000000000e+03 2.507000000000000000e+03
7.441000000000000000e+03 2.703000000000000000e+03
7.294000000000000000e+03 2.483000000000000000e+03
7.391000000000000000e+03 2.739000000000000000e+03
7.374000000000000000e+03 2.845000000000000000e+03
7.431000000000000000e+03 3.054000000000000000e+03
7.371000000000000000e+03 2.979000000000000000e+03
7.349000000000000000e+03 3.086000000000000000e+03
7.455000000000000000e+03 3.922000000000000000e+03
7.409000000000000000e+03 3.840000000000000000e+03
7.271000000000000000e+03 3.938000000000000000e+03
7.445000000000000000e+03 4.039000000000000000e+03
7.114000000000000000e+03 3.389000000000000000e+03
7.451000000000000000e+03 3.180000000000000000e+03
7.456000000000000000e+03 4.266000000000000000e+03
7.455000000000000000e+03 3.975000000000000000e+03
7.407000000000000000e+03 4.479000000000000000e+03
7.422000000000000000e+03 4.223000000000000000e+03
7.450000000000000000e+03 4.260000000000000000e+03
7.380000000000000000e+03 4.221000000000000000e+03
7.169000000000000000e+03 5.239000000000000000e+03
7.425000000000000000e+03 4.718000000000000000e+03
7.447000000000000000e+03 4.532000000000000000e+03
7.444000000000000000e+03 4.846000000000000000e+03
7.348000000000000000e+03 3.849000000000000000e+03
7.431000000000000000e+03 3.677000000000000000e+03
7.367000000000000000e+03 3.718000000000000000e+03
7.412000000000000000e+03 3.676000000000000000e+03
7.396000000000000000e+03 4.116000000000000000e+03
7.368000000000000000e+03 3.925000000000000000e+03
7.379000000000000000e+03 4.019000000000000000e+03
7.365000000000000000e+03 4.024000000000000000e+03
7.340000000000000000e+03 3.599000000000000000e+03
7.393000000000000000e+03 3.460000000000000000e+03
7.376000000000000000e+03 3.630000000000000000e+03
7.410000000000000000e+03 3.575000000000000000e+03
7.367000000000000000e+03 3.434000000000000000e+03
7.368000000000000000e+03 3.460000000000000000e+03
7.412000000000000000e+03 3.414000000000000000e+03
7.333000000000000000e+03 3.464000000000000000e+03
6.425000000000000000e+03 5.555000000000000000e+03
7.232000000000000000e+03 5.306000000000000000e+03
7.185000000000000000e+03 5.295000000000000000e+03
7.329000000000000000e+03 5.253000000000000000e+03
7.395000000000000000e+03 5.320000000000000000e+03
7.361000000000000000e+03 5.311000000000000000e+03
7.428000000000000000e+03 5.237000000000000000e+03
6.544000000000000000e+03 5.520000000000000000e+03
7.050000000000000000e+03 5.327000000000000000e+03
6.868000000000000000e+03 5.499000000000000000e+03
6.879000000000000000e+03 5.429000000000000000e+03
5.904000000000000000e+03 5.775000000000000000e+03
6.310000000000000000e+03 5.438000000000000000e+03
6.839000000000000000e+03 5.290000000000000000e+03
6.485000000000000000e+03 5.470000000000000000e+03
7.406000000000000000e+03 5.503000000000000000e+03
7.458000000000000000e+03 5.610000000000000000e+03
7.422000000000000000e+03 5.679000000000000000e+03
7.372000000000000000e+03 5.661000000000000000e+03
7.231000000000000000e+03 5.515000000000000000e+03
7.094000000000000000e+03 5.524000000000000000e+03
7.292000000000000000e+03 5.561000000000000000e+03
7.317000000000000000e+03 5.665000000000000000e+03
7.077000000000000000e+03 5.369000000000000000e+03
7.349000000000000000e+03 5.427000000000000000e+03
7.125000000000000000e+03 5.445000000000000000e+03
7.242000000000000000e+03 5.403000000000000000e+03
6.970000000000000000e+03 5.419000000000000000e+03
6.917000000000000000e+03 5.437000000000000000e+03
7.052000000000000000e+03 5.429000000000000000e+03
7.068000000000000000e+03 5.418000000000000000e+03
6.574000000000000000e+03 5.393000000000000000e+03
6.923000000000000000e+03 5.607000000000000000e+03
6.523000000000000000e+03 5.560000000000000000e+03
6.815000000000000000e+03 5.675000000000000000e+03
6.749000000000000000e+03 5.641000000000000000e+03
6.743000000000000000e+03 5.584000000000000000e+03
6.788000000000000000e+03 5.535000000000000000e+03
6.971000000000000000e+03 5.623000000000000000e+03
7.044000000000000000e+03 5.615000000000000000e+03
7.043000000000000000e+03 5.684000000000000000e+03
7.107000000000000000e+03 5.682000000000000000e+03
7.132000000000000000e+03 5.637000000000000000e+03
7.195000000000000000e+03 5.690000000000000000e+03
7.216000000000000000e+03 5.548000000000000000e+03
7.230000000000000000e+03 5.609000000000000000e+03
6.639000000000000000e+03 5.560000000000000000e+03
6.623000000000000000e+03 5.474000000000000000e+03
6.614000000000000000e+03 5.454000000000000000e+03
6.703000000000000000e+03 5.443000000000000000e+03
4.990000000000000000e+03 5.280000000000000000e+03
5.012000000000000000e+03 5.277000000000000000e+03
6.306000000000000000e+03 5.393000000000000000e+03
4.621000000000000000e+03 5.397000000000000000e+03
6.446000000000000000e+03 5.701000000000000000e+03
6.431000000000000000e+03 5.666000000000000000e+03
6.556000000000000000e+03 5.631000000000000000e+03
6.620000000000000000e+03 5.657000000000000000e+03
6.270000000000000000e+03 5.488000000000000000e+03
6.271000000000000000e+03 5.484000000000000000e+03
6.342000000000000000e+03 5.641000000000000000e+03
6.300000000000000000e+03 5.584000000000000000e+03
5.403000000000000000e+03 5.317000000000000000e+03
5.433000000000000000e+03 6.054000000000000000e+03
5.354000000000000000e+03 4.463000000000000000e+03
5.477000000000000000e+03 5.231000000000000000e+03
5.465000000000000000e+03 5.238000000000000000e+03
5.310000000000000000e+03 5.448000000000000000e+03
5.405000000000000000e+03 5.394000000000000000e+03
5.293000000000000000e+03 4.841000000000000000e+03
5.116000000000000000e+03 4.805000000000000000e+03
5.089000000000000000e+03 4.905000000000000000e+03
5.268000000000000000e+03 5.017000000000000000e+03
4.975000000000000000e+03 4.702000000000000000e+03
5.039000000000000000e+03 4.764000000000000000e+03
4.838000000000000000e+03 4.678000000000000000e+03
4.909000000000000000e+03 4.727000000000000000e+03
5.252000000000000000e+03 4.813000000000000000e+03
5.211000000000000000e+03 4.851000000000000000e+03
5.366000000000000000e+03 4.991000000000000000e+03
5.370000000000000000e+03 4.932000000000000000e+03
5.266000000000000000e+03 4.744000000000000000e+03
5.297000000000000000e+03 4.702000000000000000e+03
5.157000000000000000e+03 4.593000000000000000e+03
5.222000000000000000e+03 4.603000000000000000e+03
5.425000000000000000e+03 5.063000000000000000e+03
5.518000000000000000e+03 5.122000000000000000e+03
5.467000000000000000e+03 4.977000000000000000e+03
5.420000000000000000e+03 4.868000000000000000e+03
5.378000000000000000e+03 4.738000000000000000e+03
5.570000000000000000e+03 4.843000000000000000e+03
5.365000000000000000e+03 4.741000000000000000e+03
5.362000000000000000e+03 4.663000000000000000e+03
6.373000000000000000e+03 5.428000000000000000e+03
6.463000000000000000e+03 5.387000000000000000e+03
6.444000000000000000e+03 5.538000000000000000e+03
6.383000000000000000e+03 5.460000000000000000e+03
6.460000000000000000e+03 5.340000000000000000e+03
6.504000000000000000e+03 5.427000000000000000e+03
6.529000000000000000e+03 5.503000000000000000e+03
6.529000000000000000e+03 5.396000000000000000e+03
6.072000000000000000e+03 5.709000000000000000e+03
6.070000000000000000e+03 5.666000000000000000e+03
5.987000000000000000e+03 5.605000000000000000e+03
5.974000000000000000e+03 5.738000000000000000e+03
6.005000000000000000e+03 5.525000000000000000e+03
5.983000000000000000e+03 5.574000000000000000e+03
6.177000000000000000e+03 5.610000000000000000e+03
6.100000000000000000e+03 5.509000000000000000e+03
5.674000000000000000e+03 6.243000000000000000e+03
5.679000000000000000e+03 6.160000000000000000e+03
5.658000000000000000e+03 6.322000000000000000e+03
5.587000000000000000e+03 6.305000000000000000e+03
5.715000000000000000e+03 6.383000000000000000e+03
5.752000000000000000e+03 6.283000000000000000e+03
5.643000000000000000e+03 6.424000000000000000e+03
5.684000000000000000e+03 6.326000000000000000e+03
5.549000000000000000e+03 6.033000000000000000e+03
5.563000000000000000e+03 6.050000000000000000e+03
5.667000000000000000e+03 6.052000000000000000e+03
5.691000000000000000e+03 6.020000000000000000e+03
5.568000000000000000e+03 6.195000000000000000e+03
5.572000000000000000e+03 6.216000000000000000e+03
5.569000000000000000e+03 6.125000000000000000e+03
5.506000000000000000e+03 6.139000000000000000e+03
5.357000000000000000e+03 5.265000000000000000e+03
5.321000000000000000e+03 5.413000000000000000e+03
5.404000000000000000e+03 5.241000000000000000e+03
5.682000000000000000e+03 5.335000000000000000e+03
5.306000000000000000e+03 5.501000000000000000e+03
4.959000000000000000e+03 5.392000000000000000e+03
5.063000000000000000e+03 5.437000000000000000e+03
4.998000000000000000e+03 5.391000000000000000e+03
5.146000000000000000e+03 5.391000000000000000e+03
5.196000000000000000e+03 5.474000000000000000e+03
5.248000000000000000e+03 5.437000000000000000e+03
5.453000000000000000e+03 5.380000000000000000e+03
5.360000000000000000e+03 5.318000000000000000e+03
5.332000000000000000e+03 5.443000000000000000e+03
5.477000000000000000e+03 5.380000000000000000e+03
5.356000000000000000e+03 5.294000000000000000e+03
5.366000000000000000e+03 5.373000000000000000e+03
5.256000000000000000e+03 5.660000000000000000e+03
5.282000000000000000e+03 5.585000000000000000e+03
5.493000000000000000e+03 5.800000000000000000e+03
5.421000000000000000e+03 5.846000000000000000e+03
5.335000000000000000e+03 5.776000000000000000e+03
5.283000000000000000e+03 5.713000000000000000e+03
5.584000000000000000e+03 5.673000000000000000e+03
5.505000000000000000e+03 5.695000000000000000e+03
5.563000000000000000e+03 5.576000000000000000e+03
5.442000000000000000e+03 5.783000000000000000e+03
5.515000000000000000e+03 5.357000000000000000e+03
5.526000000000000000e+03 5.441000000000000000e+03
5.433000000000000000e+03 5.576000000000000000e+03
5.511000000000000000e+03 5.498000000000000000e+03
4.948000000000000000e+03 5.604000000000000000e+03
4.966000000000000000e+03 5.625000000000000000e+03
4.908000000000000000e+03 5.557000000000000000e+03
5.091000000000000000e+03 5.697000000000000000e+03
4.961000000000000000e+03 5.696000000000000000e+03
5.090000000000000000e+03 5.572000000000000000e+03
5.099000000000000000e+03 5.660000000000000000e+03
5.235000000000000000e+03 5.105000000000000000e+03
5.407000000000000000e+03 5.134000000000000000e+03
5.348000000000000000e+03 5.152000000000000000e+03
5.399000000000000000e+03 5.193000000000000000e+03
5.136000000000000000e+03 5.070000000000000000e+03
5.056000000000000000e+03 4.982000000000000000e+03
4.922000000000000000e+03 4.860000000000000000e+03
4.977000000000000000e+03 4.969000000000000000e+03
4.985000000000000000e+03 5.177000000000000000e+03
4.862000000000000000e+03 5.037000000000000000e+03
4.943000000000000000e+03 5.086000000000000000e+03
5.006000000000000000e+03 5.213000000000000000e+03
4.812000000000000000e+03 4.881000000000000000e+03
4.782000000000000000e+03 4.806000000000000000e+03
4.801000000000000000e+03 4.942000000000000000e+03
4.794000000000000000e+03 5.017000000000000000e+03
4.835000000000000000e+03 5.304000000000000000e+03
4.789000000000000000e+03 5.234000000000000000e+03
4.838000000000000000e+03 5.155000000000000000e+03
5.004000000000000000e+03 5.149000000000000000e+03
5.069000000000000000e+03 5.356000000000000000e+03
5.039000000000000000e+03 5.288000000000000000e+03
5.145000000000000000e+03 5.284000000000000000e+03
5.035000000000000000e+03 5.366000000000000000e+03
5.857000000000000000e+03 4.344000000000000000e+03
5.693000000000000000e+03 4.351000000000000000e+03
5.695000000000000000e+03 4.288000000000000000e+03
5.747000000000000000e+03 4.082000000000000000e+03
5.925000000000000000e+03 4.116000000000000000e+03
5.734000000000000000e+03 4.190000000000000000e+03
5.711000000000000000e+03 4.109000000000000000e+03
5.781000000000000000e+03 4.261000000000000000e+03
5.866000000000000000e+03 4.043000000000000000e+03
5.968000000000000000e+03 4.009000000000000000e+03
6.062000000000000000e+03 4.022000000000000000e+03
5.807000000000000000e+03 4.570000000000000000e+03
5.976000000000000000e+03 4.315000000000000000e+03
5.873000000000000000e+03 4.230000000000000000e+03
5.619000000000000000e+03 4.456000000000000000e+03
5.503000000000000000e+03 4.398000000000000000e+03
5.409000000000000000e+03 4.416000000000000000e+03
5.364000000000000000e+03 4.318000000000000000e+03
5.328000000000000000e+03 4.392000000000000000e+03
5.604000000000000000e+03 4.173000000000000000e+03
5.615000000000000000e+03 4.165000000000000000e+03
5.427000000000000000e+03 4.264000000000000000e+03
5.350000000000000000e+03 4.321000000000000000e+03
5.579000000000000000e+03 4.131000000000000000e+03
5.483000000000000000e+03 4.147000000000000000e+03
5.436000000000000000e+03 4.226000000000000000e+03
5.516000000000000000e+03 4.308000000000000000e+03
5.489000000000000000e+03 4.023000000000000000e+03
5.455000000000000000e+03 4.038000000000000000e+03
5.632000000000000000e+03 4.022000000000000000e+03
5.566000000000000000e+03 4.031000000000000000e+03
5.856000000000000000e+03 5.282000000000000000e+03
5.880000000000000000e+03 4.863000000000000000e+03
5.707000000000000000e+03 4.648000000000000000e+03
5.671000000000000000e+03 4.758000000000000000e+03
5.690000000000000000e+03 5.151000000000000000e+03
5.781000000000000000e+03 5.200000000000000000e+03
5.646000000000000000e+03 5.074000000000000000e+03
5.834000000000000000e+03 4.967000000000000000e+03
5.884000000000000000e+03 5.079000000000000000e+03
6.152000000000000000e+03 5.097000000000000000e+03
5.891000000000000000e+03 4.943000000000000000e+03
6.053000000000000000e+03 5.040000000000000000e+03
6.002000000000000000e+03 5.324000000000000000e+03
5.687000000000000000e+03 5.112000000000000000e+03
5.672000000000000000e+03 4.815000000000000000e+03
5.682000000000000000e+03 4.952000000000000000e+03
5.839000000000000000e+03 4.758000000000000000e+03
5.893000000000000000e+03 4.602000000000000000e+03
5.883000000000000000e+03 4.457000000000000000e+03
5.848000000000000000e+03 4.554000000000000000e+03
6.000000000000000000e+03 5.414000000000000000e+03
6.085000000000000000e+03 5.368000000000000000e+03
5.764000000000000000e+03 4.878000000000000000e+03
5.826000000000000000e+03 5.187000000000000000e+03
5.683000000000000000e+03 4.498000000000000000e+03
5.604000000000000000e+03 4.469000000000000000e+03
5.599000000000000000e+03 4.526000000000000000e+03
5.544000000000000000e+03 4.500000000000000000e+03
5.517000000000000000e+03 4.631000000000000000e+03
5.558000000000000000e+03 4.675000000000000000e+03
5.789000000000000000e+03 4.896000000000000000e+03
5.460000000000000000e+03 4.771000000000000000e+03
4.777000000000000000e+03 7.322000000000000000e+03
6.758000000000000000e+03 7.290000000000000000e+03
6.956000000000000000e+03 7.137000000000000000e+03
4.558000000000000000e+03 6.988000000000000000e+03
4.691000000000000000e+03 7.015000000000000000e+03
4.834000000000000000e+03 6.976000000000000000e+03
4.665000000000000000e+03 7.069000000000000000e+03
5.000000000000000000e+03 7.190000000000000000e+03
4.904000000000000000e+03 7.071000000000000000e+03
5.664000000000000000e+03 6.918000000000000000e+03
5.038000000000000000e+03 7.101000000000000000e+03
4.832000000000000000e+03 7.126000000000000000e+03
5.013000000000000000e+03 7.146000000000000000e+03
4.925000000000000000e+03 7.179000000000000000e+03
4.583000000000000000e+03 7.173000000000000000e+03
7.417000000000000000e+03 7.406000000000000000e+03
6.592000000000000000e+03 6.981000000000000000e+03
7.443000000000000000e+03 7.367000000000000000e+03
7.308000000000000000e+03 7.400000000000000000e+03
6.948000000000000000e+03 6.873000000000000000e+03
7.129000000000000000e+03 6.877000000000000000e+03
6.780000000000000000e+03 6.495000000000000000e+03
6.360000000000000000e+03 6.879000000000000000e+03
5.163000000000000000e+03 6.679000000000000000e+03
5.115000000000000000e+03 6.708000000000000000e+03
5.256000000000000000e+03 6.723000000000000000e+03
5.297000000000000000e+03 6.842000000000000000e+03
5.012000000000000000e+03 6.849000000000000000e+03
5.162000000000000000e+03 6.843000000000000000e+03
5.054000000000000000e+03 6.745000000000000000e+03
5.153000000000000000e+03 6.697000000000000000e+03
9.120000000000000000e+02 7.453000000000000000e+03
1.000000000000000000e+03 7.408000000000000000e+03
9.510000000000000000e+02 7.462000000000000000e+03
6.810000000000000000e+02 7.474000000000000000e+03
4.450000000000000000e+02 7.470000000000000000e+03
3.200000000000000000e+03 7.399000000000000000e+03
1.123000000000000000e+03 7.260000000000000000e+03
4.767000000000000000e+03 7.190000000000000000e+03
4.806000000000000000e+03 7.251000000000000000e+03
4.799000000000000000e+03 7.358000000000000000e+03
4.854000000000000000e+03 7.289000000000000000e+03
4.706000000000000000e+03 7.429000000000000000e+03
4.669000000000000000e+03 7.416000000000000000e+03
4.327000000000000000e+03 7.412000000000000000e+03
4.448000000000000000e+03 7.423000000000000000e+03
1.527000000000000000e+03 7.438000000000000000e+03
1.395000000000000000e+03 7.459000000000000000e+03
1.577000000000000000e+03 7.457000000000000000e+03
1.495000000000000000e+03 7.471000000000000000e+03
1.473000000000000000e+03 7.454000000000000000e+03
1.364000000000000000e+03 7.447000000000000000e+03
1.395000000000000000e+03 7.460000000000000000e+03
1.599000000000000000e+03 7.464000000000000000e+03
2.232000000000000000e+03 7.469000000000000000e+03
2.277000000000000000e+03 7.461000000000000000e+03
2.347000000000000000e+03 7.470000000000000000e+03
2.389000000000000000e+03 7.466000000000000000e+03
3.467000000000000000e+03 7.452000000000000000e+03
3.310000000000000000e+03 7.449000000000000000e+03
2.057000000000000000e+03 7.475000000000000000e+03
2.058000000000000000e+03 7.464000000000000000e+03
6.187000000000000000e+03 7.470000000000000000e+03
6.196000000000000000e+03 7.472000000000000000e+03
6.242000000000000000e+03 7.468000000000000000e+03
6.641000000000000000e+03 7.468000000000000000e+03
6.525000000000000000e+03 7.464000000000000000e+03
6.632000000000000000e+03 7.456000000000000000e+03
6.807000000000000000e+03 7.477000000000000000e+03
5.136000000000000000e+03 7.103000000000000000e+03
5.150000000000000000e+03 7.063000000000000000e+03
5.261000000000000000e+03 7.088000000000000000e+03
5.223000000000000000e+03 7.179000000000000000e+03
5.465000000000000000e+03 6.772000000000000000e+03
5.464000000000000000e+03 7.132000000000000000e+03
5.348000000000000000e+03 7.139000000000000000e+03
5.391000000000000000e+03 7.123000000000000000e+03
5.163000000000000000e+03 6.895000000000000000e+03
5.169000000000000000e+03 6.966000000000000000e+03
5.237000000000000000e+03 6.908000000000000000e+03
5.291000000000000000e+03 6.884000000000000000e+03
5.236000000000000000e+03 6.661000000000000000e+03
5.375000000000000000e+03 6.711000000000000000e+03
5.383000000000000000e+03 6.633000000000000000e+03
5.334000000000000000e+03 6.671000000000000000e+03
5.694000000000000000e+03 5.666000000000000000e+03
6.744000000000000000e+03 6.144000000000000000e+03
5.812000000000000000e+03 6.206000000000000000e+03
6.813000000000000000e+03 6.076000000000000000e+03
6.009000000000000000e+03 5.670000000000000000e+03
5.705000000000000000e+03 6.580000000000000000e+03
5.923000000000000000e+03 5.871000000000000000e+03
6.009000000000000000e+03 5.480000000000000000e+03
5.715000000000000000e+03 5.908000000000000000e+03
5.421000000000000000e+03 6.342000000000000000e+03
5.782000000000000000e+03 6.305000000000000000e+03
5.687000000000000000e+03 6.640000000000000000e+03
5.545000000000000000e+03 6.789000000000000000e+03
5.422000000000000000e+03 6.877000000000000000e+03
5.509000000000000000e+03 6.675000000000000000e+03
5.537000000000000000e+03 6.596000000000000000e+03
5.606000000000000000e+03 6.835000000000000000e+03
5.564000000000000000e+03 6.557000000000000000e+03
5.356000000000000000e+03 7.366000000000000000e+03
5.231000000000000000e+03 7.418000000000000000e+03
5.555000000000000000e+03 7.009000000000000000e+03
5.538000000000000000e+03 7.020000000000000000e+03
5.447000000000000000e+03 7.042000000000000000e+03
5.390000000000000000e+03 6.988000000000000000e+03
5.738000000000000000e+03 7.371000000000000000e+03
5.762000000000000000e+03 7.419000000000000000e+03
5.513000000000000000e+03 7.386000000000000000e+03
5.597000000000000000e+03 7.426000000000000000e+03
5.531000000000000000e+03 7.401000000000000000e+03
5.428000000000000000e+03 7.440000000000000000e+03
5.226000000000000000e+03 7.424000000000000000e+03
5.623000000000000000e+03 7.399000000000000000e+03
5.536000000000000000e+03 6.604000000000000000e+03
5.594000000000000000e+03 6.403000000000000000e+03
5.738000000000000000e+03 6.542000000000000000e+03
5.728000000000000000e+03 6.525000000000000000e+03
5.655000000000000000e+03 6.019000000000000000e+03
5.427000000000000000e+03 6.557000000000000000e+03
5.349000000000000000e+03 6.738000000000000000e+03
5.392000000000000000e+03 6.758000000000000000e+03
1.718000000000000000e+03 5.599000000000000000e+03
4.655000000000000000e+03 7.157000000000000000e+03
4.633000000000000000e+03 7.135000000000000000e+03
1.150000000000000000e+03 5.298000000000000000e+03
1.103000000000000000e+03 5.299000000000000000e+03
1.087000000000000000e+03 5.351000000000000000e+03
9.750000000000000000e+02 5.382000000000000000e+03
4.659000000000000000e+03 6.652000000000000000e+03
4.596000000000000000e+03 6.640000000000000000e+03
4.598000000000000000e+03 6.470000000000000000e+03
4.665000000000000000e+03 6.519000000000000000e+03
4.599000000000000000e+03 6.306000000000000000e+03
4.654000000000000000e+03 6.285000000000000000e+03
4.778000000000000000e+03 6.269000000000000000e+03
4.765000000000000000e+03 6.336000000000000000e+03
3.672000000000000000e+03 6.862000000000000000e+03
1.367000000000000000e+03 5.551000000000000000e+03
1.246000000000000000e+03 5.305000000000000000e+03
1.263000000000000000e+03 5.364000000000000000e+03
4.569000000000000000e+03 6.033000000000000000e+03
4.569000000000000000e+03 6.082000000000000000e+03
2.484000000000000000e+03 5.910000000000000000e+03
1.405000000000000000e+03 5.343000000000000000e+03
2.684000000000000000e+03 7.086000000000000000e+03
2.926000000000000000e+03 6.475000000000000000e+03
3.937000000000000000e+03 7.193000000000000000e+03
4.373000000000000000e+03 6.525000000000000000e+03
4.135000000000000000e+03 6.451000000000000000e+03
3.161000000000000000e+03 5.636000000000000000e+03
3.080000000000000000e+03 6.188000000000000000e+03
3.317000000000000000e+03 6.258000000000000000e+03
4.328000000000000000e+03 5.806000000000000000e+03
4.541000000000000000e+03 5.698000000000000000e+03
4.600000000000000000e+03 5.751000000000000000e+03
4.902000000000000000e+03 5.596000000000000000e+03
4.867000000000000000e+03 5.765000000000000000e+03
4.611000000000000000e+03 5.662000000000000000e+03
4.669000000000000000e+03 5.704000000000000000e+03
2.697000000000000000e+03 5.171000000000000000e+03
2.272000000000000000e+03 5.187000000000000000e+03
2.950000000000000000e+03 5.268000000000000000e+03
1.700000000000000000e+03 5.255000000000000000e+03
1.685000000000000000e+03 5.393000000000000000e+03
1.708000000000000000e+03 5.337000000000000000e+03
2.320000000000000000e+03 5.341000000000000000e+03
1.650000000000000000e+03 5.331000000000000000e+03
4.854000000000000000e+03 6.753000000000000000e+03
4.812000000000000000e+03 6.829000000000000000e+03
4.712000000000000000e+03 6.814000000000000000e+03
4.676000000000000000e+03 6.813000000000000000e+03
4.931000000000000000e+03 6.729000000000000000e+03
4.954000000000000000e+03 6.628000000000000000e+03
4.843000000000000000e+03 6.509000000000000000e+03
4.790000000000000000e+03 6.457000000000000000e+03
4.933000000000000000e+03 6.521000000000000000e+03
4.992000000000000000e+03 6.489000000000000000e+03
4.912000000000000000e+03 6.390000000000000000e+03
4.968000000000000000e+03 6.439000000000000000e+03
4.750000000000000000e+03 6.589000000000000000e+03
4.751000000000000000e+03 6.668000000000000000e+03
4.859000000000000000e+03 6.571000000000000000e+03
4.804000000000000000e+03 6.615000000000000000e+03
5.395000000000000000e+03 5.518000000000000000e+03
5.376000000000000000e+03 5.453000000000000000e+03
4.706000000000000000e+03 6.863000000000000000e+03
4.555000000000000000e+03 7.301000000000000000e+03
4.472000000000000000e+03 7.393000000000000000e+03
4.615000000000000000e+03 7.378000000000000000e+03
4.619000000000000000e+03 7.292000000000000000e+03
4.809000000000000000e+03 6.107000000000000000e+03
4.868000000000000000e+03 6.060000000000000000e+03
4.678000000000000000e+03 6.199000000000000000e+03
4.699000000000000000e+03 6.196000000000000000e+03
5.008000000000000000e+03 5.907000000000000000e+03
4.926000000000000000e+03 5.876000000000000000e+03
5.336000000000000000e+03 5.481000000000000000e+03
4.922000000000000000e+03 5.944000000000000000e+03
2.370000000000000000e+03 5.161000000000000000e+03
1.831000000000000000e+03 5.244000000000000000e+03
1.445000000000000000e+03 5.228000000000000000e+03
1.366000000000000000e+03 5.178000000000000000e+03
1.118000000000000000e+03 5.138000000000000000e+03
1.102000000000000000e+03 5.157000000000000000e+03
1.270000000000000000e+03 5.150000000000000000e+03
1.172000000000000000e+03 5.159000000000000000e+03
1.309000000000000000e+03 5.039000000000000000e+03
1.219000000000000000e+03 5.001000000000000000e+03
2.080000000000000000e+03 4.904000000000000000e+03
1.241000000000000000e+03 4.993000000000000000e+03
2.457000000000000000e+03 5.093000000000000000e+03
1.970000000000000000e+03 5.045000000000000000e+03
1.894000000000000000e+03 4.920000000000000000e+03
1.380000000000000000e+03 5.000000000000000000e+03
4.971000000000000000e+03 6.086000000000000000e+03
4.974000000000000000e+03 6.070000000000000000e+03
4.843000000000000000e+03 6.185000000000000000e+03
5.040000000000000000e+03 6.284000000000000000e+03
4.906000000000000000e+03 6.346000000000000000e+03
4.983000000000000000e+03 6.318000000000000000e+03
4.992000000000000000e+03 6.342000000000000000e+03
5.014000000000000000e+03 6.341000000000000000e+03
4.750000000000000000e+03 5.819000000000000000e+03
4.771000000000000000e+03 5.715000000000000000e+03
4.838000000000000000e+03 5.729000000000000000e+03
4.823000000000000000e+03 5.820000000000000000e+03
4.706000000000000000e+03 5.974000000000000000e+03
4.714000000000000000e+03 5.896000000000000000e+03
4.704000000000000000e+03 6.026000000000000000e+03
4.699000000000000000e+03 6.131000000000000000e+03
4.964000000000000000e+03 6.175000000000000000e+03
4.942000000000000000e+03 6.162000000000000000e+03
5.009000000000000000e+03 6.039000000000000000e+03
4.957000000000000000e+03 6.165000000000000000e+03
5.154000000000000000e+03 5.933000000000000000e+03
5.137000000000000000e+03 5.922000000000000000e+03
5.103000000000000000e+03 6.021000000000000000e+03
5.191000000000000000e+03 5.996000000000000000e+03
4.981000000000000000e+03 6.273000000000000000e+03
5.058000000000000000e+03 6.260000000000000000e+03
5.122000000000000000e+03 6.282000000000000000e+03
5.150000000000000000e+03 6.186000000000000000e+03
5.302000000000000000e+03 6.120000000000000000e+03
5.279000000000000000e+03 6.186000000000000000e+03
5.273000000000000000e+03 6.050000000000000000e+03
5.250000000000000000e+03 6.027000000000000000e+03
2.545000000000000000e+03 8.000000000000000000e+01
7.360000000000000000e+02 2.240000000000000000e+03
6.460000000000000000e+02 5.480000000000000000e+03
5.160000000000000000e+02 8.000000000000000000e+01
5.125000000000000000e+03 3.360000000000000000e+03
5.771000000000000000e+03 5.760000000000000000e+03
5.938000000000000000e+03 4.100000000000000000e+03
-4.000000000000000000e+00 0.000000000000000000e+00
-1.200000000000000000e+01 0.000000000000000000e+00
7.442000000000000000e+03 0.000000000000000000e+00
