6.233000000000000000e+03 2.568000000000000000e+03
5.967000000000000000e+03 2.799000000000000000e+03
6.282000000000000000e+03 2.334000000000000000e+03
5.897000000000000000e+03 2.686000000000000000e+03
5.928000000000000000e+03 2.800000000000000000e+03
5.950000000000000000e+03 2.885000000000000000e+03
5.955000000000000000e+03 2.953000000000000000e+03
6.187000000000000000e+03 2.121000000000000000e+03
6.303000000000000000e+03 2.177000000000000000e+03
6.125000000000000000e+03 2.364000000000000000e+03
6.290000000000000000e+03 2.239000000000000000e+03
6.367000000000000000e+03 2.079000000000000000e+03
6.485000000000000000e+03 2.121000000000000000e+03
6.235000000000000000e+03 2.076000000000000000e+03
6.350000000000000000e+03 2.073000000000000000e+03
6.088000000000000000e+03 3.723000000000000000e+03
6.294000000000000000e+03 3.538000000000000000e+03
6.243000000000000000e+03 3.746000000000000000e+03
6.327000000000000000e+03 3.696000000000000000e+03
6.154000000000000000e+03 3.337000000000000000e+03
5.995000000000000000e+03 3.405000000000000000e+03
6.183000000000000000e+03 3.472000000000000000e+03
6.130000000000000000e+03 3.567000000000000000e+03
6.266000000000000000e+03 2.973000000000000000e+03
6.195000000000000000e+03 3.007000000000000000e+03
6.304000000000000000e+03 2.997000000000000000e+03
6.545000000000000000e+03 3.000000000000000000e+03
6.060000000000000000e+03 2.987000000000000000e+03
5.932000000000000000e+03 3.209000000000000000e+03
6.070000000000000000e+03 2.888000000000000000e+03
6.060000000000000000e+03 2.681000000000000000e+03
5.745000000000000000e+03 2.827000000000000000e+03
5.391000000000000000e+03 2.611000000000000000e+03
5.638000000000000000e+03 2.810000000000000000e+03
5.282000000000000000e+03 2.556000000000000000e+03
5.342000000000000000e+03 2.714000000000000000e+03
5.329000000000000000e+03 2.741000000000000000e+03
5.193000000000000000e+03 2.641000000000000000e+03
5.712000000000000000e+03 3.015000000000000000e+03
5.625000000000000000e+03 3.000000000000000000e+03
5.575000000000000000e+03 3.014000000000000000e+03
5.478000000000000000e+03 3.065000000000000000e+03
5.395000000000000000e+03 2.965000000000000000e+03
5.301000000000000000e+03 2.853000000000000000e+03
5.245000000000000000e+03 2.907000000000000000e+03
5.409000000000000000e+03 2.902000000000000000e+03
5.679000000000000000e+03 2.647000000000000000e+03
5.558000000000000000e+03 2.556000000000000000e+03
5.499000000000000000e+03 2.467000000000000000e+03
5.713000000000000000e+03 2.675000000000000000e+03
5.754000000000000000e+03 2.906000000000000000e+03
5.723000000000000000e+03 2.838000000000000000e+03
5.636000000000000000e+03 2.647000000000000000e+03
5.804000000000000000e+03 2.756000000000000000e+03
5.469000000000000000e+03 2.510000000000000000e+03
5.146000000000000000e+03 2.494000000000000000e+03
5.407000000000000000e+03 2.905000000000000000e+03
5.314000000000000000e+03 2.796000000000000000e+03
5.561000000000000000e+03 2.984000000000000000e+03
5.485000000000000000e+03 2.961000000000000000e+03
5.397000000000000000e+03 2.867000000000000000e+03
5.431000000000000000e+03 2.845000000000000000e+03
6.132000000000000000e+03 2.442000000000000000e+03
6.294000000000000000e+03 2.518000000000000000e+03
6.213000000000000000e+03 2.507000000000000000e+03
6.518000000000000000e+03 2.813000000000000000e+03
6.519000000000000000e+03 2.839000000000000000e+03
6.402000000000000000e+03 2.608000000000000000e+03
6.421000000000000000e+03 2.583000000000000000e+03
6.099000000000000000e+03 2.202000000000000000e+03
5.968000000000000000e+03 2.166000000000000000e+03
5.971000000000000000e+03 2.074000000000000000e+03
6.094000000000000000e+03 2.103000000000000000e+03
5.982000000000000000e+03 2.317000000000000000e+03
6.080000000000000000e+03 2.297000000000000000e+03
5.713000000000000000e+03 2.410000000000000000e+03
5.740000000000000000e+03 2.337000000000000000e+03
5.453000000000000000e+03 2.197000000000000000e+03
5.264000000000000000e+03 2.280000000000000000e+03
5.552000000000000000e+03 2.116000000000000000e+03
5.531000000000000000e+03 2.153000000000000000e+03
5.518000000000000000e+03 2.390000000000000000e+03
5.467000000000000000e+03 2.292000000000000000e+03
5.591000000000000000e+03 2.324000000000000000e+03
5.692000000000000000e+03 2.378000000000000000e+03
6.297000000000000000e+03 2.655000000000000000e+03
6.238000000000000000e+03 2.643000000000000000e+03
6.385000000000000000e+03 2.775000000000000000e+03
6.340000000000000000e+03 2.769000000000000000e+03
6.077000000000000000e+03 2.587000000000000000e+03
6.197000000000000000e+03 2.640000000000000000e+03
6.053000000000000000e+03 2.461000000000000000e+03
6.098000000000000000e+03 2.581000000000000000e+03
5.332000000000000000e+03 2.095000000000000000e+03
5.358000000000000000e+03 2.183000000000000000e+03
5.262000000000000000e+03 2.203000000000000000e+03
5.183000000000000000e+03 2.212000000000000000e+03
5.292000000000000000e+03 2.325000000000000000e+03
5.315000000000000000e+03 2.372000000000000000e+03
5.183000000000000000e+03 2.258000000000000000e+03
5.174000000000000000e+03 2.350000000000000000e+03
5.109000000000000000e+03 2.176000000000000000e+03
4.765000000000000000e+03 2.244000000000000000e+03
4.829000000000000000e+03 2.239000000000000000e+03
4.851000000000000000e+03 2.168000000000000000e+03
4.945000000000000000e+03 2.285000000000000000e+03
4.951000000000000000e+03 2.370000000000000000e+03
5.079000000000000000e+03 2.376000000000000000e+03
5.053000000000000000e+03 2.367000000000000000e+03
4.965000000000000000e+03 2.071000000000000000e+03
5.020000000000000000e+03 2.048000000000000000e+03
5.210000000000000000e+03 2.084000000000000000e+03
5.229000000000000000e+03 2.099000000000000000e+03
5.001000000000000000e+03 2.158000000000000000e+03
5.038000000000000000e+03 2.186000000000000000e+03
4.834000000000000000e+03 1.994000000000000000e+03
4.959000000000000000e+03 2.122000000000000000e+03
5.739000000000000000e+03 2.290000000000000000e+03
5.827000000000000000e+03 2.316000000000000000e+03
5.766000000000000000e+03 2.212000000000000000e+03
5.911000000000000000e+03 2.289000000000000000e+03
5.872000000000000000e+03 2.110000000000000000e+03
5.836000000000000000e+03 2.068000000000000000e+03
5.688000000000000000e+03 2.177000000000000000e+03
5.705000000000000000e+03 2.144000000000000000e+03
6.707000000000000000e+03 2.088000000000000000e+03
7.112000000000000000e+03 2.071000000000000000e+03
7.117000000000000000e+03 2.090000000000000000e+03
6.603000000000000000e+03 2.093000000000000000e+03
6.566000000000000000e+03 2.034000000000000000e+03
6.754000000000000000e+03 2.056000000000000000e+03
6.608000000000000000e+03 2.210000000000000000e+03
6.874000000000000000e+03 2.270000000000000000e+03
6.707000000000000000e+03 2.113000000000000000e+03
6.855000000000000000e+03 2.183000000000000000e+03
6.878000000000000000e+03 2.217000000000000000e+03
6.791000000000000000e+03 2.278000000000000000e+03
6.783000000000000000e+03 2.234000000000000000e+03
6.771000000000000000e+03 2.276000000000000000e+03
6.714000000000000000e+03 2.242000000000000000e+03
6.522000000000000000e+03 2.310000000000000000e+03
6.598000000000000000e+03 2.233000000000000000e+03
6.598000000000000000e+03 2.315000000000000000e+03
6.580000000000000000e+03 2.290000000000000000e+03
6.507000000000000000e+03 2.300000000000000000e+03
6.469000000000000000e+03 2.271000000000000000e+03
6.195000000000000000e+03 2.408000000000000000e+03
6.213000000000000000e+03 2.395000000000000000e+03
6.602000000000000000e+03 2.197000000000000000e+03
6.993000000000000000e+03 2.088000000000000000e+03
6.286000000000000000e+03 2.301000000000000000e+03
6.352000000000000000e+03 2.181000000000000000e+03
6.824000000000000000e+03 2.142000000000000000e+03
6.866000000000000000e+03 2.122000000000000000e+03
6.834000000000000000e+03 2.055000000000000000e+03
6.872000000000000000e+03 2.088000000000000000e+03
6.006000000000000000e+03 2.490000000000000000e+03
2.480000000000000000e+03 2.101000000000000000e+03
3.182000000000000000e+03 2.179000000000000000e+03
5.918000000000000000e+03 2.688000000000000000e+03
6.072000000000000000e+03 2.795000000000000000e+03
5.995000000000000000e+03 2.690000000000000000e+03
6.014000000000000000e+03 2.707000000000000000e+03
5.481000000000000000e+03 2.671000000000000000e+03
6.180000000000000000e+03 2.873000000000000000e+03
6.183000000000000000e+03 2.807000000000000000e+03
6.261000000000000000e+03 2.837000000000000000e+03
6.442000000000000000e+03 2.944000000000000000e+03
6.276000000000000000e+03 2.923000000000000000e+03
6.377000000000000000e+03 2.901000000000000000e+03
6.368000000000000000e+03 2.911000000000000000e+03
2.259000000000000000e+03 2.214000000000000000e+03
2.307000000000000000e+03 2.243000000000000000e+03
2.412000000000000000e+03 2.211000000000000000e+03
2.347000000000000000e+03 2.068000000000000000e+03
2.291000000000000000e+03 2.021000000000000000e+03
2.217000000000000000e+03 2.119000000000000000e+03
2.725000000000000000e+03 2.023000000000000000e+03
2.522000000000000000e+03 2.175000000000000000e+03
6.482000000000000000e+03 2.542000000000000000e+03
6.564000000000000000e+03 2.537000000000000000e+03
6.395000000000000000e+03 2.427000000000000000e+03
6.332000000000000000e+03 2.440000000000000000e+03
6.537000000000000000e+03 2.735000000000000000e+03
6.612000000000000000e+03 2.663000000000000000e+03
6.595000000000000000e+03 2.555000000000000000e+03
6.579000000000000000e+03 2.624000000000000000e+03
2.037000000000000000e+03 2.009000000000000000e+03
1.971000000000000000e+03 2.274000000000000000e+03
1.999000000000000000e+03 2.275000000000000000e+03
2.067000000000000000e+03 2.318000000000000000e+03
2.071000000000000000e+03 2.326000000000000000e+03
3.153000000000000000e+03 2.468000000000000000e+03
2.129000000000000000e+03 2.325000000000000000e+03
1.895000000000000000e+03 2.021000000000000000e+03
1.978000000000000000e+03 1.984000000000000000e+03
2.622000000000000000e+03 1.945000000000000000e+03
1.874000000000000000e+03 2.050000000000000000e+03
2.023000000000000000e+03 2.140000000000000000e+03
2.621000000000000000e+03 2.248000000000000000e+03
1.981000000000000000e+03 2.127000000000000000e+03
1.926000000000000000e+03 2.103000000000000000e+03
2.225000000000000000e+03 2.467000000000000000e+03
2.244000000000000000e+03 2.383000000000000000e+03
2.269000000000000000e+03 2.376000000000000000e+03
2.189000000000000000e+03 2.276000000000000000e+03
2.448000000000000000e+03 2.370000000000000000e+03
3.320000000000000000e+03 2.397000000000000000e+03
2.430000000000000000e+03 2.458000000000000000e+03
2.336000000000000000e+03 2.424000000000000000e+03
1.963000000000000000e+03 1.934000000000000000e+03
3.582000000000000000e+03 2.165000000000000000e+03
2.309000000000000000e+03 1.714000000000000000e+03
2.233000000000000000e+03 1.798000000000000000e+03
2.151000000000000000e+03 2.010000000000000000e+03
2.099000000000000000e+03 2.066000000000000000e+03
2.304000000000000000e+03 2.027000000000000000e+03
2.812000000000000000e+03 2.108000000000000000e+03
3.939000000000000000e+03 1.835000000000000000e+03
4.754000000000000000e+03 1.929000000000000000e+03
3.934000000000000000e+03 1.864000000000000000e+03
4.162000000000000000e+03 1.886000000000000000e+03
2.457000000000000000e+03 1.714000000000000000e+03
2.408000000000000000e+03 1.818000000000000000e+03
2.592000000000000000e+03 1.633000000000000000e+03
2.497000000000000000e+03 1.434000000000000000e+03
2.785000000000000000e+03 2.085000000000000000e+03
2.793000000000000000e+03 1.976000000000000000e+03
2.927000000000000000e+03 2.126000000000000000e+03
3.310000000000000000e+03 1.986000000000000000e+03
5.396000000000000000e+03 2.009000000000000000e+03
5.427000000000000000e+03 2.168000000000000000e+03
2.614000000000000000e+03 1.968000000000000000e+03
4.234000000000000000e+03 2.022000000000000000e+03
3.061000000000000000e+03 1.502000000000000000e+03
2.587000000000000000e+03 1.342000000000000000e+03
2.328000000000000000e+03 1.378000000000000000e+03
2.415000000000000000e+03 1.405000000000000000e+03
2.410000000000000000e+03 1.539000000000000000e+03
2.384000000000000000e+03 1.508000000000000000e+03
2.340000000000000000e+03 1.515000000000000000e+03
2.376000000000000000e+03 1.431000000000000000e+03
2.729000000000000000e+03 2.243000000000000000e+03
2.775000000000000000e+03 2.189000000000000000e+03
2.667000000000000000e+03 2.098000000000000000e+03
2.616000000000000000e+03 1.981000000000000000e+03
2.911000000000000000e+03 2.137000000000000000e+03
4.727000000000000000e+03 2.420000000000000000e+03
2.934000000000000000e+03 2.102000000000000000e+03
3.512000000000000000e+03 2.246000000000000000e+03
6.548000000000000000e+03 3.217000000000000000e+03
6.581000000000000000e+03 3.179000000000000000e+03
6.776000000000000000e+03 3.014000000000000000e+03
6.760000000000000000e+03 3.174000000000000000e+03
6.503000000000000000e+03 3.209000000000000000e+03
6.483000000000000000e+03 3.174000000000000000e+03
6.424000000000000000e+03 3.137000000000000000e+03
7.003000000000000000e+03 3.077000000000000000e+03
7.021000000000000000e+03 3.008000000000000000e+03
6.820000000000000000e+03 3.020000000000000000e+03
6.975000000000000000e+03 3.062000000000000000e+03
7.158000000000000000e+03 3.020000000000000000e+03
7.195000000000000000e+03 3.088000000000000000e+03
7.229000000000000000e+03 3.049000000000000000e+03
7.229000000000000000e+03 3.135000000000000000e+03
6.917000000000000000e+03 3.159000000000000000e+03
6.064000000000000000e+03 2.690000000000000000e+03
6.890000000000000000e+03 3.182000000000000000e+03
6.751000000000000000e+03 3.190000000000000000e+03
7.082000000000000000e+03 3.163000000000000000e+03
7.127000000000000000e+03 3.150000000000000000e+03
7.058000000000000000e+03 3.150000000000000000e+03
6.879000000000000000e+03 3.179000000000000000e+03
7.244000000000000000e+03 2.723000000000000000e+03
7.169000000000000000e+03 2.661000000000000000e+03
7.070000000000000000e+03 2.659000000000000000e+03
7.115000000000000000e+03 2.653000000000000000e+03
6.845000000000000000e+03 2.638000000000000000e+03
6.975000000000000000e+03 2.675000000000000000e+03
6.716000000000000000e+03 2.677000000000000000e+03
6.758000000000000000e+03 2.670000000000000000e+03
6.020000000000000000e+03 3.233000000000000000e+03
7.116000000000000000e+03 3.011000000000000000e+03
7.226000000000000000e+03 2.995000000000000000e+03
7.086000000000000000e+03 2.918000000000000000e+03
7.056000000000000000e+03 2.945000000000000000e+03
6.967000000000000000e+03 2.929000000000000000e+03
6.955000000000000000e+03 2.905000000000000000e+03
6.215000000000000000e+03 2.869000000000000000e+03
6.760000000000000000e+03 2.922000000000000000e+03
6.315000000000000000e+03 2.894000000000000000e+03
6.902000000000000000e+03 2.932000000000000000e+03
6.409000000000000000e+03 2.928000000000000000e+03
6.086000000000000000e+03 2.956000000000000000e+03
6.419000000000000000e+03 2.896000000000000000e+03
6.584000000000000000e+03 2.928000000000000000e+03
6.973000000000000000e+03 2.787000000000000000e+03
5.425000000000000000e+03 2.724000000000000000e+03
6.911000000000000000e+03 2.791000000000000000e+03
6.916000000000000000e+03 2.793000000000000000e+03
7.088000000000000000e+03 2.792000000000000000e+03
7.040000000000000000e+03 2.804000000000000000e+03
7.157000000000000000e+03 2.791000000000000000e+03
7.204000000000000000e+03 2.790000000000000000e+03
5.741000000000000000e+03 2.594000000000000000e+03
6.167000000000000000e+03 2.772000000000000000e+03
6.718000000000000000e+03 2.804000000000000000e+03
6.685000000000000000e+03 2.804000000000000000e+03
5.825000000000000000e+03 2.616000000000000000e+03
5.815000000000000000e+03 2.723000000000000000e+03
6.778000000000000000e+03 2.783000000000000000e+03
6.825000000000000000e+03 2.812000000000000000e+03
7.059000000000000000e+03 3.441000000000000000e+03
6.956000000000000000e+03 3.460000000000000000e+03
6.948000000000000000e+03 3.448000000000000000e+03
6.965000000000000000e+03 3.442000000000000000e+03
7.069000000000000000e+03 3.388000000000000000e+03
7.076000000000000000e+03 3.430000000000000000e+03
7.163000000000000000e+03 3.430000000000000000e+03
5.681000000000000000e+03 3.058000000000000000e+03
5.810000000000000000e+03 3.169000000000000000e+03
6.680000000000000000e+03 3.483000000000000000e+03
6.733000000000000000e+03 3.501000000000000000e+03
6.797000000000000000e+03 3.448000000000000000e+03
6.763000000000000000e+03 3.431000000000000000e+03
5.791000000000000000e+03 3.125000000000000000e+03
5.727000000000000000e+03 3.156000000000000000e+03
6.825000000000000000e+03 3.589000000000000000e+03
6.597000000000000000e+03 3.534000000000000000e+03
6.465000000000000000e+03 3.595000000000000000e+03
5.921000000000000000e+03 3.624000000000000000e+03
6.409000000000000000e+03 3.273000000000000000e+03
6.271000000000000000e+03 3.245000000000000000e+03
5.312000000000000000e+03 2.986000000000000000e+03
6.132000000000000000e+03 3.296000000000000000e+03
7.042000000000000000e+03 3.584000000000000000e+03
7.026000000000000000e+03 3.577000000000000000e+03
7.163000000000000000e+03 3.583000000000000000e+03
7.111000000000000000e+03 3.499000000000000000e+03
5.974000000000000000e+03 3.213000000000000000e+03
5.846000000000000000e+03 3.188000000000000000e+03
6.946000000000000000e+03 3.611000000000000000e+03
6.876000000000000000e+03 3.649000000000000000e+03
5.501000000000000000e+03 3.789000000000000000e+03
6.641000000000000000e+03 3.674000000000000000e+03
4.091000000000000000e+03 2.378000000000000000e+03
5.464000000000000000e+03 3.243000000000000000e+03
7.002000000000000000e+03 3.283000000000000000e+03
7.096000000000000000e+03 3.316000000000000000e+03
7.199000000000000000e+03 3.287000000000000000e+03
7.152000000000000000e+03 3.245000000000000000e+03
6.806000000000000000e+03 3.712000000000000000e+03
6.411000000000000000e+03 3.794000000000000000e+03
6.285000000000000000e+03 3.713000000000000000e+03
6.908000000000000000e+03 3.790000000000000000e+03
7.141000000000000000e+03 3.697000000000000000e+03
7.084000000000000000e+03 3.763000000000000000e+03
6.735000000000000000e+03 3.824000000000000000e+03
7.001000000000000000e+03 3.792000000000000000e+03
6.927000000000000000e+03 3.290000000000000000e+03
6.352000000000000000e+03 3.361000000000000000e+03
6.830000000000000000e+03 3.315000000000000000e+03
6.272000000000000000e+03 3.201000000000000000e+03
6.133000000000000000e+03 3.598000000000000000e+03
6.466000000000000000e+03 3.673000000000000000e+03
6.274000000000000000e+03 3.893000000000000000e+03
6.790000000000000000e+03 3.781000000000000000e+03
6.983000000000000000e+03 3.830000000000000000e+03
6.550000000000000000e+03 3.858000000000000000e+03
6.880000000000000000e+03 3.857000000000000000e+03
6.266000000000000000e+03 3.834000000000000000e+03
7.098000000000000000e+03 3.806000000000000000e+03
7.107000000000000000e+03 3.828000000000000000e+03
7.188000000000000000e+03 3.705000000000000000e+03
7.194000000000000000e+03 3.769000000000000000e+03
1.909000000000000000e+03 2.871000000000000000e+03
3.048000000000000000e+03 2.236000000000000000e+03
2.459000000000000000e+03 2.307000000000000000e+03
4.984000000000000000e+03 2.873000000000000000e+03
5.220000000000000000e+03 2.753000000000000000e+03
1.687000000000000000e+03 2.880000000000000000e+03
1.610000000000000000e+03 2.859000000000000000e+03
2.593000000000000000e+03 2.281000000000000000e+03
2.571000000000000000e+03 2.209000000000000000e+03
2.510000000000000000e+03 2.151000000000000000e+03
2.483000000000000000e+03 2.153000000000000000e+03
3.002000000000000000e+03 2.180000000000000000e+03
2.861000000000000000e+03 1.998000000000000000e+03
2.384000000000000000e+03 1.844000000000000000e+03
2.400000000000000000e+03 1.909000000000000000e+03
1.123000000000000000e+03 2.883000000000000000e+03
1.071000000000000000e+03 2.809000000000000000e+03
1.123000000000000000e+03 2.835000000000000000e+03
1.213000000000000000e+03 2.705000000000000000e+03
2.106000000000000000e+03 2.684000000000000000e+03
2.569000000000000000e+03 2.994000000000000000e+03
2.245000000000000000e+03 2.708000000000000000e+03
1.392000000000000000e+03 2.685000000000000000e+03
1.506000000000000000e+03 2.829000000000000000e+03
1.360000000000000000e+03 2.845000000000000000e+03
3.166000000000000000e+03 3.111000000000000000e+03
1.430000000000000000e+03 3.191000000000000000e+03
9.800000000000000000e+02 3.043000000000000000e+03
9.690000000000000000e+02 2.946000000000000000e+03
1.221000000000000000e+03 2.878000000000000000e+03
1.169000000000000000e+03 2.852000000000000000e+03
1.758000000000000000e+03 3.012000000000000000e+03
1.683000000000000000e+03 3.025000000000000000e+03
1.883000000000000000e+03 2.829000000000000000e+03
2.028000000000000000e+03 2.877000000000000000e+03
3.718000000000000000e+03 2.862000000000000000e+03
4.075000000000000000e+03 2.757000000000000000e+03
2.012000000000000000e+03 2.842000000000000000e+03
1.702000000000000000e+03 2.700000000000000000e+03
1.605000000000000000e+03 2.785000000000000000e+03
1.781000000000000000e+03 2.633000000000000000e+03
1.627000000000000000e+03 2.905000000000000000e+03
1.952000000000000000e+03 2.678000000000000000e+03
1.874000000000000000e+03 2.695000000000000000e+03
2.912000000000000000e+03 2.805000000000000000e+03
1.942000000000000000e+03 2.778000000000000000e+03
2.674000000000000000e+03 4.139000000000000000e+03
3.586000000000000000e+03 3.821000000000000000e+03
2.899000000000000000e+03 3.297000000000000000e+03
2.909000000000000000e+03 3.772000000000000000e+03
1.293000000000000000e+03 4.118000000000000000e+03
1.319000000000000000e+03 4.521000000000000000e+03
1.389000000000000000e+03 3.157000000000000000e+03
2.806000000000000000e+03 3.413000000000000000e+03
2.730000000000000000e+03 3.393000000000000000e+03
2.006000000000000000e+03 2.997000000000000000e+03
4.519000000000000000e+03 3.752000000000000000e+03
1.890000000000000000e+03 3.583000000000000000e+03
2.717000000000000000e+03 3.114000000000000000e+03
4.055000000000000000e+03 3.983000000000000000e+03
2.131000000000000000e+03 3.109000000000000000e+03
4.903000000000000000e+03 2.774000000000000000e+03
7.363000000000000000e+03 3.192000000000000000e+03
7.399000000000000000e+03 3.358000000000000000e+03
7.358000000000000000e+03 3.334000000000000000e+03
7.332000000000000000e+03 3.466000000000000000e+03
7.358000000000000000e+03 3.453000000000000000e+03
7.378000000000000000e+03 3.380000000000000000e+03
7.360000000000000000e+03 3.510000000000000000e+03
7.385000000000000000e+03 2.928000000000000000e+03
7.444000000000000000e+03 2.993000000000000000e+03
7.426000000000000000e+03 2.718000000000000000e+03
7.406000000000000000e+03 2.497000000000000000e+03
7.463000000000000000e+03 2.488000000000000000e+03
7.059000000000000000e+03 2.832000000000000000e+03
7.432000000000000000e+03 2.477000000000000000e+03
7.435000000000000000e+03 2.889000000000000000e+03
7.368000000000000000e+03 2.637000000000000000e+03
7.405000000000000000e+03 2.429000000000000000e+03
7.327000000000000000e+03 2.467000000000000000e+03
7.401000000000000000e+03 2.381000000000000000e+03
7.461000000000000000e+03 2.519000000000000000e+03
7.239000000000000000e+03 2.375000000000000000e+03
7.319000000000000000e+03 2.569000000000000000e+03
7.359000000000000000e+03 2.850000000000000000e+03
7.454000000000000000e+03 2.509000000000000000e+03
7.443000000000000000e+03 2.727000000000000000e+03
7.300000000000000000e+03 2.546000000000000000e+03
7.404000000000000000e+03 2.747000000000000000e+03
7.383000000000000000e+03 2.831000000000000000e+03
7.425000000000000000e+03 3.071000000000000000e+03
7.371000000000000000e+03 3.046000000000000000e+03
7.346000000000000000e+03 3.112000000000000000e+03
7.441000000000000000e+03 3.894000000000000000e+03
7.423000000000000000e+03 3.812000000000000000e+03
7.179000000000000000e+03 3.893000000000000000e+03
7.449000000000000000e+03 4.023000000000000000e+03
7.112000000000000000e+03 3.318000000000000000e+03
7.446000000000000000e+03 3.196000000000000000e+03
7.455000000000000000e+03 4.264000000000000000e+03
7.445000000000000000e+03 3.960000000000000000e+03
7.403000000000000000e+03 4.466000000000000000e+03
7.419000000000000000e+03 4.231000000000000000e+03
7.440000000000000000e+03 4.250000000000000000e+03
7.387000000000000000e+03 4.188000000000000000e+03
6.706000000000000000e+03 5.010000000000000000e+03
7.419000000000000000e+03 4.695000000000000000e+03
7.442000000000000000e+03 4.457000000000000000e+03
7.440000000000000000e+03 4.804000000000000000e+03
7.339000000000000000e+03 3.828000000000000000e+03
7.420000000000000000e+03 3.672000000000000000e+03
7.355000000000000000e+03 3.704000000000000000e+03
7.394000000000000000e+03 3.665000000000000000e+03
7.411000000000000000e+03 4.093000000000000000e+03
7.371000000000000000e+03 3.897000000000000000e+03
7.383000000000000000e+03 4.005000000000000000e+03
7.377000000000000000e+03 4.012000000000000000e+03
7.329000000000000000e+03 3.615000000000000000e+03
7.397000000000000000e+03 3.483000000000000000e+03
7.353000000000000000e+03 3.637000000000000000e+03
7.404000000000000000e+03 3.594000000000000000e+03
7.354000000000000000e+03 3.464000000000000000e+03
7.357000000000000000e+03 3.469000000000000000e+03
7.404000000000000000e+03 3.425000000000000000e+03
7.321000000000000000e+03 3.506000000000000000e+03
6.669000000000000000e+03 4.568000000000000000e+03
7.228000000000000000e+03 4.560000000000000000e+03
7.151000000000000000e+03 4.516000000000000000e+03
7.254000000000000000e+03 4.506000000000000000e+03
7.353000000000000000e+03 4.644000000000000000e+03
7.301000000000000000e+03 4.590000000000000000e+03
7.359000000000000000e+03 4.519000000000000000e+03
6.737000000000000000e+03 4.627000000000000000e+03
7.097000000000000000e+03 4.665000000000000000e+03
7.090000000000000000e+03 5.130000000000000000e+03
7.130000000000000000e+03 4.970000000000000000e+03
5.982000000000000000e+03 5.124000000000000000e+03
6.514000000000000000e+03 4.798000000000000000e+03
7.067000000000000000e+03 4.683000000000000000e+03
6.667000000000000000e+03 4.753000000000000000e+03
7.366000000000000000e+03 5.093000000000000000e+03
7.408000000000000000e+03 4.990000000000000000e+03
7.301000000000000000e+03 4.965000000000000000e+03
7.314000000000000000e+03 5.014000000000000000e+03
7.229000000000000000e+03 5.140000000000000000e+03
7.229000000000000000e+03 5.199000000000000000e+03
7.256000000000000000e+03 5.118000000000000000e+03
7.199000000000000000e+03 5.059000000000000000e+03
7.223000000000000000e+03 4.767000000000000000e+03
7.361000000000000000e+03 4.841000000000000000e+03
7.251000000000000000e+03 4.776000000000000000e+03
7.362000000000000000e+03 4.756000000000000000e+03
7.181000000000000000e+03 4.836000000000000000e+03
7.160000000000000000e+03 4.882000000000000000e+03
7.242000000000000000e+03 4.738000000000000000e+03
7.236000000000000000e+03 4.788000000000000000e+03
6.912000000000000000e+03 5.377000000000000000e+03
7.412000000000000000e+03 5.446000000000000000e+03
6.938000000000000000e+03 5.440000000000000000e+03
7.182000000000000000e+03 5.728000000000000000e+03
7.194000000000000000e+03 5.680000000000000000e+03
7.168000000000000000e+03 5.622000000000000000e+03
7.278000000000000000e+03 5.607000000000000000e+03
7.416000000000000000e+03 5.396000000000000000e+03
7.359000000000000000e+03 5.338000000000000000e+03
7.296000000000000000e+03 5.327000000000000000e+03
7.334000000000000000e+03 5.297000000000000000e+03
7.382000000000000000e+03 5.262000000000000000e+03
7.339000000000000000e+03 5.228000000000000000e+03
7.448000000000000000e+03 5.218000000000000000e+03
7.413000000000000000e+03 5.179000000000000000e+03
7.277000000000000000e+03 5.523000000000000000e+03
7.315000000000000000e+03 5.469000000000000000e+03
7.152000000000000000e+03 5.508000000000000000e+03
7.229000000000000000e+03 5.478000000000000000e+03
4.783000000000000000e+03 5.054000000000000000e+03
4.802000000000000000e+03 5.124000000000000000e+03
6.625000000000000000e+03 5.344000000000000000e+03
4.457000000000000000e+03 5.044000000000000000e+03
5.604000000000000000e+03 5.645000000000000000e+03
5.609000000000000000e+03 5.699000000000000000e+03
5.819000000000000000e+03 5.684000000000000000e+03
5.801000000000000000e+03 5.622000000000000000e+03
5.557000000000000000e+03 5.657000000000000000e+03
5.463000000000000000e+03 5.568000000000000000e+03
5.589000000000000000e+03 5.602000000000000000e+03
5.570000000000000000e+03 5.539000000000000000e+03
5.864000000000000000e+03 5.181000000000000000e+03
5.635000000000000000e+03 6.170000000000000000e+03
5.740000000000000000e+03 4.171000000000000000e+03
5.547000000000000000e+03 4.966000000000000000e+03
5.538000000000000000e+03 4.962000000000000000e+03
5.475000000000000000e+03 5.382000000000000000e+03
5.550000000000000000e+03 5.333000000000000000e+03
6.075000000000000000e+03 4.474000000000000000e+03
5.987000000000000000e+03 4.424000000000000000e+03
6.098000000000000000e+03 4.424000000000000000e+03
6.055000000000000000e+03 4.653000000000000000e+03
5.583000000000000000e+03 4.377000000000000000e+03
5.765000000000000000e+03 4.415000000000000000e+03
5.406000000000000000e+03 4.355000000000000000e+03
5.524000000000000000e+03 4.392000000000000000e+03
6.646000000000000000e+03 4.446000000000000000e+03
6.631000000000000000e+03 4.467000000000000000e+03
6.645000000000000000e+03 4.573000000000000000e+03
6.703000000000000000e+03 4.547000000000000000e+03
6.543000000000000000e+03 4.412000000000000000e+03
6.418000000000000000e+03 4.396000000000000000e+03
6.223000000000000000e+03 4.313000000000000000e+03
6.362000000000000000e+03 4.365000000000000000e+03
6.897000000000000000e+03 4.536000000000000000e+03
6.743000000000000000e+03 4.653000000000000000e+03
6.867000000000000000e+03 4.503000000000000000e+03
6.843000000000000000e+03 4.391000000000000000e+03
6.756000000000000000e+03 4.323000000000000000e+03
6.876000000000000000e+03 4.429000000000000000e+03
6.236000000000000000e+03 4.333000000000000000e+03
6.650000000000000000e+03 4.346000000000000000e+03
5.616000000000000000e+03 6.130000000000000000e+03
5.733000000000000000e+03 6.146000000000000000e+03
5.682000000000000000e+03 6.075000000000000000e+03
5.617000000000000000e+03 6.103000000000000000e+03
5.680000000000000000e+03 6.199000000000000000e+03
5.794000000000000000e+03 6.235000000000000000e+03
5.874000000000000000e+03 6.177000000000000000e+03
5.806000000000000000e+03 6.205000000000000000e+03
5.652000000000000000e+03 6.026000000000000000e+03
5.575000000000000000e+03 6.011000000000000000e+03
5.574000000000000000e+03 5.897000000000000000e+03
5.607000000000000000e+03 5.984000000000000000e+03
5.772000000000000000e+03 5.889000000000000000e+03
5.683000000000000000e+03 5.890000000000000000e+03
5.823000000000000000e+03 6.056000000000000000e+03
5.773000000000000000e+03 5.989000000000000000e+03
5.759000000000000000e+03 6.377000000000000000e+03
5.687000000000000000e+03 6.310000000000000000e+03
5.790000000000000000e+03 6.452000000000000000e+03
5.705000000000000000e+03 6.481000000000000000e+03
5.873000000000000000e+03 6.408000000000000000e+03
5.880000000000000000e+03 6.313000000000000000e+03
5.864000000000000000e+03 6.493000000000000000e+03
5.863000000000000000e+03 6.470000000000000000e+03
5.503000000000000000e+03 6.418000000000000000e+03
5.548000000000000000e+03 6.442000000000000000e+03
5.602000000000000000e+03 6.376000000000000000e+03
5.564000000000000000e+03 6.309000000000000000e+03
5.655000000000000000e+03 6.552000000000000000e+03
5.784000000000000000e+03 6.539000000000000000e+03
5.582000000000000000e+03 6.510000000000000000e+03
5.564000000000000000e+03 6.562000000000000000e+03
5.571000000000000000e+03 4.869000000000000000e+03
5.605000000000000000e+03 4.774000000000000000e+03
5.676000000000000000e+03 4.740000000000000000e+03
5.550000000000000000e+03 5.203000000000000000e+03
5.599000000000000000e+03 4.924000000000000000e+03
5.553000000000000000e+03 4.799000000000000000e+03
5.513000000000000000e+03 4.793000000000000000e+03
5.468000000000000000e+03 5.102000000000000000e+03
5.402000000000000000e+03 5.199000000000000000e+03
5.308000000000000000e+03 5.177000000000000000e+03
5.273000000000000000e+03 5.068000000000000000e+03
5.485000000000000000e+03 5.029000000000000000e+03
5.380000000000000000e+03 4.924000000000000000e+03
5.337000000000000000e+03 5.028000000000000000e+03
5.503000000000000000e+03 5.004000000000000000e+03
5.844000000000000000e+03 4.557000000000000000e+03
5.900000000000000000e+03 4.672000000000000000e+03
5.524000000000000000e+03 4.881000000000000000e+03
5.579000000000000000e+03 4.850000000000000000e+03
5.581000000000000000e+03 5.253000000000000000e+03
5.593000000000000000e+03 5.215000000000000000e+03
5.607000000000000000e+03 5.052000000000000000e+03
5.556000000000000000e+03 4.985000000000000000e+03
5.479000000000000000e+03 5.284000000000000000e+03
5.475000000000000000e+03 5.335000000000000000e+03
5.514000000000000000e+03 5.386000000000000000e+03
5.466000000000000000e+03 5.532000000000000000e+03
5.283000000000000000e+03 5.254000000000000000e+03
5.282000000000000000e+03 5.355000000000000000e+03
5.380000000000000000e+03 5.408000000000000000e+03
5.307000000000000000e+03 5.439000000000000000e+03
4.985000000000000000e+03 5.284000000000000000e+03
5.120000000000000000e+03 5.133000000000000000e+03
5.069000000000000000e+03 5.095000000000000000e+03
5.058000000000000000e+03 5.304000000000000000e+03
5.068000000000000000e+03 5.228000000000000000e+03
5.148000000000000000e+03 5.326000000000000000e+03
5.075000000000000000e+03 5.455000000000000000e+03
5.347000000000000000e+03 4.573000000000000000e+03
5.553000000000000000e+03 4.647000000000000000e+03
5.391000000000000000e+03 4.782000000000000000e+03
5.540000000000000000e+03 4.766000000000000000e+03
5.396000000000000000e+03 4.462000000000000000e+03
5.332000000000000000e+03 4.367000000000000000e+03
5.220000000000000000e+03 4.392000000000000000e+03
5.285000000000000000e+03 4.425000000000000000e+03
5.208000000000000000e+03 4.855000000000000000e+03
5.040000000000000000e+03 4.761000000000000000e+03
5.079000000000000000e+03 4.869000000000000000e+03
5.143000000000000000e+03 4.937000000000000000e+03
5.112000000000000000e+03 4.502000000000000000e+03
5.054000000000000000e+03 4.402000000000000000e+03
5.106000000000000000e+03 4.565000000000000000e+03
5.088000000000000000e+03 4.636000000000000000e+03
5.188000000000000000e+03 4.750000000000000000e+03
5.206000000000000000e+03 4.672000000000000000e+03
5.282000000000000000e+03 4.671000000000000000e+03
5.453000000000000000e+03 4.686000000000000000e+03
5.314000000000000000e+03 4.889000000000000000e+03
5.222000000000000000e+03 4.888000000000000000e+03
5.248000000000000000e+03 4.992000000000000000e+03
5.154000000000000000e+03 4.944000000000000000e+03
6.561000000000000000e+03 4.183000000000000000e+03
6.589000000000000000e+03 4.225000000000000000e+03
6.671000000000000000e+03 4.226000000000000000e+03
6.810000000000000000e+03 4.062000000000000000e+03
6.746000000000000000e+03 4.048000000000000000e+03
6.715000000000000000e+03 4.166000000000000000e+03
6.806000000000000000e+03 4.130000000000000000e+03
6.398000000000000000e+03 4.187000000000000000e+03
6.587000000000000000e+03 4.065000000000000000e+03
6.618000000000000000e+03 3.965000000000000000e+03
6.673000000000000000e+03 3.922000000000000000e+03
6.248000000000000000e+03 4.148000000000000000e+03
6.429000000000000000e+03 4.111000000000000000e+03
6.468000000000000000e+03 4.114000000000000000e+03
6.154000000000000000e+03 4.220000000000000000e+03
6.119000000000000000e+03 4.090000000000000000e+03
6.063000000000000000e+03 4.090000000000000000e+03
6.108000000000000000e+03 3.940000000000000000e+03
6.029000000000000000e+03 4.004000000000000000e+03
6.322000000000000000e+03 3.817000000000000000e+03
6.328000000000000000e+03 3.847000000000000000e+03
6.147000000000000000e+03 3.879000000000000000e+03
6.094000000000000000e+03 3.818000000000000000e+03
6.401000000000000000e+03 3.950000000000000000e+03
6.392000000000000000e+03 3.959000000000000000e+03
6.268000000000000000e+03 4.012000000000000000e+03
6.297000000000000000e+03 4.057000000000000000e+03
6.496000000000000000e+03 3.899000000000000000e+03
6.452000000000000000e+03 3.861000000000000000e+03
6.593000000000000000e+03 3.852000000000000000e+03
6.527000000000000000e+03 3.800000000000000000e+03
5.673000000000000000e+03 4.552000000000000000e+03
5.991000000000000000e+03 4.247000000000000000e+03
5.975000000000000000e+03 3.991000000000000000e+03
5.867000000000000000e+03 4.025000000000000000e+03
5.794000000000000000e+03 4.287000000000000000e+03
5.714000000000000000e+03 4.374000000000000000e+03
5.917000000000000000e+03 4.257000000000000000e+03
6.110000000000000000e+03 4.217000000000000000e+03
5.912000000000000000e+03 4.370000000000000000e+03
6.204000000000000000e+03 4.441000000000000000e+03
5.748000000000000000e+03 5.019000000000000000e+03
5.917000000000000000e+03 4.841000000000000000e+03
5.863000000000000000e+03 4.607000000000000000e+03
5.569000000000000000e+03 4.601000000000000000e+03
5.854000000000000000e+03 4.106000000000000000e+03
5.768000000000000000e+03 4.241000000000000000e+03
6.322000000000000000e+03 4.354000000000000000e+03
6.344000000000000000e+03 4.232000000000000000e+03
6.220000000000000000e+03 4.194000000000000000e+03
6.255000000000000000e+03 4.207000000000000000e+03
5.799000000000000000e+03 4.511000000000000000e+03
5.893000000000000000e+03 4.523000000000000000e+03
6.257000000000000000e+03 4.416000000000000000e+03
6.250000000000000000e+03 4.412000000000000000e+03
5.993000000000000000e+03 3.913000000000000000e+03
5.924000000000000000e+03 3.792000000000000000e+03
5.861000000000000000e+03 3.861000000000000000e+03
5.872000000000000000e+03 3.844000000000000000e+03
5.740000000000000000e+03 3.918000000000000000e+03
5.738000000000000000e+03 3.990000000000000000e+03
5.816000000000000000e+03 4.325000000000000000e+03
5.585000000000000000e+03 4.088000000000000000e+03
4.185000000000000000e+03 6.523000000000000000e+03
5.877000000000000000e+03 6.808000000000000000e+03
6.519000000000000000e+03 6.435000000000000000e+03
4.628000000000000000e+03 6.631000000000000000e+03
4.714000000000000000e+03 7.063000000000000000e+03
4.880000000000000000e+03 7.062000000000000000e+03
4.642000000000000000e+03 6.762000000000000000e+03
4.698000000000000000e+03 6.907000000000000000e+03
4.837000000000000000e+03 6.843000000000000000e+03
5.598000000000000000e+03 6.546000000000000000e+03
4.772000000000000000e+03 6.853000000000000000e+03
4.619000000000000000e+03 6.688000000000000000e+03
4.728000000000000000e+03 6.902000000000000000e+03
4.616000000000000000e+03 6.909000000000000000e+03
4.276000000000000000e+03 6.715000000000000000e+03
6.475000000000000000e+03 6.827000000000000000e+03
6.433000000000000000e+03 6.462000000000000000e+03
7.010000000000000000e+03 6.439000000000000000e+03
6.480000000000000000e+03 6.829000000000000000e+03
6.715000000000000000e+03 6.104000000000000000e+03
7.017000000000000000e+03 6.185000000000000000e+03
5.683000000000000000e+03 6.089000000000000000e+03
6.141000000000000000e+03 6.274000000000000000e+03
5.104000000000000000e+03 6.643000000000000000e+03
5.073000000000000000e+03 6.709000000000000000e+03
5.169000000000000000e+03 6.619000000000000000e+03
5.232000000000000000e+03 6.592000000000000000e+03
4.947000000000000000e+03 6.782000000000000000e+03
5.080000000000000000e+03 6.804000000000000000e+03
4.992000000000000000e+03 6.727000000000000000e+03
5.100000000000000000e+03 6.651000000000000000e+03
5.840000000000000000e+02 5.879000000000000000e+03
7.670000000000000000e+02 6.020000000000000000e+03
6.370000000000000000e+02 6.108000000000000000e+03
4.450000000000000000e+02 6.287000000000000000e+03
3.380000000000000000e+02 6.453000000000000000e+03
3.000000000000000000e+03 6.829000000000000000e+03
1.019000000000000000e+03 5.858000000000000000e+03
4.587000000000000000e+03 7.011000000000000000e+03
4.652000000000000000e+03 7.104000000000000000e+03
4.604000000000000000e+03 7.177000000000000000e+03
4.576000000000000000e+03 7.100000000000000000e+03
4.630000000000000000e+03 7.322000000000000000e+03
4.656000000000000000e+03 7.304000000000000000e+03
4.682000000000000000e+03 6.915000000000000000e+03
4.751000000000000000e+03 7.064000000000000000e+03
1.434000000000000000e+03 5.789000000000000000e+03
1.208000000000000000e+03 6.169000000000000000e+03
1.553000000000000000e+03 5.881000000000000000e+03
1.356000000000000000e+03 6.109000000000000000e+03
1.522000000000000000e+03 5.109000000000000000e+03
1.277000000000000000e+03 4.742000000000000000e+03
1.432000000000000000e+03 5.364000000000000000e+03
1.617000000000000000e+03 5.594000000000000000e+03
3.764000000000000000e+03 7.093000000000000000e+03
3.820000000000000000e+03 7.040000000000000000e+03
3.769000000000000000e+03 7.252000000000000000e+03
3.544000000000000000e+03 7.123000000000000000e+03
3.971000000000000000e+03 7.057000000000000000e+03
3.909000000000000000e+03 6.783000000000000000e+03
3.129000000000000000e+03 6.382000000000000000e+03
3.291000000000000000e+03 6.567000000000000000e+03
5.899000000000000000e+03 7.435000000000000000e+03
5.786000000000000000e+03 7.416000000000000000e+03
5.868000000000000000e+03 7.436000000000000000e+03
5.884000000000000000e+03 7.406000000000000000e+03
5.986000000000000000e+03 7.379000000000000000e+03
5.987000000000000000e+03 7.332000000000000000e+03
6.085000000000000000e+03 7.371000000000000000e+03
5.063000000000000000e+03 7.127000000000000000e+03
5.103000000000000000e+03 7.040000000000000000e+03
5.190000000000000000e+03 7.156000000000000000e+03
5.152000000000000000e+03 7.212000000000000000e+03
5.603000000000000000e+03 6.817000000000000000e+03
5.449000000000000000e+03 7.195000000000000000e+03
5.288000000000000000e+03 7.251000000000000000e+03
5.319000000000000000e+03 7.245000000000000000e+03
5.112000000000000000e+03 6.862000000000000000e+03
5.100000000000000000e+03 6.952000000000000000e+03
5.140000000000000000e+03 6.904000000000000000e+03
5.260000000000000000e+03 6.919000000000000000e+03
5.241000000000000000e+03 6.784000000000000000e+03
5.325000000000000000e+03 6.814000000000000000e+03
5.428000000000000000e+03 6.735000000000000000e+03
5.332000000000000000e+03 6.775000000000000000e+03
5.458000000000000000e+03 5.646000000000000000e+03
6.582000000000000000e+03 5.810000000000000000e+03
5.557000000000000000e+03 6.167000000000000000e+03
6.504000000000000000e+03 5.584000000000000000e+03
6.186000000000000000e+03 5.629000000000000000e+03
5.749000000000000000e+03 6.623000000000000000e+03
5.925000000000000000e+03 5.778000000000000000e+03
5.963000000000000000e+03 5.365000000000000000e+03
5.603000000000000000e+03 5.976000000000000000e+03
5.648000000000000000e+03 6.348000000000000000e+03
5.905000000000000000e+03 6.349000000000000000e+03
5.798000000000000000e+03 6.554000000000000000e+03
5.487000000000000000e+03 6.937000000000000000e+03
5.322000000000000000e+03 6.993000000000000000e+03
5.457000000000000000e+03 6.831000000000000000e+03
5.499000000000000000e+03 6.744000000000000000e+03
5.616000000000000000e+03 6.946000000000000000e+03
5.601000000000000000e+03 6.873000000000000000e+03
5.344000000000000000e+03 7.369000000000000000e+03
5.211000000000000000e+03 7.397000000000000000e+03
5.461000000000000000e+03 7.096000000000000000e+03
5.393000000000000000e+03 7.114000000000000000e+03
5.319000000000000000e+03 7.117000000000000000e+03
5.236000000000000000e+03 7.071000000000000000e+03
5.778000000000000000e+03 7.258000000000000000e+03
5.759000000000000000e+03 7.292000000000000000e+03
5.512000000000000000e+03 7.387000000000000000e+03
5.601000000000000000e+03 7.340000000000000000e+03
5.518000000000000000e+03 7.349000000000000000e+03
5.410000000000000000e+03 7.371000000000000000e+03
5.230000000000000000e+03 7.408000000000000000e+03
5.622000000000000000e+03 7.295000000000000000e+03
5.565000000000000000e+03 6.826000000000000000e+03
5.671000000000000000e+03 6.432000000000000000e+03
5.672000000000000000e+03 6.711000000000000000e+03
5.655000000000000000e+03 6.720000000000000000e+03
5.959000000000000000e+03 5.607000000000000000e+03
5.396000000000000000e+03 6.801000000000000000e+03
5.246000000000000000e+03 6.887000000000000000e+03
5.286000000000000000e+03 6.921000000000000000e+03
1.321000000000000000e+03 5.718000000000000000e+03
4.352000000000000000e+03 7.063000000000000000e+03
4.283000000000000000e+03 7.072000000000000000e+03
4.610000000000000000e+02 5.535000000000000000e+03
3.560000000000000000e+02 5.552000000000000000e+03
5.820000000000000000e+02 5.542000000000000000e+03
4.760000000000000000e+02 5.554000000000000000e+03
4.306000000000000000e+03 6.778000000000000000e+03
4.252000000000000000e+03 6.773000000000000000e+03
4.239000000000000000e+03 6.606000000000000000e+03
4.307000000000000000e+03 6.663000000000000000e+03
4.233000000000000000e+03 6.427000000000000000e+03
4.281000000000000000e+03 6.393000000000000000e+03
4.347000000000000000e+03 6.311000000000000000e+03
4.367000000000000000e+03 6.392000000000000000e+03
3.641000000000000000e+03 6.825000000000000000e+03
9.450000000000000000e+02 5.720000000000000000e+03
7.290000000000000000e+02 5.510000000000000000e+03
7.460000000000000000e+02 5.546000000000000000e+03
4.231000000000000000e+03 6.163000000000000000e+03
4.305000000000000000e+03 6.189000000000000000e+03
2.166000000000000000e+03 6.092000000000000000e+03
1.149000000000000000e+03 5.577000000000000000e+03
3.762000000000000000e+03 6.806000000000000000e+03
2.886000000000000000e+03 6.584000000000000000e+03
4.052000000000000000e+03 7.136000000000000000e+03
4.278000000000000000e+03 6.576000000000000000e+03
3.828000000000000000e+03 6.547000000000000000e+03
2.814000000000000000e+03 5.804000000000000000e+03
2.803000000000000000e+03 6.320000000000000000e+03
2.997000000000000000e+03 6.344000000000000000e+03
4.283000000000000000e+03 5.805000000000000000e+03
4.757000000000000000e+03 5.744000000000000000e+03
4.769000000000000000e+03 5.732000000000000000e+03
4.807000000000000000e+03 5.454000000000000000e+03
4.498000000000000000e+03 5.832000000000000000e+03
4.227000000000000000e+03 5.774000000000000000e+03
4.291000000000000000e+03 5.792000000000000000e+03
2.892000000000000000e+03 5.385000000000000000e+03
2.480000000000000000e+03 5.502000000000000000e+03
3.133000000000000000e+03 5.428000000000000000e+03
1.812000000000000000e+03 5.576000000000000000e+03
1.555000000000000000e+03 5.524000000000000000e+03
1.691000000000000000e+03 5.514000000000000000e+03
2.216000000000000000e+03 5.510000000000000000e+03
1.368000000000000000e+03 5.550000000000000000e+03
4.559000000000000000e+03 6.742000000000000000e+03
4.533000000000000000e+03 6.824000000000000000e+03
4.433000000000000000e+03 6.804000000000000000e+03
4.406000000000000000e+03 6.807000000000000000e+03
4.625000000000000000e+03 6.713000000000000000e+03
4.628000000000000000e+03 6.624000000000000000e+03
4.480000000000000000e+03 6.578000000000000000e+03
4.386000000000000000e+03 6.554000000000000000e+03
4.556000000000000000e+03 6.477000000000000000e+03
4.588000000000000000e+03 6.433000000000000000e+03
4.626000000000000000e+03 6.374000000000000000e+03
4.549000000000000000e+03 6.366000000000000000e+03
4.429000000000000000e+03 6.584000000000000000e+03
4.454000000000000000e+03 6.652000000000000000e+03
4.544000000000000000e+03 6.560000000000000000e+03
4.500000000000000000e+03 6.605000000000000000e+03
5.454000000000000000e+03 5.101000000000000000e+03
5.393000000000000000e+03 5.022000000000000000e+03
4.735000000000000000e+03 6.741000000000000000e+03
4.469000000000000000e+03 7.198000000000000000e+03
4.526000000000000000e+03 7.317000000000000000e+03
4.456000000000000000e+03 7.205000000000000000e+03
4.434000000000000000e+03 7.016000000000000000e+03
4.469000000000000000e+03 6.170000000000000000e+03
4.515000000000000000e+03 6.087000000000000000e+03
4.445000000000000000e+03 6.273000000000000000e+03
4.471000000000000000e+03 6.232000000000000000e+03
4.549000000000000000e+03 5.871000000000000000e+03
4.515000000000000000e+03 5.926000000000000000e+03
5.249000000000000000e+03 5.104000000000000000e+03
4.575000000000000000e+03 6.007000000000000000e+03
2.254000000000000000e+03 5.275000000000000000e+03
1.496000000000000000e+03 5.552000000000000000e+03
7.830000000000000000e+02 5.487000000000000000e+03
3.810000000000000000e+02 5.424000000000000000e+03
3.430000000000000000e+02 5.235000000000000000e+03
3.010000000000000000e+02 5.176000000000000000e+03
3.100000000000000000e+02 5.301000000000000000e+03
3.610000000000000000e+02 5.338000000000000000e+03
4.690000000000000000e+02 4.849000000000000000e+03
3.040000000000000000e+02 4.838000000000000000e+03
1.564000000000000000e+03 4.673000000000000000e+03
3.330000000000000000e+02 4.930000000000000000e+03
2.580000000000000000e+03 5.265000000000000000e+03
1.546000000000000000e+03 5.330000000000000000e+03
1.041000000000000000e+03 4.933000000000000000e+03
4.060000000000000000e+02 5.167000000000000000e+03
4.738000000000000000e+03 6.017000000000000000e+03
4.645000000000000000e+03 6.047000000000000000e+03
4.473000000000000000e+03 6.087000000000000000e+03
4.698000000000000000e+03 6.160000000000000000e+03
4.553000000000000000e+03 6.264000000000000000e+03
4.623000000000000000e+03 6.215000000000000000e+03
4.652000000000000000e+03 6.230000000000000000e+03
4.646000000000000000e+03 6.192000000000000000e+03
4.331000000000000000e+03 5.811000000000000000e+03
4.365000000000000000e+03 5.695000000000000000e+03
4.439000000000000000e+03 5.761000000000000000e+03
4.492000000000000000e+03 5.796000000000000000e+03
4.342000000000000000e+03 6.015000000000000000e+03
4.320000000000000000e+03 5.911000000000000000e+03
4.324000000000000000e+03 6.074000000000000000e+03
4.339000000000000000e+03 6.184000000000000000e+03
4.632000000000000000e+03 5.982000000000000000e+03
4.628000000000000000e+03 6.000000000000000000e+03
4.702000000000000000e+03 5.884000000000000000e+03
4.662000000000000000e+03 5.998000000000000000e+03
4.871000000000000000e+03 5.817000000000000000e+03
4.925000000000000000e+03 5.877000000000000000e+03
4.775000000000000000e+03 5.816000000000000000e+03
4.828000000000000000e+03 5.789000000000000000e+03
4.668000000000000000e+03 6.148000000000000000e+03
4.733000000000000000e+03 6.122000000000000000e+03
4.790000000000000000e+03 6.138000000000000000e+03
4.800000000000000000e+03 6.029000000000000000e+03
4.929000000000000000e+03 5.943000000000000000e+03
4.899000000000000000e+03 6.007000000000000000e+03
4.979000000000000000e+03 5.913000000000000000e+03
5.034000000000000000e+03 5.953000000000000000e+03
2.545000000000000000e+03 8.000000000000000000e+01
4.530000000000000000e+02 2.970000000000000000e+03
2.810000000000000000e+02 5.660000000000000000e+03
5.500000000000000000e+02 8.000000000000000000e+01
4.483000000000000000e+03 3.060000000000000000e+03
5.945000000000000000e+03 5.820000000000000000e+03
5.771000000000000000e+03 4.630000000000000000e+03
-4.000000000000000000e+00 0.000000000000000000e+00
-1.200000000000000000e+01 0.000000000000000000e+00
7.442000000000000000e+03 0.000000000000000000e+00
