6.000000000000000000e+03 2.037000000000000000e+03
5.743000000000000000e+03 1.596000000000000000e+03
5.998000000000000000e+03 2.403000000000000000e+03
5.671000000000000000e+03 1.271000000000000000e+03
5.661000000000000000e+03 1.160000000000000000e+03
5.675000000000000000e+03 1.144000000000000000e+03
5.675000000000000000e+03 1.023000000000000000e+03
5.862000000000000000e+03 2.265000000000000000e+03
6.024000000000000000e+03 2.281000000000000000e+03
5.880000000000000000e+03 2.340000000000000000e+03
6.064000000000000000e+03 2.339000000000000000e+03
6.009000000000000000e+03 2.222000000000000000e+03
6.104000000000000000e+03 2.161000000000000000e+03
5.873000000000000000e+03 2.234000000000000000e+03
5.971000000000000000e+03 2.220000000000000000e+03
5.829000000000000000e+03 7.240000000000000000e+02
5.972000000000000000e+03 9.550000000000000000e+02
5.881000000000000000e+03 7.910000000000000000e+02
5.974000000000000000e+03 7.390000000000000000e+02
5.897000000000000000e+03 1.010000000000000000e+03
5.761000000000000000e+03 9.040000000000000000e+02
5.954000000000000000e+03 7.940000000000000000e+02
5.879000000000000000e+03 7.250000000000000000e+02
5.930000000000000000e+03 1.041000000000000000e+03
5.890000000000000000e+03 1.048000000000000000e+03
5.966000000000000000e+03 1.328000000000000000e+03
6.200000000000000000e+03 1.330000000000000000e+03
5.794000000000000000e+03 9.930000000000000000e+02
5.728000000000000000e+03 9.020000000000000000e+02
5.805000000000000000e+03 1.162000000000000000e+03
5.786000000000000000e+03 1.298000000000000000e+03
5.560000000000000000e+03 1.681000000000000000e+03
5.172000000000000000e+03 1.395000000000000000e+03
5.433000000000000000e+03 1.310000000000000000e+03
5.149000000000000000e+03 1.753000000000000000e+03
5.212000000000000000e+03 1.504000000000000000e+03
5.172000000000000000e+03 1.423000000000000000e+03
5.010000000000000000e+03 1.621000000000000000e+03
5.563000000000000000e+03 1.313000000000000000e+03
5.563000000000000000e+03 1.153000000000000000e+03
5.569000000000000000e+03 1.180000000000000000e+03
5.496000000000000000e+03 1.254000000000000000e+03
5.415000000000000000e+03 1.159000000000000000e+03
5.279000000000000000e+03 1.235000000000000000e+03
5.179000000000000000e+03 1.530000000000000000e+03
5.341000000000000000e+03 1.198000000000000000e+03
5.426000000000000000e+03 1.529000000000000000e+03
5.356000000000000000e+03 1.677000000000000000e+03
5.326000000000000000e+03 1.721000000000000000e+03
5.466000000000000000e+03 1.529000000000000000e+03
5.577000000000000000e+03 1.428000000000000000e+03
5.516000000000000000e+03 1.452000000000000000e+03
5.427000000000000000e+03 1.590000000000000000e+03
5.588000000000000000e+03 1.550000000000000000e+03
5.301000000000000000e+03 1.670000000000000000e+03
4.948000000000000000e+03 1.720000000000000000e+03
5.258000000000000000e+03 1.403000000000000000e+03
5.157000000000000000e+03 1.387000000000000000e+03
5.402000000000000000e+03 1.458000000000000000e+03
5.363000000000000000e+03 1.517000000000000000e+03
5.241000000000000000e+03 1.318000000000000000e+03
5.270000000000000000e+03 1.314000000000000000e+03
5.724000000000000000e+03 1.777000000000000000e+03
5.686000000000000000e+03 1.391000000000000000e+03
5.699000000000000000e+03 1.430000000000000000e+03
6.002000000000000000e+03 1.517000000000000000e+03
6.055000000000000000e+03 1.450000000000000000e+03
5.893000000000000000e+03 1.416000000000000000e+03
5.816000000000000000e+03 1.449000000000000000e+03
5.778000000000000000e+03 1.942000000000000000e+03
5.707000000000000000e+03 1.832000000000000000e+03
5.777000000000000000e+03 1.848000000000000000e+03
5.824000000000000000e+03 1.963000000000000000e+03
5.598000000000000000e+03 1.966000000000000000e+03
5.639000000000000000e+03 1.939000000000000000e+03
5.535000000000000000e+03 1.940000000000000000e+03
5.626000000000000000e+03 1.903000000000000000e+03
5.294000000000000000e+03 1.730000000000000000e+03
5.140000000000000000e+03 1.851000000000000000e+03
5.444000000000000000e+03 1.708000000000000000e+03
5.373000000000000000e+03 1.713000000000000000e+03
5.356000000000000000e+03 1.937000000000000000e+03
5.259000000000000000e+03 1.853000000000000000e+03
5.422000000000000000e+03 1.888000000000000000e+03
5.509000000000000000e+03 1.866000000000000000e+03
5.932000000000000000e+03 1.694000000000000000e+03
5.855000000000000000e+03 1.664000000000000000e+03
6.032000000000000000e+03 1.602000000000000000e+03
6.018000000000000000e+03 1.644000000000000000e+03
5.699000000000000000e+03 1.622000000000000000e+03
5.848000000000000000e+03 1.592000000000000000e+03
5.679000000000000000e+03 1.646000000000000000e+03
5.725000000000000000e+03 1.567000000000000000e+03
5.194000000000000000e+03 1.698000000000000000e+03
5.167000000000000000e+03 1.632000000000000000e+03
5.147000000000000000e+03 1.625000000000000000e+03
4.993000000000000000e+03 1.573000000000000000e+03
5.090000000000000000e+03 1.842000000000000000e+03
5.109000000000000000e+03 1.801000000000000000e+03
4.996000000000000000e+03 1.681000000000000000e+03
5.007000000000000000e+03 1.694000000000000000e+03
4.948000000000000000e+03 1.930000000000000000e+03
4.638000000000000000e+03 1.889000000000000000e+03
4.854000000000000000e+03 1.861000000000000000e+03
4.884000000000000000e+03 1.882000000000000000e+03
4.742000000000000000e+03 1.938000000000000000e+03
4.744000000000000000e+03 1.993000000000000000e+03
4.939000000000000000e+03 1.974000000000000000e+03
4.876000000000000000e+03 2.014000000000000000e+03
5.012000000000000000e+03 2.132000000000000000e+03
5.086000000000000000e+03 2.165000000000000000e+03
5.236000000000000000e+03 2.137000000000000000e+03
5.283000000000000000e+03 2.114000000000000000e+03
5.001000000000000000e+03 1.992000000000000000e+03
5.065000000000000000e+03 1.979000000000000000e+03
4.881000000000000000e+03 1.948000000000000000e+03
4.990000000000000000e+03 2.059000000000000000e+03
5.431000000000000000e+03 2.068000000000000000e+03
5.473000000000000000e+03 2.139000000000000000e+03
5.569000000000000000e+03 2.171000000000000000e+03
5.628000000000000000e+03 2.172000000000000000e+03
5.800000000000000000e+03 2.134000000000000000e+03
5.777000000000000000e+03 2.165000000000000000e+03
5.655000000000000000e+03 2.251000000000000000e+03
5.632000000000000000e+03 2.135000000000000000e+03
6.509000000000000000e+03 4.510000000000000000e+03
6.682000000000000000e+03 4.996000000000000000e+03
6.868000000000000000e+03 5.847000000000000000e+03
6.274000000000000000e+03 2.062000000000000000e+03
6.381000000000000000e+03 2.217000000000000000e+03
6.395000000000000000e+03 2.823000000000000000e+03
6.235000000000000000e+03 2.261000000000000000e+03
6.317000000000000000e+03 1.894000000000000000e+03
6.477000000000000000e+03 3.293000000000000000e+03
6.361000000000000000e+03 1.986000000000000000e+03
6.337000000000000000e+03 1.937000000000000000e+03
6.269000000000000000e+03 1.895000000000000000e+03
6.200000000000000000e+03 1.917000000000000000e+03
6.246000000000000000e+03 1.959000000000000000e+03
6.190000000000000000e+03 2.060000000000000000e+03
6.100000000000000000e+03 2.204000000000000000e+03
6.122000000000000000e+03 2.081000000000000000e+03
6.112000000000000000e+03 1.946000000000000000e+03
6.109000000000000000e+03 1.962000000000000000e+03
6.027000000000000000e+03 1.922000000000000000e+03
5.991000000000000000e+03 1.951000000000000000e+03
5.865000000000000000e+03 1.838000000000000000e+03
5.885000000000000000e+03 1.853000000000000000e+03
6.117000000000000000e+03 2.105000000000000000e+03
6.355000000000000000e+03 2.228000000000000000e+03
5.870000000000000000e+03 1.999000000000000000e+03
5.966000000000000000e+03 2.142000000000000000e+03
6.206000000000000000e+03 2.162000000000000000e+03
6.254000000000000000e+03 2.169000000000000000e+03
6.264000000000000000e+03 2.223000000000000000e+03
6.267000000000000000e+03 2.256000000000000000e+03
5.917000000000000000e+03 2.502000000000000000e+03
2.406000000000000000e+03 5.352000000000000000e+03
3.135000000000000000e+03 4.512000000000000000e+03
5.851000000000000000e+03 2.419000000000000000e+03
5.906000000000000000e+03 1.247000000000000000e+03
5.841000000000000000e+03 1.402000000000000000e+03
5.842000000000000000e+03 1.431000000000000000e+03
5.622000000000000000e+03 2.790000000000000000e+03
6.047000000000000000e+03 1.189000000000000000e+03
5.983000000000000000e+03 1.210000000000000000e+03
6.073000000000000000e+03 1.211000000000000000e+03
6.153000000000000000e+03 1.369000000000000000e+03
6.041000000000000000e+03 1.882000000000000000e+03
6.155000000000000000e+03 1.373000000000000000e+03
6.196000000000000000e+03 1.281000000000000000e+03
2.162000000000000000e+03 5.335000000000000000e+03
2.179000000000000000e+03 5.421000000000000000e+03
2.232000000000000000e+03 5.474000000000000000e+03
2.216000000000000000e+03 5.064000000000000000e+03
2.256000000000000000e+03 5.213000000000000000e+03
2.200000000000000000e+03 5.224000000000000000e+03
2.585000000000000000e+03 4.464000000000000000e+03
2.468000000000000000e+03 4.894000000000000000e+03
6.113000000000000000e+03 1.658000000000000000e+03
6.213000000000000000e+03 1.717000000000000000e+03
6.006000000000000000e+03 1.834000000000000000e+03
5.969000000000000000e+03 1.722000000000000000e+03
6.152000000000000000e+03 1.532000000000000000e+03
6.241000000000000000e+03 1.494000000000000000e+03
6.217000000000000000e+03 1.682000000000000000e+03
6.213000000000000000e+03 1.598000000000000000e+03
2.831000000000000000e+03 6.480000000000000000e+03
3.180000000000000000e+03 7.453000000000000000e+03
3.182000000000000000e+03 7.361000000000000000e+03
3.150000000000000000e+03 7.390000000000000000e+03
3.117000000000000000e+03 7.432000000000000000e+03
3.850000000000000000e+03 6.235000000000000000e+03
3.089000000000000000e+03 7.360000000000000000e+03
1.271000000000000000e+03 5.764000000000000000e+03
1.897000000000000000e+03 5.588000000000000000e+03
2.580000000000000000e+03 4.407000000000000000e+03
9.660000000000000000e+02 5.735000000000000000e+03
2.372000000000000000e+03 5.333000000000000000e+03
2.627000000000000000e+03 4.677000000000000000e+03
2.265000000000000000e+03 5.156000000000000000e+03
2.208000000000000000e+03 5.136000000000000000e+03
3.300000000000000000e+03 7.000000000000000000e+03
3.284000000000000000e+03 7.372000000000000000e+03
3.323000000000000000e+03 7.264000000000000000e+03
3.152000000000000000e+03 7.126000000000000000e+03
3.454000000000000000e+03 7.313000000000000000e+03
3.954000000000000000e+03 6.022000000000000000e+03
3.521000000000000000e+03 7.345000000000000000e+03
3.443000000000000000e+03 7.425000000000000000e+03
2.934000000000000000e+03 7.456000000000000000e+03
4.030000000000000000e+03 5.382000000000000000e+03
2.715000000000000000e+03 6.899000000000000000e+03
2.684000000000000000e+03 6.873000000000000000e+03
2.948000000000000000e+03 7.341000000000000000e+03
3.044000000000000000e+03 7.293000000000000000e+03
3.038000000000000000e+03 7.217000000000000000e+03
3.413000000000000000e+03 5.707000000000000000e+03
4.018000000000000000e+03 6.768000000000000000e+03
4.764000000000000000e+03 6.550000000000000000e+03
4.080000000000000000e+03 6.680000000000000000e+03
4.216000000000000000e+03 6.316000000000000000e+03
2.843000000000000000e+03 6.892000000000000000e+03
2.813000000000000000e+03 7.268000000000000000e+03
2.741000000000000000e+03 5.250000000000000000e+03
2.573000000000000000e+03 5.369000000000000000e+03
2.788000000000000000e+03 5.100000000000000000e+03
2.778000000000000000e+03 5.048000000000000000e+03
2.847000000000000000e+03 4.914000000000000000e+03
3.274000000000000000e+03 5.152000000000000000e+03
5.320000000000000000e+03 3.569000000000000000e+03
5.314000000000000000e+03 2.997000000000000000e+03
2.784000000000000000e+03 5.186000000000000000e+03
4.306000000000000000e+03 4.427000000000000000e+03
3.078000000000000000e+03 4.780000000000000000e+03
2.644000000000000000e+03 4.886000000000000000e+03
2.465000000000000000e+03 5.369000000000000000e+03
2.553000000000000000e+03 5.449000000000000000e+03
2.342000000000000000e+03 5.487000000000000000e+03
2.326000000000000000e+03 5.324000000000000000e+03
2.418000000000000000e+03 5.478000000000000000e+03
2.400000000000000000e+03 5.351000000000000000e+03
2.592000000000000000e+03 5.353000000000000000e+03
2.727000000000000000e+03 5.266000000000000000e+03
2.493000000000000000e+03 5.558000000000000000e+03
2.503000000000000000e+03 5.545000000000000000e+03
2.944000000000000000e+03 5.077000000000000000e+03
4.594000000000000000e+03 2.885000000000000000e+03
2.860000000000000000e+03 5.018000000000000000e+03
3.383000000000000000e+03 3.818000000000000000e+03
6.510000000000000000e+03 2.231000000000000000e+03
6.571000000000000000e+03 2.114000000000000000e+03
6.773000000000000000e+03 2.151000000000000000e+03
6.467000000000000000e+03 2.394000000000000000e+03
6.409000000000000000e+03 2.329000000000000000e+03
6.307000000000000000e+03 2.270000000000000000e+03
6.197000000000000000e+03 2.320000000000000000e+03
7.093000000000000000e+03 2.248000000000000000e+03
7.110000000000000000e+03 2.219000000000000000e+03
6.819000000000000000e+03 2.177000000000000000e+03
7.100000000000000000e+03 2.189000000000000000e+03
7.210000000000000000e+03 2.193000000000000000e+03
7.248000000000000000e+03 2.237000000000000000e+03
7.257000000000000000e+03 2.279000000000000000e+03
7.246000000000000000e+03 2.393000000000000000e+03
6.726000000000000000e+03 2.377000000000000000e+03
5.921000000000000000e+03 2.322000000000000000e+03
6.698000000000000000e+03 2.372000000000000000e+03
6.459000000000000000e+03 2.383000000000000000e+03
6.928000000000000000e+03 2.394000000000000000e+03
6.992000000000000000e+03 2.370000000000000000e+03
6.908000000000000000e+03 2.395000000000000000e+03
6.796000000000000000e+03 2.308000000000000000e+03
7.285000000000000000e+03 2.117000000000000000e+03
7.248000000000000000e+03 2.035000000000000000e+03
7.176000000000000000e+03 2.018000000000000000e+03
7.187000000000000000e+03 2.051000000000000000e+03
6.925000000000000000e+03 1.947000000000000000e+03
7.076000000000000000e+03 1.963000000000000000e+03
6.505000000000000000e+03 2.164000000000000000e+03
6.746000000000000000e+03 1.980000000000000000e+03
6.129000000000000000e+03 2.711000000000000000e+03
6.995000000000000000e+03 2.322000000000000000e+03
7.086000000000000000e+03 2.323000000000000000e+03
6.932000000000000000e+03 2.224000000000000000e+03
6.898000000000000000e+03 2.252000000000000000e+03
6.801000000000000000e+03 2.243000000000000000e+03
6.840000000000000000e+03 2.228000000000000000e+03
6.060000000000000000e+03 2.293000000000000000e+03
6.590000000000000000e+03 2.298000000000000000e+03
6.137000000000000000e+03 2.268000000000000000e+03
6.731000000000000000e+03 2.256000000000000000e+03
5.963000000000000000e+03 2.489000000000000000e+03
5.722000000000000000e+03 2.411000000000000000e+03
6.097000000000000000e+03 2.483000000000000000e+03
6.345000000000000000e+03 2.375000000000000000e+03
6.884000000000000000e+03 2.048000000000000000e+03
5.288000000000000000e+03 2.303000000000000000e+03
6.849000000000000000e+03 2.062000000000000000e+03
6.845000000000000000e+03 2.070000000000000000e+03
7.021000000000000000e+03 2.024000000000000000e+03
6.956000000000000000e+03 2.062000000000000000e+03
7.080000000000000000e+03 2.086000000000000000e+03
7.078000000000000000e+03 2.115000000000000000e+03
5.524000000000000000e+03 2.322000000000000000e+03
5.947000000000000000e+03 2.352000000000000000e+03
6.613000000000000000e+03 2.190000000000000000e+03
6.529000000000000000e+03 2.254000000000000000e+03
5.705000000000000000e+03 2.300000000000000000e+03
5.656000000000000000e+03 2.311000000000000000e+03
6.663000000000000000e+03 2.131000000000000000e+03
6.757000000000000000e+03 2.111000000000000000e+03
6.979000000000000000e+03 2.748000000000000000e+03
6.827000000000000000e+03 2.678000000000000000e+03
6.815000000000000000e+03 2.737000000000000000e+03
6.973000000000000000e+03 2.773000000000000000e+03
7.131000000000000000e+03 2.751000000000000000e+03
7.082000000000000000e+03 2.750000000000000000e+03
7.251000000000000000e+03 2.733000000000000000e+03
5.935000000000000000e+03 2.670000000000000000e+03
6.056000000000000000e+03 2.570000000000000000e+03
6.339000000000000000e+03 2.714000000000000000e+03
6.394000000000000000e+03 2.692000000000000000e+03
6.557000000000000000e+03 2.752000000000000000e+03
6.495000000000000000e+03 2.734000000000000000e+03
6.259000000000000000e+03 3.575000000000000000e+03
6.182000000000000000e+03 3.439000000000000000e+03
6.573000000000000000e+03 2.669000000000000000e+03
6.292000000000000000e+03 2.643000000000000000e+03
6.140000000000000000e+03 2.618000000000000000e+03
5.478000000000000000e+03 2.534000000000000000e+03
6.262000000000000000e+03 2.426000000000000000e+03
6.156000000000000000e+03 2.405000000000000000e+03
5.651000000000000000e+03 2.504000000000000000e+03
6.025000000000000000e+03 2.400000000000000000e+03
6.934000000000000000e+03 2.644000000000000000e+03
6.918000000000000000e+03 2.672000000000000000e+03
7.168000000000000000e+03 2.691000000000000000e+03
7.053000000000000000e+03 2.696000000000000000e+03
5.426000000000000000e+03 2.538000000000000000e+03
5.242000000000000000e+03 2.492000000000000000e+03
6.798000000000000000e+03 2.669000000000000000e+03
6.688000000000000000e+03 2.653000000000000000e+03
5.189000000000000000e+03 2.506000000000000000e+03
6.265000000000000000e+03 2.499000000000000000e+03
3.999000000000000000e+03 3.970000000000000000e+03
4.785000000000000000e+03 2.717000000000000000e+03
7.133000000000000000e+03 2.386000000000000000e+03
7.169000000000000000e+03 2.465000000000000000e+03
7.254000000000000000e+03 2.493000000000000000e+03
7.241000000000000000e+03 2.446000000000000000e+03
6.475000000000000000e+03 2.528000000000000000e+03
5.998000000000000000e+03 2.503000000000000000e+03
5.983000000000000000e+03 2.656000000000000000e+03
6.662000000000000000e+03 2.520000000000000000e+03
7.059000000000000000e+03 2.540000000000000000e+03
6.920000000000000000e+03 2.512000000000000000e+03
6.693000000000000000e+03 2.695000000000000000e+03
6.823000000000000000e+03 2.502000000000000000e+03
6.996000000000000000e+03 2.437000000000000000e+03
6.607000000000000000e+03 2.410000000000000000e+03
6.704000000000000000e+03 2.440000000000000000e+03
6.326000000000000000e+03 2.424000000000000000e+03
5.999000000000000000e+03 2.420000000000000000e+03
6.212000000000000000e+03 2.518000000000000000e+03
5.947000000000000000e+03 2.417000000000000000e+03
6.433000000000000000e+03 2.584000000000000000e+03
6.785000000000000000e+03 2.593000000000000000e+03
6.331000000000000000e+03 2.729000000000000000e+03
6.534000000000000000e+03 2.595000000000000000e+03
6.010000000000000000e+03 2.621000000000000000e+03
7.040000000000000000e+03 2.606000000000000000e+03
7.086000000000000000e+03 2.590000000000000000e+03
7.253000000000000000e+03 2.607000000000000000e+03
7.182000000000000000e+03 2.585000000000000000e+03
2.205000000000000000e+03 4.596000000000000000e+03
3.025000000000000000e+03 4.565000000000000000e+03
2.501000000000000000e+03 5.014000000000000000e+03
5.116000000000000000e+03 2.490000000000000000e+03
5.443000000000000000e+03 2.411000000000000000e+03
1.884000000000000000e+03 3.461000000000000000e+03
1.907000000000000000e+03 3.526000000000000000e+03
2.586000000000000000e+03 5.004000000000000000e+03
2.511000000000000000e+03 5.058000000000000000e+03
2.514000000000000000e+03 4.872000000000000000e+03
2.514000000000000000e+03 4.837000000000000000e+03
3.023000000000000000e+03 4.462000000000000000e+03
2.836000000000000000e+03 4.616000000000000000e+03
2.359000000000000000e+03 4.920000000000000000e+03
2.355000000000000000e+03 4.858000000000000000e+03
1.960000000000000000e+03 3.934000000000000000e+03
2.032000000000000000e+03 3.902000000000000000e+03
2.018000000000000000e+03 3.964000000000000000e+03
2.145000000000000000e+03 3.786000000000000000e+03
2.557000000000000000e+03 3.393000000000000000e+03
2.702000000000000000e+03 3.374000000000000000e+03
2.723000000000000000e+03 3.331000000000000000e+03
2.094000000000000000e+03 3.681000000000000000e+03
1.954000000000000000e+03 3.590000000000000000e+03
1.901000000000000000e+03 3.669000000000000000e+03
3.254000000000000000e+03 3.023000000000000000e+03
1.921000000000000000e+03 3.818000000000000000e+03
1.779000000000000000e+03 3.919000000000000000e+03
1.872000000000000000e+03 3.914000000000000000e+03
1.888000000000000000e+03 3.770000000000000000e+03
1.909000000000000000e+03 3.802000000000000000e+03
1.905000000000000000e+03 3.241000000000000000e+03
1.931000000000000000e+03 3.199000000000000000e+03
2.034000000000000000e+03 2.959000000000000000e+03
2.072000000000000000e+03 2.828000000000000000e+03
3.634000000000000000e+03 2.647000000000000000e+03
3.969000000000000000e+03 2.478000000000000000e+03
2.001000000000000000e+03 2.838000000000000000e+03
2.000000000000000000e+03 3.369000000000000000e+03
1.964000000000000000e+03 3.470000000000000000e+03
2.127000000000000000e+03 3.326000000000000000e+03
1.881000000000000000e+03 3.502000000000000000e+03
2.125000000000000000e+03 3.158000000000000000e+03
2.083000000000000000e+03 3.225000000000000000e+03
2.888000000000000000e+03 2.899000000000000000e+03
2.039000000000000000e+03 3.163000000000000000e+03
2.593000000000000000e+03 3.072000000000000000e+03
3.792000000000000000e+03 2.527000000000000000e+03
2.540000000000000000e+03 2.703000000000000000e+03
3.242000000000000000e+03 2.295000000000000000e+03
1.176000000000000000e+03 2.968000000000000000e+03
1.184000000000000000e+03 3.193000000000000000e+03
1.242000000000000000e+03 2.590000000000000000e+03
3.039000000000000000e+03 2.413000000000000000e+03
2.857000000000000000e+03 2.912000000000000000e+03
1.845000000000000000e+03 2.643000000000000000e+03
4.459000000000000000e+03 2.411000000000000000e+03
2.469000000000000000e+03 2.902000000000000000e+03
2.635000000000000000e+03 2.614000000000000000e+03
4.523000000000000000e+03 2.273000000000000000e+03
2.017000000000000000e+03 2.662000000000000000e+03
4.599000000000000000e+03 2.418000000000000000e+03
7.347000000000000000e+03 3.005000000000000000e+03
7.399000000000000000e+03 3.238000000000000000e+03
7.370000000000000000e+03 3.203000000000000000e+03
7.252000000000000000e+03 3.248000000000000000e+03
7.317000000000000000e+03 3.249000000000000000e+03
7.319000000000000000e+03 3.216000000000000000e+03
7.302000000000000000e+03 3.325000000000000000e+03
7.374000000000000000e+03 2.857000000000000000e+03
7.419000000000000000e+03 2.886000000000000000e+03
7.415000000000000000e+03 2.599000000000000000e+03
7.399000000000000000e+03 2.463000000000000000e+03
7.460000000000000000e+03 2.503000000000000000e+03
7.145000000000000000e+03 2.774000000000000000e+03
7.449000000000000000e+03 2.466000000000000000e+03
7.381000000000000000e+03 2.763000000000000000e+03
7.349000000000000000e+03 2.395000000000000000e+03
7.386000000000000000e+03 2.347000000000000000e+03
7.396000000000000000e+03 2.410000000000000000e+03
7.396000000000000000e+03 2.346000000000000000e+03
7.449000000000000000e+03 2.475000000000000000e+03
7.258000000000000000e+03 2.387000000000000000e+03
7.310000000000000000e+03 2.584000000000000000e+03
7.323000000000000000e+03 2.862000000000000000e+03
7.437000000000000000e+03 2.438000000000000000e+03
7.434000000000000000e+03 2.619000000000000000e+03
7.375000000000000000e+03 2.453000000000000000e+03
7.393000000000000000e+03 2.582000000000000000e+03
7.399000000000000000e+03 2.834000000000000000e+03
7.426000000000000000e+03 3.031000000000000000e+03
7.331000000000000000e+03 2.891000000000000000e+03
7.328000000000000000e+03 2.941000000000000000e+03
7.228000000000000000e+03 3.700000000000000000e+03
7.268000000000000000e+03 3.600000000000000000e+03
7.084000000000000000e+03 3.677000000000000000e+03
7.246000000000000000e+03 3.721000000000000000e+03
7.061000000000000000e+03 3.235000000000000000e+03
7.378000000000000000e+03 3.138000000000000000e+03
7.321000000000000000e+03 3.760000000000000000e+03
7.286000000000000000e+03 3.590000000000000000e+03
7.258000000000000000e+03 3.844000000000000000e+03
7.248000000000000000e+03 3.694000000000000000e+03
7.280000000000000000e+03 3.785000000000000000e+03
7.201000000000000000e+03 3.672000000000000000e+03
6.929000000000000000e+03 4.719000000000000000e+03
7.355000000000000000e+03 4.780000000000000000e+03
7.281000000000000000e+03 3.982000000000000000e+03
7.329000000000000000e+03 4.841000000000000000e+03
7.226000000000000000e+03 3.508000000000000000e+03
7.321000000000000000e+03 3.488000000000000000e+03
7.244000000000000000e+03 3.437000000000000000e+03
7.304000000000000000e+03 3.453000000000000000e+03
7.267000000000000000e+03 3.609000000000000000e+03
7.338000000000000000e+03 3.486000000000000000e+03
7.306000000000000000e+03 3.540000000000000000e+03
7.345000000000000000e+03 3.532000000000000000e+03
7.291000000000000000e+03 3.388000000000000000e+03
7.414000000000000000e+03 3.319000000000000000e+03
7.314000000000000000e+03 3.389000000000000000e+03
7.410000000000000000e+03 3.389000000000000000e+03
7.295000000000000000e+03 3.315000000000000000e+03
7.381000000000000000e+03 3.273000000000000000e+03
7.406000000000000000e+03 3.277000000000000000e+03
7.326000000000000000e+03 3.293000000000000000e+03
6.583000000000000000e+03 3.427000000000000000e+03
6.637000000000000000e+03 3.387000000000000000e+03
6.654000000000000000e+03 2.118000000000000000e+03
6.695000000000000000e+03 3.115000000000000000e+03
6.788000000000000000e+03 4.989000000000000000e+03
6.714000000000000000e+03 4.756000000000000000e+03
6.805000000000000000e+03 4.947000000000000000e+03
6.514000000000000000e+03 2.784000000000000000e+03
6.598000000000000000e+03 2.368000000000000000e+03
6.289000000000000000e+03 4.942000000000000000e+03
6.342000000000000000e+03 4.985000000000000000e+03
6.336000000000000000e+03 3.108000000000000000e+03
6.345000000000000000e+03 3.220000000000000000e+03
6.453000000000000000e+03 2.473000000000000000e+03
6.476000000000000000e+03 2.789000000000000000e+03
6.782000000000000000e+03 5.080000000000000000e+03
6.843000000000000000e+03 5.158000000000000000e+03
6.775000000000000000e+03 5.179000000000000000e+03
6.743000000000000000e+03 5.160000000000000000e+03
6.541000000000000000e+03 5.174000000000000000e+03
6.497000000000000000e+03 4.986000000000000000e+03
6.579000000000000000e+03 5.151000000000000000e+03
6.616000000000000000e+03 5.223000000000000000e+03
6.615000000000000000e+03 4.751000000000000000e+03
6.624000000000000000e+03 5.019000000000000000e+03
6.554000000000000000e+03 5.117000000000000000e+03
6.612000000000000000e+03 5.017000000000000000e+03
6.404000000000000000e+03 5.103000000000000000e+03
6.374000000000000000e+03 5.050000000000000000e+03
6.487000000000000000e+03 5.146000000000000000e+03
6.494000000000000000e+03 5.129000000000000000e+03
6.181000000000000000e+03 4.909000000000000000e+03
6.809000000000000000e+03 4.977000000000000000e+03
6.334000000000000000e+03 4.939000000000000000e+03
5.879000000000000000e+03 4.617000000000000000e+03
6.111000000000000000e+03 4.633000000000000000e+03
6.166000000000000000e+03 4.827000000000000000e+03
6.195000000000000000e+03 4.964000000000000000e+03
6.876000000000000000e+03 4.931000000000000000e+03
7.019000000000000000e+03 4.969000000000000000e+03
7.038000000000000000e+03 4.930000000000000000e+03
7.134000000000000000e+03 4.988000000000000000e+03
7.077000000000000000e+03 5.061000000000000000e+03
7.140000000000000000e+03 5.039000000000000000e+03
7.029000000000000000e+03 5.128000000000000000e+03
6.955000000000000000e+03 5.053000000000000000e+03
6.228000000000000000e+03 5.172000000000000000e+03
6.276000000000000000e+03 5.232000000000000000e+03
6.283000000000000000e+03 5.000000000000000000e+03
6.279000000000000000e+03 5.105000000000000000e+03
5.098000000000000000e+03 3.887000000000000000e+03
5.235000000000000000e+03 3.940000000000000000e+03
5.865000000000000000e+03 4.732000000000000000e+03
4.548000000000000000e+03 3.863000000000000000e+03
6.040000000000000000e+03 5.145000000000000000e+03
6.079000000000000000e+03 5.068000000000000000e+03
6.169000000000000000e+03 5.147000000000000000e+03
6.173000000000000000e+03 5.186000000000000000e+03
6.103000000000000000e+03 4.781000000000000000e+03
6.053000000000000000e+03 4.839000000000000000e+03
6.071000000000000000e+03 4.992000000000000000e+03
6.050000000000000000e+03 4.926000000000000000e+03
5.720000000000000000e+03 3.701000000000000000e+03
5.758000000000000000e+03 4.167000000000000000e+03
5.946000000000000000e+03 2.682000000000000000e+03
4.463000000000000000e+03 3.391000000000000000e+03
4.342000000000000000e+03 3.368000000000000000e+03
5.419000000000000000e+03 3.690000000000000000e+03
5.113000000000000000e+03 3.523000000000000000e+03
5.399000000000000000e+03 4.697000000000000000e+03
5.224000000000000000e+03 4.625000000000000000e+03
5.270000000000000000e+03 4.726000000000000000e+03
5.299000000000000000e+03 4.815000000000000000e+03
4.947000000000000000e+03 4.618000000000000000e+03
5.133000000000000000e+03 4.616000000000000000e+03
4.822000000000000000e+03 4.513000000000000000e+03
4.890000000000000000e+03 4.673000000000000000e+03
5.421000000000000000e+03 4.555000000000000000e+03
5.356000000000000000e+03 4.604000000000000000e+03
5.433000000000000000e+03 4.721000000000000000e+03
5.447000000000000000e+03 4.687000000000000000e+03
5.312000000000000000e+03 4.531000000000000000e+03
5.294000000000000000e+03 4.188000000000000000e+03
5.350000000000000000e+03 3.600000000000000000e+03
5.277000000000000000e+03 4.138000000000000000e+03
5.556000000000000000e+03 4.702000000000000000e+03
5.555000000000000000e+03 4.766000000000000000e+03
5.605000000000000000e+03 4.672000000000000000e+03
5.586000000000000000e+03 4.584000000000000000e+03
5.574000000000000000e+03 4.499000000000000000e+03
5.766000000000000000e+03 4.610000000000000000e+03
5.643000000000000000e+03 3.897000000000000000e+03
5.508000000000000000e+03 4.471000000000000000e+03
5.915000000000000000e+03 5.129000000000000000e+03
5.967000000000000000e+03 5.126000000000000000e+03
6.006000000000000000e+03 5.147000000000000000e+03
5.939000000000000000e+03 5.238000000000000000e+03
5.824000000000000000e+03 5.007000000000000000e+03
5.869000000000000000e+03 4.990000000000000000e+03
5.761000000000000000e+03 4.762000000000000000e+03
5.827000000000000000e+03 4.863000000000000000e+03
5.940000000000000000e+03 4.849000000000000000e+03
5.946000000000000000e+03 4.826000000000000000e+03
5.980000000000000000e+03 4.637000000000000000e+03
5.914000000000000000e+03 4.848000000000000000e+03
5.875000000000000000e+03 4.610000000000000000e+03
5.935000000000000000e+03 4.617000000000000000e+03
5.791000000000000000e+03 4.693000000000000000e+03
5.770000000000000000e+03 4.594000000000000000e+03
5.585000000000000000e+03 5.211000000000000000e+03
5.625000000000000000e+03 5.164000000000000000e+03
5.565000000000000000e+03 5.188000000000000000e+03
5.478000000000000000e+03 5.095000000000000000e+03
5.508000000000000000e+03 4.973000000000000000e+03
5.296000000000000000e+03 4.881000000000000000e+03
5.376000000000000000e+03 4.981000000000000000e+03
5.423000000000000000e+03 5.073000000000000000e+03
5.709000000000000000e+03 5.037000000000000000e+03
5.708000000000000000e+03 4.975000000000000000e+03
5.781000000000000000e+03 5.114000000000000000e+03
5.699000000000000000e+03 5.161000000000000000e+03
5.617000000000000000e+03 4.838000000000000000e+03
5.657000000000000000e+03 5.028000000000000000e+03
5.746000000000000000e+03 4.985000000000000000e+03
5.668000000000000000e+03 4.813000000000000000e+03
5.663000000000000000e+03 4.270000000000000000e+03
5.324000000000000000e+03 4.772000000000000000e+03
6.343000000000000000e+03 3.359000000000000000e+03
4.927000000000000000e+03 2.618000000000000000e+03
4.837000000000000000e+03 2.550000000000000000e+03
4.972000000000000000e+03 3.629000000000000000e+03
4.952000000000000000e+03 2.389000000000000000e+03
4.838000000000000000e+03 4.904000000000000000e+03
4.862000000000000000e+03 5.034000000000000000e+03
4.925000000000000000e+03 5.066000000000000000e+03
4.975000000000000000e+03 5.073000000000000000e+03
5.125000000000000000e+03 5.055000000000000000e+03
5.119000000000000000e+03 4.982000000000000000e+03
5.029000000000000000e+03 5.030000000000000000e+03
5.242000000000000000e+03 5.046000000000000000e+03
6.456000000000000000e+03 3.455000000000000000e+03
6.303000000000000000e+03 3.550000000000000000e+03
5.263000000000000000e+03 5.078000000000000000e+03
5.309000000000000000e+03 5.001000000000000000e+03
5.340000000000000000e+03 5.144000000000000000e+03
5.392000000000000000e+03 5.265000000000000000e+03
5.308000000000000000e+03 5.186000000000000000e+03
5.227000000000000000e+03 5.179000000000000000e+03
5.156000000000000000e+03 5.224000000000000000e+03
5.068000000000000000e+03 5.217000000000000000e+03
4.990000000000000000e+03 5.170000000000000000e+03
5.005000000000000000e+03 5.382000000000000000e+03
4.704000000000000000e+03 5.002000000000000000e+03
4.751000000000000000e+03 5.069000000000000000e+03
4.864000000000000000e+03 5.208000000000000000e+03
4.795000000000000000e+03 5.141000000000000000e+03
4.634000000000000000e+03 4.224000000000000000e+03
4.550000000000000000e+03 5.099000000000000000e+03
4.577000000000000000e+03 4.911000000000000000e+03
4.572000000000000000e+03 5.235000000000000000e+03
4.534000000000000000e+03 5.154000000000000000e+03
4.762000000000000000e+03 5.174000000000000000e+03
4.659000000000000000e+03 5.271000000000000000e+03
5.128000000000000000e+03 4.745000000000000000e+03
5.302000000000000000e+03 4.846000000000000000e+03
5.196000000000000000e+03 4.894000000000000000e+03
5.312000000000000000e+03 4.832000000000000000e+03
5.036000000000000000e+03 4.753000000000000000e+03
5.066000000000000000e+03 4.575000000000000000e+03
5.009000000000000000e+03 4.551000000000000000e+03
5.052000000000000000e+03 4.590000000000000000e+03
5.000000000000000000e+03 4.894000000000000000e+03
4.845000000000000000e+03 4.784000000000000000e+03
4.931000000000000000e+03 4.849000000000000000e+03
4.998000000000000000e+03 4.922000000000000000e+03
4.731000000000000000e+03 4.666000000000000000e+03
4.675000000000000000e+03 4.392000000000000000e+03
4.715000000000000000e+03 4.722000000000000000e+03
4.748000000000000000e+03 4.777000000000000000e+03
4.574000000000000000e+03 4.866000000000000000e+03
4.536000000000000000e+03 4.816000000000000000e+03
4.569000000000000000e+03 4.748000000000000000e+03
4.568000000000000000e+03 4.666000000000000000e+03
4.768000000000000000e+03 5.001000000000000000e+03
4.710000000000000000e+03 4.938000000000000000e+03
4.858000000000000000e+03 4.913000000000000000e+03
4.703000000000000000e+03 4.924000000000000000e+03
6.768000000000000000e+03 3.315000000000000000e+03
6.734000000000000000e+03 3.306000000000000000e+03
6.790000000000000000e+03 3.338000000000000000e+03
7.018000000000000000e+03 3.339000000000000000e+03
7.031000000000000000e+03 3.287000000000000000e+03
6.882000000000000000e+03 3.330000000000000000e+03
6.965000000000000000e+03 3.379000000000000000e+03
6.523000000000000000e+03 2.846000000000000000e+03
6.862000000000000000e+03 2.995000000000000000e+03
6.949000000000000000e+03 3.076000000000000000e+03
7.010000000000000000e+03 3.163000000000000000e+03
5.742000000000000000e+03 2.784000000000000000e+03
6.368000000000000000e+03 2.960000000000000000e+03
6.753000000000000000e+03 2.990000000000000000e+03
6.126000000000000000e+03 2.717000000000000000e+03
6.156000000000000000e+03 2.736000000000000000e+03
6.450000000000000000e+03 2.783000000000000000e+03
6.870000000000000000e+03 2.830000000000000000e+03
6.083000000000000000e+03 2.690000000000000000e+03
7.123000000000000000e+03 3.039000000000000000e+03
7.103000000000000000e+03 3.170000000000000000e+03
7.004000000000000000e+03 2.945000000000000000e+03
6.335000000000000000e+03 2.839000000000000000e+03
7.081000000000000000e+03 2.922000000000000000e+03
7.108000000000000000e+03 2.922000000000000000e+03
6.969000000000000000e+03 2.866000000000000000e+03
6.867000000000000000e+03 2.871000000000000000e+03
7.223000000000000000e+03 2.912000000000000000e+03
7.209000000000000000e+03 2.948000000000000000e+03
7.186000000000000000e+03 3.091000000000000000e+03
7.213000000000000000e+03 3.010000000000000000e+03
6.317000000000000000e+03 3.299000000000000000e+03
6.674000000000000000e+03 3.583000000000000000e+03
6.928000000000000000e+03 3.484000000000000000e+03
6.804000000000000000e+03 3.458000000000000000e+03
6.723000000000000000e+03 3.612000000000000000e+03
6.581000000000000000e+03 3.599000000000000000e+03
6.845000000000000000e+03 3.637000000000000000e+03
6.964000000000000000e+03 3.619000000000000000e+03
6.627000000000000000e+03 3.705000000000000000e+03
6.718000000000000000e+03 3.860000000000000000e+03
6.119000000000000000e+03 4.441000000000000000e+03
6.263000000000000000e+03 4.493000000000000000e+03
6.385000000000000000e+03 3.021000000000000000e+03
5.121000000000000000e+03 3.618000000000000000e+03
6.675000000000000000e+03 3.394000000000000000e+03
6.553000000000000000e+03 3.539000000000000000e+03
6.430000000000000000e+03 3.143000000000000000e+03
6.513000000000000000e+03 3.183000000000000000e+03
6.634000000000000000e+03 3.270000000000000000e+03
6.529000000000000000e+03 3.240000000000000000e+03
6.435000000000000000e+03 2.839000000000000000e+03
6.487000000000000000e+03 2.861000000000000000e+03
6.419000000000000000e+03 3.056000000000000000e+03
6.364000000000000000e+03 3.060000000000000000e+03
6.797000000000000000e+03 3.280000000000000000e+03
6.854000000000000000e+03 3.156000000000000000e+03
6.701000000000000000e+03 3.129000000000000000e+03
6.741000000000000000e+03 3.151000000000000000e+03
6.587000000000000000e+03 3.053000000000000000e+03
6.571000000000000000e+03 2.969000000000000000e+03
6.280000000000000000e+03 2.971000000000000000e+03
6.203000000000000000e+03 2.912000000000000000e+03
4.481000000000000000e+03 6.831000000000000000e+03
6.504000000000000000e+03 7.188000000000000000e+03
6.750000000000000000e+03 7.072000000000000000e+03
1.766000000000000000e+03 5.608000000000000000e+03
3.216000000000000000e+03 5.319000000000000000e+03
3.293000000000000000e+03 5.166000000000000000e+03
2.273000000000000000e+03 5.766000000000000000e+03
4.065000000000000000e+03 5.985000000000000000e+03
2.377000000000000000e+03 5.532000000000000000e+03
4.623000000000000000e+03 5.731000000000000000e+03
3.960000000000000000e+03 5.888000000000000000e+03
3.579000000000000000e+03 5.549000000000000000e+03
3.521000000000000000e+03 5.227000000000000000e+03
3.614000000000000000e+03 5.209000000000000000e+03
3.346000000000000000e+03 5.630000000000000000e+03
7.354000000000000000e+03 7.427000000000000000e+03
5.640000000000000000e+03 6.235000000000000000e+03
7.404000000000000000e+03 7.403000000000000000e+03
7.264000000000000000e+03 7.433000000000000000e+03
6.050000000000000000e+03 6.151000000000000000e+03
6.761000000000000000e+03 6.709000000000000000e+03
3.899000000000000000e+03 5.136000000000000000e+03
5.203000000000000000e+03 5.765000000000000000e+03
3.851000000000000000e+03 4.888000000000000000e+03
3.910000000000000000e+03 4.939000000000000000e+03
3.791000000000000000e+03 4.861000000000000000e+03
3.757000000000000000e+03 4.929000000000000000e+03
3.998000000000000000e+03 5.062000000000000000e+03
4.130000000000000000e+03 5.154000000000000000e+03
3.893000000000000000e+03 5.026000000000000000e+03
4.144000000000000000e+03 4.988000000000000000e+03
7.240000000000000000e+02 7.291000000000000000e+03
9.440000000000000000e+02 7.154000000000000000e+03
7.370000000000000000e+02 7.358000000000000000e+03
5.660000000000000000e+02 7.430000000000000000e+03
4.280000000000000000e+02 7.443000000000000000e+03
5.420000000000000000e+02 6.381000000000000000e+03
1.108000000000000000e+03 6.905000000000000000e+03
3.585000000000000000e+03 5.087000000000000000e+03
3.511000000000000000e+03 5.116000000000000000e+03
3.397000000000000000e+03 4.970000000000000000e+03
3.417000000000000000e+03 5.038000000000000000e+03
3.174000000000000000e+03 4.937000000000000000e+03
3.224000000000000000e+03 4.968000000000000000e+03
1.950000000000000000e+03 5.483000000000000000e+03
2.242000000000000000e+03 5.707000000000000000e+03
9.720000000000000000e+02 7.302000000000000000e+03
8.860000000000000000e+02 7.326000000000000000e+03
9.400000000000000000e+02 7.362000000000000000e+03
9.220000000000000000e+02 7.376000000000000000e+03
9.830000000000000000e+02 7.206000000000000000e+03
8.990000000000000000e+02 7.260000000000000000e+03
1.040000000000000000e+03 7.242000000000000000e+03
9.340000000000000000e+02 7.315000000000000000e+03
2.236000000000000000e+03 7.411000000000000000e+03
2.280000000000000000e+03 7.302000000000000000e+03
2.263000000000000000e+03 7.295000000000000000e+03
2.388000000000000000e+03 7.369000000000000000e+03
2.894000000000000000e+03 5.996000000000000000e+03
2.257000000000000000e+03 6.370000000000000000e+03
1.398000000000000000e+03 7.382000000000000000e+03
1.241000000000000000e+03 7.155000000000000000e+03
6.214000000000000000e+03 7.461000000000000000e+03
6.188000000000000000e+03 7.466000000000000000e+03
6.272000000000000000e+03 7.461000000000000000e+03
6.638000000000000000e+03 7.466000000000000000e+03
6.543000000000000000e+03 7.456000000000000000e+03
6.596000000000000000e+03 7.441000000000000000e+03
6.746000000000000000e+03 7.470000000000000000e+03
3.831000000000000000e+03 5.213000000000000000e+03
4.032000000000000000e+03 5.233000000000000000e+03
3.698000000000000000e+03 5.145000000000000000e+03
3.992000000000000000e+03 5.265000000000000000e+03
5.042000000000000000e+03 5.216000000000000000e+03
4.228000000000000000e+03 5.187000000000000000e+03
4.037000000000000000e+03 5.108000000000000000e+03
3.907000000000000000e+03 5.087000000000000000e+03
4.138000000000000000e+03 5.349000000000000000e+03
4.154000000000000000e+03 5.258000000000000000e+03
4.155000000000000000e+03 5.209000000000000000e+03
4.440000000000000000e+03 5.594000000000000000e+03
4.246000000000000000e+03 5.157000000000000000e+03
4.475000000000000000e+03 5.421000000000000000e+03
4.273000000000000000e+03 5.186000000000000000e+03
4.281000000000000000e+03 5.300000000000000000e+03
5.198000000000000000e+03 4.860000000000000000e+03
5.529000000000000000e+03 5.153000000000000000e+03
5.217000000000000000e+03 5.677000000000000000e+03
5.219000000000000000e+03 5.080000000000000000e+03
5.308000000000000000e+03 4.767000000000000000e+03
4.885000000000000000e+03 5.155000000000000000e+03
5.364000000000000000e+03 4.910000000000000000e+03
5.240000000000000000e+03 4.621000000000000000e+03
4.654000000000000000e+03 4.404000000000000000e+03
3.279000000000000000e+03 4.712000000000000000e+03
1.253000000000000000e+03 4.666000000000000000e+03
2.510000000000000000e+03 4.935000000000000000e+03
3.225000000000000000e+03 4.831000000000000000e+03
3.323000000000000000e+03 4.954000000000000000e+03
3.362000000000000000e+03 4.983000000000000000e+03
3.348000000000000000e+03 4.886000000000000000e+03
4.139000000000000000e+03 5.161000000000000000e+03
3.978000000000000000e+03 5.141000000000000000e+03
5.209000000000000000e+03 7.067000000000000000e+03
4.964000000000000000e+03 7.210000000000000000e+03
3.297000000000000000e+03 5.397000000000000000e+03
3.136000000000000000e+03 5.125000000000000000e+03
3.367000000000000000e+03 5.293000000000000000e+03
3.392000000000000000e+03 5.201000000000000000e+03
5.830000000000000000e+03 7.417000000000000000e+03
5.889000000000000000e+03 7.460000000000000000e+03
5.537000000000000000e+03 7.454000000000000000e+03
5.672000000000000000e+03 7.473000000000000000e+03
5.538000000000000000e+03 7.404000000000000000e+03
5.455000000000000000e+03 7.439000000000000000e+03
5.237000000000000000e+03 7.441000000000000000e+03
5.682000000000000000e+03 7.442000000000000000e+03
3.486000000000000000e+03 4.731000000000000000e+03
4.187000000000000000e+03 4.742000000000000000e+03
4.216000000000000000e+03 5.068000000000000000e+03
3.862000000000000000e+03 4.855000000000000000e+03
5.493000000000000000e+03 4.148000000000000000e+03
3.361000000000000000e+03 4.767000000000000000e+03
3.499000000000000000e+03 4.902000000000000000e+03
3.472000000000000000e+03 4.927000000000000000e+03
2.923000000000000000e+03 4.686000000000000000e+03
4.310000000000000000e+03 4.956000000000000000e+03
4.299000000000000000e+03 4.994000000000000000e+03
2.371000000000000000e+03 4.556000000000000000e+03
2.353000000000000000e+03 4.482000000000000000e+03
2.498000000000000000e+03 4.527000000000000000e+03
2.502000000000000000e+03 4.508000000000000000e+03
6.260000000000000000e+03 3.164000000000000000e+03
6.192000000000000000e+03 3.128000000000000000e+03
6.154000000000000000e+03 3.582000000000000000e+03
6.194000000000000000e+03 3.379000000000000000e+03
6.243000000000000000e+03 3.616000000000000000e+03
6.329000000000000000e+03 3.649000000000000000e+03
6.348000000000000000e+03 3.467000000000000000e+03
6.346000000000000000e+03 3.549000000000000000e+03
4.569000000000000000e+03 3.408000000000000000e+03
2.772000000000000000e+03 4.377000000000000000e+03
2.509000000000000000e+03 4.719000000000000000e+03
2.666000000000000000e+03 4.663000000000000000e+03
4.929000000000000000e+03 4.638000000000000000e+03
5.892000000000000000e+03 3.699000000000000000e+03
4.019000000000000000e+03 4.019000000000000000e+03
2.740000000000000000e+03 4.614000000000000000e+03
4.281000000000000000e+03 3.122000000000000000e+03
4.067000000000000000e+03 3.374000000000000000e+03
5.570000000000000000e+03 2.674000000000000000e+03
5.495000000000000000e+03 3.437000000000000000e+03
5.226000000000000000e+03 3.457000000000000000e+03
4.727000000000000000e+03 4.255000000000000000e+03
4.602000000000000000e+03 3.840000000000000000e+03
4.792000000000000000e+03 3.677000000000000000e+03
5.154000000000000000e+03 3.281000000000000000e+03
5.868000000000000000e+03 2.355000000000000000e+03
5.913000000000000000e+03 2.433000000000000000e+03
4.896000000000000000e+03 2.349000000000000000e+03
4.700000000000000000e+03 4.428000000000000000e+03
5.291000000000000000e+03 4.462000000000000000e+03
4.916000000000000000e+03 4.466000000000000000e+03
3.487000000000000000e+03 3.724000000000000000e+03
3.271000000000000000e+03 4.142000000000000000e+03
4.026000000000000000e+03 3.693000000000000000e+03
2.908000000000000000e+03 4.647000000000000000e+03
3.018000000000000000e+03 4.524000000000000000e+03
2.960000000000000000e+03 4.572000000000000000e+03
3.502000000000000000e+03 4.086000000000000000e+03
2.826000000000000000e+03 4.498000000000000000e+03
4.651000000000000000e+03 1.968000000000000000e+03
4.600000000000000000e+03 2.206000000000000000e+03
4.652000000000000000e+03 2.337000000000000000e+03
4.666000000000000000e+03 2.475000000000000000e+03
4.599000000000000000e+03 1.828000000000000000e+03
4.649000000000000000e+03 1.813000000000000000e+03
5.336000000000000000e+03 2.342000000000000000e+03
5.130000000000000000e+03 2.643000000000000000e+03
4.807000000000000000e+03 1.887000000000000000e+03
4.819000000000000000e+03 1.770000000000000000e+03
4.864000000000000000e+03 2.051000000000000000e+03
4.851000000000000000e+03 1.751000000000000000e+03
4.924000000000000000e+03 2.359000000000000000e+03
4.823000000000000000e+03 2.384000000000000000e+03
4.815000000000000000e+03 2.198000000000000000e+03
4.876000000000000000e+03 2.558000000000000000e+03
4.362000000000000000e+03 4.631000000000000000e+03
4.341000000000000000e+03 4.720000000000000000e+03
4.516000000000000000e+03 3.197000000000000000e+03
4.442000000000000000e+03 4.678000000000000000e+03
4.534000000000000000e+03 3.889000000000000000e+03
4.410000000000000000e+03 5.143000000000000000e+03
4.344000000000000000e+03 5.190000000000000000e+03
4.338000000000000000e+03 4.839000000000000000e+03
4.260000000000000000e+03 4.792000000000000000e+03
4.407000000000000000e+03 4.845000000000000000e+03
4.382000000000000000e+03 4.851000000000000000e+03
4.093000000000000000e+03 4.728000000000000000e+03
4.134000000000000000e+03 4.769000000000000000e+03
4.364000000000000000e+03 4.874000000000000000e+03
4.187000000000000000e+03 4.828000000000000000e+03
2.835000000000000000e+03 4.531000000000000000e+03
3.021000000000000000e+03 4.479000000000000000e+03
2.511000000000000000e+03 4.629000000000000000e+03
2.405000000000000000e+03 4.662000000000000000e+03
2.255000000000000000e+03 4.703000000000000000e+03
2.165000000000000000e+03 4.675000000000000000e+03
2.372000000000000000e+03 4.723000000000000000e+03
2.216000000000000000e+03 4.725000000000000000e+03
2.166000000000000000e+03 4.577000000000000000e+03
2.127000000000000000e+03 4.555000000000000000e+03
2.552000000000000000e+03 4.532000000000000000e+03
1.982000000000000000e+03 4.591000000000000000e+03
2.744000000000000000e+03 4.406000000000000000e+03
2.468000000000000000e+03 4.378000000000000000e+03
2.371000000000000000e+03 4.410000000000000000e+03
2.072000000000000000e+03 4.398000000000000000e+03
3.602000000000000000e+03 4.529000000000000000e+03
3.777000000000000000e+03 4.451000000000000000e+03
3.589000000000000000e+03 4.542000000000000000e+03
3.779000000000000000e+03 4.567000000000000000e+03
3.887000000000000000e+03 4.725000000000000000e+03
3.792000000000000000e+03 4.695000000000000000e+03
3.776000000000000000e+03 4.623000000000000000e+03
3.739000000000000000e+03 4.630000000000000000e+03
4.163000000000000000e+03 4.506000000000000000e+03
4.207000000000000000e+03 4.461000000000000000e+03
4.315000000000000000e+03 4.526000000000000000e+03
4.397000000000000000e+03 4.645000000000000000e+03
4.157000000000000000e+03 4.729000000000000000e+03
4.137000000000000000e+03 4.576000000000000000e+03
4.229000000000000000e+03 4.679000000000000000e+03
4.290000000000000000e+03 4.805000000000000000e+03
4.006000000000000000e+03 4.912000000000000000e+03
4.042000000000000000e+03 4.811000000000000000e+03
3.926000000000000000e+03 4.733000000000000000e+03
3.962000000000000000e+03 4.884000000000000000e+03
3.969000000000000000e+03 4.516000000000000000e+03
4.028000000000000000e+03 4.573000000000000000e+03
3.915000000000000000e+03 4.655000000000000000e+03
3.913000000000000000e+03 4.574000000000000000e+03
3.752000000000000000e+03 4.865000000000000000e+03
3.676000000000000000e+03 4.830000000000000000e+03
3.708000000000000000e+03 4.794000000000000000e+03
3.613000000000000000e+03 4.709000000000000000e+03
3.502000000000000000e+03 4.595000000000000000e+03
3.545000000000000000e+03 4.635000000000000000e+03
3.518000000000000000e+03 4.556000000000000000e+03
3.537000000000000000e+03 4.604000000000000000e+03
2.603000000000000000e+03 5.280000000000000000e+03
2.560000000000000000e+02 8.000000000000000000e+01
2.259000000000000000e+03 2.570000000000000000e+03
8.750000000000000000e+02 5.680000000000000000e+03
4.285000000000000000e+03 8.000000000000000000e+01
2.560000000000000000e+02 4.000000000000000000e+03
6.162000000000000000e+03 3.720000000000000000e+03
-4.000000000000000000e+00 0.000000000000000000e+00
-1.200000000000000000e+01 0.000000000000000000e+00
7.442000000000000000e+03 0.000000000000000000e+00
