6.896000000000000000e+03 2.888000000000000000e+03
6.777000000000000000e+03 3.443000000000000000e+03
6.849000000000000000e+03 2.663000000000000000e+03
6.656000000000000000e+03 3.303000000000000000e+03
6.711000000000000000e+03 3.352000000000000000e+03
6.744000000000000000e+03 3.455000000000000000e+03
6.709000000000000000e+03 3.886000000000000000e+03
6.732000000000000000e+03 2.534000000000000000e+03
6.825000000000000000e+03 2.493000000000000000e+03
6.786000000000000000e+03 2.657000000000000000e+03
6.862000000000000000e+03 2.557000000000000000e+03
6.694000000000000000e+03 2.328000000000000000e+03
6.809000000000000000e+03 2.283000000000000000e+03
6.701000000000000000e+03 2.383000000000000000e+03
6.715000000000000000e+03 2.358000000000000000e+03
6.959000000000000000e+03 4.242000000000000000e+03
7.034000000000000000e+03 4.042000000000000000e+03
7.059000000000000000e+03 4.281000000000000000e+03
7.108000000000000000e+03 4.215000000000000000e+03
6.982000000000000000e+03 3.765000000000000000e+03
6.824000000000000000e+03 3.997000000000000000e+03
6.994000000000000000e+03 3.881000000000000000e+03
6.971000000000000000e+03 4.103000000000000000e+03
7.060000000000000000e+03 4.047000000000000000e+03
7.002000000000000000e+03 4.002000000000000000e+03
6.976000000000000000e+03 3.431000000000000000e+03
7.103000000000000000e+03 3.446000000000000000e+03
6.899000000000000000e+03 3.938000000000000000e+03
6.835000000000000000e+03 4.142000000000000000e+03
6.855000000000000000e+03 3.392000000000000000e+03
6.786000000000000000e+03 3.174000000000000000e+03
6.207000000000000000e+03 3.382000000000000000e+03
5.660000000000000000e+03 3.240000000000000000e+03
5.828000000000000000e+03 3.393000000000000000e+03
4.390000000000000000e+03 2.909000000000000000e+03
5.136000000000000000e+03 3.496000000000000000e+03
5.222000000000000000e+03 3.486000000000000000e+03
4.755000000000000000e+03 3.213000000000000000e+03
6.068000000000000000e+03 4.078000000000000000e+03
6.050000000000000000e+03 4.053000000000000000e+03
6.063000000000000000e+03 3.979000000000000000e+03
5.908000000000000000e+03 4.119000000000000000e+03
5.821000000000000000e+03 4.062000000000000000e+03
5.840000000000000000e+03 3.702000000000000000e+03
5.709000000000000000e+03 3.494000000000000000e+03
5.542000000000000000e+03 3.645000000000000000e+03
6.117000000000000000e+03 3.190000000000000000e+03
6.054000000000000000e+03 3.030000000000000000e+03
6.098000000000000000e+03 2.987000000000000000e+03
6.143000000000000000e+03 3.304000000000000000e+03
6.151000000000000000e+03 3.297000000000000000e+03
5.957000000000000000e+03 3.367000000000000000e+03
5.965000000000000000e+03 3.197000000000000000e+03
6.109000000000000000e+03 3.340000000000000000e+03
6.008000000000000000e+03 3.043000000000000000e+03
4.883000000000000000e+03 2.958000000000000000e+03
5.358000000000000000e+03 3.648000000000000000e+03
5.186000000000000000e+03 3.559000000000000000e+03
5.396000000000000000e+03 4.078000000000000000e+03
5.300000000000000000e+03 3.983000000000000000e+03
5.206000000000000000e+03 3.773000000000000000e+03
5.152000000000000000e+03 3.819000000000000000e+03
6.647000000000000000e+03 2.818000000000000000e+03
6.862000000000000000e+03 2.906000000000000000e+03
6.778000000000000000e+03 2.916000000000000000e+03
7.200000000000000000e+03 2.991000000000000000e+03
7.159000000000000000e+03 3.014000000000000000e+03
6.996000000000000000e+03 2.949000000000000000e+03
7.008000000000000000e+03 2.901000000000000000e+03
6.668000000000000000e+03 2.562000000000000000e+03
6.565000000000000000e+03 2.548000000000000000e+03
6.533000000000000000e+03 2.463000000000000000e+03
6.601000000000000000e+03 2.380000000000000000e+03
6.534000000000000000e+03 2.679000000000000000e+03
6.657000000000000000e+03 2.675000000000000000e+03
6.023000000000000000e+03 2.768000000000000000e+03
6.077000000000000000e+03 2.695000000000000000e+03
6.201000000000000000e+03 2.575000000000000000e+03
5.926000000000000000e+03 2.613000000000000000e+03
6.235000000000000000e+03 2.383000000000000000e+03
6.254000000000000000e+03 2.519000000000000000e+03
6.227000000000000000e+03 2.816000000000000000e+03
6.206000000000000000e+03 2.688000000000000000e+03
6.293000000000000000e+03 2.727000000000000000e+03
6.346000000000000000e+03 2.779000000000000000e+03
6.893000000000000000e+03 3.022000000000000000e+03
6.829000000000000000e+03 3.079000000000000000e+03
7.060000000000000000e+03 3.083000000000000000e+03
6.994000000000000000e+03 3.092000000000000000e+03
6.737000000000000000e+03 3.028000000000000000e+03
6.840000000000000000e+03 3.106000000000000000e+03
6.608000000000000000e+03 2.902000000000000000e+03
6.746000000000000000e+03 3.006000000000000000e+03
5.999000000000000000e+03 2.343000000000000000e+03
6.125000000000000000e+03 2.434000000000000000e+03
6.084000000000000000e+03 2.499000000000000000e+03
5.653000000000000000e+03 2.436000000000000000e+03
5.960000000000000000e+03 2.680000000000000000e+03
6.123000000000000000e+03 2.669000000000000000e+03
5.975000000000000000e+03 2.553000000000000000e+03
6.033000000000000000e+03 2.640000000000000000e+03
4.673000000000000000e+03 2.373000000000000000e+03
3.215000000000000000e+03 2.449000000000000000e+03
3.148000000000000000e+03 2.438000000000000000e+03
3.166000000000000000e+03 2.427000000000000000e+03
3.625000000000000000e+03 2.461000000000000000e+03
3.563000000000000000e+03 2.566000000000000000e+03
3.647000000000000000e+03 2.506000000000000000e+03
3.635000000000000000e+03 2.567000000000000000e+03
6.159000000000000000e+03 1.510000000000000000e+03
6.170000000000000000e+03 2.251000000000000000e+03
6.122000000000000000e+03 2.306000000000000000e+03
6.001000000000000000e+03 2.401000000000000000e+03
5.955000000000000000e+03 6.180000000000000000e+02
5.959000000000000000e+03 2.900000000000000000e+02
5.803000000000000000e+03 7.450000000000000000e+02
5.973000000000000000e+03 5.390000000000000000e+02
6.379000000000000000e+03 2.571000000000000000e+03
6.451000000000000000e+03 2.614000000000000000e+03
6.404000000000000000e+03 2.445000000000000000e+03
6.485000000000000000e+03 2.528000000000000000e+03
6.506000000000000000e+03 2.311000000000000000e+03
6.457000000000000000e+03 2.298000000000000000e+03
6.342000000000000000e+03 2.357000000000000000e+03
6.388000000000000000e+03 2.363000000000000000e+03
6.881000000000000000e+03 2.285000000000000000e+03
7.195000000000000000e+03 2.272000000000000000e+03
7.267000000000000000e+03 2.334000000000000000e+03
6.821000000000000000e+03 2.346000000000000000e+03
6.805000000000000000e+03 2.239000000000000000e+03
6.886000000000000000e+03 2.296000000000000000e+03
6.875000000000000000e+03 2.515000000000000000e+03
6.945000000000000000e+03 2.319000000000000000e+03
6.812000000000000000e+03 2.255000000000000000e+03
6.900000000000000000e+03 2.446000000000000000e+03
6.930000000000000000e+03 2.438000000000000000e+03
7.011000000000000000e+03 2.389000000000000000e+03
7.058000000000000000e+03 2.407000000000000000e+03
7.047000000000000000e+03 2.325000000000000000e+03
7.016000000000000000e+03 2.428000000000000000e+03
7.005000000000000000e+03 2.523000000000000000e+03
7.145000000000000000e+03 2.524000000000000000e+03
7.224000000000000000e+03 2.569000000000000000e+03
7.201000000000000000e+03 2.588000000000000000e+03
7.128000000000000000e+03 2.621000000000000000e+03
7.093000000000000000e+03 2.620000000000000000e+03
6.925000000000000000e+03 2.734000000000000000e+03
6.922000000000000000e+03 2.702000000000000000e+03
7.064000000000000000e+03 2.514000000000000000e+03
7.220000000000000000e+03 2.337000000000000000e+03
6.923000000000000000e+03 2.644000000000000000e+03
6.917000000000000000e+03 2.555000000000000000e+03
7.155000000000000000e+03 2.419000000000000000e+03
7.205000000000000000e+03 2.422000000000000000e+03
7.288000000000000000e+03 2.389000000000000000e+03
7.250000000000000000e+03 2.409000000000000000e+03
6.408000000000000000e+03 2.836000000000000000e+03
2.335000000000000000e+03 2.111000000000000000e+03
3.220000000000000000e+03 2.298000000000000000e+03
5.868000000000000000e+03 2.969000000000000000e+03
6.817000000000000000e+03 3.245000000000000000e+03
6.699000000000000000e+03 3.098000000000000000e+03
6.672000000000000000e+03 3.130000000000000000e+03
5.561000000000000000e+03 2.865000000000000000e+03
6.935000000000000000e+03 3.317000000000000000e+03
6.925000000000000000e+03 3.262000000000000000e+03
6.986000000000000000e+03 3.251000000000000000e+03
7.102000000000000000e+03 3.189000000000000000e+03
6.873000000000000000e+03 3.216000000000000000e+03
7.093000000000000000e+03 3.246000000000000000e+03
7.084000000000000000e+03 3.255000000000000000e+03
2.225000000000000000e+03 1.831000000000000000e+03
2.267000000000000000e+03 1.909000000000000000e+03
2.293000000000000000e+03 2.007000000000000000e+03
2.250000000000000000e+03 1.859000000000000000e+03
2.173000000000000000e+03 1.898000000000000000e+03
2.127000000000000000e+03 1.905000000000000000e+03
2.324000000000000000e+03 1.927000000000000000e+03
2.347000000000000000e+03 1.853000000000000000e+03
6.986000000000000000e+03 2.797000000000000000e+03
7.028000000000000000e+03 2.777000000000000000e+03
6.856000000000000000e+03 2.768000000000000000e+03
6.811000000000000000e+03 2.797000000000000000e+03
7.192000000000000000e+03 2.893000000000000000e+03
7.186000000000000000e+03 2.811000000000000000e+03
7.071000000000000000e+03 2.770000000000000000e+03
7.111000000000000000e+03 2.816000000000000000e+03
1.904000000000000000e+03 2.077000000000000000e+03
1.926000000000000000e+03 2.343000000000000000e+03
1.957000000000000000e+03 2.375000000000000000e+03
2.024000000000000000e+03 2.410000000000000000e+03
2.023000000000000000e+03 2.410000000000000000e+03
2.574000000000000000e+03 2.561000000000000000e+03
2.064000000000000000e+03 2.385000000000000000e+03
2.077000000000000000e+03 2.211000000000000000e+03
2.062000000000000000e+03 2.130000000000000000e+03
2.360000000000000000e+03 2.077000000000000000e+03
2.162000000000000000e+03 2.213000000000000000e+03
2.175000000000000000e+03 2.095000000000000000e+03
2.656000000000000000e+03 2.303000000000000000e+03
2.200000000000000000e+03 2.172000000000000000e+03
2.188000000000000000e+03 2.186000000000000000e+03
2.221000000000000000e+03 2.493000000000000000e+03
2.177000000000000000e+03 2.390000000000000000e+03
2.192000000000000000e+03 2.344000000000000000e+03
2.101000000000000000e+03 2.337000000000000000e+03
2.360000000000000000e+03 2.363000000000000000e+03
3.304000000000000000e+03 2.512000000000000000e+03
2.345000000000000000e+03 2.476000000000000000e+03
2.262000000000000000e+03 2.425000000000000000e+03
1.786000000000000000e+03 2.111000000000000000e+03
3.148000000000000000e+03 2.319000000000000000e+03
2.085000000000000000e+03 1.843000000000000000e+03
2.052000000000000000e+03 1.947000000000000000e+03
1.899000000000000000e+03 2.167000000000000000e+03
1.854000000000000000e+03 2.207000000000000000e+03
2.166000000000000000e+03 2.229000000000000000e+03
2.702000000000000000e+03 2.276000000000000000e+03
3.946000000000000000e+03 2.021000000000000000e+03
4.769000000000000000e+03 2.185000000000000000e+03
3.878000000000000000e+03 2.097000000000000000e+03
4.203000000000000000e+03 2.051000000000000000e+03
2.487000000000000000e+03 1.931000000000000000e+03
2.470000000000000000e+03 2.089000000000000000e+03
2.581000000000000000e+03 1.822000000000000000e+03
2.493000000000000000e+03 1.660000000000000000e+03
2.766000000000000000e+03 2.268000000000000000e+03
2.690000000000000000e+03 2.201000000000000000e+03
2.823000000000000000e+03 2.356000000000000000e+03
3.287000000000000000e+03 2.204000000000000000e+03
5.372000000000000000e+03 2.208000000000000000e+03
5.449000000000000000e+03 2.441000000000000000e+03
2.501000000000000000e+03 2.189000000000000000e+03
4.455000000000000000e+03 2.334000000000000000e+03
2.980000000000000000e+03 1.634000000000000000e+03
2.415000000000000000e+03 1.474000000000000000e+03
2.106000000000000000e+03 1.562000000000000000e+03
2.203000000000000000e+03 1.570000000000000000e+03
2.287000000000000000e+03 1.591000000000000000e+03
2.307000000000000000e+03 1.545000000000000000e+03
2.233000000000000000e+03 1.563000000000000000e+03
2.227000000000000000e+03 1.520000000000000000e+03
2.607000000000000000e+03 2.440000000000000000e+03
2.603000000000000000e+03 2.417000000000000000e+03
2.533000000000000000e+03 2.316000000000000000e+03
2.600000000000000000e+03 2.338000000000000000e+03
2.751000000000000000e+03 2.376000000000000000e+03
4.786000000000000000e+03 2.667000000000000000e+03
2.847000000000000000e+03 2.301000000000000000e+03
3.455000000000000000e+03 2.493000000000000000e+03
6.128000000000000000e+03 4.256000000000000000e+03
6.055000000000000000e+03 4.513000000000000000e+03
6.201000000000000000e+03 4.485000000000000000e+03
6.146000000000000000e+03 4.235000000000000000e+03
6.001000000000000000e+03 4.281000000000000000e+03
5.933000000000000000e+03 4.254000000000000000e+03
5.911000000000000000e+03 4.235000000000000000e+03
6.399000000000000000e+03 4.208000000000000000e+03
6.392000000000000000e+03 4.062000000000000000e+03
6.220000000000000000e+03 4.509000000000000000e+03
6.391000000000000000e+03 4.318000000000000000e+03
6.446000000000000000e+03 3.555000000000000000e+03
6.491000000000000000e+03 3.554000000000000000e+03
6.578000000000000000e+03 3.451000000000000000e+03
6.644000000000000000e+03 3.646000000000000000e+03
6.409000000000000000e+03 4.394000000000000000e+03
5.993000000000000000e+03 3.310000000000000000e+03
6.332000000000000000e+03 4.269000000000000000e+03
6.183000000000000000e+03 4.267000000000000000e+03
6.629000000000000000e+03 4.347000000000000000e+03
6.572000000000000000e+03 4.244000000000000000e+03
6.635000000000000000e+03 4.257000000000000000e+03
6.430000000000000000e+03 4.436000000000000000e+03
6.593000000000000000e+03 3.042000000000000000e+03
6.517000000000000000e+03 2.984000000000000000e+03
6.436000000000000000e+03 2.939000000000000000e+03
6.547000000000000000e+03 2.918000000000000000e+03
6.247000000000000000e+03 3.034000000000000000e+03
6.385000000000000000e+03 2.982000000000000000e+03
6.196000000000000000e+03 3.177000000000000000e+03
6.202000000000000000e+03 3.132000000000000000e+03
5.619000000000000000e+03 3.945000000000000000e+03
6.509000000000000000e+03 3.368000000000000000e+03
6.637000000000000000e+03 3.287000000000000000e+03
6.497000000000000000e+03 3.278000000000000000e+03
6.481000000000000000e+03 3.305000000000000000e+03
6.412000000000000000e+03 3.279000000000000000e+03
6.436000000000000000e+03 3.226000000000000000e+03
5.817000000000000000e+03 3.217000000000000000e+03
6.277000000000000000e+03 3.317000000000000000e+03
5.780000000000000000e+03 3.156000000000000000e+03
6.372000000000000000e+03 3.244000000000000000e+03
5.951000000000000000e+03 3.416000000000000000e+03
5.550000000000000000e+03 3.411000000000000000e+03
5.983000000000000000e+03 3.463000000000000000e+03
6.168000000000000000e+03 3.393000000000000000e+03
6.342000000000000000e+03 3.046000000000000000e+03
5.844000000000000000e+03 3.698000000000000000e+03
6.301000000000000000e+03 2.978000000000000000e+03
6.299000000000000000e+03 3.027000000000000000e+03
6.444000000000000000e+03 3.129000000000000000e+03
6.431000000000000000e+03 3.061000000000000000e+03
6.527000000000000000e+03 3.077000000000000000e+03
6.580000000000000000e+03 3.108000000000000000e+03
6.044000000000000000e+03 2.967000000000000000e+03
6.005000000000000000e+03 3.064000000000000000e+03
6.131000000000000000e+03 3.078000000000000000e+03
6.111000000000000000e+03 3.078000000000000000e+03
6.169000000000000000e+03 2.899000000000000000e+03
5.968000000000000000e+03 3.474000000000000000e+03
6.164000000000000000e+03 3.038000000000000000e+03
6.200000000000000000e+03 3.022000000000000000e+03
6.690000000000000000e+03 4.309000000000000000e+03
6.509000000000000000e+03 4.398000000000000000e+03
6.583000000000000000e+03 4.457000000000000000e+03
6.679000000000000000e+03 4.487000000000000000e+03
6.744000000000000000e+03 4.475000000000000000e+03
6.698000000000000000e+03 4.431000000000000000e+03
6.805000000000000000e+03 4.388000000000000000e+03
5.855000000000000000e+03 3.785000000000000000e+03
5.911000000000000000e+03 3.840000000000000000e+03
6.031000000000000000e+03 4.526000000000000000e+03
6.077000000000000000e+03 4.508000000000000000e+03
6.364000000000000000e+03 4.509000000000000000e+03
6.279000000000000000e+03 4.510000000000000000e+03
5.194000000000000000e+03 3.768000000000000000e+03
5.045000000000000000e+03 3.780000000000000000e+03
6.451000000000000000e+03 4.605000000000000000e+03
6.396000000000000000e+03 4.557000000000000000e+03
6.207000000000000000e+03 4.605000000000000000e+03
5.902000000000000000e+03 4.594000000000000000e+03
5.853000000000000000e+03 4.128000000000000000e+03
5.745000000000000000e+03 4.173000000000000000e+03
4.975000000000000000e+03 3.533000000000000000e+03
5.612000000000000000e+03 4.180000000000000000e+03
6.737000000000000000e+03 4.555000000000000000e+03
6.816000000000000000e+03 4.590000000000000000e+03
6.881000000000000000e+03 4.435000000000000000e+03
6.838000000000000000e+03 4.426000000000000000e+03
6.189000000000000000e+03 3.968000000000000000e+03
6.145000000000000000e+03 3.926000000000000000e+03
6.631000000000000000e+03 4.585000000000000000e+03
6.580000000000000000e+03 4.627000000000000000e+03
5.221000000000000000e+03 4.295000000000000000e+03
5.921000000000000000e+03 4.313000000000000000e+03
3.884000000000000000e+03 2.805000000000000000e+03
5.160000000000000000e+03 3.932000000000000000e+03
6.469000000000000000e+03 4.217000000000000000e+03
6.700000000000000000e+03 4.227000000000000000e+03
6.677000000000000000e+03 4.162000000000000000e+03
6.683000000000000000e+03 4.185000000000000000e+03
6.099000000000000000e+03 4.290000000000000000e+03
5.857000000000000000e+03 4.338000000000000000e+03
5.817000000000000000e+03 4.248000000000000000e+03
6.283000000000000000e+03 4.330000000000000000e+03
6.787000000000000000e+03 4.262000000000000000e+03
6.807000000000000000e+03 4.316000000000000000e+03
6.395000000000000000e+03 4.350000000000000000e+03
6.541000000000000000e+03 4.312000000000000000e+03
6.347000000000000000e+03 4.160000000000000000e+03
5.859000000000000000e+03 4.099000000000000000e+03
6.220000000000000000e+03 4.102000000000000000e+03
5.767000000000000000e+03 4.069000000000000000e+03
5.671000000000000000e+03 4.377000000000000000e+03
5.959000000000000000e+03 4.302000000000000000e+03
5.749000000000000000e+03 4.466000000000000000e+03
6.108000000000000000e+03 4.385000000000000000e+03
6.404000000000000000e+03 4.360000000000000000e+03
6.041000000000000000e+03 4.326000000000000000e+03
6.248000000000000000e+03 4.411000000000000000e+03
5.832000000000000000e+03 4.391000000000000000e+03
6.442000000000000000e+03 4.138000000000000000e+03
6.409000000000000000e+03 4.077000000000000000e+03
6.583000000000000000e+03 4.115000000000000000e+03
6.514000000000000000e+03 4.096000000000000000e+03
1.788000000000000000e+03 3.123000000000000000e+03
2.797000000000000000e+03 2.221000000000000000e+03
2.240000000000000000e+03 2.435000000000000000e+03
4.877000000000000000e+03 4.156000000000000000e+03
5.452000000000000000e+03 4.437000000000000000e+03
6.990000000000000000e+02 3.137000000000000000e+03
5.630000000000000000e+02 3.424000000000000000e+03
2.396000000000000000e+03 2.024000000000000000e+03
2.362000000000000000e+03 1.980000000000000000e+03
2.357000000000000000e+03 1.741000000000000000e+03
2.335000000000000000e+03 1.709000000000000000e+03
3.054000000000000000e+03 1.821000000000000000e+03
2.766000000000000000e+03 1.916000000000000000e+03
2.218000000000000000e+03 1.651000000000000000e+03
2.201000000000000000e+03 1.659000000000000000e+03
8.280000000000000000e+02 5.489000000000000000e+03
7.290000000000000000e+02 5.516000000000000000e+03
8.460000000000000000e+02 5.400000000000000000e+03
9.220000000000000000e+02 5.509000000000000000e+03
1.745000000000000000e+03 5.296000000000000000e+03
2.121000000000000000e+03 5.209000000000000000e+03
2.013000000000000000e+03 5.289000000000000000e+03
1.071000000000000000e+03 5.473000000000000000e+03
5.150000000000000000e+02 4.974000000000000000e+03
5.340000000000000000e+02 5.086000000000000000e+03
2.976000000000000000e+03 5.168000000000000000e+03
7.890000000000000000e+02 5.157000000000000000e+03
5.050000000000000000e+02 5.243000000000000000e+03
5.200000000000000000e+02 5.280000000000000000e+03
4.930000000000000000e+02 5.219000000000000000e+03
4.770000000000000000e+02 5.260000000000000000e+03
1.658000000000000000e+03 3.194000000000000000e+03
1.464000000000000000e+03 3.325000000000000000e+03
1.860000000000000000e+03 2.732000000000000000e+03
2.110000000000000000e+03 2.766000000000000000e+03
3.867000000000000000e+03 3.466000000000000000e+03
2.831000000000000000e+03 2.722000000000000000e+03
2.071000000000000000e+03 2.721000000000000000e+03
5.640000000000000000e+02 3.146000000000000000e+03
5.310000000000000000e+02 3.801000000000000000e+03
7.270000000000000000e+02 2.924000000000000000e+03
6.600000000000000000e+02 3.189000000000000000e+03
1.598000000000000000e+03 2.705000000000000000e+03
1.044000000000000000e+03 2.753000000000000000e+03
2.979000000000000000e+03 3.708000000000000000e+03
1.084000000000000000e+03 3.048000000000000000e+03
2.764000000000000000e+03 4.011000000000000000e+03
3.639000000000000000e+03 3.816000000000000000e+03
2.959000000000000000e+03 3.237000000000000000e+03
3.101000000000000000e+03 3.811000000000000000e+03
1.424000000000000000e+03 4.323000000000000000e+03
1.458000000000000000e+03 4.418000000000000000e+03
1.464000000000000000e+03 3.008000000000000000e+03
2.972000000000000000e+03 3.643000000000000000e+03
2.838000000000000000e+03 3.758000000000000000e+03
2.139000000000000000e+03 2.885000000000000000e+03
4.716000000000000000e+03 4.194000000000000000e+03
1.728000000000000000e+03 3.704000000000000000e+03
2.753000000000000000e+03 3.544000000000000000e+03
4.071000000000000000e+03 3.975000000000000000e+03
2.248000000000000000e+03 2.967000000000000000e+03
3.661000000000000000e+03 2.806000000000000000e+03
7.354000000000000000e+03 3.109000000000000000e+03
7.434000000000000000e+03 3.321000000000000000e+03
7.383000000000000000e+03 3.252000000000000000e+03
7.307000000000000000e+03 3.305000000000000000e+03
7.340000000000000000e+03 3.336000000000000000e+03
7.324000000000000000e+03 3.279000000000000000e+03
7.315000000000000000e+03 3.379000000000000000e+03
7.396000000000000000e+03 2.898000000000000000e+03
7.417000000000000000e+03 2.954000000000000000e+03
7.416000000000000000e+03 2.692000000000000000e+03
7.406000000000000000e+03 2.506000000000000000e+03
7.470000000000000000e+03 2.503000000000000000e+03
7.064000000000000000e+03 2.879000000000000000e+03
7.436000000000000000e+03 2.489000000000000000e+03
7.410000000000000000e+03 2.892000000000000000e+03
7.320000000000000000e+03 2.592000000000000000e+03
7.415000000000000000e+03 2.446000000000000000e+03
7.365000000000000000e+03 2.443000000000000000e+03
7.412000000000000000e+03 2.361000000000000000e+03
7.464000000000000000e+03 2.498000000000000000e+03
7.246000000000000000e+03 2.443000000000000000e+03
7.278000000000000000e+03 2.540000000000000000e+03
7.374000000000000000e+03 2.876000000000000000e+03
7.435000000000000000e+03 2.498000000000000000e+03
7.410000000000000000e+03 2.694000000000000000e+03
7.316000000000000000e+03 2.554000000000000000e+03
7.383000000000000000e+03 2.749000000000000000e+03
7.388000000000000000e+03 2.814000000000000000e+03
7.425000000000000000e+03 3.035000000000000000e+03
7.357000000000000000e+03 2.989000000000000000e+03
7.330000000000000000e+03 3.060000000000000000e+03
7.418000000000000000e+03 4.090000000000000000e+03
7.367000000000000000e+03 4.050000000000000000e+03
7.235000000000000000e+03 4.121000000000000000e+03
7.399000000000000000e+03 4.157000000000000000e+03
7.126000000000000000e+03 3.326000000000000000e+03
7.439000000000000000e+03 3.145000000000000000e+03
7.450000000000000000e+03 4.308000000000000000e+03
7.415000000000000000e+03 4.012000000000000000e+03
7.399000000000000000e+03 4.510000000000000000e+03
7.392000000000000000e+03 4.324000000000000000e+03
7.432000000000000000e+03 4.318000000000000000e+03
7.343000000000000000e+03 4.371000000000000000e+03
6.863000000000000000e+03 4.544000000000000000e+03
7.396000000000000000e+03 4.721000000000000000e+03
7.440000000000000000e+03 4.568000000000000000e+03
7.418000000000000000e+03 4.837000000000000000e+03
7.262000000000000000e+03 4.071000000000000000e+03
7.341000000000000000e+03 3.949000000000000000e+03
7.299000000000000000e+03 3.813000000000000000e+03
7.306000000000000000e+03 3.790000000000000000e+03
7.325000000000000000e+03 4.273000000000000000e+03
7.301000000000000000e+03 4.154000000000000000e+03
7.307000000000000000e+03 4.192000000000000000e+03
7.336000000000000000e+03 4.221000000000000000e+03
7.267000000000000000e+03 3.595000000000000000e+03
7.313000000000000000e+03 3.456000000000000000e+03
7.288000000000000000e+03 3.564000000000000000e+03
7.334000000000000000e+03 3.525000000000000000e+03
7.281000000000000000e+03 3.398000000000000000e+03
7.290000000000000000e+03 3.439000000000000000e+03
7.371000000000000000e+03 3.343000000000000000e+03
7.256000000000000000e+03 3.374000000000000000e+03
6.339000000000000000e+03 5.372000000000000000e+03
7.140000000000000000e+03 4.889000000000000000e+03
7.068000000000000000e+03 4.853000000000000000e+03
7.173000000000000000e+03 4.866000000000000000e+03
7.337000000000000000e+03 4.910000000000000000e+03
7.266000000000000000e+03 4.904000000000000000e+03
7.277000000000000000e+03 4.831000000000000000e+03
6.391000000000000000e+03 5.340000000000000000e+03
7.052000000000000000e+03 4.944000000000000000e+03
6.898000000000000000e+03 5.316000000000000000e+03
6.846000000000000000e+03 5.203000000000000000e+03
5.854000000000000000e+03 5.645000000000000000e+03
6.369000000000000000e+03 5.275000000000000000e+03
6.908000000000000000e+03 4.985000000000000000e+03
6.469000000000000000e+03 5.284000000000000000e+03
7.292000000000000000e+03 5.158000000000000000e+03
7.259000000000000000e+03 5.141000000000000000e+03
7.171000000000000000e+03 5.100000000000000000e+03
7.184000000000000000e+03 5.185000000000000000e+03
7.006000000000000000e+03 5.214000000000000000e+03
6.968000000000000000e+03 5.270000000000000000e+03
7.093000000000000000e+03 5.204000000000000000e+03
7.017000000000000000e+03 5.192000000000000000e+03
7.153000000000000000e+03 5.059000000000000000e+03
7.242000000000000000e+03 4.992000000000000000e+03
7.113000000000000000e+03 5.082000000000000000e+03
7.179000000000000000e+03 4.973000000000000000e+03
6.911000000000000000e+03 5.057000000000000000e+03
6.872000000000000000e+03 5.127000000000000000e+03
7.029000000000000000e+03 5.033000000000000000e+03
7.032000000000000000e+03 5.020000000000000000e+03
7.014000000000000000e+03 5.345000000000000000e+03
7.141000000000000000e+03 5.308000000000000000e+03
6.847000000000000000e+03 5.311000000000000000e+03
7.224000000000000000e+03 5.709000000000000000e+03
7.170000000000000000e+03 5.646000000000000000e+03
7.151000000000000000e+03 5.574000000000000000e+03
7.195000000000000000e+03 5.522000000000000000e+03
7.203000000000000000e+03 5.300000000000000000e+03
7.276000000000000000e+03 5.255000000000000000e+03
7.320000000000000000e+03 5.320000000000000000e+03
7.363000000000000000e+03 5.297000000000000000e+03
7.463000000000000000e+03 5.232000000000000000e+03
7.433000000000000000e+03 5.272000000000000000e+03
7.427000000000000000e+03 5.161000000000000000e+03
7.385000000000000000e+03 5.128000000000000000e+03
7.337000000000000000e+03 5.508000000000000000e+03
7.397000000000000000e+03 5.437000000000000000e+03
7.151000000000000000e+03 5.428000000000000000e+03
7.269000000000000000e+03 5.405000000000000000e+03
5.134000000000000000e+03 5.309000000000000000e+03
5.188000000000000000e+03 5.363000000000000000e+03
6.698000000000000000e+03 5.326000000000000000e+03
4.514000000000000000e+03 5.107000000000000000e+03
6.959000000000000000e+03 5.431000000000000000e+03
6.996000000000000000e+03 5.406000000000000000e+03
7.078000000000000000e+03 5.550000000000000000e+03
7.085000000000000000e+03 5.482000000000000000e+03
6.983000000000000000e+03 5.562000000000000000e+03
6.853000000000000000e+03 5.509000000000000000e+03
6.888000000000000000e+03 5.415000000000000000e+03
6.819000000000000000e+03 5.451000000000000000e+03
5.873000000000000000e+03 5.273000000000000000e+03
5.891000000000000000e+03 5.704000000000000000e+03
5.864000000000000000e+03 4.630000000000000000e+03
5.536000000000000000e+03 5.156000000000000000e+03
5.668000000000000000e+03 4.988000000000000000e+03
5.722000000000000000e+03 5.332000000000000000e+03
5.835000000000000000e+03 5.306000000000000000e+03
6.330000000000000000e+03 4.892000000000000000e+03
6.193000000000000000e+03 4.923000000000000000e+03
6.284000000000000000e+03 4.949000000000000000e+03
6.231000000000000000e+03 5.077000000000000000e+03
6.127000000000000000e+03 4.732000000000000000e+03
6.161000000000000000e+03 4.829000000000000000e+03
5.957000000000000000e+03 4.760000000000000000e+03
6.073000000000000000e+03 4.770000000000000000e+03
6.456000000000000000e+03 4.984000000000000000e+03
6.406000000000000000e+03 5.026000000000000000e+03
6.352000000000000000e+03 5.107000000000000000e+03
6.431000000000000000e+03 5.105000000000000000e+03
6.418000000000000000e+03 4.892000000000000000e+03
6.219000000000000000e+03 4.876000000000000000e+03
5.891000000000000000e+03 4.800000000000000000e+03
6.161000000000000000e+03 4.791000000000000000e+03
6.597000000000000000e+03 5.096000000000000000e+03
6.459000000000000000e+03 5.165000000000000000e+03
6.589000000000000000e+03 5.039000000000000000e+03
6.556000000000000000e+03 4.939000000000000000e+03
6.513000000000000000e+03 4.800000000000000000e+03
6.634000000000000000e+03 4.905000000000000000e+03
6.131000000000000000e+03 4.857000000000000000e+03
6.434000000000000000e+03 4.791000000000000000e+03
7.386000000000000000e+03 5.636000000000000000e+03
7.416000000000000000e+03 5.678000000000000000e+03
7.299000000000000000e+03 5.614000000000000000e+03
7.420000000000000000e+03 5.555000000000000000e+03
7.443000000000000000e+03 5.888000000000000000e+03
7.401000000000000000e+03 5.989000000000000000e+03
7.390000000000000000e+03 5.833000000000000000e+03
7.382000000000000000e+03 5.806000000000000000e+03
6.810000000000000000e+03 5.632000000000000000e+03
6.831000000000000000e+03 5.589000000000000000e+03
6.835000000000000000e+03 5.677000000000000000e+03
6.755000000000000000e+03 5.753000000000000000e+03
6.946000000000000000e+03 5.703000000000000000e+03
6.894000000000000000e+03 5.719000000000000000e+03
7.103000000000000000e+03 5.709000000000000000e+03
7.030000000000000000e+03 5.685000000000000000e+03
6.648000000000000000e+03 5.592000000000000000e+03
6.549000000000000000e+03 5.550000000000000000e+03
6.548000000000000000e+03 5.668000000000000000e+03
6.617000000000000000e+03 5.649000000000000000e+03
6.323000000000000000e+03 5.665000000000000000e+03
6.281000000000000000e+03 5.728000000000000000e+03
6.370000000000000000e+03 5.644000000000000000e+03
6.479000000000000000e+03 5.681000000000000000e+03
6.410000000000000000e+03 5.501000000000000000e+03
6.373000000000000000e+03 5.484000000000000000e+03
6.455000000000000000e+03 5.530000000000000000e+03
6.499000000000000000e+03 5.503000000000000000e+03
6.217000000000000000e+03 5.591000000000000000e+03
6.213000000000000000e+03 5.689000000000000000e+03
6.318000000000000000e+03 5.580000000000000000e+03
6.214000000000000000e+03 5.532000000000000000e+03
5.721000000000000000e+03 5.289000000000000000e+03
5.757000000000000000e+03 5.261000000000000000e+03
5.463000000000000000e+03 5.217000000000000000e+03
5.235000000000000000e+03 5.342000000000000000e+03
5.239000000000000000e+03 5.322000000000000000e+03
5.136000000000000000e+03 5.299000000000000000e+03
5.195000000000000000e+03 5.247000000000000000e+03
5.884000000000000000e+03 5.270000000000000000e+03
6.004000000000000000e+03 5.288000000000000000e+03
6.024000000000000000e+03 5.358000000000000000e+03
6.072000000000000000e+03 5.399000000000000000e+03
6.183000000000000000e+03 5.302000000000000000e+03
6.264000000000000000e+03 5.360000000000000000e+03
6.141000000000000000e+03 5.428000000000000000e+03
6.267000000000000000e+03 5.388000000000000000e+03
5.510000000000000000e+03 5.434000000000000000e+03
5.530000000000000000e+03 5.331000000000000000e+03
5.903000000000000000e+03 5.397000000000000000e+03
5.839000000000000000e+03 5.350000000000000000e+03
5.794000000000000000e+03 5.622000000000000000e+03
5.911000000000000000e+03 5.654000000000000000e+03
5.841000000000000000e+03 5.533000000000000000e+03
5.917000000000000000e+03 5.468000000000000000e+03
5.695000000000000000e+03 5.649000000000000000e+03
5.589000000000000000e+03 5.674000000000000000e+03
5.662000000000000000e+03 5.598000000000000000e+03
5.605000000000000000e+03 5.700000000000000000e+03
5.643000000000000000e+03 5.247000000000000000e+03
5.710000000000000000e+03 5.332000000000000000e+03
5.652000000000000000e+03 5.495000000000000000e+03
5.698000000000000000e+03 5.414000000000000000e+03
5.162000000000000000e+03 5.483000000000000000e+03
5.400000000000000000e+03 5.420000000000000000e+03
5.387000000000000000e+03 5.349000000000000000e+03
5.443000000000000000e+03 5.576000000000000000e+03
5.338000000000000000e+03 5.501000000000000000e+03
5.516000000000000000e+03 5.478000000000000000e+03
5.465000000000000000e+03 5.540000000000000000e+03
6.093000000000000000e+03 5.117000000000000000e+03
6.289000000000000000e+03 5.110000000000000000e+03
6.231000000000000000e+03 5.170000000000000000e+03
6.237000000000000000e+03 5.223000000000000000e+03
6.115000000000000000e+03 5.015000000000000000e+03
6.062000000000000000e+03 4.922000000000000000e+03
5.942000000000000000e+03 4.858000000000000000e+03
6.014000000000000000e+03 4.890000000000000000e+03
5.983000000000000000e+03 5.143000000000000000e+03
5.946000000000000000e+03 5.017000000000000000e+03
6.012000000000000000e+03 5.054000000000000000e+03
6.025000000000000000e+03 5.184000000000000000e+03
5.722000000000000000e+03 4.963000000000000000e+03
5.568000000000000000e+03 4.831000000000000000e+03
5.793000000000000000e+03 4.946000000000000000e+03
5.874000000000000000e+03 4.996000000000000000e+03
5.693000000000000000e+03 5.079000000000000000e+03
5.586000000000000000e+03 5.076000000000000000e+03
5.588000000000000000e+03 5.032000000000000000e+03
5.560000000000000000e+03 4.975000000000000000e+03
5.817000000000000000e+03 5.151000000000000000e+03
5.825000000000000000e+03 5.186000000000000000e+03
5.953000000000000000e+03 5.169000000000000000e+03
5.825000000000000000e+03 5.132000000000000000e+03
5.589000000000000000e+03 4.273000000000000000e+03
5.554000000000000000e+03 4.369000000000000000e+03
5.599000000000000000e+03 4.353000000000000000e+03
5.679000000000000000e+03 4.185000000000000000e+03
5.652000000000000000e+03 4.096000000000000000e+03
5.617000000000000000e+03 4.237000000000000000e+03
5.690000000000000000e+03 4.250000000000000000e+03
5.601000000000000000e+03 4.476000000000000000e+03
5.448000000000000000e+03 4.214000000000000000e+03
5.521000000000000000e+03 4.108000000000000000e+03
5.521000000000000000e+03 4.042000000000000000e+03
5.222000000000000000e+03 4.421000000000000000e+03
5.375000000000000000e+03 4.243000000000000000e+03
5.344000000000000000e+03 4.265000000000000000e+03
5.550000000000000000e+03 4.572000000000000000e+03
5.414000000000000000e+03 4.378000000000000000e+03
5.177000000000000000e+03 4.225000000000000000e+03
4.992000000000000000e+03 3.967000000000000000e+03
5.069000000000000000e+03 4.274000000000000000e+03
5.174000000000000000e+03 3.741000000000000000e+03
5.133000000000000000e+03 3.681000000000000000e+03
5.029000000000000000e+03 3.846000000000000000e+03
4.986000000000000000e+03 3.878000000000000000e+03
5.372000000000000000e+03 3.912000000000000000e+03
5.233000000000000000e+03 3.917000000000000000e+03
5.271000000000000000e+03 4.065000000000000000e+03
5.369000000000000000e+03 4.177000000000000000e+03
5.312000000000000000e+03 3.834000000000000000e+03
5.283000000000000000e+03 3.778000000000000000e+03
5.282000000000000000e+03 3.692000000000000000e+03
5.273000000000000000e+03 3.690000000000000000e+03
4.697000000000000000e+03 3.989000000000000000e+03
5.024000000000000000e+03 3.699000000000000000e+03
4.896000000000000000e+03 3.478000000000000000e+03
4.830000000000000000e+03 3.430000000000000000e+03
4.674000000000000000e+03 3.664000000000000000e+03
4.665000000000000000e+03 3.799000000000000000e+03
4.769000000000000000e+03 3.661000000000000000e+03
4.959000000000000000e+03 3.577000000000000000e+03
4.566000000000000000e+03 2.850000000000000000e+03
5.089000000000000000e+03 3.516000000000000000e+03
4.589000000000000000e+03 2.832000000000000000e+03
4.732000000000000000e+03 2.775000000000000000e+03
4.528000000000000000e+03 2.644000000000000000e+03
4.722000000000000000e+03 3.687000000000000000e+03
4.631000000000000000e+03 2.886000000000000000e+03
4.581000000000000000e+03 2.501000000000000000e+03
4.978000000000000000e+03 4.188000000000000000e+03
5.149000000000000000e+03 4.144000000000000000e+03
5.141000000000000000e+03 3.897000000000000000e+03
5.084000000000000000e+03 4.059000000000000000e+03
4.782000000000000000e+03 3.998000000000000000e+03
4.711000000000000000e+03 3.706000000000000000e+03
4.994000000000000000e+03 4.271000000000000000e+03
5.206000000000000000e+03 4.245000000000000000e+03
5.042000000000000000e+03 3.638000000000000000e+03
4.943000000000000000e+03 3.654000000000000000e+03
4.920000000000000000e+03 3.770000000000000000e+03
4.876000000000000000e+03 3.718000000000000000e+03
4.845000000000000000e+03 3.851000000000000000e+03
4.869000000000000000e+03 3.919000000000000000e+03
5.118000000000000000e+03 4.072000000000000000e+03
4.906000000000000000e+03 4.032000000000000000e+03
4.824000000000000000e+03 7.126000000000000000e+03
6.757000000000000000e+03 7.106000000000000000e+03
6.994000000000000000e+03 6.867000000000000000e+03
5.106000000000000000e+03 6.643000000000000000e+03
5.333000000000000000e+03 6.444000000000000000e+03
5.319000000000000000e+03 6.311000000000000000e+03
5.022000000000000000e+03 6.575000000000000000e+03
5.204000000000000000e+03 6.623000000000000000e+03
5.231000000000000000e+03 6.333000000000000000e+03
5.880000000000000000e+03 6.376000000000000000e+03
5.328000000000000000e+03 6.601000000000000000e+03
5.106000000000000000e+03 6.342000000000000000e+03
5.310000000000000000e+03 6.075000000000000000e+03
5.212000000000000000e+03 6.137000000000000000e+03
4.799000000000000000e+03 6.482000000000000000e+03
7.448000000000000000e+03 7.287000000000000000e+03
6.721000000000000000e+03 7.032000000000000000e+03
7.458000000000000000e+03 7.265000000000000000e+03
7.326000000000000000e+03 7.338000000000000000e+03
7.022000000000000000e+03 6.457000000000000000e+03
7.187000000000000000e+03 6.770000000000000000e+03
6.805000000000000000e+03 5.815000000000000000e+03
6.521000000000000000e+03 6.299000000000000000e+03
5.629000000000000000e+03 5.911000000000000000e+03
5.568000000000000000e+03 5.881000000000000000e+03
5.668000000000000000e+03 6.002000000000000000e+03
5.728000000000000000e+03 6.110000000000000000e+03
5.405000000000000000e+03 5.976000000000000000e+03
5.550000000000000000e+03 5.979000000000000000e+03
5.481000000000000000e+03 5.914000000000000000e+03
5.534000000000000000e+03 5.849000000000000000e+03
8.700000000000000000e+02 7.448000000000000000e+03
1.005000000000000000e+03 7.356000000000000000e+03
9.160000000000000000e+02 7.459000000000000000e+03
6.590000000000000000e+02 7.472000000000000000e+03
4.450000000000000000e+02 7.461000000000000000e+03
3.396000000000000000e+03 6.591000000000000000e+03
1.109000000000000000e+03 7.160000000000000000e+03
5.029000000000000000e+03 6.194000000000000000e+03
5.104000000000000000e+03 6.146000000000000000e+03
5.165000000000000000e+03 5.971000000000000000e+03
5.139000000000000000e+03 6.060000000000000000e+03
5.192000000000000000e+03 5.872000000000000000e+03
5.124000000000000000e+03 5.896000000000000000e+03
4.934000000000000000e+03 6.357000000000000000e+03
5.010000000000000000e+03 6.354000000000000000e+03
1.556000000000000000e+03 7.430000000000000000e+03
1.370000000000000000e+03 7.445000000000000000e+03
1.599000000000000000e+03 7.471000000000000000e+03
1.504000000000000000e+03 7.472000000000000000e+03
1.449000000000000000e+03 7.426000000000000000e+03
1.336000000000000000e+03 7.450000000000000000e+03
1.409000000000000000e+03 7.428000000000000000e+03
1.596000000000000000e+03 7.450000000000000000e+03
2.249000000000000000e+03 7.467000000000000000e+03
2.329000000000000000e+03 7.410000000000000000e+03
2.365000000000000000e+03 7.423000000000000000e+03
2.364000000000000000e+03 7.452000000000000000e+03
3.752000000000000000e+03 6.493000000000000000e+03
3.622000000000000000e+03 6.800000000000000000e+03
2.097000000000000000e+03 7.464000000000000000e+03
2.075000000000000000e+03 7.394000000000000000e+03
5.927000000000000000e+03 7.431000000000000000e+03
5.913000000000000000e+03 7.419000000000000000e+03
5.970000000000000000e+03 7.384000000000000000e+03
6.338000000000000000e+03 7.414000000000000000e+03
6.096000000000000000e+03 7.414000000000000000e+03
6.239000000000000000e+03 7.353000000000000000e+03
6.417000000000000000e+03 7.460000000000000000e+03
5.504000000000000000e+03 6.385000000000000000e+03
5.497000000000000000e+03 6.443000000000000000e+03
5.595000000000000000e+03 6.353000000000000000e+03
5.583000000000000000e+03 6.371000000000000000e+03
5.756000000000000000e+03 6.265000000000000000e+03
5.771000000000000000e+03 6.209000000000000000e+03
5.688000000000000000e+03 6.301000000000000000e+03
5.678000000000000000e+03 6.231000000000000000e+03
5.440000000000000000e+03 6.179000000000000000e+03
5.466000000000000000e+03 6.273000000000000000e+03
5.491000000000000000e+03 6.184000000000000000e+03
5.552000000000000000e+03 6.345000000000000000e+03
5.585000000000000000e+03 6.151000000000000000e+03
5.705000000000000000e+03 6.266000000000000000e+03
5.742000000000000000e+03 6.158000000000000000e+03
5.692000000000000000e+03 6.222000000000000000e+03
5.658000000000000000e+03 5.534000000000000000e+03
6.320000000000000000e+03 5.900000000000000000e+03
5.556000000000000000e+03 6.304000000000000000e+03
6.254000000000000000e+03 5.814000000000000000e+03
5.686000000000000000e+03 5.550000000000000000e+03
5.879000000000000000e+03 6.097000000000000000e+03
5.864000000000000000e+03 5.658000000000000000e+03
5.785000000000000000e+03 5.400000000000000000e+03
5.639000000000000000e+03 6.854000000000000000e+03
5.670000000000000000e+03 6.801000000000000000e+03
5.883000000000000000e+03 6.830000000000000000e+03
5.835000000000000000e+03 6.356000000000000000e+03
5.649000000000000000e+03 6.848000000000000000e+03
5.527000000000000000e+03 6.822000000000000000e+03
5.622000000000000000e+03 6.885000000000000000e+03
5.701000000000000000e+03 6.768000000000000000e+03
5.605000000000000000e+03 6.990000000000000000e+03
5.639000000000000000e+03 6.975000000000000000e+03
5.355000000000000000e+03 7.364000000000000000e+03
5.256000000000000000e+03 7.327000000000000000e+03
5.700000000000000000e+03 6.560000000000000000e+03
5.685000000000000000e+03 6.464000000000000000e+03
5.622000000000000000e+03 6.622000000000000000e+03
5.504000000000000000e+03 6.598000000000000000e+03
5.762000000000000000e+03 7.256000000000000000e+03
5.724000000000000000e+03 7.317000000000000000e+03
5.525000000000000000e+03 7.398000000000000000e+03
5.595000000000000000e+03 7.370000000000000000e+03
5.503000000000000000e+03 7.367000000000000000e+03
5.397000000000000000e+03 7.415000000000000000e+03
5.225000000000000000e+03 7.418000000000000000e+03
5.615000000000000000e+03 7.330000000000000000e+03
5.788000000000000000e+03 6.717000000000000000e+03
5.822000000000000000e+03 6.511000000000000000e+03
5.759000000000000000e+03 6.928000000000000000e+03
5.814000000000000000e+03 6.817000000000000000e+03
5.787000000000000000e+03 6.161000000000000000e+03
5.700000000000000000e+03 6.651000000000000000e+03
5.543000000000000000e+03 6.658000000000000000e+03
5.565000000000000000e+03 6.709000000000000000e+03
1.827000000000000000e+03 7.038000000000000000e+03
4.931000000000000000e+03 6.024000000000000000e+03
4.926000000000000000e+03 5.925000000000000000e+03
9.320000000000000000e+02 6.758000000000000000e+03
8.820000000000000000e+02 6.969000000000000000e+03
8.780000000000000000e+02 7.060000000000000000e+03
8.290000000000000000e+02 7.199000000000000000e+03
4.957000000000000000e+03 6.328000000000000000e+03
4.896000000000000000e+03 6.327000000000000000e+03
4.869000000000000000e+03 6.583000000000000000e+03
4.907000000000000000e+03 6.481000000000000000e+03
4.888000000000000000e+03 6.679000000000000000e+03
4.927000000000000000e+03 6.755000000000000000e+03
5.024000000000000000e+03 6.763000000000000000e+03
5.039000000000000000e+03 6.768000000000000000e+03
4.028000000000000000e+03 5.838000000000000000e+03
1.222000000000000000e+03 6.134000000000000000e+03
8.420000000000000000e+02 5.893000000000000000e+03
8.870000000000000000e+02 5.957000000000000000e+03
4.851000000000000000e+03 7.309000000000000000e+03
4.856000000000000000e+03 6.703000000000000000e+03
2.558000000000000000e+03 6.198000000000000000e+03
1.208000000000000000e+03 5.749000000000000000e+03
3.018000000000000000e+03 5.796000000000000000e+03
3.092000000000000000e+03 6.064000000000000000e+03
4.313000000000000000e+03 5.695000000000000000e+03
4.673000000000000000e+03 6.208000000000000000e+03
4.439000000000000000e+03 6.414000000000000000e+03
3.431000000000000000e+03 7.223000000000000000e+03
3.356000000000000000e+03 6.735000000000000000e+03
3.568000000000000000e+03 6.574000000000000000e+03
4.468000000000000000e+03 5.932000000000000000e+03
4.471000000000000000e+03 5.456000000000000000e+03
4.657000000000000000e+03 5.501000000000000000e+03
4.928000000000000000e+03 5.958000000000000000e+03
5.040000000000000000e+03 6.928000000000000000e+03
4.918000000000000000e+03 7.178000000000000000e+03
4.984000000000000000e+03 7.088000000000000000e+03
2.670000000000000000e+03 5.353000000000000000e+03
2.145000000000000000e+03 5.378000000000000000e+03
2.843000000000000000e+03 5.381000000000000000e+03
1.575000000000000000e+03 5.407000000000000000e+03
1.456000000000000000e+03 5.481000000000000000e+03
1.492000000000000000e+03 5.464000000000000000e+03
2.108000000000000000e+03 5.485000000000000000e+03
1.415000000000000000e+03 5.489000000000000000e+03
5.161000000000000000e+03 6.397000000000000000e+03
5.125000000000000000e+03 6.332000000000000000e+03
5.028000000000000000e+03 6.379000000000000000e+03
5.014000000000000000e+03 6.497000000000000000e+03
5.240000000000000000e+03 6.399000000000000000e+03
5.260000000000000000e+03 6.496000000000000000e+03
5.125000000000000000e+03 6.512000000000000000e+03
5.088000000000000000e+03 6.541000000000000000e+03
5.280000000000000000e+03 6.674000000000000000e+03
5.307000000000000000e+03 6.721000000000000000e+03
5.232000000000000000e+03 6.788000000000000000e+03
5.255000000000000000e+03 6.773000000000000000e+03
5.089000000000000000e+03 6.607000000000000000e+03
5.085000000000000000e+03 6.614000000000000000e+03
5.249000000000000000e+03 6.588000000000000000e+03
5.127000000000000000e+03 6.715000000000000000e+03
5.381000000000000000e+03 5.575000000000000000e+03
5.356000000000000000e+03 5.585000000000000000e+03
5.047000000000000000e+03 5.661000000000000000e+03
5.001000000000000000e+03 5.796000000000000000e+03
4.994000000000000000e+03 5.735000000000000000e+03
5.015000000000000000e+03 5.828000000000000000e+03
4.934000000000000000e+03 5.976000000000000000e+03
5.060000000000000000e+03 7.133000000000000000e+03
5.106000000000000000e+03 7.067000000000000000e+03
4.988000000000000000e+03 7.267000000000000000e+03
5.000000000000000000e+03 7.260000000000000000e+03
5.266000000000000000e+03 6.918000000000000000e+03
5.189000000000000000e+03 6.903000000000000000e+03
5.377000000000000000e+03 5.680000000000000000e+03
5.163000000000000000e+03 6.939000000000000000e+03
1.989000000000000000e+03 5.446000000000000000e+03
1.778000000000000000e+03 5.531000000000000000e+03
7.700000000000000000e+02 5.719000000000000000e+03
6.800000000000000000e+02 5.661000000000000000e+03
5.440000000000000000e+02 5.521000000000000000e+03
4.830000000000000000e+02 5.431000000000000000e+03
5.430000000000000000e+02 5.616000000000000000e+03
5.980000000000000000e+02 5.533000000000000000e+03
7.160000000000000000e+02 5.422000000000000000e+03
6.850000000000000000e+02 5.535000000000000000e+03
1.804000000000000000e+03 5.322000000000000000e+03
6.780000000000000000e+02 5.460000000000000000e+03
2.230000000000000000e+03 5.266000000000000000e+03
1.590000000000000000e+03 5.349000000000000000e+03
1.503000000000000000e+03 5.314000000000000000e+03
8.130000000000000000e+02 5.399000000000000000e+03
5.110000000000000000e+03 7.071000000000000000e+03
5.112000000000000000e+03 7.066000000000000000e+03
4.918000000000000000e+03 7.032000000000000000e+03
5.165000000000000000e+03 7.149000000000000000e+03
4.971000000000000000e+03 7.151000000000000000e+03
5.092000000000000000e+03 7.210000000000000000e+03
5.073000000000000000e+03 7.121000000000000000e+03
5.086000000000000000e+03 7.119000000000000000e+03
4.798000000000000000e+03 7.391000000000000000e+03
4.905000000000000000e+03 7.179000000000000000e+03
4.923000000000000000e+03 7.038000000000000000e+03
4.899000000000000000e+03 6.989000000000000000e+03
4.477000000000000000e+03 7.436000000000000000e+03
4.413000000000000000e+03 7.444000000000000000e+03
4.557000000000000000e+03 7.453000000000000000e+03
4.653000000000000000e+03 7.459000000000000000e+03
5.230000000000000000e+03 7.044000000000000000e+03
5.222000000000000000e+03 7.063000000000000000e+03
5.346000000000000000e+03 7.043000000000000000e+03
5.262000000000000000e+03 7.039000000000000000e+03
5.478000000000000000e+03 6.967000000000000000e+03
5.377000000000000000e+03 6.918000000000000000e+03
5.446000000000000000e+03 7.043000000000000000e+03
5.533000000000000000e+03 6.996000000000000000e+03
5.130000000000000000e+03 7.347000000000000000e+03
5.223000000000000000e+03 7.357000000000000000e+03
5.286000000000000000e+03 7.337000000000000000e+03
5.309000000000000000e+03 7.319000000000000000e+03
5.482000000000000000e+03 7.266000000000000000e+03
5.420000000000000000e+03 7.313000000000000000e+03
5.506000000000000000e+03 7.180000000000000000e+03
5.512000000000000000e+03 7.150000000000000000e+03
2.545000000000000000e+03 3.000000000000000000e+02
5.750000000000000000e+02 2.830000000000000000e+03
9.380000000000000000e+02 5.570000000000000000e+03
3.230000000000000000e+02 2.400000000000000000e+02
5.346000000000000000e+03 3.440000000000000000e+03
5.891000000000000000e+03 5.790000000000000000e+03
4.605000000000000000e+03 2.210000000000000000e+03
-4.000000000000000000e+00 0.000000000000000000e+00
-1.200000000000000000e+01 0.000000000000000000e+00
7.442000000000000000e+03 0.000000000000000000e+00
