6.901000000000000000e+03 2.515000000000000000e+03
6.641000000000000000e+03 2.776000000000000000e+03
6.988000000000000000e+03 1.325000000000000000e+03
6.701000000000000000e+03 2.936000000000000000e+03
6.623000000000000000e+03 2.931000000000000000e+03
6.621000000000000000e+03 2.887000000000000000e+03
6.637000000000000000e+03 2.806000000000000000e+03
7.201000000000000000e+03 1.331000000000000000e+03
7.210000000000000000e+03 1.333000000000000000e+03
6.905000000000000000e+03 1.812000000000000000e+03
7.091000000000000000e+03 1.266000000000000000e+03
7.372000000000000000e+03 1.394000000000000000e+03
7.385000000000000000e+03 1.459000000000000000e+03
7.208000000000000000e+03 1.375000000000000000e+03
7.310000000000000000e+03 1.444000000000000000e+03
6.897000000000000000e+03 2.922000000000000000e+03
6.996000000000000000e+03 2.949000000000000000e+03
6.983000000000000000e+03 3.014000000000000000e+03
7.056000000000000000e+03 2.979000000000000000e+03
6.942000000000000000e+03 2.806000000000000000e+03
6.726000000000000000e+03 2.768000000000000000e+03
7.008000000000000000e+03 2.758000000000000000e+03
6.943000000000000000e+03 2.783000000000000000e+03
7.105000000000000000e+03 2.880000000000000000e+03
7.034000000000000000e+03 2.875000000000000000e+03
7.164000000000000000e+03 2.761000000000000000e+03
7.239000000000000000e+03 2.825000000000000000e+03
6.954000000000000000e+03 2.789000000000000000e+03
6.843000000000000000e+03 2.785000000000000000e+03
6.982000000000000000e+03 2.231000000000000000e+03
6.992000000000000000e+03 2.101000000000000000e+03
6.322000000000000000e+03 2.843000000000000000e+03
5.919000000000000000e+03 2.810000000000000000e+03
6.498000000000000000e+03 2.825000000000000000e+03
5.390000000000000000e+03 2.761000000000000000e+03
6.026000000000000000e+03 2.891000000000000000e+03
6.080000000000000000e+03 2.889000000000000000e+03
5.650000000000000000e+03 2.807000000000000000e+03
6.525000000000000000e+03 3.076000000000000000e+03
6.524000000000000000e+03 3.048000000000000000e+03
6.505000000000000000e+03 3.063000000000000000e+03
6.437000000000000000e+03 3.134000000000000000e+03
6.411000000000000000e+03 2.979000000000000000e+03
5.997000000000000000e+03 2.923000000000000000e+03
5.822000000000000000e+03 3.002000000000000000e+03
6.404000000000000000e+03 2.906000000000000000e+03
5.927000000000000000e+03 2.788000000000000000e+03
5.807000000000000000e+03 2.757000000000000000e+03
5.570000000000000000e+03 2.696000000000000000e+03
6.139000000000000000e+03 2.768000000000000000e+03
6.360000000000000000e+03 2.851000000000000000e+03
6.356000000000000000e+03 2.819000000000000000e+03
6.009000000000000000e+03 2.705000000000000000e+03
6.331000000000000000e+03 2.788000000000000000e+03
5.780000000000000000e+03 2.721000000000000000e+03
5.318000000000000000e+03 2.682000000000000000e+03
6.186000000000000000e+03 2.986000000000000000e+03
6.064000000000000000e+03 2.960000000000000000e+03
6.243000000000000000e+03 3.097000000000000000e+03
6.114000000000000000e+03 3.065000000000000000e+03
6.162000000000000000e+03 3.012000000000000000e+03
6.158000000000000000e+03 3.020000000000000000e+03
6.838000000000000000e+03 2.947000000000000000e+03
6.884000000000000000e+03 3.225000000000000000e+03
6.843000000000000000e+03 3.073000000000000000e+03
7.191000000000000000e+03 3.215000000000000000e+03
7.176000000000000000e+03 3.177000000000000000e+03
7.033000000000000000e+03 3.219000000000000000e+03
7.041000000000000000e+03 3.259000000000000000e+03
7.206000000000000000e+03 1.476000000000000000e+03
7.233000000000000000e+03 1.535000000000000000e+03
7.191000000000000000e+03 1.600000000000000000e+03
7.332000000000000000e+03 1.696000000000000000e+03
7.001000000000000000e+03 1.483000000000000000e+03
7.075000000000000000e+03 1.437000000000000000e+03
6.440000000000000000e+03 2.799000000000000000e+03
6.360000000000000000e+03 2.873000000000000000e+03
5.148000000000000000e+03 2.263000000000000000e+03
5.269000000000000000e+03 2.624000000000000000e+03
5.262000000000000000e+03 2.239000000000000000e+03
5.247000000000000000e+03 2.268000000000000000e+03
5.340000000000000000e+03 2.521000000000000000e+03
5.136000000000000000e+03 2.356000000000000000e+03
5.289000000000000000e+03 2.426000000000000000e+03
5.607000000000000000e+03 2.714000000000000000e+03
6.792000000000000000e+03 3.108000000000000000e+03
6.715000000000000000e+03 3.156000000000000000e+03
7.026000000000000000e+03 3.115000000000000000e+03
6.919000000000000000e+03 3.120000000000000000e+03
6.628000000000000000e+03 3.137000000000000000e+03
6.759000000000000000e+03 3.166000000000000000e+03
6.638000000000000000e+03 3.040000000000000000e+03
6.708000000000000000e+03 3.079000000000000000e+03
5.005000000000000000e+03 2.223000000000000000e+03
4.996000000000000000e+03 2.237000000000000000e+03
4.933000000000000000e+03 2.276000000000000000e+03
4.917000000000000000e+03 2.306000000000000000e+03
5.062000000000000000e+03 2.373000000000000000e+03
5.161000000000000000e+03 2.383000000000000000e+03
4.912000000000000000e+03 2.328000000000000000e+03
4.953000000000000000e+03 2.474000000000000000e+03
5.384000000000000000e+03 1.956000000000000000e+03
4.596000000000000000e+03 2.196000000000000000e+03
4.725000000000000000e+03 2.218000000000000000e+03
4.828000000000000000e+03 2.189000000000000000e+03
4.801000000000000000e+03 2.242000000000000000e+03
4.777000000000000000e+03 2.344000000000000000e+03
4.835000000000000000e+03 2.455000000000000000e+03
4.834000000000000000e+03 2.390000000000000000e+03
4.608000000000000000e+03 2.422000000000000000e+03
4.629000000000000000e+03 2.465000000000000000e+03
5.114000000000000000e+03 2.423000000000000000e+03
5.126000000000000000e+03 2.509000000000000000e+03
4.531000000000000000e+03 2.236000000000000000e+03
4.542000000000000000e+03 2.232000000000000000e+03
4.537000000000000000e+03 2.183000000000000000e+03
4.555000000000000000e+03 2.375000000000000000e+03
6.980000000000000000e+03 1.637000000000000000e+03
7.028000000000000000e+03 1.657000000000000000e+03
7.183000000000000000e+03 1.700000000000000000e+03
7.114000000000000000e+03 1.753000000000000000e+03
7.378000000000000000e+03 1.799000000000000000e+03
7.391000000000000000e+03 1.707000000000000000e+03
7.219000000000000000e+03 1.769000000000000000e+03
7.254000000000000000e+03 1.716000000000000000e+03
6.829000000000000000e+03 1.036000000000000000e+03
7.005000000000000000e+03 5.910000000000000000e+02
6.995000000000000000e+03 5.950000000000000000e+02
7.089000000000000000e+03 8.440000000000000000e+02
7.005000000000000000e+03 7.510000000000000000e+02
7.107000000000000000e+03 7.490000000000000000e+02
7.130000000000000000e+03 1.169000000000000000e+03
7.316000000000000000e+03 8.850000000000000000e+02
6.806000000000000000e+03 6.190000000000000000e+02
7.234000000000000000e+03 8.680000000000000000e+02
7.249000000000000000e+03 8.830000000000000000e+02
7.359000000000000000e+03 1.041000000000000000e+03
7.377000000000000000e+03 1.117000000000000000e+03
7.399000000000000000e+03 1.119000000000000000e+03
7.369000000000000000e+03 1.099000000000000000e+03
7.128000000000000000e+03 1.166000000000000000e+03
7.262000000000000000e+03 1.237000000000000000e+03
7.223000000000000000e+03 1.171000000000000000e+03
7.148000000000000000e+03 1.173000000000000000e+03
7.126000000000000000e+03 1.091000000000000000e+03
7.133000000000000000e+03 1.042000000000000000e+03
6.984000000000000000e+03 1.018000000000000000e+03
6.995000000000000000e+03 1.094000000000000000e+03
7.105000000000000000e+03 1.052000000000000000e+03
7.111000000000000000e+03 9.150000000000000000e+02
6.975000000000000000e+03 1.009000000000000000e+03
6.975000000000000000e+03 9.470000000000000000e+02
7.324000000000000000e+03 1.165000000000000000e+03
7.278000000000000000e+03 1.061000000000000000e+03
7.184000000000000000e+03 1.035000000000000000e+03
7.212000000000000000e+03 1.011000000000000000e+03
6.921000000000000000e+03 1.440000000000000000e+03
1.913000000000000000e+03 1.693000000000000000e+03
2.927000000000000000e+03 1.792000000000000000e+03
7.048000000000000000e+03 1.628000000000000000e+03
7.062000000000000000e+03 2.072000000000000000e+03
6.971000000000000000e+03 1.949000000000000000e+03
7.010000000000000000e+03 1.875000000000000000e+03
6.638000000000000000e+03 1.573000000000000000e+03
7.150000000000000000e+03 2.009000000000000000e+03
7.111000000000000000e+03 2.068000000000000000e+03
7.155000000000000000e+03 2.154000000000000000e+03
7.186000000000000000e+03 2.970000000000000000e+03
6.813000000000000000e+03 2.522000000000000000e+03
7.205000000000000000e+03 2.661000000000000000e+03
7.146000000000000000e+03 3.057000000000000000e+03
2.034000000000000000e+03 2.303000000000000000e+03
2.013000000000000000e+03 2.298000000000000000e+03
1.906000000000000000e+03 1.857000000000000000e+03
1.982000000000000000e+03 1.907000000000000000e+03
2.102000000000000000e+03 2.229000000000000000e+03
2.129000000000000000e+03 2.326000000000000000e+03
2.598000000000000000e+03 2.216000000000000000e+03
2.366000000000000000e+03 2.313000000000000000e+03
7.142000000000000000e+03 1.889000000000000000e+03
7.195000000000000000e+03 1.911000000000000000e+03
7.017000000000000000e+03 1.716000000000000000e+03
7.037000000000000000e+03 1.803000000000000000e+03
7.232000000000000000e+03 2.035000000000000000e+03
7.352000000000000000e+03 1.916000000000000000e+03
7.227000000000000000e+03 1.871000000000000000e+03
7.262000000000000000e+03 1.913000000000000000e+03
1.966000000000000000e+03 2.543000000000000000e+03
2.104000000000000000e+03 2.692000000000000000e+03
2.245000000000000000e+03 2.670000000000000000e+03
2.282000000000000000e+03 2.721000000000000000e+03
2.263000000000000000e+03 2.741000000000000000e+03
3.268000000000000000e+03 2.737000000000000000e+03
2.281000000000000000e+03 2.833000000000000000e+03
2.074000000000000000e+03 2.546000000000000000e+03
2.028000000000000000e+03 2.638000000000000000e+03
2.595000000000000000e+03 2.463000000000000000e+03
2.147000000000000000e+03 2.563000000000000000e+03
2.118000000000000000e+03 2.822000000000000000e+03
2.765000000000000000e+03 2.716000000000000000e+03
2.171000000000000000e+03 2.669000000000000000e+03
2.172000000000000000e+03 2.625000000000000000e+03
1.968000000000000000e+03 3.693000000000000000e+03
2.035000000000000000e+03 3.556000000000000000e+03
2.032000000000000000e+03 3.439000000000000000e+03
2.019000000000000000e+03 3.121000000000000000e+03
1.964000000000000000e+03 3.796000000000000000e+03
2.986000000000000000e+03 3.659000000000000000e+03
1.938000000000000000e+03 3.889000000000000000e+03
1.912000000000000000e+03 3.759000000000000000e+03
1.718000000000000000e+03 3.708000000000000000e+03
3.364000000000000000e+03 2.997000000000000000e+03
2.026000000000000000e+03 3.183000000000000000e+03
1.974000000000000000e+03 3.011000000000000000e+03
1.842000000000000000e+03 3.744000000000000000e+03
1.824000000000000000e+03 3.798000000000000000e+03
2.036000000000000000e+03 3.170000000000000000e+03
2.499000000000000000e+03 2.783000000000000000e+03
3.444000000000000000e+03 4.960000000000000000e+02
4.374000000000000000e+03 4.850000000000000000e+02
3.453000000000000000e+03 5.500000000000000000e+02
3.717000000000000000e+03 8.300000000000000000e+02
1.936000000000000000e+03 4.880000000000000000e+02
1.959000000000000000e+03 4.850000000000000000e+02
2.055000000000000000e+03 7.030000000000000000e+02
1.984000000000000000e+03 8.930000000000000000e+02
1.867000000000000000e+03 6.880000000000000000e+02
1.974000000000000000e+03 8.100000000000000000e+02
1.921000000000000000e+03 8.530000000000000000e+02
2.676000000000000000e+03 9.020000000000000000e+02
5.385000000000000000e+03 3.750000000000000000e+02
5.636000000000000000e+03 7.390000000000000000e+02
1.922000000000000000e+03 6.630000000000000000e+02
4.358000000000000000e+03 9.370000000000000000e+02
2.992000000000000000e+03 2.118000000000000000e+03
2.494000000000000000e+03 2.247000000000000000e+03
2.223000000000000000e+03 2.525000000000000000e+03
2.339000000000000000e+03 2.472000000000000000e+03
2.249000000000000000e+03 2.403000000000000000e+03
2.172000000000000000e+03 2.324000000000000000e+03
2.159000000000000000e+03 2.369000000000000000e+03
2.269000000000000000e+03 2.428000000000000000e+03
1.841000000000000000e+03 1.121000000000000000e+03
1.908000000000000000e+03 1.094000000000000000e+03
1.917000000000000000e+03 9.940000000000000000e+02
1.955000000000000000e+03 1.158000000000000000e+03
1.978000000000000000e+03 1.098000000000000000e+03
5.125000000000000000e+03 1.431000000000000000e+03
1.882000000000000000e+03 9.970000000000000000e+02
2.955000000000000000e+03 1.547000000000000000e+03
6.606000000000000000e+03 3.900000000000000000e+03
6.570000000000000000e+03 3.954000000000000000e+03
6.740000000000000000e+03 3.839000000000000000e+03
6.711000000000000000e+03 3.960000000000000000e+03
6.489000000000000000e+03 3.979000000000000000e+03
6.395000000000000000e+03 4.003000000000000000e+03
6.481000000000000000e+03 4.062000000000000000e+03
6.992000000000000000e+03 3.794000000000000000e+03
6.991000000000000000e+03 3.767000000000000000e+03
6.793000000000000000e+03 3.826000000000000000e+03
6.949000000000000000e+03 3.770000000000000000e+03
7.075000000000000000e+03 3.721000000000000000e+03
7.161000000000000000e+03 3.770000000000000000e+03
7.164000000000000000e+03 3.669000000000000000e+03
7.225000000000000000e+03 3.717000000000000000e+03
6.864000000000000000e+03 3.945000000000000000e+03
6.365000000000000000e+03 3.487000000000000000e+03
6.841000000000000000e+03 3.954000000000000000e+03
6.691000000000000000e+03 3.999000000000000000e+03
7.033000000000000000e+03 3.861000000000000000e+03
7.068000000000000000e+03 3.858000000000000000e+03
6.993000000000000000e+03 3.802000000000000000e+03
6.832000000000000000e+03 3.935000000000000000e+03
7.175000000000000000e+03 3.412000000000000000e+03
7.108000000000000000e+03 3.371000000000000000e+03
7.026000000000000000e+03 3.375000000000000000e+03
7.066000000000000000e+03 3.322000000000000000e+03
6.791000000000000000e+03 3.349000000000000000e+03
6.918000000000000000e+03 3.397000000000000000e+03
6.717000000000000000e+03 3.434000000000000000e+03
6.731000000000000000e+03 3.388000000000000000e+03
6.106000000000000000e+03 3.864000000000000000e+03
7.063000000000000000e+03 3.677000000000000000e+03
7.152000000000000000e+03 3.624000000000000000e+03
6.979000000000000000e+03 3.661000000000000000e+03
6.969000000000000000e+03 3.617000000000000000e+03
6.890000000000000000e+03 3.679000000000000000e+03
6.869000000000000000e+03 3.704000000000000000e+03
6.140000000000000000e+03 3.468000000000000000e+03
6.714000000000000000e+03 3.718000000000000000e+03
6.090000000000000000e+03 3.478000000000000000e+03
6.839000000000000000e+03 3.697000000000000000e+03
6.447000000000000000e+03 3.702000000000000000e+03
6.134000000000000000e+03 3.692000000000000000e+03
6.499000000000000000e+03 3.708000000000000000e+03
6.631000000000000000e+03 3.776000000000000000e+03
6.912000000000000000e+03 3.499000000000000000e+03
6.117000000000000000e+03 4.061000000000000000e+03
6.859000000000000000e+03 3.511000000000000000e+03
6.864000000000000000e+03 3.522000000000000000e+03
7.014000000000000000e+03 3.502000000000000000e+03
6.963000000000000000e+03 3.549000000000000000e+03
7.095000000000000000e+03 3.502000000000000000e+03
7.146000000000000000e+03 3.483000000000000000e+03
6.125000000000000000e+03 3.797000000000000000e+03
6.290000000000000000e+03 3.709000000000000000e+03
6.680000000000000000e+03 3.604000000000000000e+03
6.653000000000000000e+03 3.630000000000000000e+03
6.307000000000000000e+03 3.751000000000000000e+03
6.256000000000000000e+03 4.003000000000000000e+03
6.720000000000000000e+03 3.531000000000000000e+03
6.779000000000000000e+03 3.557000000000000000e+03
7.158000000000000000e+03 4.165000000000000000e+03
7.052000000000000000e+03 4.217000000000000000e+03
7.078000000000000000e+03 4.277000000000000000e+03
7.173000000000000000e+03 4.299000000000000000e+03
7.253000000000000000e+03 4.291000000000000000e+03
7.228000000000000000e+03 4.289000000000000000e+03
7.315000000000000000e+03 4.222000000000000000e+03
6.704000000000000000e+03 2.749000000000000000e+03
6.722000000000000000e+03 2.955000000000000000e+03
6.790000000000000000e+03 4.355000000000000000e+03
6.820000000000000000e+03 4.314000000000000000e+03
6.956000000000000000e+03 4.373000000000000000e+03
6.908000000000000000e+03 4.375000000000000000e+03
6.971000000000000000e+03 2.954000000000000000e+03
6.922000000000000000e+03 2.916000000000000000e+03
6.959000000000000000e+03 4.468000000000000000e+03
6.700000000000000000e+03 4.374000000000000000e+03
6.613000000000000000e+03 4.518000000000000000e+03
6.198000000000000000e+03 4.592000000000000000e+03
6.431000000000000000e+03 4.220000000000000000e+03
6.264000000000000000e+03 4.257000000000000000e+03
5.274000000000000000e+03 3.719000000000000000e+03
6.072000000000000000e+03 4.313000000000000000e+03
7.178000000000000000e+03 4.419000000000000000e+03
7.201000000000000000e+03 4.469000000000000000e+03
7.300000000000000000e+03 4.363000000000000000e+03
7.256000000000000000e+03 4.312000000000000000e+03
5.834000000000000000e+03 2.876000000000000000e+03
5.744000000000000000e+03 2.850000000000000000e+03
7.095000000000000000e+03 4.468000000000000000e+03
7.044000000000000000e+03 4.487000000000000000e+03
5.199000000000000000e+03 4.280000000000000000e+03
6.635000000000000000e+03 4.172000000000000000e+03
3.807000000000000000e+03 3.311000000000000000e+03
5.142000000000000000e+03 4.017000000000000000e+03
7.135000000000000000e+03 3.915000000000000000e+03
7.202000000000000000e+03 3.948000000000000000e+03
7.251000000000000000e+03 3.919000000000000000e+03
7.237000000000000000e+03 3.844000000000000000e+03
6.789000000000000000e+03 4.133000000000000000e+03
6.319000000000000000e+03 4.306000000000000000e+03
6.106000000000000000e+03 4.135000000000000000e+03
6.908000000000000000e+03 4.133000000000000000e+03
7.207000000000000000e+03 4.027000000000000000e+03
7.132000000000000000e+03 4.077000000000000000e+03
6.660000000000000000e+03 4.183000000000000000e+03
7.001000000000000000e+03 4.105000000000000000e+03
7.044000000000000000e+03 3.972000000000000000e+03
6.480000000000000000e+03 4.218000000000000000e+03
6.918000000000000000e+03 4.036000000000000000e+03
6.345000000000000000e+03 4.268000000000000000e+03
6.037000000000000000e+03 4.118000000000000000e+03
6.427000000000000000e+03 4.206000000000000000e+03
6.274000000000000000e+03 4.472000000000000000e+03
6.809000000000000000e+03 4.219000000000000000e+03
7.046000000000000000e+03 4.222000000000000000e+03
6.541000000000000000e+03 4.230000000000000000e+03
6.924000000000000000e+03 4.248000000000000000e+03
6.260000000000000000e+03 4.292000000000000000e+03
7.145000000000000000e+03 4.185000000000000000e+03
7.163000000000000000e+03 4.159000000000000000e+03
7.297000000000000000e+03 4.102000000000000000e+03
7.264000000000000000e+03 4.133000000000000000e+03
1.784000000000000000e+03 3.085000000000000000e+03
2.675000000000000000e+03 2.053000000000000000e+03
1.939000000000000000e+03 2.235000000000000000e+03
5.878000000000000000e+03 4.109000000000000000e+03
6.168000000000000000e+03 4.026000000000000000e+03
1.621000000000000000e+03 4.747000000000000000e+03
1.593000000000000000e+03 4.689000000000000000e+03
2.332000000000000000e+03 2.174000000000000000e+03
2.221000000000000000e+03 2.187000000000000000e+03
2.320000000000000000e+03 2.145000000000000000e+03
2.369000000000000000e+03 2.184000000000000000e+03
3.224000000000000000e+03 2.192000000000000000e+03
2.911000000000000000e+03 2.257000000000000000e+03
2.311000000000000000e+03 2.312000000000000000e+03
2.352000000000000000e+03 2.274000000000000000e+03
9.970000000000000000e+02 4.702000000000000000e+03
1.040000000000000000e+03 4.663000000000000000e+03
1.031000000000000000e+03 4.607000000000000000e+03
1.026000000000000000e+03 4.577000000000000000e+03
1.978000000000000000e+03 4.534000000000000000e+03
2.508000000000000000e+03 4.565000000000000000e+03
1.946000000000000000e+03 4.537000000000000000e+03
1.140000000000000000e+03 4.501000000000000000e+03
1.444000000000000000e+03 4.677000000000000000e+03
1.324000000000000000e+03 4.647000000000000000e+03
3.225000000000000000e+03 4.605000000000000000e+03
1.434000000000000000e+03 4.767000000000000000e+03
1.066000000000000000e+03 4.757000000000000000e+03
1.133000000000000000e+03 4.708000000000000000e+03
1.227000000000000000e+03 4.675000000000000000e+03
1.225000000000000000e+03 4.667000000000000000e+03
1.423000000000000000e+03 4.656000000000000000e+03
1.353000000000000000e+03 4.617000000000000000e+03
1.472000000000000000e+03 4.585000000000000000e+03
1.618000000000000000e+03 4.601000000000000000e+03
3.713000000000000000e+03 4.505000000000000000e+03
3.841000000000000000e+03 4.060000000000000000e+03
1.531000000000000000e+03 4.549000000000000000e+03
1.277000000000000000e+03 4.391000000000000000e+03
1.220000000000000000e+03 4.471000000000000000e+03
1.333000000000000000e+03 4.343000000000000000e+03
1.235000000000000000e+03 4.426000000000000000e+03
1.500000000000000000e+03 4.335000000000000000e+03
1.429000000000000000e+03 4.368000000000000000e+03
2.582000000000000000e+03 4.495000000000000000e+03
1.466000000000000000e+03 4.427000000000000000e+03
2.774000000000000000e+03 6.429000000000000000e+03
3.651000000000000000e+03 5.888000000000000000e+03
3.015000000000000000e+03 6.490000000000000000e+03
3.147000000000000000e+03 6.180000000000000000e+03
1.416000000000000000e+03 5.714000000000000000e+03
1.471000000000000000e+03 5.653000000000000000e+03
1.511000000000000000e+03 7.077000000000000000e+03
2.926000000000000000e+03 5.985000000000000000e+03
3.034000000000000000e+03 5.272000000000000000e+03
2.089000000000000000e+03 7.198000000000000000e+03
4.597000000000000000e+03 5.163000000000000000e+03
1.816000000000000000e+03 5.014000000000000000e+03
2.829000000000000000e+03 6.244000000000000000e+03
4.132000000000000000e+03 4.537000000000000000e+03
2.008000000000000000e+03 5.883000000000000000e+03
4.681000000000000000e+03 3.827000000000000000e+03
7.347000000000000000e+03 3.249000000000000000e+03
7.399000000000000000e+03 3.374000000000000000e+03
7.363000000000000000e+03 3.337000000000000000e+03
7.326000000000000000e+03 3.479000000000000000e+03
7.336000000000000000e+03 3.492000000000000000e+03
7.351000000000000000e+03 3.401000000000000000e+03
7.347000000000000000e+03 3.512000000000000000e+03
7.347000000000000000e+03 3.049000000000000000e+03
7.401000000000000000e+03 3.054000000000000000e+03
7.358000000000000000e+03 2.867000000000000000e+03
7.315000000000000000e+03 2.495000000000000000e+03
7.425000000000000000e+03 2.477000000000000000e+03
7.092000000000000000e+03 2.924000000000000000e+03
7.382000000000000000e+03 2.476000000000000000e+03
7.335000000000000000e+03 3.006000000000000000e+03
7.286000000000000000e+03 2.712000000000000000e+03
7.386000000000000000e+03 2.365000000000000000e+03
7.320000000000000000e+03 2.499000000000000000e+03
7.391000000000000000e+03 2.340000000000000000e+03
7.429000000000000000e+03 2.594000000000000000e+03
7.244000000000000000e+03 2.358000000000000000e+03
7.278000000000000000e+03 2.557000000000000000e+03
7.389000000000000000e+03 2.996000000000000000e+03
7.419000000000000000e+03 2.500000000000000000e+03
7.412000000000000000e+03 2.758000000000000000e+03
7.207000000000000000e+03 2.416000000000000000e+03
7.345000000000000000e+03 2.849000000000000000e+03
7.408000000000000000e+03 2.937000000000000000e+03
7.433000000000000000e+03 3.121000000000000000e+03
7.364000000000000000e+03 3.150000000000000000e+03
7.333000000000000000e+03 3.212000000000000000e+03
7.383000000000000000e+03 3.904000000000000000e+03
7.339000000000000000e+03 3.847000000000000000e+03
7.242000000000000000e+03 3.886000000000000000e+03
7.451000000000000000e+03 4.011000000000000000e+03
7.151000000000000000e+03 3.419000000000000000e+03
7.446000000000000000e+03 3.217000000000000000e+03
7.460000000000000000e+03 4.267000000000000000e+03
7.442000000000000000e+03 3.971000000000000000e+03
7.425000000000000000e+03 4.464000000000000000e+03
7.427000000000000000e+03 4.239000000000000000e+03
7.451000000000000000e+03 4.249000000000000000e+03
7.395000000000000000e+03 4.188000000000000000e+03
6.980000000000000000e+03 5.280000000000000000e+03
7.429000000000000000e+03 4.702000000000000000e+03
7.450000000000000000e+03 4.543000000000000000e+03
7.406000000000000000e+03 4.831000000000000000e+03
7.350000000000000000e+03 3.841000000000000000e+03
7.415000000000000000e+03 3.675000000000000000e+03
7.340000000000000000e+03 3.694000000000000000e+03
7.374000000000000000e+03 3.678000000000000000e+03
7.418000000000000000e+03 4.103000000000000000e+03
7.382000000000000000e+03 3.900000000000000000e+03
7.382000000000000000e+03 4.002000000000000000e+03
7.389000000000000000e+03 4.012000000000000000e+03
7.330000000000000000e+03 3.610000000000000000e+03
7.391000000000000000e+03 3.499000000000000000e+03
7.354000000000000000e+03 3.637000000000000000e+03
7.399000000000000000e+03 3.594000000000000000e+03
7.343000000000000000e+03 3.504000000000000000e+03
7.368000000000000000e+03 3.487000000000000000e+03
7.406000000000000000e+03 3.438000000000000000e+03
7.324000000000000000e+03 3.528000000000000000e+03
6.586000000000000000e+03 4.787000000000000000e+03
7.013000000000000000e+03 4.793000000000000000e+03
6.949000000000000000e+03 4.771000000000000000e+03
7.042000000000000000e+03 4.772000000000000000e+03
7.217000000000000000e+03 4.822000000000000000e+03
7.122000000000000000e+03 4.808000000000000000e+03
7.148000000000000000e+03 4.743000000000000000e+03
6.554000000000000000e+03 4.858000000000000000e+03
6.948000000000000000e+03 4.863000000000000000e+03
6.847000000000000000e+03 5.119000000000000000e+03
6.747000000000000000e+03 5.030000000000000000e+03
6.172000000000000000e+03 4.954000000000000000e+03
6.474000000000000000e+03 4.934000000000000000e+03
6.797000000000000000e+03 4.914000000000000000e+03
6.590000000000000000e+03 4.887000000000000000e+03
7.222000000000000000e+03 5.008000000000000000e+03
7.244000000000000000e+03 5.022000000000000000e+03
7.157000000000000000e+03 5.035000000000000000e+03
7.172000000000000000e+03 5.094000000000000000e+03
6.954000000000000000e+03 5.098000000000000000e+03
6.886000000000000000e+03 5.108000000000000000e+03
7.070000000000000000e+03 5.107000000000000000e+03
7.037000000000000000e+03 5.135000000000000000e+03
7.054000000000000000e+03 4.933000000000000000e+03
7.101000000000000000e+03 4.926000000000000000e+03
7.020000000000000000e+03 5.003000000000000000e+03
7.061000000000000000e+03 4.893000000000000000e+03
6.861000000000000000e+03 4.995000000000000000e+03
6.802000000000000000e+03 5.005000000000000000e+03
6.938000000000000000e+03 4.979000000000000000e+03
6.943000000000000000e+03 4.957000000000000000e+03
7.059000000000000000e+03 5.244000000000000000e+03
7.255000000000000000e+03 5.175000000000000000e+03
6.881000000000000000e+03 5.185000000000000000e+03
7.153000000000000000e+03 5.368000000000000000e+03
7.144000000000000000e+03 5.270000000000000000e+03
7.209000000000000000e+03 5.270000000000000000e+03
7.252000000000000000e+03 5.303000000000000000e+03
7.304000000000000000e+03 5.143000000000000000e+03
7.354000000000000000e+03 5.165000000000000000e+03
7.410000000000000000e+03 5.210000000000000000e+03
7.420000000000000000e+03 5.148000000000000000e+03
7.452000000000000000e+03 5.059000000000000000e+03
7.439000000000000000e+03 5.074000000000000000e+03
7.406000000000000000e+03 4.985000000000000000e+03
7.355000000000000000e+03 4.974000000000000000e+03
7.267000000000000000e+03 5.458000000000000000e+03
7.346000000000000000e+03 5.448000000000000000e+03
7.262000000000000000e+03 5.332000000000000000e+03
7.341000000000000000e+03 5.366000000000000000e+03
5.390000000000000000e+03 5.233000000000000000e+03
5.432000000000000000e+03 5.187000000000000000e+03
6.797000000000000000e+03 5.344000000000000000e+03
4.796000000000000000e+03 5.428000000000000000e+03
7.031000000000000000e+03 5.507000000000000000e+03
7.061000000000000000e+03 5.447000000000000000e+03
7.156000000000000000e+03 5.511000000000000000e+03
7.141000000000000000e+03 5.490000000000000000e+03
7.060000000000000000e+03 5.234000000000000000e+03
6.999000000000000000e+03 5.267000000000000000e+03
7.034000000000000000e+03 5.385000000000000000e+03
6.992000000000000000e+03 5.326000000000000000e+03
5.982000000000000000e+03 5.234000000000000000e+03
5.909000000000000000e+03 5.559000000000000000e+03
6.194000000000000000e+03 4.811000000000000000e+03
5.242000000000000000e+03 5.265000000000000000e+03
5.312000000000000000e+03 5.268000000000000000e+03
6.013000000000000000e+03 5.369000000000000000e+03
5.939000000000000000e+03 5.343000000000000000e+03
5.745000000000000000e+03 5.115000000000000000e+03
5.573000000000000000e+03 5.115000000000000000e+03
5.664000000000000000e+03 5.123000000000000000e+03
5.675000000000000000e+03 5.223000000000000000e+03
5.435000000000000000e+03 5.000000000000000000e+03
5.507000000000000000e+03 5.088000000000000000e+03
5.404000000000000000e+03 5.210000000000000000e+03
5.420000000000000000e+03 5.087000000000000000e+03
5.982000000000000000e+03 5.225000000000000000e+03
5.959000000000000000e+03 5.309000000000000000e+03
6.087000000000000000e+03 5.326000000000000000e+03
6.090000000000000000e+03 5.301000000000000000e+03
6.007000000000000000e+03 5.147000000000000000e+03
6.083000000000000000e+03 5.101000000000000000e+03
6.114000000000000000e+03 4.911000000000000000e+03
6.062000000000000000e+03 5.035000000000000000e+03
6.259000000000000000e+03 5.307000000000000000e+03
6.199000000000000000e+03 5.337000000000000000e+03
6.244000000000000000e+03 5.250000000000000000e+03
6.216000000000000000e+03 5.176000000000000000e+03
6.243000000000000000e+03 5.079000000000000000e+03
6.365000000000000000e+03 5.169000000000000000e+03
6.038000000000000000e+03 5.022000000000000000e+03
6.183000000000000000e+03 5.075000000000000000e+03
7.389000000000000000e+03 5.623000000000000000e+03
7.470000000000000000e+03 5.671000000000000000e+03
7.343000000000000000e+03 5.520000000000000000e+03
7.432000000000000000e+03 5.520000000000000000e+03
7.419000000000000000e+03 5.788000000000000000e+03
7.365000000000000000e+03 5.944000000000000000e+03
7.440000000000000000e+03 6.084000000000000000e+03
7.445000000000000000e+03 5.972000000000000000e+03
6.870000000000000000e+03 5.472000000000000000e+03
6.899000000000000000e+03 5.431000000000000000e+03
6.800000000000000000e+03 5.369000000000000000e+03
6.798000000000000000e+03 5.457000000000000000e+03
6.781000000000000000e+03 5.508000000000000000e+03
6.768000000000000000e+03 5.446000000000000000e+03
6.961000000000000000e+03 5.569000000000000000e+03
6.818000000000000000e+03 5.557000000000000000e+03
6.637000000000000000e+03 5.449000000000000000e+03
6.553000000000000000e+03 5.523000000000000000e+03
6.611000000000000000e+03 5.387000000000000000e+03
6.665000000000000000e+03 5.350000000000000000e+03
6.425000000000000000e+03 5.394000000000000000e+03
6.453000000000000000e+03 5.429000000000000000e+03
6.438000000000000000e+03 5.346000000000000000e+03
6.535000000000000000e+03 5.362000000000000000e+03
6.372000000000000000e+03 5.560000000000000000e+03
6.359000000000000000e+03 5.449000000000000000e+03
6.420000000000000000e+03 5.561000000000000000e+03
6.494000000000000000e+03 5.552000000000000000e+03
6.182000000000000000e+03 5.451000000000000000e+03
6.137000000000000000e+03 5.522000000000000000e+03
6.325000000000000000e+03 5.523000000000000000e+03
6.232000000000000000e+03 5.430000000000000000e+03
5.803000000000000000e+03 5.132000000000000000e+03
5.759000000000000000e+03 5.430000000000000000e+03
6.099000000000000000e+03 4.660000000000000000e+03
5.433000000000000000e+03 4.753000000000000000e+03
5.521000000000000000e+03 4.835000000000000000e+03
5.367000000000000000e+03 4.928000000000000000e+03
5.526000000000000000e+03 4.852000000000000000e+03
5.144000000000000000e+03 5.179000000000000000e+03
5.207000000000000000e+03 5.280000000000000000e+03
5.225000000000000000e+03 5.362000000000000000e+03
5.283000000000000000e+03 5.399000000000000000e+03
5.556000000000000000e+03 5.415000000000000000e+03
5.399000000000000000e+03 5.440000000000000000e+03
5.386000000000000000e+03 5.352000000000000000e+03
5.572000000000000000e+03 5.362000000000000000e+03
6.328000000000000000e+03 4.630000000000000000e+03
6.231000000000000000e+03 4.726000000000000000e+03
5.707000000000000000e+03 5.669000000000000000e+03
5.730000000000000000e+03 5.604000000000000000e+03
5.694000000000000000e+03 5.761000000000000000e+03
5.709000000000000000e+03 5.902000000000000000e+03
5.717000000000000000e+03 5.787000000000000000e+03
5.602000000000000000e+03 5.725000000000000000e+03
5.440000000000000000e+03 5.713000000000000000e+03
5.448000000000000000e+03 5.792000000000000000e+03
5.341000000000000000e+03 5.711000000000000000e+03
5.381000000000000000e+03 5.867000000000000000e+03
5.078000000000000000e+03 5.221000000000000000e+03
5.121000000000000000e+03 5.347000000000000000e+03
5.263000000000000000e+03 5.686000000000000000e+03
5.164000000000000000e+03 5.592000000000000000e+03
4.906000000000000000e+03 5.270000000000000000e+03
5.016000000000000000e+03 5.362000000000000000e+03
4.995000000000000000e+03 5.281000000000000000e+03
5.099000000000000000e+03 5.484000000000000000e+03
4.996000000000000000e+03 5.410000000000000000e+03
5.233000000000000000e+03 5.520000000000000000e+03
5.172000000000000000e+03 5.579000000000000000e+03
5.854000000000000000e+03 5.367000000000000000e+03
5.993000000000000000e+03 5.373000000000000000e+03
5.807000000000000000e+03 5.447000000000000000e+03
5.773000000000000000e+03 5.397000000000000000e+03
5.850000000000000000e+03 5.294000000000000000e+03
5.819000000000000000e+03 5.222000000000000000e+03
5.635000000000000000e+03 5.330000000000000000e+03
5.715000000000000000e+03 5.269000000000000000e+03
5.635000000000000000e+03 5.587000000000000000e+03
5.544000000000000000e+03 5.579000000000000000e+03
5.645000000000000000e+03 5.551000000000000000e+03
5.658000000000000000e+03 5.453000000000000000e+03
5.377000000000000000e+03 5.559000000000000000e+03
5.280000000000000000e+03 5.538000000000000000e+03
5.432000000000000000e+03 5.562000000000000000e+03
5.493000000000000000e+03 5.556000000000000000e+03
5.276000000000000000e+03 5.181000000000000000e+03
5.240000000000000000e+03 5.117000000000000000e+03
5.301000000000000000e+03 5.074000000000000000e+03
5.287000000000000000e+03 5.010000000000000000e+03
5.413000000000000000e+03 5.268000000000000000e+03
5.386000000000000000e+03 5.292000000000000000e+03
5.564000000000000000e+03 5.289000000000000000e+03
5.458000000000000000e+03 5.241000000000000000e+03
6.338000000000000000e+03 3.804000000000000000e+03
6.296000000000000000e+03 3.888000000000000000e+03
6.351000000000000000e+03 3.910000000000000000e+03
6.480000000000000000e+03 3.817000000000000000e+03
6.462000000000000000e+03 3.705000000000000000e+03
6.417000000000000000e+03 3.838000000000000000e+03
6.477000000000000000e+03 3.893000000000000000e+03
6.416000000000000000e+03 4.208000000000000000e+03
6.427000000000000000e+03 3.662000000000000000e+03
6.538000000000000000e+03 3.568000000000000000e+03
6.606000000000000000e+03 3.560000000000000000e+03
6.125000000000000000e+03 4.568000000000000000e+03
6.296000000000000000e+03 3.955000000000000000e+03
6.324000000000000000e+03 3.693000000000000000e+03
6.219000000000000000e+03 4.472000000000000000e+03
6.295000000000000000e+03 4.037000000000000000e+03
6.248000000000000000e+03 3.699000000000000000e+03
6.333000000000000000e+03 3.344000000000000000e+03
6.230000000000000000e+03 3.939000000000000000e+03
6.548000000000000000e+03 3.225000000000000000e+03
6.527000000000000000e+03 3.279000000000000000e+03
6.384000000000000000e+03 3.266000000000000000e+03
6.298000000000000000e+03 3.761000000000000000e+03
6.450000000000000000e+03 3.423000000000000000e+03
6.431000000000000000e+03 3.421000000000000000e+03
6.346000000000000000e+03 3.509000000000000000e+03
6.309000000000000000e+03 3.570000000000000000e+03
6.537000000000000000e+03 3.412000000000000000e+03
6.576000000000000000e+03 3.419000000000000000e+03
6.626000000000000000e+03 3.334000000000000000e+03
6.615000000000000000e+03 3.322000000000000000e+03
4.777000000000000000e+03 2.810000000000000000e+03
5.354000000000000000e+03 2.942000000000000000e+03
5.560000000000000000e+03 2.767000000000000000e+03
5.317000000000000000e+03 2.763000000000000000e+03
4.618000000000000000e+03 2.717000000000000000e+03
4.639000000000000000e+03 2.699000000000000000e+03
4.747000000000000000e+03 2.781000000000000000e+03
4.891000000000000000e+03 2.851000000000000000e+03
4.417000000000000000e+03 2.677000000000000000e+03
3.915000000000000000e+03 2.633000000000000000e+03
6.340000000000000000e+02 1.206000000000000000e+03
9.940000000000000000e+02 1.323000000000000000e+03
2.214000000000000000e+03 1.946000000000000000e+03
4.235000000000000000e+03 4.366000000000000000e+03
5.432000000000000000e+03 2.774000000000000000e+03
4.903000000000000000e+03 2.639000000000000000e+03
6.125000000000000000e+03 3.537000000000000000e+03
6.151000000000000000e+03 3.466000000000000000e+03
6.205000000000000000e+03 3.339000000000000000e+03
6.102000000000000000e+03 3.391000000000000000e+03
4.026000000000000000e+03 2.796000000000000000e+03
3.945000000000000000e+03 2.729000000000000000e+03
6.165000000000000000e+03 3.614000000000000000e+03
6.204000000000000000e+03 3.680000000000000000e+03
6.258000000000000000e+03 3.255000000000000000e+03
6.249000000000000000e+03 3.175000000000000000e+03
6.174000000000000000e+03 3.180000000000000000e+03
6.205000000000000000e+03 3.251000000000000000e+03
6.032000000000000000e+03 3.180000000000000000e+03
5.996000000000000000e+03 3.172000000000000000e+03
5.161000000000000000e+03 3.432000000000000000e+03
5.869000000000000000e+03 3.526000000000000000e+03
4.743000000000000000e+03 7.196000000000000000e+03
6.689000000000000000e+03 7.287000000000000000e+03
6.982000000000000000e+03 7.113000000000000000e+03
5.088000000000000000e+03 7.039000000000000000e+03
5.273000000000000000e+03 7.011000000000000000e+03
5.300000000000000000e+03 6.906000000000000000e+03
4.975000000000000000e+03 7.039000000000000000e+03
5.192000000000000000e+03 6.983000000000000000e+03
5.126000000000000000e+03 6.882000000000000000e+03
5.883000000000000000e+03 6.814000000000000000e+03
5.269000000000000000e+03 7.012000000000000000e+03
5.074000000000000000e+03 6.798000000000000000e+03
5.311000000000000000e+03 6.633000000000000000e+03
5.241000000000000000e+03 6.576000000000000000e+03
4.825000000000000000e+03 6.619000000000000000e+03
7.377000000000000000e+03 7.419000000000000000e+03
6.638000000000000000e+03 6.783000000000000000e+03
7.425000000000000000e+03 7.389000000000000000e+03
7.255000000000000000e+03 7.423000000000000000e+03
7.047000000000000000e+03 6.540000000000000000e+03
7.160000000000000000e+03 6.828000000000000000e+03
6.997000000000000000e+03 6.153000000000000000e+03
6.523000000000000000e+03 6.453000000000000000e+03
5.615000000000000000e+03 6.142000000000000000e+03
5.553000000000000000e+03 6.184000000000000000e+03
5.657000000000000000e+03 6.203000000000000000e+03
5.705000000000000000e+03 6.253000000000000000e+03
5.405000000000000000e+03 6.213000000000000000e+03
5.480000000000000000e+03 6.245000000000000000e+03
5.476000000000000000e+03 6.188000000000000000e+03
5.554000000000000000e+03 6.127000000000000000e+03
9.060000000000000000e+02 7.449000000000000000e+03
1.024000000000000000e+03 7.385000000000000000e+03
9.470000000000000000e+02 7.458000000000000000e+03
6.760000000000000000e+02 7.478000000000000000e+03
4.440000000000000000e+02 7.459000000000000000e+03
3.242000000000000000e+03 7.219000000000000000e+03
1.252000000000000000e+03 7.133000000000000000e+03
5.135000000000000000e+03 6.662000000000000000e+03
5.082000000000000000e+03 6.718000000000000000e+03
5.139000000000000000e+03 6.800000000000000000e+03
5.095000000000000000e+03 6.739000000000000000e+03
5.120000000000000000e+03 6.914000000000000000e+03
5.163000000000000000e+03 6.919000000000000000e+03
5.003000000000000000e+03 7.074000000000000000e+03
5.016000000000000000e+03 7.047000000000000000e+03
1.529000000000000000e+03 7.433000000000000000e+03
1.392000000000000000e+03 7.457000000000000000e+03
1.573000000000000000e+03 7.470000000000000000e+03
1.493000000000000000e+03 7.474000000000000000e+03
1.491000000000000000e+03 7.433000000000000000e+03
1.363000000000000000e+03 7.447000000000000000e+03
1.407000000000000000e+03 7.427000000000000000e+03
1.601000000000000000e+03 7.459000000000000000e+03
2.231000000000000000e+03 7.472000000000000000e+03
2.309000000000000000e+03 7.457000000000000000e+03
2.371000000000000000e+03 7.365000000000000000e+03
2.381000000000000000e+03 7.451000000000000000e+03
4.160000000000000000e+03 6.740000000000000000e+03
3.775000000000000000e+03 7.138000000000000000e+03
2.114000000000000000e+03 7.463000000000000000e+03
2.029000000000000000e+03 7.465000000000000000e+03
6.217000000000000000e+03 7.481000000000000000e+03
6.194000000000000000e+03 7.467000000000000000e+03
6.277000000000000000e+03 7.465000000000000000e+03
6.644000000000000000e+03 7.467000000000000000e+03
6.550000000000000000e+03 7.466000000000000000e+03
6.644000000000000000e+03 7.447000000000000000e+03
6.745000000000000000e+03 7.464000000000000000e+03
5.423000000000000000e+03 6.881000000000000000e+03
5.410000000000000000e+03 6.803000000000000000e+03
5.529000000000000000e+03 6.905000000000000000e+03
5.514000000000000000e+03 6.966000000000000000e+03
5.751000000000000000e+03 6.519000000000000000e+03
5.756000000000000000e+03 6.963000000000000000e+03
5.642000000000000000e+03 6.974000000000000000e+03
5.675000000000000000e+03 6.957000000000000000e+03
5.343000000000000000e+03 6.444000000000000000e+03
5.334000000000000000e+03 6.514000000000000000e+03
5.393000000000000000e+03 6.453000000000000000e+03
5.490000000000000000e+03 6.557000000000000000e+03
5.532000000000000000e+03 6.381000000000000000e+03
5.694000000000000000e+03 6.520000000000000000e+03
5.718000000000000000e+03 6.524000000000000000e+03
5.672000000000000000e+03 6.499000000000000000e+03
5.215000000000000000e+03 5.257000000000000000e+03
6.692000000000000000e+03 5.826000000000000000e+03
5.309000000000000000e+03 5.876000000000000000e+03
6.303000000000000000e+03 5.603000000000000000e+03
5.593000000000000000e+03 5.280000000000000000e+03
5.893000000000000000e+03 6.389000000000000000e+03
5.704000000000000000e+03 5.587000000000000000e+03
5.567000000000000000e+03 5.116000000000000000e+03
5.483000000000000000e+03 5.825000000000000000e+03
5.920000000000000000e+03 6.090000000000000000e+03
5.921000000000000000e+03 6.094000000000000000e+03
5.858000000000000000e+03 6.406000000000000000e+03
5.582000000000000000e+03 6.458000000000000000e+03
5.424000000000000000e+03 6.532000000000000000e+03
5.566000000000000000e+03 6.434000000000000000e+03
5.596000000000000000e+03 6.320000000000000000e+03
5.720000000000000000e+03 6.462000000000000000e+03
5.681000000000000000e+03 6.373000000000000000e+03
5.398000000000000000e+03 7.313000000000000000e+03
5.265000000000000000e+03 7.367000000000000000e+03
5.635000000000000000e+03 6.867000000000000000e+03
5.594000000000000000e+03 6.812000000000000000e+03
5.544000000000000000e+03 6.795000000000000000e+03
5.421000000000000000e+03 6.777000000000000000e+03
5.866000000000000000e+03 7.434000000000000000e+03
5.885000000000000000e+03 7.445000000000000000e+03
5.574000000000000000e+03 7.422000000000000000e+03
5.675000000000000000e+03 7.444000000000000000e+03
5.575000000000000000e+03 7.424000000000000000e+03
5.461000000000000000e+03 7.449000000000000000e+03
5.243000000000000000e+03 7.443000000000000000e+03
5.701000000000000000e+03 7.448000000000000000e+03
5.726000000000000000e+03 6.593000000000000000e+03
5.801000000000000000e+03 6.397000000000000000e+03
5.815000000000000000e+03 6.450000000000000000e+03
5.833000000000000000e+03 6.469000000000000000e+03
6.033000000000000000e+03 5.831000000000000000e+03
5.594000000000000000e+03 6.605000000000000000e+03
5.442000000000000000e+03 6.592000000000000000e+03
5.450000000000000000e+03 6.659000000000000000e+03
2.596000000000000000e+03 4.934000000000000000e+03
5.260000000000000000e+03 6.297000000000000000e+03
5.280000000000000000e+03 6.215000000000000000e+03
1.952000000000000000e+03 4.567000000000000000e+03
1.881000000000000000e+03 4.482000000000000000e+03
2.011000000000000000e+03 4.492000000000000000e+03
2.021000000000000000e+03 4.477000000000000000e+03
6.045000000000000000e+03 3.909000000000000000e+03
5.994000000000000000e+03 3.808000000000000000e+03
5.963000000000000000e+03 4.169000000000000000e+03
6.007000000000000000e+03 4.089000000000000000e+03
6.063000000000000000e+03 4.145000000000000000e+03
6.063000000000000000e+03 4.278000000000000000e+03
6.044000000000000000e+03 4.373000000000000000e+03
6.050000000000000000e+03 4.392000000000000000e+03
4.637000000000000000e+03 4.699000000000000000e+03
2.245000000000000000e+03 4.788000000000000000e+03
1.766000000000000000e+03 4.680000000000000000e+03
1.904000000000000000e+03 4.655000000000000000e+03
5.322000000000000000e+03 4.974000000000000000e+03
5.681000000000000000e+03 4.495000000000000000e+03
3.680000000000000000e+03 4.302000000000000000e+03
2.425000000000000000e+03 4.748000000000000000e+03
4.149000000000000000e+03 3.522000000000000000e+03
4.047000000000000000e+03 3.649000000000000000e+03
5.248000000000000000e+03 3.189000000000000000e+03
5.464000000000000000e+03 3.783000000000000000e+03
5.314000000000000000e+03 4.188000000000000000e+03
4.544000000000000000e+03 4.552000000000000000e+03
4.432000000000000000e+03 4.141000000000000000e+03
4.651000000000000000e+03 4.057000000000000000e+03
4.928000000000000000e+03 5.006000000000000000e+03
4.931000000000000000e+03 4.854000000000000000e+03
5.037000000000000000e+03 4.882000000000000000e+03
4.870000000000000000e+03 4.963000000000000000e+03
5.317000000000000000e+03 4.923000000000000000e+03
5.509000000000000000e+03 4.813000000000000000e+03
5.412000000000000000e+03 4.897000000000000000e+03
3.510000000000000000e+03 4.830000000000000000e+03
3.384000000000000000e+03 4.777000000000000000e+03
4.418000000000000000e+03 4.787000000000000000e+03
3.645000000000000000e+03 4.737000000000000000e+03
3.591000000000000000e+03 4.751000000000000000e+03
3.717000000000000000e+03 4.732000000000000000e+03
3.603000000000000000e+03 4.753000000000000000e+03
2.840000000000000000e+03 4.742000000000000000e+03
5.711000000000000000e+03 4.980000000000000000e+03
5.626000000000000000e+03 5.016000000000000000e+03
5.589000000000000000e+03 4.942000000000000000e+03
5.531000000000000000e+03 4.964000000000000000e+03
5.762000000000000000e+03 5.030000000000000000e+03
5.822000000000000000e+03 5.009000000000000000e+03
5.919000000000000000e+03 4.627000000000000000e+03
5.922000000000000000e+03 4.856000000000000000e+03
5.848000000000000000e+03 4.827000000000000000e+03
5.897000000000000000e+03 4.856000000000000000e+03
5.902000000000000000e+03 5.053000000000000000e+03
5.915000000000000000e+03 4.932000000000000000e+03
5.636000000000000000e+03 4.792000000000000000e+03
5.640000000000000000e+03 4.846000000000000000e+03
5.772000000000000000e+03 4.765000000000000000e+03
5.675000000000000000e+03 4.958000000000000000e+03
5.014000000000000000e+03 5.188000000000000000e+03
4.901000000000000000e+03 5.191000000000000000e+03
5.104000000000000000e+03 5.928000000000000000e+03
5.156000000000000000e+03 6.318000000000000000e+03
5.168000000000000000e+03 6.274000000000000000e+03
5.139000000000000000e+03 6.416000000000000000e+03
5.126000000000000000e+03 6.469000000000000000e+03
5.037000000000000000e+03 5.830000000000000000e+03
5.027000000000000000e+03 5.771000000000000000e+03
5.083000000000000000e+03 5.913000000000000000e+03
5.016000000000000000e+03 5.913000000000000000e+03
5.016000000000000000e+03 5.613000000000000000e+03
4.984000000000000000e+03 5.626000000000000000e+03
4.959000000000000000e+03 5.263000000000000000e+03
4.997000000000000000e+03 5.698000000000000000e+03
2.660000000000000000e+03 4.565000000000000000e+03
2.985000000000000000e+03 4.718000000000000000e+03
2.018000000000000000e+03 4.328000000000000000e+03
1.948000000000000000e+03 4.290000000000000000e+03
1.833000000000000000e+03 4.257000000000000000e+03
1.702000000000000000e+03 4.395000000000000000e+03
1.912000000000000000e+03 4.218000000000000000e+03
1.785000000000000000e+03 4.368000000000000000e+03
1.754000000000000000e+03 4.501000000000000000e+03
1.752000000000000000e+03 4.409000000000000000e+03
2.485000000000000000e+03 4.399000000000000000e+03
1.614000000000000000e+03 4.381000000000000000e+03
2.598000000000000000e+03 4.642000000000000000e+03
2.160000000000000000e+03 4.503000000000000000e+03
2.135000000000000000e+03 4.378000000000000000e+03
1.623000000000000000e+03 4.351000000000000000e+03
5.208000000000000000e+03 5.731000000000000000e+03
5.324000000000000000e+03 5.558000000000000000e+03
5.113000000000000000e+03 5.785000000000000000e+03
5.341000000000000000e+03 5.850000000000000000e+03
5.222000000000000000e+03 5.954000000000000000e+03
5.291000000000000000e+03 5.957000000000000000e+03
5.298000000000000000e+03 5.936000000000000000e+03
5.312000000000000000e+03 5.949000000000000000e+03
4.839000000000000000e+03 5.393000000000000000e+03
4.814000000000000000e+03 5.320000000000000000e+03
4.870000000000000000e+03 5.273000000000000000e+03
4.870000000000000000e+03 5.287000000000000000e+03
4.821000000000000000e+03 5.555000000000000000e+03
4.788000000000000000e+03 5.489000000000000000e+03
4.832000000000000000e+03 5.602000000000000000e+03
4.824000000000000000e+03 5.715000000000000000e+03
4.842000000000000000e+03 6.043000000000000000e+03
4.931000000000000000e+03 5.958000000000000000e+03
4.796000000000000000e+03 5.980000000000000000e+03
4.764000000000000000e+03 6.050000000000000000e+03
4.845000000000000000e+03 5.796000000000000000e+03
4.857000000000000000e+03 5.811000000000000000e+03
4.786000000000000000e+03 5.901000000000000000e+03
4.780000000000000000e+03 5.822000000000000000e+03
5.010000000000000000e+03 6.075000000000000000e+03
5.066000000000000000e+03 6.066000000000000000e+03
5.161000000000000000e+03 6.062000000000000000e+03
5.154000000000000000e+03 6.014000000000000000e+03
5.272000000000000000e+03 5.894000000000000000e+03
5.214000000000000000e+03 5.950000000000000000e+03
5.226000000000000000e+03 5.845000000000000000e+03
5.176000000000000000e+03 5.847000000000000000e+03
2.021000000000000000e+03 2.500000000000000000e+02
5.990000000000000000e+02 4.780000000000000000e+03
2.068000000000000000e+03 2.870000000000000000e+03
2.560000000000000000e+02 1.840000000000000000e+03
5.346000000000000000e+03 2.160000000000000000e+03
5.850000000000000000e+03 5.600000000000000000e+03
4.330000000000000000e+02 8.000000000000000000e+01
-4.000000000000000000e+00 0.000000000000000000e+00
-1.200000000000000000e+01 0.000000000000000000e+00
7.442000000000000000e+03 0.000000000000000000e+00
