6.638000000000000000e+03 2.596000000000000000e+03
6.474000000000000000e+03 2.746000000000000000e+03
6.551000000000000000e+03 2.438000000000000000e+03
6.273000000000000000e+03 2.820000000000000000e+03
6.413000000000000000e+03 2.863000000000000000e+03
6.459000000000000000e+03 2.899000000000000000e+03
6.476000000000000000e+03 2.951000000000000000e+03
6.440000000000000000e+03 2.285000000000000000e+03
6.547000000000000000e+03 2.313000000000000000e+03
6.448000000000000000e+03 2.410000000000000000e+03
6.585000000000000000e+03 2.362000000000000000e+03
6.597000000000000000e+03 2.254000000000000000e+03
6.741000000000000000e+03 2.286000000000000000e+03
6.458000000000000000e+03 2.212000000000000000e+03
6.594000000000000000e+03 2.212000000000000000e+03
6.684000000000000000e+03 3.038000000000000000e+03
6.821000000000000000e+03 3.035000000000000000e+03
6.797000000000000000e+03 2.969000000000000000e+03
6.832000000000000000e+03 3.066000000000000000e+03
6.717000000000000000e+03 3.010000000000000000e+03
6.574000000000000000e+03 3.045000000000000000e+03
6.719000000000000000e+03 3.091000000000000000e+03
6.674000000000000000e+03 3.107000000000000000e+03
6.891000000000000000e+03 2.973000000000000000e+03
6.889000000000000000e+03 2.988000000000000000e+03
6.912000000000000000e+03 2.952000000000000000e+03
7.069000000000000000e+03 3.026000000000000000e+03
6.682000000000000000e+03 2.803000000000000000e+03
6.590000000000000000e+03 2.821000000000000000e+03
6.683000000000000000e+03 2.744000000000000000e+03
6.630000000000000000e+03 2.640000000000000000e+03
5.822000000000000000e+03 2.835000000000000000e+03
5.252000000000000000e+03 2.604000000000000000e+03
5.739000000000000000e+03 2.748000000000000000e+03
5.118000000000000000e+03 2.570000000000000000e+03
5.282000000000000000e+03 2.817000000000000000e+03
5.264000000000000000e+03 2.868000000000000000e+03
4.998000000000000000e+03 2.721000000000000000e+03
5.616000000000000000e+03 3.112000000000000000e+03
5.573000000000000000e+03 3.047000000000000000e+03
5.608000000000000000e+03 3.023000000000000000e+03
5.496000000000000000e+03 3.016000000000000000e+03
5.458000000000000000e+03 2.898000000000000000e+03
5.213000000000000000e+03 2.736000000000000000e+03
5.177000000000000000e+03 2.792000000000000000e+03
5.478000000000000000e+03 2.783000000000000000e+03
5.618000000000000000e+03 2.688000000000000000e+03
5.526000000000000000e+03 2.671000000000000000e+03
5.480000000000000000e+03 2.644000000000000000e+03
5.610000000000000000e+03 2.804000000000000000e+03
5.711000000000000000e+03 3.007000000000000000e+03
5.630000000000000000e+03 2.954000000000000000e+03
5.544000000000000000e+03 2.834000000000000000e+03
5.667000000000000000e+03 2.900000000000000000e+03
5.459000000000000000e+03 2.652000000000000000e+03
4.946000000000000000e+03 2.570000000000000000e+03
5.400000000000000000e+03 2.990000000000000000e+03
5.248000000000000000e+03 2.928000000000000000e+03
5.387000000000000000e+03 3.164000000000000000e+03
5.331000000000000000e+03 3.098000000000000000e+03
5.285000000000000000e+03 3.029000000000000000e+03
5.302000000000000000e+03 3.031000000000000000e+03
6.552000000000000000e+03 2.496000000000000000e+03
6.971000000000000000e+03 2.593000000000000000e+03
6.853000000000000000e+03 2.585000000000000000e+03
7.293000000000000000e+03 2.845000000000000000e+03
7.241000000000000000e+03 2.885000000000000000e+03
7.139000000000000000e+03 2.685000000000000000e+03
7.146000000000000000e+03 2.655000000000000000e+03
6.348000000000000000e+03 2.307000000000000000e+03
6.180000000000000000e+03 2.286000000000000000e+03
6.149000000000000000e+03 2.227000000000000000e+03
6.301000000000000000e+03 2.221000000000000000e+03
6.194000000000000000e+03 2.391000000000000000e+03
6.299000000000000000e+03 2.401000000000000000e+03
5.935000000000000000e+03 2.474000000000000000e+03
5.887000000000000000e+03 2.383000000000000000e+03
5.397000000000000000e+03 2.230000000000000000e+03
5.302000000000000000e+03 2.276000000000000000e+03
5.578000000000000000e+03 2.219000000000000000e+03
5.510000000000000000e+03 2.224000000000000000e+03
5.559000000000000000e+03 2.426000000000000000e+03
5.465000000000000000e+03 2.331000000000000000e+03
5.620000000000000000e+03 2.377000000000000000e+03
5.682000000000000000e+03 2.429000000000000000e+03
6.937000000000000000e+03 2.717000000000000000e+03
6.881000000000000000e+03 2.680000000000000000e+03
7.065000000000000000e+03 2.819000000000000000e+03
7.052000000000000000e+03 2.794000000000000000e+03
6.707000000000000000e+03 2.648000000000000000e+03
6.951000000000000000e+03 2.660000000000000000e+03
6.614000000000000000e+03 2.556000000000000000e+03
6.752000000000000000e+03 2.651000000000000000e+03
4.990000000000000000e+03 2.243000000000000000e+03
4.955000000000000000e+03 2.201000000000000000e+03
4.879000000000000000e+03 2.233000000000000000e+03
4.730000000000000000e+03 2.170000000000000000e+03
4.986000000000000000e+03 2.318000000000000000e+03
5.015000000000000000e+03 2.364000000000000000e+03
4.774000000000000000e+03 2.266000000000000000e+03
4.804000000000000000e+03 2.345000000000000000e+03
4.975000000000000000e+03 2.198000000000000000e+03
4.373000000000000000e+03 2.202000000000000000e+03
4.499000000000000000e+03 2.214000000000000000e+03
4.598000000000000000e+03 2.216000000000000000e+03
4.499000000000000000e+03 2.261000000000000000e+03
4.451000000000000000e+03 2.345000000000000000e+03
4.627000000000000000e+03 2.359000000000000000e+03
4.567000000000000000e+03 2.340000000000000000e+03
5.209000000000000000e+03 2.379000000000000000e+03
5.265000000000000000e+03 2.414000000000000000e+03
5.404000000000000000e+03 2.401000000000000000e+03
5.393000000000000000e+03 2.403000000000000000e+03
5.191000000000000000e+03 2.199000000000000000e+03
5.197000000000000000e+03 2.208000000000000000e+03
5.044000000000000000e+03 2.189000000000000000e+03
5.227000000000000000e+03 2.303000000000000000e+03
5.867000000000000000e+03 2.397000000000000000e+03
5.929000000000000000e+03 2.417000000000000000e+03
5.857000000000000000e+03 2.354000000000000000e+03
5.969000000000000000e+03 2.390000000000000000e+03
5.970000000000000000e+03 2.258000000000000000e+03
5.931000000000000000e+03 2.215000000000000000e+03
5.757000000000000000e+03 2.293000000000000000e+03
5.796000000000000000e+03 2.266000000000000000e+03
6.776000000000000000e+03 2.148000000000000000e+03
7.183000000000000000e+03 2.193000000000000000e+03
7.192000000000000000e+03 2.249000000000000000e+03
6.840000000000000000e+03 2.294000000000000000e+03
6.826000000000000000e+03 2.220000000000000000e+03
6.930000000000000000e+03 2.252000000000000000e+03
6.910000000000000000e+03 2.373000000000000000e+03
7.282000000000000000e+03 2.292000000000000000e+03
6.973000000000000000e+03 2.312000000000000000e+03
7.224000000000000000e+03 2.264000000000000000e+03
7.259000000000000000e+03 2.307000000000000000e+03
7.286000000000000000e+03 2.448000000000000000e+03
7.222000000000000000e+03 2.357000000000000000e+03
7.244000000000000000e+03 2.384000000000000000e+03
7.185000000000000000e+03 2.385000000000000000e+03
6.944000000000000000e+03 2.412000000000000000e+03
7.115000000000000000e+03 2.407000000000000000e+03
7.061000000000000000e+03 2.429000000000000000e+03
7.008000000000000000e+03 2.398000000000000000e+03
6.934000000000000000e+03 2.410000000000000000e+03
6.873000000000000000e+03 2.396000000000000000e+03
6.702000000000000000e+03 2.476000000000000000e+03
6.706000000000000000e+03 2.472000000000000000e+03
6.935000000000000000e+03 2.296000000000000000e+03
7.328000000000000000e+03 2.089000000000000000e+03
6.698000000000000000e+03 2.420000000000000000e+03
6.703000000000000000e+03 2.350000000000000000e+03
7.353000000000000000e+03 2.163000000000000000e+03
7.403000000000000000e+03 2.082000000000000000e+03
7.300000000000000000e+03 2.026000000000000000e+03
7.385000000000000000e+03 2.017000000000000000e+03
6.312000000000000000e+03 2.489000000000000000e+03
2.361000000000000000e+03 8.820000000000000000e+02
3.256000000000000000e+03 1.158000000000000000e+03
6.862000000000000000e+03 2.627000000000000000e+03
6.913000000000000000e+03 2.873000000000000000e+03
6.778000000000000000e+03 2.768000000000000000e+03
6.824000000000000000e+03 2.754000000000000000e+03
6.253000000000000000e+03 2.595000000000000000e+03
7.117000000000000000e+03 2.959000000000000000e+03
7.061000000000000000e+03 2.899000000000000000e+03
7.161000000000000000e+03 2.945000000000000000e+03
7.225000000000000000e+03 3.023000000000000000e+03
6.857000000000000000e+03 3.013000000000000000e+03
7.226000000000000000e+03 3.022000000000000000e+03
7.272000000000000000e+03 3.009000000000000000e+03
2.336000000000000000e+03 3.760000000000000000e+02
2.330000000000000000e+03 4.250000000000000000e+02
2.349000000000000000e+03 5.580000000000000000e+02
2.314000000000000000e+03 4.690000000000000000e+02
2.210000000000000000e+03 4.580000000000000000e+02
2.204000000000000000e+03 3.820000000000000000e+02
2.484000000000000000e+03 8.600000000000000000e+02
2.600000000000000000e+03 6.660000000000000000e+02
7.112000000000000000e+03 2.562000000000000000e+03
7.195000000000000000e+03 2.565000000000000000e+03
6.909000000000000000e+03 2.520000000000000000e+03
6.891000000000000000e+03 2.529000000000000000e+03
7.219000000000000000e+03 2.771000000000000000e+03
7.326000000000000000e+03 2.648000000000000000e+03
7.235000000000000000e+03 2.576000000000000000e+03
7.266000000000000000e+03 2.630000000000000000e+03
2.037000000000000000e+03 4.720000000000000000e+02
2.218000000000000000e+03 2.620000000000000000e+02
2.337000000000000000e+03 2.730000000000000000e+02
2.400000000000000000e+03 2.340000000000000000e+02
2.402000000000000000e+03 2.220000000000000000e+02
3.288000000000000000e+03 9.120000000000000000e+02
2.351000000000000000e+03 1.770000000000000000e+02
2.031000000000000000e+03 1.490000000000000000e+02
2.030000000000000000e+03 2.280000000000000000e+02
2.600000000000000000e+03 7.810000000000000000e+02
2.112000000000000000e+03 1.440000000000000000e+02
2.192000000000000000e+03 1.940000000000000000e+02
2.821000000000000000e+03 6.630000000000000000e+02
2.197000000000000000e+03 1.470000000000000000e+02
2.175000000000000000e+03 1.330000000000000000e+02
2.173000000000000000e+03 1.310000000000000000e+03
2.177000000000000000e+03 1.178000000000000000e+03
2.123000000000000000e+03 1.175000000000000000e+03
2.104000000000000000e+03 1.139000000000000000e+03
2.104000000000000000e+03 1.363000000000000000e+03
2.968000000000000000e+03 1.714000000000000000e+03
2.193000000000000000e+03 1.389000000000000000e+03
2.200000000000000000e+03 1.298000000000000000e+03
1.789000000000000000e+03 2.980000000000000000e+02
3.341000000000000000e+03 1.371000000000000000e+03
2.087000000000000000e+03 5.850000000000000000e+02
2.046000000000000000e+03 5.700000000000000000e+02
1.948000000000000000e+03 2.750000000000000000e+02
1.896000000000000000e+03 2.480000000000000000e+02
2.191000000000000000e+03 1.025000000000000000e+03
2.723000000000000000e+03 1.440000000000000000e+03
3.816000000000000000e+03 1.939000000000000000e+03
4.645000000000000000e+03 2.102000000000000000e+03
3.724000000000000000e+03 1.964000000000000000e+03
3.987000000000000000e+03 1.884000000000000000e+03
2.347000000000000000e+03 1.850000000000000000e+03
2.228000000000000000e+03 1.841000000000000000e+03
2.445000000000000000e+03 1.657000000000000000e+03
2.368000000000000000e+03 1.515000000000000000e+03
2.359000000000000000e+03 2.124000000000000000e+03
2.360000000000000000e+03 1.947000000000000000e+03
2.389000000000000000e+03 2.227000000000000000e+03
2.985000000000000000e+03 2.029000000000000000e+03
5.384000000000000000e+03 2.184000000000000000e+03
5.381000000000000000e+03 2.267000000000000000e+03
2.310000000000000000e+03 1.854000000000000000e+03
4.379000000000000000e+03 2.026000000000000000e+03
2.864000000000000000e+03 1.133000000000000000e+03
2.377000000000000000e+03 1.019000000000000000e+03
2.109000000000000000e+03 9.010000000000000000e+02
2.198000000000000000e+03 1.000000000000000000e+03
2.209000000000000000e+03 8.430000000000000000e+02
2.208000000000000000e+03 7.430000000000000000e+02
2.145000000000000000e+03 7.640000000000000000e+02
2.191000000000000000e+03 8.490000000000000000e+02
2.216000000000000000e+03 1.686000000000000000e+03
2.263000000000000000e+03 1.781000000000000000e+03
2.273000000000000000e+03 1.622000000000000000e+03
2.308000000000000000e+03 1.576000000000000000e+03
2.451000000000000000e+03 2.081000000000000000e+03
4.858000000000000000e+03 2.488000000000000000e+03
2.426000000000000000e+03 2.220000000000000000e+03
3.350000000000000000e+03 2.370000000000000000e+03
5.937000000000000000e+03 2.890000000000000000e+03
5.776000000000000000e+03 2.891000000000000000e+03
5.916000000000000000e+03 2.887000000000000000e+03
5.849000000000000000e+03 3.055000000000000000e+03
5.701000000000000000e+03 2.982000000000000000e+03
5.662000000000000000e+03 2.971000000000000000e+03
5.661000000000000000e+03 2.924000000000000000e+03
6.210000000000000000e+03 2.872000000000000000e+03
6.209000000000000000e+03 2.792000000000000000e+03
5.988000000000000000e+03 2.861000000000000000e+03
6.197000000000000000e+03 2.900000000000000000e+03
6.292000000000000000e+03 2.760000000000000000e+03
6.385000000000000000e+03 2.789000000000000000e+03
6.445000000000000000e+03 2.783000000000000000e+03
6.557000000000000000e+03 2.833000000000000000e+03
6.027000000000000000e+03 2.985000000000000000e+03
5.420000000000000000e+03 2.599000000000000000e+03
5.991000000000000000e+03 3.012000000000000000e+03
5.851000000000000000e+03 2.996000000000000000e+03
6.289000000000000000e+03 2.962000000000000000e+03
6.282000000000000000e+03 2.933000000000000000e+03
6.226000000000000000e+03 2.921000000000000000e+03
6.032000000000000000e+03 2.900000000000000000e+03
6.509000000000000000e+03 2.615000000000000000e+03
6.372000000000000000e+03 2.559000000000000000e+03
6.303000000000000000e+03 2.542000000000000000e+03
6.370000000000000000e+03 2.531000000000000000e+03
5.945000000000000000e+03 2.523000000000000000e+03
6.112000000000000000e+03 2.546000000000000000e+03
5.767000000000000000e+03 2.575000000000000000e+03
5.849000000000000000e+03 2.546000000000000000e+03
5.620000000000000000e+03 3.187000000000000000e+03
6.326000000000000000e+03 2.839000000000000000e+03
6.483000000000000000e+03 2.765000000000000000e+03
6.164000000000000000e+03 2.716000000000000000e+03
6.144000000000000000e+03 2.725000000000000000e+03
6.036000000000000000e+03 2.758000000000000000e+03
6.047000000000000000e+03 2.728000000000000000e+03
5.607000000000000000e+03 2.768000000000000000e+03
5.848000000000000000e+03 2.783000000000000000e+03
5.671000000000000000e+03 2.777000000000000000e+03
5.975000000000000000e+03 2.785000000000000000e+03
5.602000000000000000e+03 2.731000000000000000e+03
5.380000000000000000e+03 2.755000000000000000e+03
5.594000000000000000e+03 2.797000000000000000e+03
5.704000000000000000e+03 2.813000000000000000e+03
6.077000000000000000e+03 2.621000000000000000e+03
5.515000000000000000e+03 3.740000000000000000e+03
6.029000000000000000e+03 2.645000000000000000e+03
6.026000000000000000e+03 2.636000000000000000e+03
6.231000000000000000e+03 2.626000000000000000e+03
6.160000000000000000e+03 2.630000000000000000e+03
6.359000000000000000e+03 2.635000000000000000e+03
6.404000000000000000e+03 2.630000000000000000e+03
5.635000000000000000e+03 2.588000000000000000e+03
5.697000000000000000e+03 2.655000000000000000e+03
5.820000000000000000e+03 2.674000000000000000e+03
5.784000000000000000e+03 2.691000000000000000e+03
5.765000000000000000e+03 2.559000000000000000e+03
5.575000000000000000e+03 3.472000000000000000e+03
5.855000000000000000e+03 2.631000000000000000e+03
5.912000000000000000e+03 2.660000000000000000e+03
6.957000000000000000e+03 3.663000000000000000e+03
6.803000000000000000e+03 3.739000000000000000e+03
6.975000000000000000e+03 3.838000000000000000e+03
7.045000000000000000e+03 3.900000000000000000e+03
7.095000000000000000e+03 3.862000000000000000e+03
7.054000000000000000e+03 3.819000000000000000e+03
7.105000000000000000e+03 3.758000000000000000e+03
5.926000000000000000e+03 2.771000000000000000e+03
5.897000000000000000e+03 2.860000000000000000e+03
6.202000000000000000e+03 3.143000000000000000e+03
6.273000000000000000e+03 3.134000000000000000e+03
6.427000000000000000e+03 3.855000000000000000e+03
6.402000000000000000e+03 3.798000000000000000e+03
6.184000000000000000e+03 3.216000000000000000e+03
6.115000000000000000e+03 3.181000000000000000e+03
6.362000000000000000e+03 3.091000000000000000e+03
6.274000000000000000e+03 3.057000000000000000e+03
6.143000000000000000e+03 3.090000000000000000e+03
5.807000000000000000e+03 3.137000000000000000e+03
5.853000000000000000e+03 3.073000000000000000e+03
5.738000000000000000e+03 3.104000000000000000e+03
5.329000000000000000e+03 2.839000000000000000e+03
5.632000000000000000e+03 3.126000000000000000e+03
7.165000000000000000e+03 3.165000000000000000e+03
7.200000000000000000e+03 3.191000000000000000e+03
7.175000000000000000e+03 3.397000000000000000e+03
7.199000000000000000e+03 3.271000000000000000e+03
6.111000000000000000e+03 2.875000000000000000e+03
5.860000000000000000e+03 2.845000000000000000e+03
7.078000000000000000e+03 3.126000000000000000e+03
6.698000000000000000e+03 3.080000000000000000e+03
5.354000000000000000e+03 3.343000000000000000e+03
6.425000000000000000e+03 3.753000000000000000e+03
3.846000000000000000e+03 1.823000000000000000e+03
5.206000000000000000e+03 3.149000000000000000e+03
6.533000000000000000e+03 2.938000000000000000e+03
6.611000000000000000e+03 2.940000000000000000e+03
6.713000000000000000e+03 2.928000000000000000e+03
6.661000000000000000e+03 2.888000000000000000e+03
6.565000000000000000e+03 3.843000000000000000e+03
6.190000000000000000e+03 4.018000000000000000e+03
6.020000000000000000e+03 3.821000000000000000e+03
6.588000000000000000e+03 3.915000000000000000e+03
6.744000000000000000e+03 3.769000000000000000e+03
6.727000000000000000e+03 3.828000000000000000e+03
6.433000000000000000e+03 3.901000000000000000e+03
6.649000000000000000e+03 3.829000000000000000e+03
6.356000000000000000e+03 3.003000000000000000e+03
5.935000000000000000e+03 3.003000000000000000e+03
6.136000000000000000e+03 3.037000000000000000e+03
5.792000000000000000e+03 3.035000000000000000e+03
5.962000000000000000e+03 3.702000000000000000e+03
6.401000000000000000e+03 3.833000000000000000e+03
6.241000000000000000e+03 4.019000000000000000e+03
6.689000000000000000e+03 3.954000000000000000e+03
6.832000000000000000e+03 3.962000000000000000e+03
6.408000000000000000e+03 4.020000000000000000e+03
6.754000000000000000e+03 4.010000000000000000e+03
6.191000000000000000e+03 4.002000000000000000e+03
6.893000000000000000e+03 3.894000000000000000e+03
6.872000000000000000e+03 3.907000000000000000e+03
6.941000000000000000e+03 3.762000000000000000e+03
6.888000000000000000e+03 3.784000000000000000e+03
2.017000000000000000e+03 2.781000000000000000e+03
2.915000000000000000e+03 1.309000000000000000e+03
2.215000000000000000e+03 1.423000000000000000e+03
5.272000000000000000e+03 3.713000000000000000e+03
5.491000000000000000e+03 3.526000000000000000e+03
1.990000000000000000e+03 5.025000000000000000e+03
1.927000000000000000e+03 5.037000000000000000e+03
2.327000000000000000e+03 8.730000000000000000e+02
2.297000000000000000e+03 8.690000000000000000e+02
2.301000000000000000e+03 7.390000000000000000e+02
2.299000000000000000e+03 6.810000000000000000e+02
2.910000000000000000e+03 9.480000000000000000e+02
2.678000000000000000e+03 8.790000000000000000e+02
2.189000000000000000e+03 5.640000000000000000e+02
2.181000000000000000e+03 6.230000000000000000e+02
1.643000000000000000e+03 5.164000000000000000e+03
1.627000000000000000e+03 5.141000000000000000e+03
1.694000000000000000e+03 5.148000000000000000e+03
1.815000000000000000e+03 5.184000000000000000e+03
2.522000000000000000e+03 5.118000000000000000e+03
2.710000000000000000e+03 5.024000000000000000e+03
2.684000000000000000e+03 5.130000000000000000e+03
1.935000000000000000e+03 5.177000000000000000e+03
1.836000000000000000e+03 5.007000000000000000e+03
1.742000000000000000e+03 5.004000000000000000e+03
3.277000000000000000e+03 4.922000000000000000e+03
1.755000000000000000e+03 5.070000000000000000e+03
1.507000000000000000e+03 5.064000000000000000e+03
1.513000000000000000e+03 5.037000000000000000e+03
1.658000000000000000e+03 5.007000000000000000e+03
1.636000000000000000e+03 4.994000000000000000e+03
2.128000000000000000e+03 5.152000000000000000e+03
2.096000000000000000e+03 5.162000000000000000e+03
2.299000000000000000e+03 5.183000000000000000e+03
2.476000000000000000e+03 5.110000000000000000e+03
3.854000000000000000e+03 4.897000000000000000e+03
4.201000000000000000e+03 4.173000000000000000e+03
2.423000000000000000e+03 5.180000000000000000e+03
2.148000000000000000e+03 5.001000000000000000e+03
2.086000000000000000e+03 5.081000000000000000e+03
2.263000000000000000e+03 5.029000000000000000e+03
2.122000000000000000e+03 5.032000000000000000e+03
2.466000000000000000e+03 5.052000000000000000e+03
2.347000000000000000e+03 5.031000000000000000e+03
3.200000000000000000e+03 4.897000000000000000e+03
2.422000000000000000e+03 5.036000000000000000e+03
2.984000000000000000e+03 4.465000000000000000e+03
3.884000000000000000e+03 4.087000000000000000e+03
3.264000000000000000e+03 4.644000000000000000e+03
3.286000000000000000e+03 4.129000000000000000e+03
1.686000000000000000e+03 3.872000000000000000e+03
1.709000000000000000e+03 3.406000000000000000e+03
1.742000000000000000e+03 4.710000000000000000e+03
3.085000000000000000e+03 3.911000000000000000e+03
3.121000000000000000e+03 4.185000000000000000e+03
2.314000000000000000e+03 4.918000000000000000e+03
4.658000000000000000e+03 3.827000000000000000e+03
2.215000000000000000e+03 4.484000000000000000e+03
3.056000000000000000e+03 4.902000000000000000e+03
4.205000000000000000e+03 2.988000000000000000e+03
2.538000000000000000e+03 4.765000000000000000e+03
4.966000000000000000e+03 3.660000000000000000e+03
7.348000000000000000e+03 3.188000000000000000e+03
7.380000000000000000e+03 3.360000000000000000e+03
7.350000000000000000e+03 3.347000000000000000e+03
7.322000000000000000e+03 3.449000000000000000e+03
7.334000000000000000e+03 3.449000000000000000e+03
7.363000000000000000e+03 3.374000000000000000e+03
7.346000000000000000e+03 3.497000000000000000e+03
7.417000000000000000e+03 2.972000000000000000e+03
7.442000000000000000e+03 3.002000000000000000e+03
7.453000000000000000e+03 2.710000000000000000e+03
7.405000000000000000e+03 2.530000000000000000e+03
7.469000000000000000e+03 2.508000000000000000e+03
7.139000000000000000e+03 2.892000000000000000e+03
7.449000000000000000e+03 2.504000000000000000e+03
7.457000000000000000e+03 2.917000000000000000e+03
7.382000000000000000e+03 2.649000000000000000e+03
7.406000000000000000e+03 2.435000000000000000e+03
7.386000000000000000e+03 2.496000000000000000e+03
7.407000000000000000e+03 2.405000000000000000e+03
7.452000000000000000e+03 2.537000000000000000e+03
7.252000000000000000e+03 2.475000000000000000e+03
7.275000000000000000e+03 2.581000000000000000e+03
7.377000000000000000e+03 2.910000000000000000e+03
7.452000000000000000e+03 2.518000000000000000e+03
7.456000000000000000e+03 2.729000000000000000e+03
7.267000000000000000e+03 2.471000000000000000e+03
7.426000000000000000e+03 2.771000000000000000e+03
7.389000000000000000e+03 2.838000000000000000e+03
7.423000000000000000e+03 3.083000000000000000e+03
7.365000000000000000e+03 3.034000000000000000e+03
7.340000000000000000e+03 3.134000000000000000e+03
7.379000000000000000e+03 3.839000000000000000e+03
7.362000000000000000e+03 3.778000000000000000e+03
7.204000000000000000e+03 3.856000000000000000e+03
7.388000000000000000e+03 3.952000000000000000e+03
7.109000000000000000e+03 3.414000000000000000e+03
7.443000000000000000e+03 3.211000000000000000e+03
7.411000000000000000e+03 4.033000000000000000e+03
7.367000000000000000e+03 3.808000000000000000e+03
7.242000000000000000e+03 4.187000000000000000e+03
7.328000000000000000e+03 3.972000000000000000e+03
7.359000000000000000e+03 4.057000000000000000e+03
7.257000000000000000e+03 4.009000000000000000e+03
7.012000000000000000e+03 4.799000000000000000e+03
7.333000000000000000e+03 4.264000000000000000e+03
7.320000000000000000e+03 4.178000000000000000e+03
7.332000000000000000e+03 4.816000000000000000e+03
7.289000000000000000e+03 3.754000000000000000e+03
7.411000000000000000e+03 3.641000000000000000e+03
7.338000000000000000e+03 3.655000000000000000e+03
7.365000000000000000e+03 3.635000000000000000e+03
7.277000000000000000e+03 3.987000000000000000e+03
7.316000000000000000e+03 3.834000000000000000e+03
7.306000000000000000e+03 3.883000000000000000e+03
7.306000000000000000e+03 3.900000000000000000e+03
7.292000000000000000e+03 3.583000000000000000e+03
7.390000000000000000e+03 3.458000000000000000e+03
7.323000000000000000e+03 3.596000000000000000e+03
7.392000000000000000e+03 3.569000000000000000e+03
7.325000000000000000e+03 3.471000000000000000e+03
7.341000000000000000e+03 3.446000000000000000e+03
7.403000000000000000e+03 3.406000000000000000e+03
7.304000000000000000e+03 3.484000000000000000e+03
6.483000000000000000e+03 5.719000000000000000e+03
7.295000000000000000e+03 5.569000000000000000e+03
7.267000000000000000e+03 5.602000000000000000e+03
7.340000000000000000e+03 5.594000000000000000e+03
7.421000000000000000e+03 5.473000000000000000e+03
7.368000000000000000e+03 5.553000000000000000e+03
7.441000000000000000e+03 5.616000000000000000e+03
6.588000000000000000e+03 5.711000000000000000e+03
7.209000000000000000e+03 5.520000000000000000e+03
7.066000000000000000e+03 5.667000000000000000e+03
7.112000000000000000e+03 5.546000000000000000e+03
6.153000000000000000e+03 5.779000000000000000e+03
6.566000000000000000e+03 5.588000000000000000e+03
7.106000000000000000e+03 5.597000000000000000e+03
6.694000000000000000e+03 5.675000000000000000e+03
7.407000000000000000e+03 5.756000000000000000e+03
7.413000000000000000e+03 5.782000000000000000e+03
7.338000000000000000e+03 5.787000000000000000e+03
7.303000000000000000e+03 5.757000000000000000e+03
7.240000000000000000e+03 5.914000000000000000e+03
7.182000000000000000e+03 5.852000000000000000e+03
7.237000000000000000e+03 5.802000000000000000e+03
7.215000000000000000e+03 5.842000000000000000e+03
7.183000000000000000e+03 5.417000000000000000e+03
7.391000000000000000e+03 5.391000000000000000e+03
7.229000000000000000e+03 5.392000000000000000e+03
7.330000000000000000e+03 5.312000000000000000e+03
7.107000000000000000e+03 5.400000000000000000e+03
7.095000000000000000e+03 5.458000000000000000e+03
7.181000000000000000e+03 5.361000000000000000e+03
7.213000000000000000e+03 5.409000000000000000e+03
6.724000000000000000e+03 5.376000000000000000e+03
7.227000000000000000e+03 6.130000000000000000e+03
6.868000000000000000e+03 5.893000000000000000e+03
6.787000000000000000e+03 5.634000000000000000e+03
6.782000000000000000e+03 5.562000000000000000e+03
6.820000000000000000e+03 5.489000000000000000e+03
6.826000000000000000e+03 5.437000000000000000e+03
7.296000000000000000e+03 6.178000000000000000e+03
7.351000000000000000e+03 6.094000000000000000e+03
7.341000000000000000e+03 6.134000000000000000e+03
7.358000000000000000e+03 6.068000000000000000e+03
7.364000000000000000e+03 6.005000000000000000e+03
7.328000000000000000e+03 5.999000000000000000e+03
7.444000000000000000e+03 5.929000000000000000e+03
7.386000000000000000e+03 5.903000000000000000e+03
6.960000000000000000e+03 5.489000000000000000e+03
7.000000000000000000e+03 5.382000000000000000e+03
6.839000000000000000e+03 5.379000000000000000e+03
6.926000000000000000e+03 5.366000000000000000e+03
4.942000000000000000e+03 5.318000000000000000e+03
5.053000000000000000e+03 5.466000000000000000e+03
6.370000000000000000e+03 5.344000000000000000e+03
4.481000000000000000e+03 5.202000000000000000e+03
6.655000000000000000e+03 5.341000000000000000e+03
6.644000000000000000e+03 5.406000000000000000e+03
6.730000000000000000e+03 5.550000000000000000e+03
6.741000000000000000e+03 5.466000000000000000e+03
6.594000000000000000e+03 5.539000000000000000e+03
6.519000000000000000e+03 5.483000000000000000e+03
6.584000000000000000e+03 5.385000000000000000e+03
6.511000000000000000e+03 5.413000000000000000e+03
5.605000000000000000e+03 5.250000000000000000e+03
5.655000000000000000e+03 5.730000000000000000e+03
5.730000000000000000e+03 4.647000000000000000e+03
5.493000000000000000e+03 5.237000000000000000e+03
5.532000000000000000e+03 5.204000000000000000e+03
5.592000000000000000e+03 5.381000000000000000e+03
5.684000000000000000e+03 5.372000000000000000e+03
5.746000000000000000e+03 4.899000000000000000e+03
5.595000000000000000e+03 4.880000000000000000e+03
5.672000000000000000e+03 4.887000000000000000e+03
5.748000000000000000e+03 5.020000000000000000e+03
5.447000000000000000e+03 4.810000000000000000e+03
5.517000000000000000e+03 4.879000000000000000e+03
5.275000000000000000e+03 4.789000000000000000e+03
5.386000000000000000e+03 4.837000000000000000e+03
5.921000000000000000e+03 4.975000000000000000e+03
5.896000000000000000e+03 5.012000000000000000e+03
5.907000000000000000e+03 5.109000000000000000e+03
5.998000000000000000e+03 5.076000000000000000e+03
5.868000000000000000e+03 4.909000000000000000e+03
5.786000000000000000e+03 4.923000000000000000e+03
5.547000000000000000e+03 4.754000000000000000e+03
5.693000000000000000e+03 4.802000000000000000e+03
6.106000000000000000e+03 5.076000000000000000e+03
6.062000000000000000e+03 5.183000000000000000e+03
6.104000000000000000e+03 5.013000000000000000e+03
6.061000000000000000e+03 4.903000000000000000e+03
5.971000000000000000e+03 4.801000000000000000e+03
6.110000000000000000e+03 4.898000000000000000e+03
5.769000000000000000e+03 4.853000000000000000e+03
5.894000000000000000e+03 4.804000000000000000e+03
7.030000000000000000e+03 5.650000000000000000e+03
7.039000000000000000e+03 5.672000000000000000e+03
6.917000000000000000e+03 5.595000000000000000e+03
7.028000000000000000e+03 5.550000000000000000e+03
7.020000000000000000e+03 5.751000000000000000e+03
6.898000000000000000e+03 5.805000000000000000e+03
6.831000000000000000e+03 5.760000000000000000e+03
6.861000000000000000e+03 5.702000000000000000e+03
6.568000000000000000e+03 5.674000000000000000e+03
6.562000000000000000e+03 5.604000000000000000e+03
6.486000000000000000e+03 5.686000000000000000e+03
6.434000000000000000e+03 5.751000000000000000e+03
6.507000000000000000e+03 5.760000000000000000e+03
6.480000000000000000e+03 5.745000000000000000e+03
6.694000000000000000e+03 5.721000000000000000e+03
6.605000000000000000e+03 5.740000000000000000e+03
6.387000000000000000e+03 5.477000000000000000e+03
6.306000000000000000e+03 5.560000000000000000e+03
6.291000000000000000e+03 5.488000000000000000e+03
6.324000000000000000e+03 5.452000000000000000e+03
6.131000000000000000e+03 5.638000000000000000e+03
6.075000000000000000e+03 5.713000000000000000e+03
6.139000000000000000e+03 5.517000000000000000e+03
6.229000000000000000e+03 5.529000000000000000e+03
6.201000000000000000e+03 5.691000000000000000e+03
6.189000000000000000e+03 5.580000000000000000e+03
6.252000000000000000e+03 5.718000000000000000e+03
6.301000000000000000e+03 5.702000000000000000e+03
5.993000000000000000e+03 5.631000000000000000e+03
6.022000000000000000e+03 5.733000000000000000e+03
6.115000000000000000e+03 5.640000000000000000e+03
5.971000000000000000e+03 5.573000000000000000e+03
5.772000000000000000e+03 5.280000000000000000e+03
5.823000000000000000e+03 5.380000000000000000e+03
5.988000000000000000e+03 5.376000000000000000e+03
5.806000000000000000e+03 5.190000000000000000e+03
5.554000000000000000e+03 5.206000000000000000e+03
5.487000000000000000e+03 5.444000000000000000e+03
5.613000000000000000e+03 5.290000000000000000e+03
5.859000000000000000e+03 5.262000000000000000e+03
5.807000000000000000e+03 5.292000000000000000e+03
5.741000000000000000e+03 5.325000000000000000e+03
5.661000000000000000e+03 5.300000000000000000e+03
5.557000000000000000e+03 5.365000000000000000e+03
5.496000000000000000e+03 5.266000000000000000e+03
5.587000000000000000e+03 5.269000000000000000e+03
5.709000000000000000e+03 5.261000000000000000e+03
6.056000000000000000e+03 5.345000000000000000e+03
6.033000000000000000e+03 5.437000000000000000e+03
5.721000000000000000e+03 5.435000000000000000e+03
5.788000000000000000e+03 5.471000000000000000e+03
5.530000000000000000e+03 5.564000000000000000e+03
5.648000000000000000e+03 5.602000000000000000e+03
5.561000000000000000e+03 5.475000000000000000e+03
5.596000000000000000e+03 5.423000000000000000e+03
5.507000000000000000e+03 5.596000000000000000e+03
5.435000000000000000e+03 5.670000000000000000e+03
5.540000000000000000e+03 5.676000000000000000e+03
5.540000000000000000e+03 5.796000000000000000e+03
5.884000000000000000e+03 5.508000000000000000e+03
5.806000000000000000e+03 5.580000000000000000e+03
5.638000000000000000e+03 5.663000000000000000e+03
5.737000000000000000e+03 5.639000000000000000e+03
5.271000000000000000e+03 5.512000000000000000e+03
5.318000000000000000e+03 5.527000000000000000e+03
5.248000000000000000e+03 5.444000000000000000e+03
5.231000000000000000e+03 5.599000000000000000e+03
5.266000000000000000e+03 5.610000000000000000e+03
5.334000000000000000e+03 5.498000000000000000e+03
5.199000000000000000e+03 5.569000000000000000e+03
5.616000000000000000e+03 5.056000000000000000e+03
5.754000000000000000e+03 5.087000000000000000e+03
5.730000000000000000e+03 5.105000000000000000e+03
5.708000000000000000e+03 5.170000000000000000e+03
5.523000000000000000e+03 5.053000000000000000e+03
5.465000000000000000e+03 5.003000000000000000e+03
5.378000000000000000e+03 4.976000000000000000e+03
5.415000000000000000e+03 5.075000000000000000e+03
5.276000000000000000e+03 5.234000000000000000e+03
5.103000000000000000e+03 5.168000000000000000e+03
5.172000000000000000e+03 5.246000000000000000e+03
5.420000000000000000e+03 5.207000000000000000e+03
5.101000000000000000e+03 4.987000000000000000e+03
5.048000000000000000e+03 4.934000000000000000e+03
5.107000000000000000e+03 5.043000000000000000e+03
5.105000000000000000e+03 5.090000000000000000e+03
5.258000000000000000e+03 5.122000000000000000e+03
5.240000000000000000e+03 5.049000000000000000e+03
5.265000000000000000e+03 4.990000000000000000e+03
5.294000000000000000e+03 4.924000000000000000e+03
5.356000000000000000e+03 5.227000000000000000e+03
5.318000000000000000e+03 5.235000000000000000e+03
5.418000000000000000e+03 5.276000000000000000e+03
5.246000000000000000e+03 5.291000000000000000e+03
6.153000000000000000e+03 4.379000000000000000e+03
6.057000000000000000e+03 4.394000000000000000e+03
6.078000000000000000e+03 4.318000000000000000e+03
6.342000000000000000e+03 4.003000000000000000e+03
6.435000000000000000e+03 3.995000000000000000e+03
6.128000000000000000e+03 4.125000000000000000e+03
6.242000000000000000e+03 4.046000000000000000e+03
5.989000000000000000e+03 4.256000000000000000e+03
6.099000000000000000e+03 3.935000000000000000e+03
6.224000000000000000e+03 3.855000000000000000e+03
6.360000000000000000e+03 3.870000000000000000e+03
5.875000000000000000e+03 4.694000000000000000e+03
6.068000000000000000e+03 4.200000000000000000e+03
6.015000000000000000e+03 4.028000000000000000e+03
5.817000000000000000e+03 4.405000000000000000e+03
5.556000000000000000e+03 4.332000000000000000e+03
5.489000000000000000e+03 4.229000000000000000e+03
5.548000000000000000e+03 3.899000000000000000e+03
5.480000000000000000e+03 4.239000000000000000e+03
5.791000000000000000e+03 3.776000000000000000e+03
5.835000000000000000e+03 3.798000000000000000e+03
5.628000000000000000e+03 3.844000000000000000e+03
5.595000000000000000e+03 4.030000000000000000e+03
6.016000000000000000e+03 3.895000000000000000e+03
5.953000000000000000e+03 3.872000000000000000e+03
5.782000000000000000e+03 3.955000000000000000e+03
5.759000000000000000e+03 4.187000000000000000e+03
6.022000000000000000e+03 3.810000000000000000e+03
6.041000000000000000e+03 3.802000000000000000e+03
6.221000000000000000e+03 3.791000000000000000e+03
6.169000000000000000e+03 3.757000000000000000e+03
5.666000000000000000e+03 4.496000000000000000e+03
5.858000000000000000e+03 4.284000000000000000e+03
5.691000000000000000e+03 4.049000000000000000e+03
5.662000000000000000e+03 4.127000000000000000e+03
5.751000000000000000e+03 4.292000000000000000e+03
5.707000000000000000e+03 4.393000000000000000e+03
5.769000000000000000e+03 4.165000000000000000e+03
5.922000000000000000e+03 4.021000000000000000e+03
6.193000000000000000e+03 4.083000000000000000e+03
6.457000000000000000e+03 4.069000000000000000e+03
6.133000000000000000e+03 4.576000000000000000e+03
6.263000000000000000e+03 4.402000000000000000e+03
6.066000000000000000e+03 4.267000000000000000e+03
5.617000000000000000e+03 4.374000000000000000e+03
5.717000000000000000e+03 4.250000000000000000e+03
5.651000000000000000e+03 4.369000000000000000e+03
5.851000000000000000e+03 4.431000000000000000e+03
5.897000000000000000e+03 4.327000000000000000e+03
5.954000000000000000e+03 4.108000000000000000e+03
5.875000000000000000e+03 4.249000000000000000e+03
5.974000000000000000e+03 4.601000000000000000e+03
5.973000000000000000e+03 4.455000000000000000e+03
5.851000000000000000e+03 4.524000000000000000e+03
5.958000000000000000e+03 4.555000000000000000e+03
5.721000000000000000e+03 3.991000000000000000e+03
5.532000000000000000e+03 3.923000000000000000e+03
5.518000000000000000e+03 4.046000000000000000e+03
5.472000000000000000e+03 3.980000000000000000e+03
5.453000000000000000e+03 4.169000000000000000e+03
5.514000000000000000e+03 4.247000000000000000e+03
5.874000000000000000e+03 4.480000000000000000e+03
5.472000000000000000e+03 4.426000000000000000e+03
4.796000000000000000e+03 7.145000000000000000e+03
6.741000000000000000e+03 7.174000000000000000e+03
6.977000000000000000e+03 7.079000000000000000e+03
4.681000000000000000e+03 6.905000000000000000e+03
4.894000000000000000e+03 6.892000000000000000e+03
5.059000000000000000e+03 6.874000000000000000e+03
4.786000000000000000e+03 6.961000000000000000e+03
5.072000000000000000e+03 6.932000000000000000e+03
4.941000000000000000e+03 6.825000000000000000e+03
5.768000000000000000e+03 6.800000000000000000e+03
5.175000000000000000e+03 6.973000000000000000e+03
4.904000000000000000e+03 6.818000000000000000e+03
5.042000000000000000e+03 6.663000000000000000e+03
4.963000000000000000e+03 6.686000000000000000e+03
4.600000000000000000e+03 6.833000000000000000e+03
7.403000000000000000e+03 7.407000000000000000e+03
6.553000000000000000e+03 7.146000000000000000e+03
7.440000000000000000e+03 7.371000000000000000e+03
7.265000000000000000e+03 7.404000000000000000e+03
7.144000000000000000e+03 6.844000000000000000e+03
7.131000000000000000e+03 6.902000000000000000e+03
6.801000000000000000e+03 6.659000000000000000e+03
6.407000000000000000e+03 6.633000000000000000e+03
5.413000000000000000e+03 6.096000000000000000e+03
5.333000000000000000e+03 6.076000000000000000e+03
5.447000000000000000e+03 6.210000000000000000e+03
5.443000000000000000e+03 6.333000000000000000e+03
5.236000000000000000e+03 6.079000000000000000e+03
5.280000000000000000e+03 6.066000000000000000e+03
5.271000000000000000e+03 6.011000000000000000e+03
5.394000000000000000e+03 5.937000000000000000e+03
9.250000000000000000e+02 7.460000000000000000e+03
1.013000000000000000e+03 7.381000000000000000e+03
9.470000000000000000e+02 7.462000000000000000e+03
6.770000000000000000e+02 7.474000000000000000e+03
4.500000000000000000e+02 7.457000000000000000e+03
3.072000000000000000e+03 7.117000000000000000e+03
1.106000000000000000e+03 7.141000000000000000e+03
4.836000000000000000e+03 6.723000000000000000e+03
4.811000000000000000e+03 6.809000000000000000e+03
4.702000000000000000e+03 6.750000000000000000e+03
4.777000000000000000e+03 6.786000000000000000e+03
4.584000000000000000e+03 6.915000000000000000e+03
4.433000000000000000e+03 7.000000000000000000e+03
3.998000000000000000e+03 7.216000000000000000e+03
4.091000000000000000e+03 7.272000000000000000e+03
1.577000000000000000e+03 7.440000000000000000e+03
1.400000000000000000e+03 7.461000000000000000e+03
1.577000000000000000e+03 7.464000000000000000e+03
1.497000000000000000e+03 7.477000000000000000e+03
1.485000000000000000e+03 7.449000000000000000e+03
1.366000000000000000e+03 7.452000000000000000e+03
1.414000000000000000e+03 7.453000000000000000e+03
1.612000000000000000e+03 7.462000000000000000e+03
2.233000000000000000e+03 7.470000000000000000e+03
2.295000000000000000e+03 7.456000000000000000e+03
2.348000000000000000e+03 7.422000000000000000e+03
2.411000000000000000e+03 7.454000000000000000e+03
3.800000000000000000e+03 6.563000000000000000e+03
3.521000000000000000e+03 6.732000000000000000e+03
2.127000000000000000e+03 7.465000000000000000e+03
2.043000000000000000e+03 7.462000000000000000e+03
6.301000000000000000e+03 7.428000000000000000e+03
6.241000000000000000e+03 7.440000000000000000e+03
6.409000000000000000e+03 7.373000000000000000e+03
6.923000000000000000e+03 7.343000000000000000e+03
6.928000000000000000e+03 7.406000000000000000e+03
7.037000000000000000e+03 7.261000000000000000e+03
7.079000000000000000e+03 7.382000000000000000e+03
5.141000000000000000e+03 6.523000000000000000e+03
5.167000000000000000e+03 6.575000000000000000e+03
5.244000000000000000e+03 6.491000000000000000e+03
5.233000000000000000e+03 6.467000000000000000e+03
5.466000000000000000e+03 6.218000000000000000e+03
5.443000000000000000e+03 6.194000000000000000e+03
5.342000000000000000e+03 6.377000000000000000e+03
5.359000000000000000e+03 6.278000000000000000e+03
5.154000000000000000e+03 6.335000000000000000e+03
5.146000000000000000e+03 6.410000000000000000e+03
5.147000000000000000e+03 6.306000000000000000e+03
5.239000000000000000e+03 6.426000000000000000e+03
5.252000000000000000e+03 6.234000000000000000e+03
5.418000000000000000e+03 6.423000000000000000e+03
5.405000000000000000e+03 6.531000000000000000e+03
5.383000000000000000e+03 6.451000000000000000e+03
5.846000000000000000e+03 5.826000000000000000e+03
6.893000000000000000e+03 6.289000000000000000e+03
5.815000000000000000e+03 6.394000000000000000e+03
6.786000000000000000e+03 6.113000000000000000e+03
6.065000000000000000e+03 5.695000000000000000e+03
5.799000000000000000e+03 6.461000000000000000e+03
6.396000000000000000e+03 5.938000000000000000e+03
6.140000000000000000e+03 5.580000000000000000e+03
5.454000000000000000e+03 6.947000000000000000e+03
5.325000000000000000e+03 6.899000000000000000e+03
5.593000000000000000e+03 6.846000000000000000e+03
5.532000000000000000e+03 6.433000000000000000e+03
5.254000000000000000e+03 7.108000000000000000e+03
5.179000000000000000e+03 7.037000000000000000e+03
5.277000000000000000e+03 7.079000000000000000e+03
5.345000000000000000e+03 6.912000000000000000e+03
5.365000000000000000e+03 7.018000000000000000e+03
5.374000000000000000e+03 7.052000000000000000e+03
5.293000000000000000e+03 7.350000000000000000e+03
5.191000000000000000e+03 7.334000000000000000e+03
5.417000000000000000e+03 6.683000000000000000e+03
5.357000000000000000e+03 6.596000000000000000e+03
5.324000000000000000e+03 6.736000000000000000e+03
5.199000000000000000e+03 6.729000000000000000e+03
5.523000000000000000e+03 7.327000000000000000e+03
5.512000000000000000e+03 7.395000000000000000e+03
5.352000000000000000e+03 7.354000000000000000e+03
5.444000000000000000e+03 7.353000000000000000e+03
5.366000000000000000e+03 7.371000000000000000e+03
5.291000000000000000e+03 7.412000000000000000e+03
5.166000000000000000e+03 7.397000000000000000e+03
5.433000000000000000e+03 7.366000000000000000e+03
5.435000000000000000e+03 6.805000000000000000e+03
5.491000000000000000e+03 6.593000000000000000e+03
5.374000000000000000e+03 6.983000000000000000e+03
5.437000000000000000e+03 6.886000000000000000e+03
5.635000000000000000e+03 6.153000000000000000e+03
5.322000000000000000e+03 6.787000000000000000e+03
5.196000000000000000e+03 6.845000000000000000e+03
5.215000000000000000e+03 6.906000000000000000e+03
1.906000000000000000e+03 6.949000000000000000e+03
4.823000000000000000e+03 6.023000000000000000e+03
4.832000000000000000e+03 5.918000000000000000e+03
1.486000000000000000e+03 6.872000000000000000e+03
1.611000000000000000e+03 7.284000000000000000e+03
1.551000000000000000e+03 7.325000000000000000e+03
1.366000000000000000e+03 7.321000000000000000e+03
4.678000000000000000e+03 6.143000000000000000e+03
4.624000000000000000e+03 6.151000000000000000e+03
4.607000000000000000e+03 6.411000000000000000e+03
4.655000000000000000e+03 6.298000000000000000e+03
4.614000000000000000e+03 6.491000000000000000e+03
4.665000000000000000e+03 6.567000000000000000e+03
4.736000000000000000e+03 6.575000000000000000e+03
4.748000000000000000e+03 6.581000000000000000e+03
3.763000000000000000e+03 5.888000000000000000e+03
1.401000000000000000e+03 7.170000000000000000e+03
1.248000000000000000e+03 6.859000000000000000e+03
1.303000000000000000e+03 7.306000000000000000e+03
4.402000000000000000e+03 7.207000000000000000e+03
4.596000000000000000e+03 6.551000000000000000e+03
2.430000000000000000e+03 6.063000000000000000e+03
1.264000000000000000e+03 5.647000000000000000e+03
2.714000000000000000e+03 5.700000000000000000e+03
2.996000000000000000e+03 5.940000000000000000e+03
4.104000000000000000e+03 5.559000000000000000e+03
4.446000000000000000e+03 6.117000000000000000e+03
4.174000000000000000e+03 6.279000000000000000e+03
3.190000000000000000e+03 7.058000000000000000e+03
3.098000000000000000e+03 6.569000000000000000e+03
3.339000000000000000e+03 6.402000000000000000e+03
4.567000000000000000e+03 5.887000000000000000e+03
4.827000000000000000e+03 5.369000000000000000e+03
4.941000000000000000e+03 5.404000000000000000e+03
5.076000000000000000e+03 6.004000000000000000e+03
4.857000000000000000e+03 6.953000000000000000e+03
4.655000000000000000e+03 6.989000000000000000e+03
4.739000000000000000e+03 6.940000000000000000e+03
2.902000000000000000e+03 5.293000000000000000e+03
2.399000000000000000e+03 5.301000000000000000e+03
3.164000000000000000e+03 5.259000000000000000e+03
1.698000000000000000e+03 5.275000000000000000e+03
1.598000000000000000e+03 5.335000000000000000e+03
1.605000000000000000e+03 5.290000000000000000e+03
2.354000000000000000e+03 5.320000000000000000e+03
1.595000000000000000e+03 5.294000000000000000e+03
4.927000000000000000e+03 6.211000000000000000e+03
4.915000000000000000e+03 6.134000000000000000e+03
4.795000000000000000e+03 6.169000000000000000e+03
4.767000000000000000e+03 6.220000000000000000e+03
5.011000000000000000e+03 6.234000000000000000e+03
5.007000000000000000e+03 6.353000000000000000e+03
4.839000000000000000e+03 6.400000000000000000e+03
4.771000000000000000e+03 6.447000000000000000e+03
4.929000000000000000e+03 6.470000000000000000e+03
4.967000000000000000e+03 6.519000000000000000e+03
4.890000000000000000e+03 6.627000000000000000e+03
4.925000000000000000e+03 6.575000000000000000e+03
4.800000000000000000e+03 6.300000000000000000e+03
4.804000000000000000e+03 6.345000000000000000e+03
4.925000000000000000e+03 6.347000000000000000e+03
4.842000000000000000e+03 6.470000000000000000e+03
5.398000000000000000e+03 5.484000000000000000e+03
5.367000000000000000e+03 5.507000000000000000e+03
4.862000000000000000e+03 5.667000000000000000e+03
4.738000000000000000e+03 5.839000000000000000e+03
4.713000000000000000e+03 5.777000000000000000e+03
4.772000000000000000e+03 5.846000000000000000e+03
4.676000000000000000e+03 5.974000000000000000e+03
4.754000000000000000e+03 7.179000000000000000e+03
4.807000000000000000e+03 7.141000000000000000e+03
4.652000000000000000e+03 7.240000000000000000e+03
4.657000000000000000e+03 7.248000000000000000e+03
4.989000000000000000e+03 7.034000000000000000e+03
4.934000000000000000e+03 7.041000000000000000e+03
5.261000000000000000e+03 5.527000000000000000e+03
4.889000000000000000e+03 7.065000000000000000e+03
2.426000000000000000e+03 5.096000000000000000e+03
1.841000000000000000e+03 5.318000000000000000e+03
1.383000000000000000e+03 5.268000000000000000e+03
1.279000000000000000e+03 5.251000000000000000e+03
1.117000000000000000e+03 5.213000000000000000e+03
1.125000000000000000e+03 5.141000000000000000e+03
1.185000000000000000e+03 5.241000000000000000e+03
1.128000000000000000e+03 5.236000000000000000e+03
1.328000000000000000e+03 5.109000000000000000e+03
1.253000000000000000e+03 5.088000000000000000e+03
2.185000000000000000e+03 4.973000000000000000e+03
1.215000000000000000e+03 5.051000000000000000e+03
2.549000000000000000e+03 5.005000000000000000e+03
2.027000000000000000e+03 5.038000000000000000e+03
1.930000000000000000e+03 4.945000000000000000e+03
1.381000000000000000e+03 5.043000000000000000e+03
4.679000000000000000e+03 7.151000000000000000e+03
4.719000000000000000e+03 7.110000000000000000e+03
4.381000000000000000e+03 7.135000000000000000e+03
4.596000000000000000e+03 7.258000000000000000e+03
4.380000000000000000e+03 7.261000000000000000e+03
4.327000000000000000e+03 7.296000000000000000e+03
4.423000000000000000e+03 7.240000000000000000e+03
4.394000000000000000e+03 7.289000000000000000e+03
4.192000000000000000e+03 7.304000000000000000e+03
4.365000000000000000e+03 7.263000000000000000e+03
4.638000000000000000e+03 7.136000000000000000e+03
4.683000000000000000e+03 7.081000000000000000e+03
4.134000000000000000e+03 7.371000000000000000e+03
4.086000000000000000e+03 7.394000000000000000e+03
4.172000000000000000e+03 7.434000000000000000e+03
4.247000000000000000e+03 7.430000000000000000e+03
4.890000000000000000e+03 7.288000000000000000e+03
4.862000000000000000e+03 7.255000000000000000e+03
4.955000000000000000e+03 7.195000000000000000e+03
4.905000000000000000e+03 7.222000000000000000e+03
5.104000000000000000e+03 7.129000000000000000e+03
5.040000000000000000e+03 7.085000000000000000e+03
5.047000000000000000e+03 7.212000000000000000e+03
5.145000000000000000e+03 7.201000000000000000e+03
4.449000000000000000e+03 7.432000000000000000e+03
4.436000000000000000e+03 7.464000000000000000e+03
4.609000000000000000e+03 7.428000000000000000e+03
4.607000000000000000e+03 7.437000000000000000e+03
4.870000000000000000e+03 7.404000000000000000e+03
4.766000000000000000e+03 7.425000000000000000e+03
4.996000000000000000e+03 7.362000000000000000e+03
5.061000000000000000e+03 7.318000000000000000e+03
2.412000000000000000e+03 2.600000000000000000e+02
8.310000000000000000e+02 2.420000000000000000e+03
6.640000000000000000e+02 5.390000000000000000e+03
3.280000000000000000e+02 3.500000000000000000e+02
4.998000000000000000e+03 3.170000000000000000e+03
5.561000000000000000e+03 5.810000000000000000e+03
6.162000000000000000e+03 4.110000000000000000e+03
-4.000000000000000000e+00 0.000000000000000000e+00
-1.200000000000000000e+01 0.000000000000000000e+00
7.442000000000000000e+03 0.000000000000000000e+00
