6.748000000000000000e+03 1.566000000000000000e+03
6.730000000000000000e+03 1.160000000000000000e+03
6.565000000000000000e+03 1.596000000000000000e+03
6.803000000000000000e+03 1.145000000000000000e+03
6.809000000000000000e+03 1.044000000000000000e+03
6.843000000000000000e+03 1.020000000000000000e+03
6.837000000000000000e+03 9.040000000000000000e+02
6.491000000000000000e+03 1.354000000000000000e+03
6.529000000000000000e+03 1.486000000000000000e+03
6.582000000000000000e+03 1.460000000000000000e+03
6.522000000000000000e+03 1.572000000000000000e+03
6.376000000000000000e+03 1.399000000000000000e+03
6.414000000000000000e+03 1.479000000000000000e+03
6.482000000000000000e+03 1.380000000000000000e+03
6.406000000000000000e+03 1.405000000000000000e+03
6.731000000000000000e+03 1.200000000000000000e+02
6.982000000000000000e+03 4.330000000000000000e+02
6.816000000000000000e+03 1.010000000000000000e+02
7.063000000000000000e+03 1.200000000000000000e+02
6.959000000000000000e+03 7.260000000000000000e+02
6.853000000000000000e+03 8.300000000000000000e+02
6.969000000000000000e+03 4.330000000000000000e+02
6.907000000000000000e+03 2.410000000000000000e+02
7.101000000000000000e+03 8.780000000000000000e+02
7.015000000000000000e+03 8.790000000000000000e+02
6.999000000000000000e+03 1.058000000000000000e+03
7.186000000000000000e+03 1.251000000000000000e+03
6.866000000000000000e+03 1.101000000000000000e+03
6.738000000000000000e+03 7.460000000000000000e+02
6.854000000000000000e+03 1.224000000000000000e+03
6.783000000000000000e+03 1.371000000000000000e+03
6.465000000000000000e+03 1.169000000000000000e+03
6.292000000000000000e+03 8.120000000000000000e+02
6.762000000000000000e+03 1.009000000000000000e+03
5.791000000000000000e+03 7.850000000000000000e+02
6.564000000000000000e+03 9.090000000000000000e+02
6.518000000000000000e+03 8.670000000000000000e+02
6.052000000000000000e+03 8.010000000000000000e+02
6.980000000000000000e+03 1.127000000000000000e+03
7.007000000000000000e+03 9.880000000000000000e+02
7.011000000000000000e+03 8.980000000000000000e+02
6.947000000000000000e+03 1.066000000000000000e+03
6.903000000000000000e+03 9.130000000000000000e+02
6.456000000000000000e+03 7.830000000000000000e+02
6.213000000000000000e+03 9.960000000000000000e+02
6.778000000000000000e+03 9.380000000000000000e+02
6.505000000000000000e+03 1.167000000000000000e+03
6.252000000000000000e+03 1.089000000000000000e+03
6.144000000000000000e+03 1.109000000000000000e+03
6.550000000000000000e+03 1.218000000000000000e+03
6.654000000000000000e+03 1.210000000000000000e+03
6.656000000000000000e+03 1.233000000000000000e+03
6.347000000000000000e+03 1.168000000000000000e+03
6.630000000000000000e+03 1.324000000000000000e+03
6.145000000000000000e+03 9.770000000000000000e+02
5.624000000000000000e+03 8.370000000000000000e+02
6.526000000000000000e+03 9.890000000000000000e+02
6.466000000000000000e+03 9.040000000000000000e+02
6.601000000000000000e+03 1.173000000000000000e+03
6.496000000000000000e+03 1.136000000000000000e+03
6.519000000000000000e+03 9.910000000000000000e+02
6.527000000000000000e+03 1.002000000000000000e+03
6.636000000000000000e+03 1.600000000000000000e+03
6.955000000000000000e+03 1.395000000000000000e+03
6.852000000000000000e+03 1.442000000000000000e+03
7.311000000000000000e+03 1.371000000000000000e+03
7.271000000000000000e+03 1.393000000000000000e+03
7.129000000000000000e+03 1.361000000000000000e+03
7.155000000000000000e+03 1.305000000000000000e+03
6.220000000000000000e+03 1.362000000000000000e+03
6.194000000000000000e+03 1.282000000000000000e+03
6.178000000000000000e+03 1.217000000000000000e+03
6.323000000000000000e+03 1.272000000000000000e+03
6.262000000000000000e+03 1.518000000000000000e+03
6.189000000000000000e+03 1.453000000000000000e+03
6.093000000000000000e+03 1.590000000000000000e+03
6.163000000000000000e+03 1.415000000000000000e+03
5.694000000000000000e+03 1.270000000000000000e+02
5.809000000000000000e+03 9.750000000000000000e+02
5.894000000000000000e+03 2.560000000000000000e+02
5.823000000000000000e+03 1.340000000000000000e+02
6.174000000000000000e+03 4.530000000000000000e+02
6.027000000000000000e+03 1.250000000000000000e+02
6.253000000000000000e+03 1.600000000000000000e+02
6.278000000000000000e+03 1.041000000000000000e+03
7.004000000000000000e+03 1.541000000000000000e+03
6.900000000000000000e+03 1.534000000000000000e+03
7.148000000000000000e+03 1.466000000000000000e+03
7.130000000000000000e+03 1.501000000000000000e+03
6.696000000000000000e+03 1.467000000000000000e+03
6.944000000000000000e+03 1.465000000000000000e+03
6.653000000000000000e+03 1.390000000000000000e+03
6.765000000000000000e+03 1.375000000000000000e+03
5.038000000000000000e+03 2.770000000000000000e+02
5.020000000000000000e+03 1.900000000000000000e+02
5.134000000000000000e+03 2.050000000000000000e+02
5.146000000000000000e+03 3.310000000000000000e+02
5.166000000000000000e+03 5.540000000000000000e+02
5.283000000000000000e+03 4.800000000000000000e+02
5.095000000000000000e+03 3.230000000000000000e+02
5.228000000000000000e+03 3.560000000000000000e+02
5.206000000000000000e+03 7.360000000000000000e+02
4.795000000000000000e+03 4.510000000000000000e+02
4.834000000000000000e+03 3.530000000000000000e+02
4.928000000000000000e+03 3.930000000000000000e+02
4.863000000000000000e+03 5.640000000000000000e+02
4.853000000000000000e+03 6.310000000000000000e+02
5.042000000000000000e+03 5.800000000000000000e+02
4.913000000000000000e+03 6.370000000000000000e+02
4.967000000000000000e+03 5.800000000000000000e+02
4.987000000000000000e+03 6.660000000000000000e+02
5.167000000000000000e+03 7.090000000000000000e+02
5.146000000000000000e+03 6.250000000000000000e+02
5.019000000000000000e+03 4.120000000000000000e+02
5.060000000000000000e+03 4.160000000000000000e+02
4.911000000000000000e+03 5.200000000000000000e+02
5.001000000000000000e+03 4.980000000000000000e+02
6.309000000000000000e+03 1.145000000000000000e+03
6.346000000000000000e+03 1.112000000000000000e+03
6.267000000000000000e+03 9.450000000000000000e+02
6.394000000000000000e+03 1.075000000000000000e+03
6.211000000000000000e+03 1.117000000000000000e+03
6.150000000000000000e+03 1.112000000000000000e+03
6.111000000000000000e+03 9.580000000000000000e+02
6.173000000000000000e+03 9.660000000000000000e+02
5.955000000000000000e+03 2.574000000000000000e+03
5.898000000000000000e+03 3.299000000000000000e+03
5.834000000000000000e+03 3.171000000000000000e+03
6.159000000000000000e+03 3.085000000000000000e+03
6.023000000000000000e+03 3.302000000000000000e+03
6.078000000000000000e+03 3.131000000000000000e+03
6.274000000000000000e+03 2.511000000000000000e+03
6.083000000000000000e+03 2.588000000000000000e+03
6.109000000000000000e+03 3.043000000000000000e+03
6.219000000000000000e+03 2.981000000000000000e+03
6.188000000000000000e+03 2.952000000000000000e+03
6.129000000000000000e+03 1.770000000000000000e+03
6.158000000000000000e+03 1.758000000000000000e+03
6.185000000000000000e+03 1.773000000000000000e+03
6.166000000000000000e+03 1.646000000000000000e+03
6.348000000000000000e+03 1.984000000000000000e+03
6.458000000000000000e+03 2.258000000000000000e+03
6.396000000000000000e+03 2.740000000000000000e+03
6.434000000000000000e+03 3.030000000000000000e+03
6.475000000000000000e+03 3.116000000000000000e+03
6.445000000000000000e+03 3.042000000000000000e+03
6.511000000000000000e+03 2.948000000000000000e+03
6.518000000000000000e+03 2.860000000000000000e+03
6.386000000000000000e+03 2.961000000000000000e+03
6.137000000000000000e+03 3.226000000000000000e+03
6.339000000000000000e+03 3.127000000000000000e+03
6.314000000000000000e+03 3.196000000000000000e+03
6.225000000000000000e+03 2.556000000000000000e+03
6.265000000000000000e+03 3.013000000000000000e+03
6.178000000000000000e+03 3.014000000000000000e+03
6.230000000000000000e+03 3.222000000000000000e+03
6.189000000000000000e+03 2.678000000000000000e+03
1.602000000000000000e+03 2.845000000000000000e+03
2.659000000000000000e+03 2.551000000000000000e+03
6.393000000000000000e+03 2.089000000000000000e+03
6.927000000000000000e+03 1.285000000000000000e+03
6.808000000000000000e+03 1.523000000000000000e+03
6.727000000000000000e+03 1.669000000000000000e+03
5.877000000000000000e+03 2.271000000000000000e+03
7.051000000000000000e+03 1.152000000000000000e+03
7.042000000000000000e+03 1.232000000000000000e+03
7.102000000000000000e+03 1.210000000000000000e+03
7.202000000000000000e+03 1.228000000000000000e+03
6.595000000000000000e+03 1.832000000000000000e+03
7.173000000000000000e+03 1.235000000000000000e+03
7.188000000000000000e+03 1.151000000000000000e+03
1.520000000000000000e+03 2.675000000000000000e+03
1.552000000000000000e+03 2.684000000000000000e+03
1.571000000000000000e+03 2.784000000000000000e+03
1.629000000000000000e+03 2.557000000000000000e+03
1.607000000000000000e+03 2.530000000000000000e+03
1.652000000000000000e+03 2.613000000000000000e+03
1.991000000000000000e+03 2.159000000000000000e+03
1.896000000000000000e+03 2.387000000000000000e+03
7.009000000000000000e+03 1.604000000000000000e+03
7.077000000000000000e+03 1.659000000000000000e+03
6.806000000000000000e+03 1.660000000000000000e+03
6.841000000000000000e+03 1.604000000000000000e+03
7.250000000000000000e+03 1.509000000000000000e+03
7.269000000000000000e+03 1.598000000000000000e+03
7.119000000000000000e+03 1.646000000000000000e+03
7.195000000000000000e+03 1.605000000000000000e+03
1.868000000000000000e+03 2.180000000000000000e+03
1.937000000000000000e+03 2.453000000000000000e+03
1.964000000000000000e+03 2.471000000000000000e+03
1.857000000000000000e+03 2.591000000000000000e+03
1.849000000000000000e+03 2.565000000000000000e+03
3.227000000000000000e+03 2.581000000000000000e+03
1.887000000000000000e+03 2.529000000000000000e+03
1.785000000000000000e+03 2.443000000000000000e+03
1.792000000000000000e+03 2.321000000000000000e+03
2.511000000000000000e+03 1.935000000000000000e+03
1.705000000000000000e+03 2.378000000000000000e+03
1.674000000000000000e+03 2.310000000000000000e+03
2.396000000000000000e+03 2.023000000000000000e+03
1.648000000000000000e+03 2.417000000000000000e+03
1.674000000000000000e+03 2.407000000000000000e+03
1.676000000000000000e+03 2.708000000000000000e+03
1.796000000000000000e+03 2.652000000000000000e+03
1.729000000000000000e+03 2.669000000000000000e+03
1.806000000000000000e+03 2.521000000000000000e+03
1.893000000000000000e+03 2.807000000000000000e+03
2.996000000000000000e+03 2.754000000000000000e+03
1.830000000000000000e+03 2.870000000000000000e+03
1.774000000000000000e+03 2.811000000000000000e+03
1.702000000000000000e+03 2.216000000000000000e+03
3.415000000000000000e+03 2.043000000000000000e+03
1.956000000000000000e+03 1.950000000000000000e+03
1.880000000000000000e+03 2.238000000000000000e+03
1.882000000000000000e+03 2.282000000000000000e+03
1.851000000000000000e+03 2.246000000000000000e+03
1.986000000000000000e+03 2.711000000000000000e+03
2.713000000000000000e+03 2.842000000000000000e+03
2.130000000000000000e+03 3.364000000000000000e+03
3.207000000000000000e+03 3.290000000000000000e+03
2.321000000000000000e+03 3.246000000000000000e+03
2.829000000000000000e+03 3.037000000000000000e+03
5.570000000000000000e+02 3.438000000000000000e+03
1.499000000000000000e+03 3.100000000000000000e+03
7.880000000000000000e+02 3.268000000000000000e+03
7.270000000000000000e+02 3.534000000000000000e+03
1.534000000000000000e+03 3.180000000000000000e+03
1.673000000000000000e+03 3.003000000000000000e+03
1.818000000000000000e+03 3.022000000000000000e+03
2.237000000000000000e+03 3.143000000000000000e+03
4.892000000000000000e+03 3.321000000000000000e+03
5.410000000000000000e+03 2.785000000000000000e+03
1.281000000000000000e+03 3.209000000000000000e+03
3.849000000000000000e+03 2.639000000000000000e+03
2.218000000000000000e+03 2.081000000000000000e+03
1.671000000000000000e+03 2.140000000000000000e+03
1.451000000000000000e+03 2.328000000000000000e+03
1.564000000000000000e+03 2.196000000000000000e+03
1.437000000000000000e+03 2.273000000000000000e+03
1.501000000000000000e+03 2.192000000000000000e+03
1.519000000000000000e+03 2.180000000000000000e+03
1.437000000000000000e+03 2.227000000000000000e+03
8.920000000000000000e+02 3.148000000000000000e+03
9.490000000000000000e+02 3.175000000000000000e+03
7.200000000000000000e+02 3.174000000000000000e+03
6.340000000000000000e+02 3.489000000000000000e+03
1.206000000000000000e+03 3.192000000000000000e+03
4.614000000000000000e+03 3.030000000000000000e+03
1.834000000000000000e+03 3.125000000000000000e+03
3.128000000000000000e+03 2.995000000000000000e+03
6.715000000000000000e+03 3.141000000000000000e+03
6.646000000000000000e+03 3.225000000000000000e+03
6.721000000000000000e+03 3.319000000000000000e+03
6.645000000000000000e+03 3.427000000000000000e+03
6.550000000000000000e+03 3.311000000000000000e+03
6.514000000000000000e+03 3.255000000000000000e+03
6.592000000000000000e+03 3.276000000000000000e+03
6.951000000000000000e+03 3.326000000000000000e+03
6.962000000000000000e+03 3.282000000000000000e+03
6.773000000000000000e+03 3.313000000000000000e+03
6.917000000000000000e+03 3.310000000000000000e+03
7.060000000000000000e+03 3.281000000000000000e+03
7.125000000000000000e+03 3.343000000000000000e+03
7.153000000000000000e+03 3.263000000000000000e+03
7.187000000000000000e+03 3.312000000000000000e+03
6.809000000000000000e+03 3.469000000000000000e+03
6.377000000000000000e+03 2.999000000000000000e+03
6.771000000000000000e+03 3.478000000000000000e+03
6.655000000000000000e+03 3.449000000000000000e+03
6.977000000000000000e+03 3.418000000000000000e+03
7.015000000000000000e+03 3.393000000000000000e+03
6.929000000000000000e+03 3.357000000000000000e+03
6.816000000000000000e+03 3.330000000000000000e+03
7.187000000000000000e+03 3.081000000000000000e+03
7.122000000000000000e+03 3.033000000000000000e+03
7.036000000000000000e+03 3.098000000000000000e+03
7.063000000000000000e+03 2.994000000000000000e+03
6.818000000000000000e+03 3.095000000000000000e+03
6.942000000000000000e+03 3.068000000000000000e+03
6.660000000000000000e+03 3.076000000000000000e+03
6.735000000000000000e+03 3.074000000000000000e+03
6.120000000000000000e+03 3.517000000000000000e+03
7.034000000000000000e+03 3.233000000000000000e+03
7.132000000000000000e+03 3.222000000000000000e+03
6.964000000000000000e+03 3.175000000000000000e+03
6.943000000000000000e+03 3.196000000000000000e+03
6.837000000000000000e+03 3.196000000000000000e+03
6.873000000000000000e+03 3.157000000000000000e+03
6.372000000000000000e+03 3.245000000000000000e+03
6.630000000000000000e+03 3.160000000000000000e+03
6.469000000000000000e+03 3.236000000000000000e+03
6.776000000000000000e+03 3.192000000000000000e+03
6.305000000000000000e+03 3.307000000000000000e+03
6.149000000000000000e+03 3.362000000000000000e+03
6.249000000000000000e+03 3.304000000000000000e+03
6.479000000000000000e+03 3.241000000000000000e+03
6.883000000000000000e+03 2.928000000000000000e+03
6.028000000000000000e+03 3.710000000000000000e+03
6.846000000000000000e+03 2.949000000000000000e+03
6.843000000000000000e+03 2.953000000000000000e+03
6.995000000000000000e+03 2.915000000000000000e+03
6.935000000000000000e+03 2.924000000000000000e+03
7.069000000000000000e+03 2.931000000000000000e+03
7.095000000000000000e+03 2.927000000000000000e+03
6.306000000000000000e+03 2.941000000000000000e+03
6.425000000000000000e+03 3.003000000000000000e+03
6.681000000000000000e+03 2.969000000000000000e+03
6.650000000000000000e+03 2.978000000000000000e+03
6.378000000000000000e+03 2.873000000000000000e+03
6.246000000000000000e+03 3.605000000000000000e+03
6.716000000000000000e+03 2.931000000000000000e+03
6.767000000000000000e+03 2.953000000000000000e+03
7.079000000000000000e+03 3.795000000000000000e+03
6.970000000000000000e+03 3.806000000000000000e+03
6.977000000000000000e+03 3.886000000000000000e+03
7.035000000000000000e+03 3.932000000000000000e+03
7.162000000000000000e+03 3.882000000000000000e+03
7.127000000000000000e+03 3.864000000000000000e+03
7.222000000000000000e+03 3.862000000000000000e+03
5.702000000000000000e+03 3.699000000000000000e+03
5.817000000000000000e+03 3.704000000000000000e+03
6.698000000000000000e+03 3.903000000000000000e+03
6.732000000000000000e+03 3.869000000000000000e+03
6.829000000000000000e+03 3.937000000000000000e+03
6.803000000000000000e+03 3.930000000000000000e+03
5.870000000000000000e+03 3.802000000000000000e+03
5.726000000000000000e+03 3.768000000000000000e+03
6.862000000000000000e+03 4.044000000000000000e+03
6.781000000000000000e+03 4.002000000000000000e+03
6.590000000000000000e+03 4.032000000000000000e+03
6.156000000000000000e+03 4.012000000000000000e+03
6.559000000000000000e+03 3.573000000000000000e+03
6.490000000000000000e+03 3.543000000000000000e+03
6.136000000000000000e+03 3.288000000000000000e+03
6.370000000000000000e+03 3.529000000000000000e+03
7.084000000000000000e+03 4.011000000000000000e+03
7.104000000000000000e+03 4.059000000000000000e+03
7.221000000000000000e+03 3.971000000000000000e+03
7.168000000000000000e+03 3.915000000000000000e+03
6.638000000000000000e+03 3.722000000000000000e+03
6.595000000000000000e+03 3.703000000000000000e+03
6.996000000000000000e+03 4.048000000000000000e+03
6.945000000000000000e+03 4.072000000000000000e+03
6.062000000000000000e+03 3.353000000000000000e+03
6.632000000000000000e+03 3.637000000000000000e+03
4.030000000000000000e+03 2.268000000000000000e+03
5.708000000000000000e+03 3.012000000000000000e+03
7.031000000000000000e+03 3.493000000000000000e+03
7.100000000000000000e+03 3.531000000000000000e+03
7.175000000000000000e+03 3.491000000000000000e+03
7.140000000000000000e+03 3.439000000000000000e+03
6.750000000000000000e+03 3.660000000000000000e+03
6.541000000000000000e+03 3.709000000000000000e+03
6.455000000000000000e+03 3.616000000000000000e+03
6.844000000000000000e+03 3.672000000000000000e+03
7.127000000000000000e+03 3.625000000000000000e+03
7.058000000000000000e+03 3.656000000000000000e+03
6.735000000000000000e+03 3.706000000000000000e+03
6.937000000000000000e+03 3.660000000000000000e+03
6.953000000000000000e+03 3.535000000000000000e+03
6.683000000000000000e+03 3.567000000000000000e+03
6.840000000000000000e+03 3.570000000000000000e+03
6.557000000000000000e+03 3.558000000000000000e+03
6.422000000000000000e+03 3.733000000000000000e+03
6.591000000000000000e+03 3.740000000000000000e+03
6.490000000000000000e+03 3.818000000000000000e+03
6.769000000000000000e+03 3.756000000000000000e+03
6.950000000000000000e+03 3.790000000000000000e+03
6.611000000000000000e+03 3.885000000000000000e+03
6.848000000000000000e+03 3.808000000000000000e+03
6.450000000000000000e+03 3.843000000000000000e+03
7.040000000000000000e+03 3.785000000000000000e+03
7.053000000000000000e+03 3.762000000000000000e+03
7.196000000000000000e+03 3.741000000000000000e+03
7.152000000000000000e+03 3.738000000000000000e+03
1.689000000000000000e+03 3.905000000000000000e+03
2.337000000000000000e+03 2.878000000000000000e+03
1.501000000000000000e+03 3.076000000000000000e+03
5.843000000000000000e+03 3.880000000000000000e+03
6.005000000000000000e+03 3.898000000000000000e+03
2.299000000000000000e+03 5.176000000000000000e+03
2.211000000000000000e+03 5.210000000000000000e+03
1.383000000000000000e+03 2.734000000000000000e+03
1.418000000000000000e+03 2.712000000000000000e+03
1.430000000000000000e+03 2.567000000000000000e+03
1.407000000000000000e+03 2.544000000000000000e+03
2.192000000000000000e+03 2.333000000000000000e+03
2.175000000000000000e+03 2.295000000000000000e+03
1.494000000000000000e+03 2.409000000000000000e+03
1.443000000000000000e+03 2.442000000000000000e+03
2.339000000000000000e+03 5.254000000000000000e+03
2.229000000000000000e+03 5.280000000000000000e+03
2.170000000000000000e+03 5.342000000000000000e+03
2.413000000000000000e+03 5.341000000000000000e+03
3.078000000000000000e+03 5.124000000000000000e+03
3.223000000000000000e+03 5.040000000000000000e+03
3.319000000000000000e+03 5.043000000000000000e+03
2.481000000000000000e+03 5.349000000000000000e+03
2.146000000000000000e+03 5.232000000000000000e+03
2.069000000000000000e+03 5.217000000000000000e+03
3.832000000000000000e+03 4.949000000000000000e+03
2.085000000000000000e+03 5.232000000000000000e+03
1.847000000000000000e+03 5.227000000000000000e+03
1.858000000000000000e+03 5.275000000000000000e+03
1.982000000000000000e+03 5.255000000000000000e+03
1.995000000000000000e+03 5.251000000000000000e+03
2.813000000000000000e+03 5.219000000000000000e+03
2.795000000000000000e+03 5.222000000000000000e+03
3.122000000000000000e+03 5.274000000000000000e+03
3.292000000000000000e+03 5.286000000000000000e+03
4.573000000000000000e+03 4.889000000000000000e+03
5.039000000000000000e+03 4.441000000000000000e+03
3.234000000000000000e+03 5.211000000000000000e+03
2.659000000000000000e+03 5.324000000000000000e+03
2.585000000000000000e+03 5.231000000000000000e+03
2.753000000000000000e+03 5.348000000000000000e+03
2.520000000000000000e+03 5.297000000000000000e+03
2.856000000000000000e+03 5.247000000000000000e+03
2.881000000000000000e+03 5.321000000000000000e+03
3.696000000000000000e+03 5.009000000000000000e+03
2.774000000000000000e+03 5.186000000000000000e+03
3.780000000000000000e+03 3.178000000000000000e+03
4.806000000000000000e+03 3.105000000000000000e+03
4.394000000000000000e+03 3.674000000000000000e+03
4.158000000000000000e+03 2.574000000000000000e+03
2.478000000000000000e+03 1.950000000000000000e+03
2.433000000000000000e+03 1.853000000000000000e+03
1.799000000000000000e+03 2.915000000000000000e+03
3.611000000000000000e+03 2.892000000000000000e+03
3.998000000000000000e+03 3.135000000000000000e+03
2.507000000000000000e+03 1.928000000000000000e+03
5.630000000000000000e+03 3.518000000000000000e+03
2.621000000000000000e+03 4.238000000000000000e+03
3.285000000000000000e+03 3.725000000000000000e+03
5.111000000000000000e+03 2.540000000000000000e+03
3.508000000000000000e+03 5.017000000000000000e+03
5.679000000000000000e+03 3.838000000000000000e+03
7.331000000000000000e+03 3.251000000000000000e+03
7.377000000000000000e+03 3.365000000000000000e+03
7.326000000000000000e+03 3.351000000000000000e+03
7.323000000000000000e+03 3.465000000000000000e+03
7.333000000000000000e+03 3.486000000000000000e+03
7.344000000000000000e+03 3.397000000000000000e+03
7.331000000000000000e+03 3.514000000000000000e+03
7.314000000000000000e+03 3.067000000000000000e+03
7.345000000000000000e+03 3.073000000000000000e+03
7.323000000000000000e+03 2.887000000000000000e+03
7.361000000000000000e+03 2.748000000000000000e+03
7.435000000000000000e+03 2.674000000000000000e+03
7.016000000000000000e+03 3.012000000000000000e+03
7.443000000000000000e+03 2.730000000000000000e+03
7.275000000000000000e+03 3.024000000000000000e+03
7.293000000000000000e+03 2.718000000000000000e+03
7.439000000000000000e+03 2.542000000000000000e+03
7.360000000000000000e+03 2.593000000000000000e+03
7.448000000000000000e+03 2.423000000000000000e+03
7.407000000000000000e+03 2.677000000000000000e+03
7.267000000000000000e+03 2.555000000000000000e+03
7.268000000000000000e+03 2.646000000000000000e+03
7.334000000000000000e+03 3.081000000000000000e+03
7.438000000000000000e+03 2.573000000000000000e+03
7.395000000000000000e+03 2.783000000000000000e+03
7.364000000000000000e+03 2.595000000000000000e+03
7.365000000000000000e+03 2.912000000000000000e+03
7.372000000000000000e+03 2.998000000000000000e+03
7.420000000000000000e+03 3.133000000000000000e+03
7.378000000000000000e+03 3.151000000000000000e+03
7.342000000000000000e+03 3.242000000000000000e+03
7.367000000000000000e+03 3.903000000000000000e+03
7.287000000000000000e+03 3.808000000000000000e+03
7.220000000000000000e+03 3.952000000000000000e+03
7.433000000000000000e+03 4.036000000000000000e+03
7.085000000000000000e+03 3.408000000000000000e+03
7.432000000000000000e+03 3.227000000000000000e+03
7.457000000000000000e+03 4.273000000000000000e+03
7.429000000000000000e+03 3.989000000000000000e+03
7.434000000000000000e+03 4.456000000000000000e+03
7.423000000000000000e+03 4.249000000000000000e+03
7.451000000000000000e+03 4.234000000000000000e+03
7.394000000000000000e+03 4.201000000000000000e+03
7.239000000000000000e+03 5.306000000000000000e+03
7.418000000000000000e+03 4.716000000000000000e+03
7.446000000000000000e+03 4.511000000000000000e+03
7.414000000000000000e+03 4.840000000000000000e+03
7.346000000000000000e+03 3.827000000000000000e+03
7.410000000000000000e+03 3.662000000000000000e+03
7.341000000000000000e+03 3.703000000000000000e+03
7.376000000000000000e+03 3.666000000000000000e+03
7.408000000000000000e+03 4.098000000000000000e+03
7.370000000000000000e+03 3.912000000000000000e+03
7.383000000000000000e+03 4.003000000000000000e+03
7.385000000000000000e+03 4.012000000000000000e+03
7.340000000000000000e+03 3.604000000000000000e+03
7.410000000000000000e+03 3.496000000000000000e+03
7.369000000000000000e+03 3.641000000000000000e+03
7.433000000000000000e+03 3.572000000000000000e+03
7.338000000000000000e+03 3.490000000000000000e+03
7.380000000000000000e+03 3.464000000000000000e+03
7.419000000000000000e+03 3.442000000000000000e+03
7.367000000000000000e+03 3.516000000000000000e+03
6.599000000000000000e+03 5.213000000000000000e+03
7.086000000000000000e+03 4.868000000000000000e+03
7.020000000000000000e+03 4.839000000000000000e+03
7.116000000000000000e+03 4.834000000000000000e+03
7.283000000000000000e+03 4.895000000000000000e+03
7.202000000000000000e+03 4.887000000000000000e+03
7.230000000000000000e+03 4.812000000000000000e+03
6.564000000000000000e+03 5.212000000000000000e+03
6.995000000000000000e+03 4.930000000000000000e+03
6.847000000000000000e+03 5.264000000000000000e+03
6.768000000000000000e+03 5.139000000000000000e+03
6.143000000000000000e+03 5.488000000000000000e+03
6.544000000000000000e+03 5.164000000000000000e+03
6.879000000000000000e+03 4.956000000000000000e+03
6.609000000000000000e+03 5.159000000000000000e+03
7.272000000000000000e+03 5.122000000000000000e+03
7.221000000000000000e+03 5.096000000000000000e+03
7.198000000000000000e+03 5.199000000000000000e+03
7.167000000000000000e+03 5.167000000000000000e+03
6.991000000000000000e+03 5.135000000000000000e+03
6.924000000000000000e+03 5.141000000000000000e+03
7.096000000000000000e+03 5.149000000000000000e+03
7.046000000000000000e+03 5.199000000000000000e+03
7.138000000000000000e+03 5.018000000000000000e+03
7.188000000000000000e+03 4.977000000000000000e+03
7.078000000000000000e+03 5.059000000000000000e+03
7.136000000000000000e+03 4.956000000000000000e+03
6.896000000000000000e+03 5.040000000000000000e+03
6.813000000000000000e+03 5.074000000000000000e+03
6.986000000000000000e+03 5.014000000000000000e+03
6.997000000000000000e+03 5.023000000000000000e+03
6.924000000000000000e+03 5.268000000000000000e+03
7.230000000000000000e+03 5.352000000000000000e+03
6.891000000000000000e+03 5.352000000000000000e+03
7.117000000000000000e+03 5.399000000000000000e+03
7.033000000000000000e+03 5.272000000000000000e+03
6.971000000000000000e+03 5.305000000000000000e+03
6.996000000000000000e+03 5.342000000000000000e+03
7.281000000000000000e+03 5.352000000000000000e+03
7.339000000000000000e+03 5.292000000000000000e+03
7.396000000000000000e+03 5.352000000000000000e+03
7.411000000000000000e+03 5.270000000000000000e+03
7.457000000000000000e+03 5.189000000000000000e+03
7.422000000000000000e+03 5.191000000000000000e+03
7.404000000000000000e+03 5.122000000000000000e+03
7.351000000000000000e+03 5.111000000000000000e+03
7.108000000000000000e+03 5.475000000000000000e+03
7.188000000000000000e+03 5.431000000000000000e+03
6.978000000000000000e+03 5.461000000000000000e+03
7.010000000000000000e+03 5.460000000000000000e+03
5.662000000000000000e+03 4.912000000000000000e+03
5.660000000000000000e+03 4.941000000000000000e+03
6.708000000000000000e+03 5.224000000000000000e+03
5.425000000000000000e+03 4.969000000000000000e+03
6.799000000000000000e+03 5.357000000000000000e+03
6.810000000000000000e+03 5.353000000000000000e+03
6.878000000000000000e+03 5.464000000000000000e+03
6.858000000000000000e+03 5.443000000000000000e+03
6.736000000000000000e+03 5.468000000000000000e+03
6.680000000000000000e+03 5.389000000000000000e+03
6.763000000000000000e+03 5.284000000000000000e+03
6.691000000000000000e+03 5.292000000000000000e+03
6.013000000000000000e+03 5.306000000000000000e+03
5.831000000000000000e+03 6.250000000000000000e+03
6.149000000000000000e+03 4.474000000000000000e+03
5.902000000000000000e+03 5.083000000000000000e+03
5.953000000000000000e+03 4.929000000000000000e+03
5.802000000000000000e+03 5.583000000000000000e+03
5.915000000000000000e+03 5.483000000000000000e+03
6.592000000000000000e+03 4.783000000000000000e+03
6.465000000000000000e+03 4.800000000000000000e+03
6.503000000000000000e+03 4.876000000000000000e+03
6.523000000000000000e+03 4.994000000000000000e+03
6.429000000000000000e+03 4.611000000000000000e+03
6.492000000000000000e+03 4.679000000000000000e+03
6.296000000000000000e+03 4.519000000000000000e+03
6.367000000000000000e+03 4.583000000000000000e+03
6.629000000000000000e+03 4.716000000000000000e+03
6.606000000000000000e+03 4.775000000000000000e+03
6.639000000000000000e+03 4.946000000000000000e+03
6.676000000000000000e+03 4.851000000000000000e+03
6.620000000000000000e+03 4.624000000000000000e+03
6.486000000000000000e+03 4.583000000000000000e+03
6.218000000000000000e+03 4.529000000000000000e+03
6.415000000000000000e+03 4.531000000000000000e+03
6.771000000000000000e+03 4.892000000000000000e+03
6.664000000000000000e+03 5.028000000000000000e+03
6.772000000000000000e+03 4.846000000000000000e+03
6.750000000000000000e+03 4.727000000000000000e+03
6.734000000000000000e+03 4.595000000000000000e+03
6.842000000000000000e+03 4.710000000000000000e+03
6.389000000000000000e+03 4.596000000000000000e+03
6.686000000000000000e+03 4.544000000000000000e+03
7.406000000000000000e+03 5.450000000000000000e+03
7.457000000000000000e+03 5.542000000000000000e+03
7.285000000000000000e+03 5.489000000000000000e+03
7.348000000000000000e+03 5.452000000000000000e+03
7.437000000000000000e+03 5.706000000000000000e+03
7.391000000000000000e+03 5.910000000000000000e+03
7.455000000000000000e+03 6.213000000000000000e+03
7.456000000000000000e+03 6.012000000000000000e+03
6.493000000000000000e+03 5.498000000000000000e+03
6.485000000000000000e+03 5.498000000000000000e+03
6.449000000000000000e+03 5.401000000000000000e+03
6.413000000000000000e+03 5.551000000000000000e+03
6.517000000000000000e+03 5.320000000000000000e+03
6.468000000000000000e+03 5.366000000000000000e+03
6.597000000000000000e+03 5.419000000000000000e+03
6.557000000000000000e+03 5.292000000000000000e+03
5.826000000000000000e+03 5.587000000000000000e+03
5.718000000000000000e+03 5.566000000000000000e+03
5.828000000000000000e+03 5.711000000000000000e+03
5.867000000000000000e+03 5.658000000000000000e+03
5.769000000000000000e+03 5.951000000000000000e+03
5.825000000000000000e+03 6.029000000000000000e+03
5.804000000000000000e+03 5.864000000000000000e+03
5.914000000000000000e+03 5.786000000000000000e+03
5.658000000000000000e+03 5.841000000000000000e+03
5.683000000000000000e+03 5.856000000000000000e+03
5.671000000000000000e+03 5.769000000000000000e+03
5.660000000000000000e+03 5.674000000000000000e+03
5.755000000000000000e+03 6.043000000000000000e+03
5.830000000000000000e+03 6.086000000000000000e+03
5.723000000000000000e+03 5.967000000000000000e+03
5.677000000000000000e+03 6.012000000000000000e+03
6.000000000000000000e+03 4.859000000000000000e+03
5.832000000000000000e+03 4.801000000000000000e+03
5.826000000000000000e+03 4.690000000000000000e+03
6.061000000000000000e+03 5.164000000000000000e+03
5.989000000000000000e+03 5.336000000000000000e+03
5.739000000000000000e+03 5.206000000000000000e+03
5.908000000000000000e+03 5.218000000000000000e+03
6.095000000000000000e+03 5.182000000000000000e+03
6.177000000000000000e+03 5.181000000000000000e+03
6.169000000000000000e+03 5.282000000000000000e+03
6.232000000000000000e+03 5.270000000000000000e+03
6.347000000000000000e+03 5.267000000000000000e+03
6.426000000000000000e+03 5.182000000000000000e+03
6.289000000000000000e+03 5.260000000000000000e+03
6.422000000000000000e+03 5.202000000000000000e+03
5.758000000000000000e+03 5.103000000000000000e+03
5.872000000000000000e+03 4.907000000000000000e+03
5.655000000000000000e+03 4.969000000000000000e+03
5.699000000000000000e+03 4.890000000000000000e+03
5.681000000000000000e+03 5.283000000000000000e+03
5.636000000000000000e+03 5.277000000000000000e+03
5.640000000000000000e+03 5.119000000000000000e+03
5.670000000000000000e+03 5.047000000000000000e+03
5.785000000000000000e+03 5.293000000000000000e+03
5.780000000000000000e+03 5.315000000000000000e+03
5.833000000000000000e+03 5.164000000000000000e+03
5.788000000000000000e+03 5.324000000000000000e+03
5.802000000000000000e+03 4.821000000000000000e+03
5.863000000000000000e+03 4.899000000000000000e+03
5.807000000000000000e+03 5.049000000000000000e+03
5.868000000000000000e+03 4.971000000000000000e+03
5.666000000000000000e+03 5.054000000000000000e+03
5.910000000000000000e+03 5.184000000000000000e+03
5.895000000000000000e+03 5.077000000000000000e+03
5.895000000000000000e+03 5.385000000000000000e+03
5.855000000000000000e+03 5.308000000000000000e+03
6.001000000000000000e+03 5.319000000000000000e+03
5.954000000000000000e+03 5.473000000000000000e+03
6.434000000000000000e+03 5.027000000000000000e+03
6.530000000000000000e+03 5.041000000000000000e+03
6.519000000000000000e+03 5.102000000000000000e+03
6.549000000000000000e+03 5.122000000000000000e+03
6.387000000000000000e+03 4.957000000000000000e+03
6.357000000000000000e+03 4.856000000000000000e+03
6.339000000000000000e+03 4.682000000000000000e+03
6.353000000000000000e+03 4.791000000000000000e+03
6.252000000000000000e+03 5.011000000000000000e+03
6.177000000000000000e+03 4.904000000000000000e+03
6.269000000000000000e+03 4.965000000000000000e+03
6.281000000000000000e+03 5.069000000000000000e+03
6.205000000000000000e+03 4.658000000000000000e+03
6.124000000000000000e+03 4.511000000000000000e+03
6.208000000000000000e+03 4.735000000000000000e+03
6.228000000000000000e+03 4.815000000000000000e+03
6.056000000000000000e+03 4.887000000000000000e+03
6.033000000000000000e+03 4.816000000000000000e+03
6.069000000000000000e+03 4.753000000000000000e+03
6.053000000000000000e+03 4.670000000000000000e+03
6.087000000000000000e+03 5.000000000000000000e+03
6.100000000000000000e+03 5.001000000000000000e+03
6.199000000000000000e+03 5.066000000000000000e+03
6.080000000000000000e+03 5.033000000000000000e+03
6.322000000000000000e+03 4.284000000000000000e+03
6.301000000000000000e+03 4.381000000000000000e+03
6.375000000000000000e+03 4.398000000000000000e+03
6.584000000000000000e+03 4.352000000000000000e+03
6.658000000000000000e+03 4.223000000000000000e+03
6.458000000000000000e+03 4.322000000000000000e+03
6.533000000000000000e+03 4.374000000000000000e+03
6.428000000000000000e+03 4.453000000000000000e+03
6.435000000000000000e+03 4.230000000000000000e+03
6.553000000000000000e+03 4.171000000000000000e+03
6.659000000000000000e+03 4.129000000000000000e+03
6.117000000000000000e+03 4.374000000000000000e+03
6.309000000000000000e+03 4.246000000000000000e+03
6.312000000000000000e+03 4.226000000000000000e+03
6.277000000000000000e+03 4.473000000000000000e+03
6.086000000000000000e+03 4.267000000000000000e+03
6.073000000000000000e+03 4.175000000000000000e+03
6.184000000000000000e+03 4.020000000000000000e+03
6.055000000000000000e+03 4.133000000000000000e+03
6.549000000000000000e+03 3.891000000000000000e+03
6.586000000000000000e+03 3.885000000000000000e+03
6.363000000000000000e+03 3.973000000000000000e+03
6.327000000000000000e+03 3.989000000000000000e+03
6.402000000000000000e+03 4.003000000000000000e+03
6.390000000000000000e+03 4.047000000000000000e+03
6.238000000000000000e+03 4.081000000000000000e+03
6.197000000000000000e+03 4.190000000000000000e+03
6.482000000000000000e+03 4.051000000000000000e+03
6.545000000000000000e+03 4.068000000000000000e+03
6.646000000000000000e+03 3.998000000000000000e+03
6.593000000000000000e+03 3.972000000000000000e+03
6.034000000000000000e+03 3.595000000000000000e+03
6.363000000000000000e+03 3.691000000000000000e+03
6.473000000000000000e+03 3.599000000000000000e+03
6.375000000000000000e+03 3.584000000000000000e+03
6.297000000000000000e+03 3.441000000000000000e+03
6.146000000000000000e+03 3.440000000000000000e+03
6.396000000000000000e+03 3.469000000000000000e+03
6.537000000000000000e+03 3.476000000000000000e+03
6.399000000000000000e+03 3.308000000000000000e+03
6.530000000000000000e+03 3.342000000000000000e+03
6.092000000000000000e+03 2.620000000000000000e+03
6.243000000000000000e+03 2.797000000000000000e+03
6.203000000000000000e+03 3.309000000000000000e+03
6.125000000000000000e+03 3.110000000000000000e+03
6.247000000000000000e+03 3.592000000000000000e+03
6.173000000000000000e+03 3.498000000000000000e+03
6.168000000000000000e+03 3.901000000000000000e+03
6.265000000000000000e+03 3.876000000000000000e+03
6.413000000000000000e+03 3.813000000000000000e+03
6.314000000000000000e+03 3.884000000000000000e+03
6.113000000000000000e+03 3.638000000000000000e+03
6.163000000000000000e+03 3.446000000000000000e+03
6.092000000000000000e+03 3.908000000000000000e+03
6.097000000000000000e+03 3.905000000000000000e+03
6.525000000000000000e+03 3.759000000000000000e+03
6.513000000000000000e+03 3.711000000000000000e+03
6.346000000000000000e+03 3.730000000000000000e+03
6.416000000000000000e+03 3.731000000000000000e+03
6.211000000000000000e+03 3.735000000000000000e+03
6.136000000000000000e+03 3.722000000000000000e+03
6.188000000000000000e+03 3.766000000000000000e+03
6.016000000000000000e+03 3.778000000000000000e+03
4.689000000000000000e+03 7.355000000000000000e+03
6.673000000000000000e+03 7.306000000000000000e+03
6.947000000000000000e+03 7.183000000000000000e+03
4.684000000000000000e+03 7.005000000000000000e+03
4.962000000000000000e+03 7.043000000000000000e+03
5.026000000000000000e+03 7.086000000000000000e+03
4.747000000000000000e+03 7.095000000000000000e+03
5.052000000000000000e+03 7.296000000000000000e+03
4.929000000000000000e+03 7.148000000000000000e+03
5.757000000000000000e+03 7.030000000000000000e+03
5.124000000000000000e+03 7.187000000000000000e+03
4.902000000000000000e+03 7.268000000000000000e+03
5.089000000000000000e+03 7.324000000000000000e+03
4.982000000000000000e+03 7.315000000000000000e+03
4.617000000000000000e+03 7.301000000000000000e+03
7.373000000000000000e+03 7.419000000000000000e+03
6.816000000000000000e+03 7.235000000000000000e+03
7.422000000000000000e+03 7.391000000000000000e+03
7.266000000000000000e+03 7.424000000000000000e+03
7.144000000000000000e+03 7.015000000000000000e+03
7.193000000000000000e+03 7.041000000000000000e+03
6.514000000000000000e+03 7.215000000000000000e+03
6.405000000000000000e+03 7.011000000000000000e+03
5.553000000000000000e+03 6.864000000000000000e+03
5.467000000000000000e+03 6.902000000000000000e+03
5.581000000000000000e+03 6.931000000000000000e+03
5.521000000000000000e+03 7.016000000000000000e+03
5.347000000000000000e+03 7.013000000000000000e+03
5.426000000000000000e+03 7.018000000000000000e+03
5.425000000000000000e+03 6.993000000000000000e+03
5.498000000000000000e+03 6.883000000000000000e+03
9.250000000000000000e+02 7.454000000000000000e+03
1.016000000000000000e+03 7.398000000000000000e+03
9.170000000000000000e+02 7.447000000000000000e+03
6.770000000000000000e+02 7.462000000000000000e+03
4.480000000000000000e+02 7.468000000000000000e+03
3.053000000000000000e+03 7.138000000000000000e+03
1.224000000000000000e+03 7.254000000000000000e+03
4.864000000000000000e+03 7.381000000000000000e+03
4.894000000000000000e+03 7.286000000000000000e+03
4.840000000000000000e+03 7.199000000000000000e+03
4.852000000000000000e+03 7.251000000000000000e+03
4.826000000000000000e+03 7.089000000000000000e+03
4.794000000000000000e+03 7.099000000000000000e+03
4.587000000000000000e+03 6.927000000000000000e+03
4.679000000000000000e+03 6.993000000000000000e+03
1.499000000000000000e+03 7.449000000000000000e+03
1.392000000000000000e+03 7.462000000000000000e+03
1.572000000000000000e+03 7.467000000000000000e+03
1.491000000000000000e+03 7.472000000000000000e+03
1.484000000000000000e+03 7.455000000000000000e+03
1.365000000000000000e+03 7.442000000000000000e+03
1.406000000000000000e+03 7.457000000000000000e+03
1.597000000000000000e+03 7.460000000000000000e+03
2.230000000000000000e+03 7.467000000000000000e+03
2.269000000000000000e+03 7.463000000000000000e+03
2.344000000000000000e+03 7.474000000000000000e+03
2.335000000000000000e+03 7.469000000000000000e+03
3.472000000000000000e+03 7.433000000000000000e+03
3.171000000000000000e+03 7.416000000000000000e+03
2.085000000000000000e+03 7.475000000000000000e+03
2.043000000000000000e+03 7.468000000000000000e+03
6.215000000000000000e+03 7.446000000000000000e+03
6.197000000000000000e+03 7.460000000000000000e+03
6.281000000000000000e+03 7.445000000000000000e+03
6.647000000000000000e+03 7.463000000000000000e+03
6.539000000000000000e+03 7.464000000000000000e+03
6.638000000000000000e+03 7.441000000000000000e+03
6.748000000000000000e+03 7.466000000000000000e+03
5.198000000000000000e+03 7.029000000000000000e+03
5.241000000000000000e+03 7.056000000000000000e+03
5.298000000000000000e+03 6.924000000000000000e+03
5.280000000000000000e+03 6.906000000000000000e+03
5.715000000000000000e+03 6.638000000000000000e+03
5.602000000000000000e+03 6.766000000000000000e+03
5.438000000000000000e+03 6.792000000000000000e+03
5.489000000000000000e+03 6.798000000000000000e+03
5.227000000000000000e+03 7.214000000000000000e+03
5.231000000000000000e+03 7.289000000000000000e+03
5.299000000000000000e+03 7.282000000000000000e+03
5.389000000000000000e+03 7.211000000000000000e+03
5.399000000000000000e+03 7.184000000000000000e+03
5.578000000000000000e+03 7.181000000000000000e+03
5.768000000000000000e+03 7.066000000000000000e+03
5.634000000000000000e+03 7.131000000000000000e+03
5.933000000000000000e+03 5.240000000000000000e+03
6.597000000000000000e+03 6.143000000000000000e+03
5.966000000000000000e+03 5.956000000000000000e+03
6.583000000000000000e+03 5.917000000000000000e+03
6.191000000000000000e+03 5.314000000000000000e+03
6.103000000000000000e+03 6.944000000000000000e+03
6.201000000000000000e+03 5.668000000000000000e+03
6.196000000000000000e+03 4.955000000000000000e+03
5.969000000000000000e+03 6.824000000000000000e+03
5.788000000000000000e+03 6.821000000000000000e+03
5.962000000000000000e+03 6.781000000000000000e+03
5.861000000000000000e+03 6.754000000000000000e+03
5.679000000000000000e+03 7.303000000000000000e+03
5.513000000000000000e+03 7.328000000000000000e+03
5.660000000000000000e+03 7.222000000000000000e+03
5.686000000000000000e+03 7.087000000000000000e+03
5.837000000000000000e+03 7.306000000000000000e+03
5.839000000000000000e+03 7.256000000000000000e+03
5.419000000000000000e+03 7.421000000000000000e+03
5.238000000000000000e+03 7.382000000000000000e+03
5.689000000000000000e+03 6.937000000000000000e+03
5.674000000000000000e+03 6.879000000000000000e+03
5.663000000000000000e+03 7.010000000000000000e+03
5.549000000000000000e+03 7.111000000000000000e+03
5.871000000000000000e+03 7.443000000000000000e+03
5.889000000000000000e+03 7.461000000000000000e+03
5.580000000000000000e+03 7.468000000000000000e+03
5.678000000000000000e+03 7.469000000000000000e+03
5.574000000000000000e+03 7.456000000000000000e+03
5.463000000000000000e+03 7.480000000000000000e+03
5.245000000000000000e+03 7.468000000000000000e+03
5.706000000000000000e+03 7.456000000000000000e+03
5.768000000000000000e+03 7.219000000000000000e+03
5.822000000000000000e+03 7.154000000000000000e+03
5.934000000000000000e+03 7.309000000000000000e+03
5.920000000000000000e+03 7.314000000000000000e+03
5.995000000000000000e+03 6.209000000000000000e+03
5.582000000000000000e+03 7.186000000000000000e+03
5.426000000000000000e+03 7.272000000000000000e+03
5.453000000000000000e+03 7.314000000000000000e+03
1.792000000000000000e+03 5.637000000000000000e+03
4.732000000000000000e+03 7.376000000000000000e+03
4.730000000000000000e+03 7.315000000000000000e+03
1.282000000000000000e+03 5.419000000000000000e+03
1.230000000000000000e+03 5.426000000000000000e+03
1.158000000000000000e+03 5.425000000000000000e+03
1.020000000000000000e+03 5.423000000000000000e+03
4.799000000000000000e+03 6.665000000000000000e+03
4.744000000000000000e+03 6.636000000000000000e+03
4.710000000000000000e+03 6.489000000000000000e+03
4.775000000000000000e+03 6.548000000000000000e+03
4.726000000000000000e+03 6.308000000000000000e+03
4.772000000000000000e+03 6.249000000000000000e+03
4.864000000000000000e+03 6.169000000000000000e+03
4.864000000000000000e+03 6.261000000000000000e+03
3.710000000000000000e+03 6.880000000000000000e+03
1.406000000000000000e+03 5.568000000000000000e+03
1.280000000000000000e+03 5.318000000000000000e+03
1.261000000000000000e+03 5.349000000000000000e+03
4.698000000000000000e+03 6.019000000000000000e+03
4.758000000000000000e+03 6.101000000000000000e+03
2.586000000000000000e+03 5.945000000000000000e+03
1.470000000000000000e+03 5.391000000000000000e+03
2.794000000000000000e+03 7.125000000000000000e+03
3.032000000000000000e+03 6.523000000000000000e+03
4.000000000000000000e+03 7.236000000000000000e+03
4.516000000000000000e+03 6.552000000000000000e+03
4.239000000000000000e+03 6.479000000000000000e+03
3.309000000000000000e+03 5.676000000000000000e+03
3.207000000000000000e+03 6.225000000000000000e+03
3.441000000000000000e+03 6.298000000000000000e+03
4.780000000000000000e+03 5.693000000000000000e+03
5.321000000000000000e+03 5.748000000000000000e+03
5.297000000000000000e+03 5.712000000000000000e+03
5.406000000000000000e+03 5.323000000000000000e+03
5.064000000000000000e+03 5.911000000000000000e+03
4.756000000000000000e+03 5.731000000000000000e+03
4.819000000000000000e+03 5.776000000000000000e+03
3.225000000000000000e+03 5.198000000000000000e+03
2.709000000000000000e+03 5.317000000000000000e+03
3.419000000000000000e+03 5.349000000000000000e+03
1.953000000000000000e+03 5.397000000000000000e+03
1.781000000000000000e+03 5.455000000000000000e+03
1.818000000000000000e+03 5.415000000000000000e+03
2.655000000000000000e+03 5.433000000000000000e+03
1.746000000000000000e+03 5.411000000000000000e+03
5.059000000000000000e+03 6.479000000000000000e+03
5.038000000000000000e+03 6.545000000000000000e+03
4.920000000000000000e+03 6.601000000000000000e+03
4.884000000000000000e+03 6.548000000000000000e+03
5.155000000000000000e+03 6.430000000000000000e+03
5.112000000000000000e+03 6.347000000000000000e+03
4.981000000000000000e+03 6.383000000000000000e+03
4.894000000000000000e+03 6.460000000000000000e+03
5.068000000000000000e+03 6.199000000000000000e+03
5.153000000000000000e+03 6.187000000000000000e+03
5.218000000000000000e+03 6.362000000000000000e+03
5.195000000000000000e+03 6.254000000000000000e+03
4.922000000000000000e+03 6.348000000000000000e+03
4.934000000000000000e+03 6.392000000000000000e+03
5.017000000000000000e+03 6.256000000000000000e+03
4.977000000000000000e+03 6.373000000000000000e+03
5.855000000000000000e+03 5.164000000000000000e+03
5.851000000000000000e+03 5.152000000000000000e+03
4.688000000000000000e+03 6.839000000000000000e+03
4.449000000000000000e+03 7.417000000000000000e+03
4.298000000000000000e+03 7.459000000000000000e+03
4.464000000000000000e+03 7.468000000000000000e+03
4.567000000000000000e+03 7.431000000000000000e+03
4.934000000000000000e+03 6.050000000000000000e+03
5.017000000000000000e+03 6.045000000000000000e+03
4.809000000000000000e+03 6.122000000000000000e+03
4.845000000000000000e+03 6.124000000000000000e+03
5.213000000000000000e+03 6.130000000000000000e+03
5.146000000000000000e+03 6.055000000000000000e+03
5.852000000000000000e+03 5.224000000000000000e+03
5.125000000000000000e+03 6.017000000000000000e+03
2.604000000000000000e+03 5.119000000000000000e+03
2.021000000000000000e+03 5.419000000000000000e+03
1.369000000000000000e+03 5.225000000000000000e+03
1.246000000000000000e+03 5.206000000000000000e+03
1.074000000000000000e+03 5.295000000000000000e+03
9.840000000000000000e+02 5.219000000000000000e+03
1.120000000000000000e+03 5.195000000000000000e+03
1.107000000000000000e+03 5.237000000000000000e+03
1.484000000000000000e+03 5.216000000000000000e+03
1.489000000000000000e+03 5.268000000000000000e+03
2.502000000000000000e+03 5.105000000000000000e+03
1.473000000000000000e+03 5.268000000000000000e+03
2.959000000000000000e+03 5.137000000000000000e+03
2.400000000000000000e+03 5.195000000000000000e+03
2.306000000000000000e+03 5.132000000000000000e+03
1.689000000000000000e+03 5.263000000000000000e+03
5.014000000000000000e+03 6.673000000000000000e+03
4.947000000000000000e+03 6.566000000000000000e+03
4.717000000000000000e+03 6.601000000000000000e+03
4.921000000000000000e+03 6.690000000000000000e+03
4.696000000000000000e+03 6.742000000000000000e+03
4.818000000000000000e+03 6.716000000000000000e+03
4.795000000000000000e+03 6.692000000000000000e+03
4.822000000000000000e+03 6.695000000000000000e+03
4.988000000000000000e+03 5.784000000000000000e+03
5.068000000000000000e+03 5.755000000000000000e+03
5.103000000000000000e+03 5.827000000000000000e+03
5.125000000000000000e+03 5.900000000000000000e+03
4.891000000000000000e+03 5.913000000000000000e+03
4.921000000000000000e+03 5.819000000000000000e+03
4.835000000000000000e+03 5.916000000000000000e+03
4.818000000000000000e+03 6.017000000000000000e+03
5.089000000000000000e+03 6.616000000000000000e+03
5.049000000000000000e+03 6.624000000000000000e+03
5.177000000000000000e+03 6.672000000000000000e+03
5.151000000000000000e+03 6.666000000000000000e+03
5.267000000000000000e+03 6.513000000000000000e+03
5.269000000000000000e+03 6.485000000000000000e+03
5.278000000000000000e+03 6.639000000000000000e+03
5.330000000000000000e+03 6.552000000000000000e+03
4.831000000000000000e+03 6.889000000000000000e+03
4.894000000000000000e+03 6.930000000000000000e+03
4.971000000000000000e+03 6.927000000000000000e+03
4.999000000000000000e+03 6.900000000000000000e+03
5.165000000000000000e+03 6.842000000000000000e+03
5.100000000000000000e+03 6.903000000000000000e+03
5.238000000000000000e+03 6.766000000000000000e+03
5.272000000000000000e+03 6.758000000000000000e+03
6.240000000000000000e+02 3.250000000000000000e+03
2.013000000000000000e+03 7.600000000000000000e+02
7.770000000000000000e+02 5.520000000000000000e+03
2.560000000000000000e+02 3.600000000000000000e+02
5.288000000000000000e+03 1.900000000000000000e+02
5.890000000000000000e+03 5.530000000000000000e+03
6.104000000000000000e+03 1.680000000000000000e+03
-4.000000000000000000e+00 0.000000000000000000e+00
-1.200000000000000000e+01 0.000000000000000000e+00
7.442000000000000000e+03 0.000000000000000000e+00
