6.629000000000000000e+03 2.710000000000000000e+03
6.549000000000000000e+03 2.943000000000000000e+03
6.550000000000000000e+03 2.561000000000000000e+03
6.461000000000000000e+03 3.020000000000000000e+03
6.473000000000000000e+03 3.097000000000000000e+03
6.518000000000000000e+03 3.145000000000000000e+03
6.510000000000000000e+03 3.184000000000000000e+03
6.450000000000000000e+03 2.355000000000000000e+03
6.541000000000000000e+03 2.395000000000000000e+03
6.442000000000000000e+03 2.522000000000000000e+03
6.535000000000000000e+03 2.471000000000000000e+03
6.595000000000000000e+03 2.270000000000000000e+03
6.763000000000000000e+03 2.303000000000000000e+03
6.479000000000000000e+03 2.295000000000000000e+03
6.572000000000000000e+03 2.257000000000000000e+03
6.828000000000000000e+03 3.174000000000000000e+03
6.916000000000000000e+03 3.124000000000000000e+03
6.856000000000000000e+03 3.109000000000000000e+03
6.986000000000000000e+03 3.151000000000000000e+03
6.848000000000000000e+03 3.139000000000000000e+03
6.708000000000000000e+03 3.193000000000000000e+03
6.920000000000000000e+03 3.180000000000000000e+03
6.855000000000000000e+03 3.202000000000000000e+03
6.966000000000000000e+03 3.037000000000000000e+03
6.867000000000000000e+03 3.051000000000000000e+03
6.933000000000000000e+03 2.989000000000000000e+03
7.147000000000000000e+03 3.022000000000000000e+03
6.689000000000000000e+03 3.083000000000000000e+03
6.628000000000000000e+03 3.141000000000000000e+03
6.630000000000000000e+03 3.022000000000000000e+03
6.511000000000000000e+03 2.936000000000000000e+03
6.232000000000000000e+03 2.979000000000000000e+03
5.830000000000000000e+03 2.869000000000000000e+03
6.221000000000000000e+03 3.021000000000000000e+03
5.666000000000000000e+03 2.675000000000000000e+03
6.034000000000000000e+03 2.910000000000000000e+03
6.049000000000000000e+03 2.929000000000000000e+03
5.738000000000000000e+03 2.769000000000000000e+03
6.375000000000000000e+03 3.214000000000000000e+03
6.329000000000000000e+03 3.203000000000000000e+03
6.275000000000000000e+03 3.210000000000000000e+03
6.192000000000000000e+03 3.272000000000000000e+03
6.108000000000000000e+03 3.180000000000000000e+03
5.856000000000000000e+03 2.984000000000000000e+03
5.755000000000000000e+03 3.049000000000000000e+03
6.056000000000000000e+03 3.108000000000000000e+03
6.206000000000000000e+03 2.830000000000000000e+03
6.123000000000000000e+03 2.844000000000000000e+03
6.112000000000000000e+03 2.781000000000000000e+03
6.269000000000000000e+03 2.842000000000000000e+03
6.358000000000000000e+03 3.030000000000000000e+03
6.305000000000000000e+03 2.986000000000000000e+03
6.239000000000000000e+03 2.868000000000000000e+03
6.368000000000000000e+03 2.895000000000000000e+03
6.059000000000000000e+03 2.831000000000000000e+03
5.651000000000000000e+03 2.692000000000000000e+03
6.195000000000000000e+03 3.031000000000000000e+03
6.042000000000000000e+03 2.980000000000000000e+03
6.215000000000000000e+03 3.219000000000000000e+03
6.158000000000000000e+03 3.136000000000000000e+03
6.162000000000000000e+03 3.058000000000000000e+03
6.158000000000000000e+03 3.055000000000000000e+03
6.466000000000000000e+03 2.749000000000000000e+03
6.686000000000000000e+03 2.811000000000000000e+03
6.571000000000000000e+03 2.828000000000000000e+03
7.199000000000000000e+03 2.826000000000000000e+03
7.194000000000000000e+03 2.830000000000000000e+03
6.930000000000000000e+03 2.806000000000000000e+03
6.991000000000000000e+03 2.738000000000000000e+03
6.348000000000000000e+03 2.452000000000000000e+03
6.249000000000000000e+03 2.426000000000000000e+03
6.250000000000000000e+03 2.320000000000000000e+03
6.331000000000000000e+03 2.290000000000000000e+03
6.353000000000000000e+03 2.615000000000000000e+03
6.305000000000000000e+03 2.572000000000000000e+03
5.852000000000000000e+03 2.684000000000000000e+03
5.938000000000000000e+03 2.570000000000000000e+03
5.775000000000000000e+03 2.276000000000000000e+03
5.451000000000000000e+03 2.268000000000000000e+03
5.920000000000000000e+03 2.265000000000000000e+03
5.870000000000000000e+03 2.299000000000000000e+03
5.839000000000000000e+03 2.471000000000000000e+03
5.769000000000000000e+03 2.377000000000000000e+03
5.918000000000000000e+03 2.452000000000000000e+03
5.950000000000000000e+03 2.557000000000000000e+03
6.874000000000000000e+03 2.737000000000000000e+03
6.795000000000000000e+03 2.718000000000000000e+03
7.058000000000000000e+03 2.862000000000000000e+03
6.997000000000000000e+03 2.873000000000000000e+03
6.655000000000000000e+03 2.682000000000000000e+03
6.773000000000000000e+03 2.737000000000000000e+03
6.476000000000000000e+03 2.745000000000000000e+03
6.621000000000000000e+03 2.724000000000000000e+03
5.610000000000000000e+03 2.274000000000000000e+03
5.590000000000000000e+03 2.285000000000000000e+03
5.536000000000000000e+03 2.286000000000000000e+03
5.376000000000000000e+03 2.223000000000000000e+03
5.497000000000000000e+03 2.486000000000000000e+03
5.568000000000000000e+03 2.482000000000000000e+03
5.461000000000000000e+03 2.359000000000000000e+03
5.488000000000000000e+03 2.424000000000000000e+03
5.461000000000000000e+03 2.262000000000000000e+03
5.165000000000000000e+03 2.257000000000000000e+03
5.265000000000000000e+03 2.285000000000000000e+03
5.347000000000000000e+03 2.283000000000000000e+03
5.248000000000000000e+03 2.324000000000000000e+03
5.217000000000000000e+03 2.414000000000000000e+03
5.336000000000000000e+03 2.468000000000000000e+03
5.295000000000000000e+03 2.448000000000000000e+03
5.777000000000000000e+03 2.654000000000000000e+03
5.833000000000000000e+03 2.686000000000000000e+03
5.922000000000000000e+03 2.656000000000000000e+03
5.943000000000000000e+03 2.685000000000000000e+03
5.633000000000000000e+03 2.472000000000000000e+03
5.669000000000000000e+03 2.479000000000000000e+03
5.545000000000000000e+03 2.441000000000000000e+03
5.720000000000000000e+03 2.610000000000000000e+03
6.063000000000000000e+03 2.644000000000000000e+03
6.128000000000000000e+03 2.675000000000000000e+03
6.113000000000000000e+03 2.533000000000000000e+03
6.184000000000000000e+03 2.587000000000000000e+03
6.178000000000000000e+03 2.325000000000000000e+03
6.114000000000000000e+03 2.281000000000000000e+03
6.037000000000000000e+03 2.459000000000000000e+03
6.098000000000000000e+03 2.442000000000000000e+03
6.825000000000000000e+03 2.201000000000000000e+03
7.211000000000000000e+03 2.281000000000000000e+03
7.240000000000000000e+03 2.320000000000000000e+03
6.840000000000000000e+03 2.346000000000000000e+03
6.779000000000000000e+03 2.251000000000000000e+03
6.941000000000000000e+03 2.311000000000000000e+03
6.898000000000000000e+03 2.446000000000000000e+03
7.161000000000000000e+03 2.529000000000000000e+03
6.865000000000000000e+03 2.358000000000000000e+03
7.126000000000000000e+03 2.449000000000000000e+03
7.180000000000000000e+03 2.445000000000000000e+03
7.074000000000000000e+03 2.500000000000000000e+03
7.043000000000000000e+03 2.423000000000000000e+03
7.067000000000000000e+03 2.436000000000000000e+03
6.965000000000000000e+03 2.436000000000000000e+03
6.761000000000000000e+03 2.383000000000000000e+03
6.831000000000000000e+03 2.405000000000000000e+03
6.811000000000000000e+03 2.493000000000000000e+03
6.827000000000000000e+03 2.477000000000000000e+03
6.761000000000000000e+03 2.526000000000000000e+03
6.708000000000000000e+03 2.513000000000000000e+03
6.574000000000000000e+03 2.636000000000000000e+03
6.626000000000000000e+03 2.617000000000000000e+03
6.798000000000000000e+03 2.395000000000000000e+03
7.173000000000000000e+03 2.301000000000000000e+03
6.584000000000000000e+03 2.476000000000000000e+03
6.618000000000000000e+03 2.378000000000000000e+03
7.052000000000000000e+03 2.367000000000000000e+03
7.128000000000000000e+03 2.379000000000000000e+03
7.033000000000000000e+03 2.312000000000000000e+03
7.088000000000000000e+03 2.339000000000000000e+03
6.225000000000000000e+03 2.613000000000000000e+03
2.488000000000000000e+03 9.440000000000000000e+02
3.303000000000000000e+03 1.204000000000000000e+03
6.546000000000000000e+03 2.720000000000000000e+03
6.688000000000000000e+03 2.974000000000000000e+03
6.491000000000000000e+03 2.907000000000000000e+03
6.555000000000000000e+03 2.868000000000000000e+03
5.731000000000000000e+03 2.621000000000000000e+03
6.802000000000000000e+03 2.908000000000000000e+03
6.771000000000000000e+03 2.978000000000000000e+03
6.853000000000000000e+03 2.953000000000000000e+03
7.098000000000000000e+03 2.971000000000000000e+03
6.864000000000000000e+03 2.853000000000000000e+03
7.000000000000000000e+03 2.920000000000000000e+03
6.985000000000000000e+03 2.944000000000000000e+03
2.431000000000000000e+03 4.360000000000000000e+02
2.423000000000000000e+03 4.660000000000000000e+02
2.469000000000000000e+03 6.000000000000000000e+02
2.404000000000000000e+03 5.070000000000000000e+02
2.306000000000000000e+03 5.140000000000000000e+02
2.300000000000000000e+03 4.350000000000000000e+02
2.657000000000000000e+03 9.310000000000000000e+02
2.786000000000000000e+03 7.390000000000000000e+02
6.955000000000000000e+03 2.649000000000000000e+03
6.994000000000000000e+03 2.636000000000000000e+03
6.805000000000000000e+03 2.603000000000000000e+03
6.694000000000000000e+03 2.651000000000000000e+03
7.167000000000000000e+03 2.704000000000000000e+03
7.169000000000000000e+03 2.632000000000000000e+03
7.039000000000000000e+03 2.607000000000000000e+03
7.078000000000000000e+03 2.648000000000000000e+03
2.092000000000000000e+03 4.790000000000000000e+02
2.246000000000000000e+03 3.820000000000000000e+02
2.284000000000000000e+03 3.210000000000000000e+02
2.378000000000000000e+03 2.960000000000000000e+02
2.370000000000000000e+03 2.790000000000000000e+02
3.391000000000000000e+03 1.003000000000000000e+03
2.420000000000000000e+03 2.400000000000000000e+02
2.213000000000000000e+03 1.370000000000000000e+02
2.193000000000000000e+03 1.820000000000000000e+02
2.843000000000000000e+03 7.490000000000000000e+02
2.324000000000000000e+03 1.140000000000000000e+02
2.371000000000000000e+03 1.950000000000000000e+02
3.082000000000000000e+03 7.070000000000000000e+02
2.399000000000000000e+03 1.610000000000000000e+02
2.369000000000000000e+03 1.410000000000000000e+02
2.286000000000000000e+03 1.175000000000000000e+03
2.258000000000000000e+03 1.059000000000000000e+03
2.211000000000000000e+03 1.082000000000000000e+03
2.148000000000000000e+03 1.073000000000000000e+03
2.204000000000000000e+03 1.249000000000000000e+03
2.932000000000000000e+03 1.672000000000000000e+03
2.285000000000000000e+03 1.248000000000000000e+03
2.295000000000000000e+03 1.161000000000000000e+03
1.865000000000000000e+03 1.990000000000000000e+02
3.356000000000000000e+03 1.409000000000000000e+03
2.167000000000000000e+03 5.110000000000000000e+02
2.124000000000000000e+03 4.950000000000000000e+02
2.041000000000000000e+03 1.800000000000000000e+02
2.031000000000000000e+03 1.650000000000000000e+02
2.156000000000000000e+03 9.570000000000000000e+02
2.612000000000000000e+03 1.636000000000000000e+03
3.924000000000000000e+03 1.982000000000000000e+03
4.745000000000000000e+03 2.156000000000000000e+03
3.839000000000000000e+03 1.976000000000000000e+03
4.159000000000000000e+03 1.915000000000000000e+03
2.458000000000000000e+03 1.888000000000000000e+03
2.323000000000000000e+03 1.865000000000000000e+03
2.537000000000000000e+03 1.698000000000000000e+03
2.480000000000000000e+03 1.540000000000000000e+03
2.451000000000000000e+03 2.162000000000000000e+03
2.441000000000000000e+03 1.968000000000000000e+03
2.508000000000000000e+03 2.250000000000000000e+03
3.091000000000000000e+03 2.048000000000000000e+03
5.414000000000000000e+03 2.217000000000000000e+03
5.416000000000000000e+03 2.371000000000000000e+03
2.421000000000000000e+03 1.835000000000000000e+03
4.345000000000000000e+03 2.025000000000000000e+03
2.941000000000000000e+03 1.119000000000000000e+03
2.438000000000000000e+03 9.810000000000000000e+02
2.164000000000000000e+03 8.200000000000000000e+02
2.252000000000000000e+03 9.330000000000000000e+02
2.285000000000000000e+03 8.220000000000000000e+02
2.283000000000000000e+03 7.280000000000000000e+02
2.204000000000000000e+03 7.060000000000000000e+02
2.244000000000000000e+03 8.130000000000000000e+02
2.317000000000000000e+03 1.751000000000000000e+03
2.368000000000000000e+03 1.836000000000000000e+03
2.380000000000000000e+03 1.674000000000000000e+03
2.410000000000000000e+03 1.625000000000000000e+03
2.549000000000000000e+03 2.092000000000000000e+03
5.004000000000000000e+03 2.576000000000000000e+03
2.532000000000000000e+03 2.243000000000000000e+03
3.600000000000000000e+03 2.442000000000000000e+03
5.204000000000000000e+03 3.121000000000000000e+03
4.984000000000000000e+03 2.959000000000000000e+03
5.093000000000000000e+03 2.828000000000000000e+03
4.852000000000000000e+03 3.063000000000000000e+03
4.768000000000000000e+03 3.117000000000000000e+03
4.781000000000000000e+03 3.065000000000000000e+03
4.782000000000000000e+03 3.083000000000000000e+03
5.381000000000000000e+03 2.871000000000000000e+03
5.430000000000000000e+03 2.833000000000000000e+03
5.192000000000000000e+03 2.804000000000000000e+03
5.385000000000000000e+03 2.829000000000000000e+03
5.520000000000000000e+03 2.820000000000000000e+03
5.529000000000000000e+03 2.894000000000000000e+03
5.612000000000000000e+03 2.857000000000000000e+03
5.705000000000000000e+03 2.946000000000000000e+03
5.036000000000000000e+03 3.060000000000000000e+03
4.874000000000000000e+03 2.661000000000000000e+03
5.001000000000000000e+03 3.064000000000000000e+03
4.875000000000000000e+03 3.090000000000000000e+03
5.226000000000000000e+03 3.009000000000000000e+03
5.300000000000000000e+03 3.002000000000000000e+03
5.317000000000000000e+03 2.974000000000000000e+03
5.060000000000000000e+03 3.026000000000000000e+03
5.609000000000000000e+03 2.721000000000000000e+03
5.509000000000000000e+03 2.646000000000000000e+03
5.432000000000000000e+03 2.624000000000000000e+03
5.569000000000000000e+03 2.615000000000000000e+03
5.204000000000000000e+03 2.551000000000000000e+03
5.302000000000000000e+03 2.596000000000000000e+03
5.020000000000000000e+03 2.590000000000000000e+03
5.117000000000000000e+03 2.569000000000000000e+03
4.846000000000000000e+03 3.276000000000000000e+03
5.295000000000000000e+03 2.932000000000000000e+03
5.412000000000000000e+03 2.946000000000000000e+03
5.215000000000000000e+03 2.874000000000000000e+03
5.169000000000000000e+03 2.892000000000000000e+03
5.064000000000000000e+03 2.880000000000000000e+03
5.134000000000000000e+03 2.896000000000000000e+03
4.836000000000000000e+03 2.817000000000000000e+03
4.873000000000000000e+03 2.848000000000000000e+03
4.877000000000000000e+03 2.814000000000000000e+03
5.004000000000000000e+03 2.870000000000000000e+03
4.821000000000000000e+03 2.913000000000000000e+03
4.837000000000000000e+03 2.973000000000000000e+03
4.786000000000000000e+03 2.886000000000000000e+03
4.830000000000000000e+03 2.875000000000000000e+03
5.199000000000000000e+03 2.668000000000000000e+03
5.038000000000000000e+03 3.771000000000000000e+03
5.212000000000000000e+03 2.721000000000000000e+03
5.152000000000000000e+03 2.711000000000000000e+03
5.311000000000000000e+03 2.704000000000000000e+03
5.256000000000000000e+03 2.714000000000000000e+03
5.420000000000000000e+03 2.715000000000000000e+03
5.500000000000000000e+03 2.726000000000000000e+03
4.873000000000000000e+03 2.624000000000000000e+03
4.862000000000000000e+03 2.736000000000000000e+03
4.978000000000000000e+03 2.721000000000000000e+03
4.967000000000000000e+03 2.724000000000000000e+03
5.193000000000000000e+03 2.544000000000000000e+03
4.998000000000000000e+03 3.480000000000000000e+03
5.022000000000000000e+03 2.677000000000000000e+03
5.059000000000000000e+03 2.720000000000000000e+03
5.832000000000000000e+03 3.173000000000000000e+03
5.515000000000000000e+03 3.168000000000000000e+03
5.711000000000000000e+03 3.164000000000000000e+03
5.783000000000000000e+03 3.206000000000000000e+03
5.846000000000000000e+03 3.190000000000000000e+03
5.817000000000000000e+03 3.197000000000000000e+03
5.908000000000000000e+03 3.207000000000000000e+03
4.890000000000000000e+03 2.957000000000000000e+03
4.882000000000000000e+03 3.107000000000000000e+03
5.046000000000000000e+03 3.403000000000000000e+03
5.073000000000000000e+03 3.378000000000000000e+03
5.134000000000000000e+03 3.204000000000000000e+03
5.119000000000000000e+03 3.186000000000000000e+03
5.059000000000000000e+03 2.893000000000000000e+03
5.046000000000000000e+03 2.927000000000000000e+03
5.700000000000000000e+03 3.004000000000000000e+03
5.672000000000000000e+03 2.960000000000000000e+03
5.636000000000000000e+03 3.096000000000000000e+03
5.602000000000000000e+03 3.190000000000000000e+03
4.954000000000000000e+03 3.139000000000000000e+03
4.878000000000000000e+03 3.161000000000000000e+03
4.940000000000000000e+03 2.965000000000000000e+03
4.829000000000000000e+03 3.184000000000000000e+03
5.789000000000000000e+03 2.982000000000000000e+03
5.834000000000000000e+03 2.931000000000000000e+03
5.913000000000000000e+03 3.099000000000000000e+03
5.870000000000000000e+03 3.032000000000000000e+03
5.733000000000000000e+03 2.802000000000000000e+03
5.719000000000000000e+03 2.814000000000000000e+03
5.760000000000000000e+03 2.962000000000000000e+03
5.738000000000000000e+03 2.913000000000000000e+03
4.758000000000000000e+03 3.519000000000000000e+03
4.880000000000000000e+03 3.365000000000000000e+03
3.611000000000000000e+03 1.809000000000000000e+03
4.529000000000000000e+03 2.864000000000000000e+03
5.410000000000000000e+03 3.005000000000000000e+03
5.497000000000000000e+03 3.054000000000000000e+03
5.579000000000000000e+03 3.058000000000000000e+03
5.574000000000000000e+03 2.998000000000000000e+03
4.991000000000000000e+03 3.284000000000000000e+03
4.852000000000000000e+03 3.275000000000000000e+03
4.900000000000000000e+03 3.196000000000000000e+03
5.021000000000000000e+03 3.253000000000000000e+03
5.357000000000000000e+03 3.259000000000000000e+03
5.222000000000000000e+03 3.304000000000000000e+03
5.090000000000000000e+03 3.344000000000000000e+03
5.165000000000000000e+03 3.280000000000000000e+03
5.312000000000000000e+03 3.058000000000000000e+03
5.165000000000000000e+03 3.157000000000000000e+03
5.178000000000000000e+03 3.104000000000000000e+03
4.988000000000000000e+03 3.095000000000000000e+03
5.071000000000000000e+03 3.310000000000000000e+03
5.320000000000000000e+03 3.438000000000000000e+03
5.083000000000000000e+03 3.554000000000000000e+03
5.156000000000000000e+03 3.420000000000000000e+03
5.277000000000000000e+03 3.254000000000000000e+03
5.247000000000000000e+03 3.378000000000000000e+03
5.212000000000000000e+03 3.477000000000000000e+03
5.232000000000000000e+03 3.503000000000000000e+03
5.372000000000000000e+03 3.176000000000000000e+03
5.457000000000000000e+03 3.217000000000000000e+03
5.574000000000000000e+03 3.212000000000000000e+03
5.481000000000000000e+03 3.148000000000000000e+03
2.096000000000000000e+03 2.751000000000000000e+03
2.877000000000000000e+03 1.358000000000000000e+03
2.297000000000000000e+03 1.444000000000000000e+03
4.691000000000000000e+03 3.746000000000000000e+03
5.150000000000000000e+03 3.688000000000000000e+03
1.761000000000000000e+03 5.086000000000000000e+03
1.714000000000000000e+03 5.126000000000000000e+03
2.395000000000000000e+03 9.170000000000000000e+02
2.386000000000000000e+03 8.880000000000000000e+02
2.382000000000000000e+03 7.850000000000000000e+02
2.402000000000000000e+03 7.500000000000000000e+02
3.037000000000000000e+03 1.019000000000000000e+03
2.779000000000000000e+03 9.270000000000000000e+02
2.320000000000000000e+03 6.140000000000000000e+02
2.371000000000000000e+03 6.270000000000000000e+02
1.737000000000000000e+03 5.181000000000000000e+03
1.731000000000000000e+03 5.203000000000000000e+03
1.793000000000000000e+03 5.191000000000000000e+03
1.909000000000000000e+03 5.094000000000000000e+03
2.582000000000000000e+03 5.025000000000000000e+03
2.729000000000000000e+03 4.995000000000000000e+03
2.702000000000000000e+03 4.856000000000000000e+03
2.053000000000000000e+03 5.149000000000000000e+03
1.619000000000000000e+03 5.121000000000000000e+03
1.542000000000000000e+03 5.116000000000000000e+03
3.250000000000000000e+03 4.938000000000000000e+03
1.602000000000000000e+03 5.157000000000000000e+03
1.309000000000000000e+03 5.158000000000000000e+03
1.352000000000000000e+03 5.223000000000000000e+03
1.471000000000000000e+03 5.155000000000000000e+03
1.451000000000000000e+03 5.144000000000000000e+03
2.062000000000000000e+03 5.208000000000000000e+03
2.028000000000000000e+03 5.229000000000000000e+03
2.231000000000000000e+03 5.213000000000000000e+03
2.261000000000000000e+03 4.505000000000000000e+03
3.419000000000000000e+03 4.888000000000000000e+03
4.126000000000000000e+03 4.227000000000000000e+03
2.217000000000000000e+03 5.281000000000000000e+03
2.322000000000000000e+03 5.335000000000000000e+03
2.260000000000000000e+03 5.182000000000000000e+03
2.440000000000000000e+03 5.303000000000000000e+03
2.217000000000000000e+03 5.230000000000000000e+03
2.548000000000000000e+03 5.206000000000000000e+03
2.501000000000000000e+03 5.277000000000000000e+03
3.036000000000000000e+03 4.975000000000000000e+03
2.448000000000000000e+03 5.140000000000000000e+03
2.711000000000000000e+03 3.833000000000000000e+03
3.599000000000000000e+03 3.577000000000000000e+03
2.857000000000000000e+03 3.049000000000000000e+03
2.981000000000000000e+03 3.732000000000000000e+03
1.302000000000000000e+03 4.101000000000000000e+03
1.345000000000000000e+03 4.182000000000000000e+03
1.434000000000000000e+03 2.758000000000000000e+03
2.978000000000000000e+03 3.127000000000000000e+03
2.919000000000000000e+03 3.997000000000000000e+03
1.997000000000000000e+03 2.629000000000000000e+03
4.519000000000000000e+03 3.881000000000000000e+03
2.002000000000000000e+03 4.981000000000000000e+03
2.747000000000000000e+03 3.351000000000000000e+03
3.889000000000000000e+03 3.795000000000000000e+03
2.269000000000000000e+03 2.728000000000000000e+03
4.757000000000000000e+03 2.928000000000000000e+03
7.326000000000000000e+03 2.982000000000000000e+03
7.292000000000000000e+03 3.216000000000000000e+03
7.308000000000000000e+03 3.166000000000000000e+03
7.311000000000000000e+03 3.175000000000000000e+03
7.281000000000000000e+03 3.192000000000000000e+03
7.287000000000000000e+03 3.224000000000000000e+03
7.341000000000000000e+03 3.296000000000000000e+03
7.357000000000000000e+03 2.838000000000000000e+03
7.414000000000000000e+03 2.879000000000000000e+03
7.418000000000000000e+03 2.666000000000000000e+03
7.378000000000000000e+03 2.473000000000000000e+03
7.464000000000000000e+03 2.477000000000000000e+03
7.146000000000000000e+03 2.833000000000000000e+03
7.422000000000000000e+03 2.456000000000000000e+03
7.406000000000000000e+03 2.813000000000000000e+03
7.294000000000000000e+03 2.569000000000000000e+03
7.397000000000000000e+03 2.423000000000000000e+03
7.333000000000000000e+03 2.449000000000000000e+03
7.395000000000000000e+03 2.390000000000000000e+03
7.448000000000000000e+03 2.504000000000000000e+03
7.254000000000000000e+03 2.443000000000000000e+03
7.284000000000000000e+03 2.534000000000000000e+03
7.374000000000000000e+03 2.772000000000000000e+03
7.425000000000000000e+03 2.482000000000000000e+03
7.414000000000000000e+03 2.650000000000000000e+03
7.275000000000000000e+03 2.489000000000000000e+03
7.361000000000000000e+03 2.723000000000000000e+03
7.422000000000000000e+03 2.793000000000000000e+03
7.404000000000000000e+03 2.977000000000000000e+03
7.345000000000000000e+03 2.883000000000000000e+03
7.309000000000000000e+03 2.964000000000000000e+03
7.360000000000000000e+03 3.885000000000000000e+03
7.319000000000000000e+03 3.838000000000000000e+03
7.213000000000000000e+03 3.904000000000000000e+03
7.301000000000000000e+03 3.993000000000000000e+03
7.087000000000000000e+03 3.193000000000000000e+03
7.436000000000000000e+03 3.084000000000000000e+03
7.399000000000000000e+03 4.044000000000000000e+03
7.354000000000000000e+03 3.800000000000000000e+03
7.300000000000000000e+03 4.244000000000000000e+03
7.338000000000000000e+03 4.044000000000000000e+03
7.304000000000000000e+03 4.055000000000000000e+03
7.194000000000000000e+03 4.040000000000000000e+03
7.121000000000000000e+03 5.626000000000000000e+03
7.402000000000000000e+03 4.748000000000000000e+03
7.446000000000000000e+03 4.533000000000000000e+03
7.411000000000000000e+03 4.996000000000000000e+03
7.245000000000000000e+03 3.852000000000000000e+03
7.411000000000000000e+03 3.700000000000000000e+03
7.403000000000000000e+03 3.638000000000000000e+03
7.344000000000000000e+03 3.574000000000000000e+03
7.145000000000000000e+03 4.003000000000000000e+03
7.167000000000000000e+03 3.896000000000000000e+03
7.129000000000000000e+03 3.952000000000000000e+03
7.179000000000000000e+03 3.954000000000000000e+03
7.318000000000000000e+03 3.376000000000000000e+03
7.377000000000000000e+03 3.324000000000000000e+03
7.357000000000000000e+03 3.394000000000000000e+03
7.392000000000000000e+03 3.431000000000000000e+03
7.288000000000000000e+03 3.295000000000000000e+03
7.325000000000000000e+03 3.294000000000000000e+03
7.387000000000000000e+03 3.231000000000000000e+03
7.279000000000000000e+03 3.237000000000000000e+03
6.464000000000000000e+03 5.632000000000000000e+03
7.238000000000000000e+03 5.457000000000000000e+03
7.190000000000000000e+03 5.449000000000000000e+03
7.284000000000000000e+03 5.440000000000000000e+03
7.418000000000000000e+03 5.360000000000000000e+03
7.371000000000000000e+03 5.417000000000000000e+03
7.396000000000000000e+03 5.451000000000000000e+03
6.503000000000000000e+03 5.604000000000000000e+03
7.109000000000000000e+03 5.391000000000000000e+03
6.862000000000000000e+03 5.508000000000000000e+03
6.844000000000000000e+03 5.365000000000000000e+03
5.871000000000000000e+03 6.042000000000000000e+03
6.314000000000000000e+03 5.588000000000000000e+03
6.925000000000000000e+03 5.359000000000000000e+03
6.464000000000000000e+03 5.633000000000000000e+03
7.402000000000000000e+03 5.561000000000000000e+03
7.413000000000000000e+03 5.599000000000000000e+03
7.360000000000000000e+03 5.665000000000000000e+03
7.318000000000000000e+03 5.626000000000000000e+03
7.176000000000000000e+03 5.579000000000000000e+03
7.136000000000000000e+03 5.548000000000000000e+03
7.214000000000000000e+03 5.570000000000000000e+03
7.229000000000000000e+03 5.673000000000000000e+03
7.178000000000000000e+03 5.323000000000000000e+03
7.351000000000000000e+03 5.300000000000000000e+03
7.158000000000000000e+03 5.366000000000000000e+03
7.255000000000000000e+03 5.264000000000000000e+03
6.973000000000000000e+03 5.292000000000000000e+03
6.867000000000000000e+03 5.297000000000000000e+03
7.084000000000000000e+03 5.297000000000000000e+03
7.092000000000000000e+03 5.307000000000000000e+03
6.561000000000000000e+03 5.437000000000000000e+03
7.343000000000000000e+03 6.056000000000000000e+03
6.841000000000000000e+03 5.891000000000000000e+03
6.756000000000000000e+03 5.701000000000000000e+03
6.658000000000000000e+03 5.617000000000000000e+03
6.611000000000000000e+03 5.571000000000000000e+03
6.665000000000000000e+03 5.511000000000000000e+03
7.377000000000000000e+03 6.042000000000000000e+03
7.427000000000000000e+03 5.928000000000000000e+03
7.363000000000000000e+03 5.967000000000000000e+03
7.368000000000000000e+03 5.908000000000000000e+03
7.400000000000000000e+03 5.877000000000000000e+03
7.351000000000000000e+03 5.843000000000000000e+03
7.451000000000000000e+03 5.768000000000000000e+03
7.406000000000000000e+03 5.750000000000000000e+03
6.648000000000000000e+03 5.422000000000000000e+03
6.655000000000000000e+03 5.330000000000000000e+03
6.604000000000000000e+03 5.360000000000000000e+03
6.734000000000000000e+03 5.344000000000000000e+03
4.894000000000000000e+03 5.239000000000000000e+03
5.046000000000000000e+03 5.354000000000000000e+03
6.244000000000000000e+03 5.300000000000000000e+03
4.491000000000000000e+03 5.104000000000000000e+03
6.452000000000000000e+03 5.307000000000000000e+03
6.447000000000000000e+03 5.354000000000000000e+03
6.559000000000000000e+03 5.504000000000000000e+03
6.576000000000000000e+03 5.413000000000000000e+03
6.482000000000000000e+03 5.496000000000000000e+03
6.322000000000000000e+03 5.446000000000000000e+03
6.369000000000000000e+03 5.360000000000000000e+03
6.294000000000000000e+03 5.391000000000000000e+03
5.513000000000000000e+03 5.313000000000000000e+03
5.552000000000000000e+03 6.064000000000000000e+03
5.520000000000000000e+03 4.604000000000000000e+03
5.516000000000000000e+03 5.470000000000000000e+03
5.494000000000000000e+03 5.409000000000000000e+03
5.543000000000000000e+03 5.471000000000000000e+03
5.584000000000000000e+03 5.548000000000000000e+03
5.341000000000000000e+03 4.994000000000000000e+03
5.188000000000000000e+03 4.940000000000000000e+03
5.209000000000000000e+03 5.035000000000000000e+03
5.387000000000000000e+03 5.116000000000000000e+03
5.053000000000000000e+03 4.878000000000000000e+03
5.109000000000000000e+03 4.923000000000000000e+03
4.980000000000000000e+03 4.790000000000000000e+03
4.998000000000000000e+03 4.890000000000000000e+03
5.288000000000000000e+03 4.827000000000000000e+03
5.271000000000000000e+03 4.868000000000000000e+03
5.383000000000000000e+03 5.003000000000000000e+03
5.347000000000000000e+03 4.942000000000000000e+03
5.272000000000000000e+03 4.764000000000000000e+03
5.351000000000000000e+03 4.718000000000000000e+03
5.329000000000000000e+03 4.621000000000000000e+03
5.272000000000000000e+03 4.651000000000000000e+03
5.567000000000000000e+03 4.972000000000000000e+03
5.510000000000000000e+03 5.040000000000000000e+03
5.562000000000000000e+03 4.920000000000000000e+03
5.543000000000000000e+03 4.829000000000000000e+03
5.477000000000000000e+03 4.733000000000000000e+03
5.635000000000000000e+03 4.827000000000000000e+03
5.444000000000000000e+03 4.730000000000000000e+03
5.407000000000000000e+03 4.723000000000000000e+03
6.935000000000000000e+03 5.495000000000000000e+03
7.004000000000000000e+03 5.531000000000000000e+03
6.820000000000000000e+03 5.547000000000000000e+03
6.857000000000000000e+03 5.463000000000000000e+03
7.033000000000000000e+03 5.585000000000000000e+03
6.950000000000000000e+03 5.699000000000000000e+03
6.941000000000000000e+03 5.705000000000000000e+03
6.882000000000000000e+03 5.632000000000000000e+03
6.364000000000000000e+03 5.587000000000000000e+03
6.352000000000000000e+03 5.533000000000000000e+03
6.236000000000000000e+03 5.565000000000000000e+03
6.245000000000000000e+03 5.647000000000000000e+03
6.331000000000000000e+03 5.661000000000000000e+03
6.291000000000000000e+03 5.647000000000000000e+03
6.517000000000000000e+03 5.659000000000000000e+03
6.421000000000000000e+03 5.659000000000000000e+03
6.095000000000000000e+03 5.514000000000000000e+03
6.012000000000000000e+03 5.582000000000000000e+03
6.009000000000000000e+03 5.523000000000000000e+03
6.024000000000000000e+03 5.456000000000000000e+03
5.935000000000000000e+03 5.665000000000000000e+03
5.984000000000000000e+03 5.715000000000000000e+03
5.879000000000000000e+03 5.578000000000000000e+03
5.962000000000000000e+03 5.524000000000000000e+03
5.728000000000000000e+03 5.719000000000000000e+03
5.686000000000000000e+03 5.653000000000000000e+03
5.773000000000000000e+03 5.587000000000000000e+03
5.796000000000000000e+03 5.601000000000000000e+03
5.668000000000000000e+03 5.842000000000000000e+03
5.728000000000000000e+03 5.937000000000000000e+03
5.712000000000000000e+03 5.757000000000000000e+03
5.621000000000000000e+03 5.792000000000000000e+03
5.305000000000000000e+03 5.382000000000000000e+03
5.286000000000000000e+03 5.463000000000000000e+03
5.253000000000000000e+03 5.471000000000000000e+03
5.450000000000000000e+03 5.487000000000000000e+03
5.413000000000000000e+03 5.543000000000000000e+03
5.323000000000000000e+03 5.497000000000000000e+03
5.377000000000000000e+03 5.505000000000000000e+03
5.588000000000000000e+03 5.341000000000000000e+03
5.536000000000000000e+03 5.377000000000000000e+03
5.494000000000000000e+03 5.454000000000000000e+03
5.425000000000000000e+03 5.475000000000000000e+03
5.389000000000000000e+03 5.343000000000000000e+03
5.302000000000000000e+03 5.405000000000000000e+03
5.368000000000000000e+03 5.470000000000000000e+03
5.563000000000000000e+03 5.372000000000000000e+03
5.354000000000000000e+03 5.503000000000000000e+03
5.329000000000000000e+03 5.531000000000000000e+03
5.285000000000000000e+03 5.707000000000000000e+03
5.318000000000000000e+03 5.640000000000000000e+03
5.329000000000000000e+03 5.880000000000000000e+03
5.255000000000000000e+03 5.966000000000000000e+03
5.212000000000000000e+03 5.831000000000000000e+03
5.250000000000000000e+03 5.760000000000000000e+03
5.423000000000000000e+03 5.829000000000000000e+03
5.432000000000000000e+03 5.910000000000000000e+03
5.483000000000000000e+03 5.816000000000000000e+03
5.481000000000000000e+03 5.936000000000000000e+03
5.558000000000000000e+03 5.527000000000000000e+03
5.480000000000000000e+03 5.600000000000000000e+03
5.465000000000000000e+03 5.729000000000000000e+03
5.486000000000000000e+03 5.664000000000000000e+03
5.011000000000000000e+03 5.620000000000000000e+03
5.003000000000000000e+03 5.656000000000000000e+03
4.992000000000000000e+03 5.574000000000000000e+03
5.104000000000000000e+03 5.718000000000000000e+03
5.007000000000000000e+03 5.730000000000000000e+03
5.175000000000000000e+03 5.600000000000000000e+03
5.111000000000000000e+03 5.661000000000000000e+03
5.540000000000000000e+03 5.166000000000000000e+03
5.710000000000000000e+03 5.179000000000000000e+03
5.518000000000000000e+03 5.250000000000000000e+03
5.454000000000000000e+03 5.230000000000000000e+03
5.547000000000000000e+03 5.111000000000000000e+03
5.567000000000000000e+03 5.040000000000000000e+03
5.295000000000000000e+03 4.833000000000000000e+03
5.418000000000000000e+03 4.990000000000000000e+03
5.230000000000000000e+03 5.250000000000000000e+03
5.120000000000000000e+03 5.136000000000000000e+03
5.211000000000000000e+03 5.163000000000000000e+03
5.301000000000000000e+03 5.197000000000000000e+03
4.954000000000000000e+03 4.981000000000000000e+03
4.899000000000000000e+03 4.884000000000000000e+03
4.981000000000000000e+03 5.058000000000000000e+03
5.040000000000000000e+03 5.118000000000000000e+03
5.046000000000000000e+03 5.297000000000000000e+03
4.960000000000000000e+03 5.308000000000000000e+03
4.939000000000000000e+03 5.242000000000000000e+03
4.932000000000000000e+03 5.171000000000000000e+03
5.212000000000000000e+03 5.364000000000000000e+03
5.170000000000000000e+03 5.338000000000000000e+03
5.288000000000000000e+03 5.300000000000000000e+03
5.179000000000000000e+03 5.333000000000000000e+03
5.853000000000000000e+03 4.663000000000000000e+03
5.666000000000000000e+03 4.688000000000000000e+03
5.689000000000000000e+03 4.647000000000000000e+03
5.844000000000000000e+03 4.487000000000000000e+03
5.953000000000000000e+03 4.450000000000000000e+03
5.780000000000000000e+03 4.558000000000000000e+03
5.808000000000000000e+03 4.544000000000000000e+03
5.746000000000000000e+03 4.589000000000000000e+03
5.775000000000000000e+03 4.309000000000000000e+03
5.855000000000000000e+03 4.254000000000000000e+03
5.989000000000000000e+03 4.227000000000000000e+03
5.595000000000000000e+03 4.583000000000000000e+03
5.785000000000000000e+03 4.498000000000000000e+03
5.733000000000000000e+03 4.439000000000000000e+03
5.655000000000000000e+03 4.723000000000000000e+03
5.660000000000000000e+03 4.400000000000000000e+03
5.640000000000000000e+03 4.368000000000000000e+03
5.794000000000000000e+03 4.147000000000000000e+03
5.659000000000000000e+03 4.237000000000000000e+03
6.067000000000000000e+03 3.996000000000000000e+03
6.069000000000000000e+03 4.002000000000000000e+03
5.926000000000000000e+03 4.114000000000000000e+03
5.890000000000000000e+03 4.096000000000000000e+03
5.851000000000000000e+03 4.100000000000000000e+03
5.780000000000000000e+03 4.092000000000000000e+03
5.685000000000000000e+03 4.190000000000000000e+03
5.627000000000000000e+03 4.242000000000000000e+03
5.837000000000000000e+03 3.982000000000000000e+03
5.803000000000000000e+03 3.988000000000000000e+03
5.931000000000000000e+03 3.965000000000000000e+03
5.908000000000000000e+03 3.913000000000000000e+03
5.974000000000000000e+03 5.221000000000000000e+03
6.131000000000000000e+03 4.776000000000000000e+03
6.095000000000000000e+03 4.513000000000000000e+03
6.035000000000000000e+03 4.613000000000000000e+03
5.933000000000000000e+03 5.090000000000000000e+03
5.991000000000000000e+03 5.159000000000000000e+03
5.893000000000000000e+03 4.992000000000000000e+03
6.036000000000000000e+03 4.884000000000000000e+03
6.094000000000000000e+03 5.044000000000000000e+03
6.295000000000000000e+03 5.050000000000000000e+03
6.101000000000000000e+03 4.899000000000000000e+03
6.246000000000000000e+03 5.005000000000000000e+03
6.169000000000000000e+03 5.316000000000000000e+03
5.761000000000000000e+03 5.099000000000000000e+03
5.987000000000000000e+03 4.699000000000000000e+03
6.020000000000000000e+03 4.833000000000000000e+03
5.776000000000000000e+03 5.006000000000000000e+03
5.812000000000000000e+03 4.872000000000000000e+03
5.919000000000000000e+03 4.773000000000000000e+03
5.796000000000000000e+03 4.831000000000000000e+03
5.920000000000000000e+03 5.314000000000000000e+03
6.020000000000000000e+03 5.290000000000000000e+03
5.795000000000000000e+03 5.130000000000000000e+03
5.887000000000000000e+03 5.176000000000000000e+03
6.089000000000000000e+03 4.326000000000000000e+03
6.067000000000000000e+03 4.178000000000000000e+03
6.062000000000000000e+03 4.355000000000000000e+03
6.035000000000000000e+03 4.269000000000000000e+03
5.988000000000000000e+03 4.467000000000000000e+03
5.947000000000000000e+03 4.555000000000000000e+03
5.846000000000000000e+03 4.888000000000000000e+03
5.739000000000000000e+03 4.698000000000000000e+03
4.776000000000000000e+03 7.194000000000000000e+03
6.687000000000000000e+03 7.258000000000000000e+03
6.961000000000000000e+03 7.080000000000000000e+03
4.945000000000000000e+03 6.654000000000000000e+03
5.086000000000000000e+03 6.522000000000000000e+03
5.166000000000000000e+03 6.339000000000000000e+03
4.912000000000000000e+03 6.561000000000000000e+03
5.154000000000000000e+03 6.663000000000000000e+03
5.133000000000000000e+03 6.330000000000000000e+03
5.834000000000000000e+03 6.500000000000000000e+03
5.229000000000000000e+03 6.647000000000000000e+03
4.985000000000000000e+03 6.391000000000000000e+03
5.158000000000000000e+03 6.157000000000000000e+03
5.036000000000000000e+03 6.199000000000000000e+03
4.696000000000000000e+03 6.495000000000000000e+03
7.372000000000000000e+03 7.421000000000000000e+03
6.738000000000000000e+03 7.265000000000000000e+03
7.421000000000000000e+03 7.392000000000000000e+03
7.264000000000000000e+03 7.422000000000000000e+03
7.114000000000000000e+03 7.062000000000000000e+03
7.154000000000000000e+03 6.944000000000000000e+03
6.610000000000000000e+03 7.237000000000000000e+03
6.419000000000000000e+03 6.759000000000000000e+03
5.501000000000000000e+03 6.269000000000000000e+03
5.479000000000000000e+03 6.208000000000000000e+03
5.517000000000000000e+03 6.356000000000000000e+03
5.523000000000000000e+03 6.444000000000000000e+03
5.343000000000000000e+03 6.204000000000000000e+03
5.445000000000000000e+03 6.221000000000000000e+03
5.440000000000000000e+03 6.153000000000000000e+03
5.491000000000000000e+03 6.067000000000000000e+03
9.090000000000000000e+02 7.460000000000000000e+03
1.038000000000000000e+03 7.380000000000000000e+03
9.530000000000000000e+02 7.463000000000000000e+03
6.790000000000000000e+02 7.474000000000000000e+03
4.450000000000000000e+02 7.463000000000000000e+03
3.172000000000000000e+03 6.584000000000000000e+03
1.225000000000000000e+03 7.148000000000000000e+03
4.893000000000000000e+03 6.221000000000000000e+03
4.922000000000000000e+03 6.165000000000000000e+03
4.916000000000000000e+03 6.021000000000000000e+03
4.901000000000000000e+03 6.086000000000000000e+03
5.002000000000000000e+03 5.956000000000000000e+03
5.017000000000000000e+03 5.963000000000000000e+03
5.033000000000000000e+03 6.386000000000000000e+03
4.988000000000000000e+03 6.346000000000000000e+03
1.538000000000000000e+03 7.463000000000000000e+03
1.397000000000000000e+03 7.453000000000000000e+03
1.584000000000000000e+03 7.458000000000000000e+03
1.497000000000000000e+03 7.478000000000000000e+03
1.485000000000000000e+03 7.460000000000000000e+03
1.371000000000000000e+03 7.446000000000000000e+03
1.424000000000000000e+03 7.462000000000000000e+03
1.586000000000000000e+03 7.441000000000000000e+03
2.236000000000000000e+03 7.471000000000000000e+03
2.276000000000000000e+03 7.453000000000000000e+03
2.349000000000000000e+03 7.424000000000000000e+03
2.400000000000000000e+03 7.454000000000000000e+03
3.803000000000000000e+03 6.529000000000000000e+03
3.458000000000000000e+03 6.724000000000000000e+03
2.118000000000000000e+03 7.468000000000000000e+03
2.044000000000000000e+03 7.464000000000000000e+03
6.216000000000000000e+03 7.442000000000000000e+03
6.200000000000000000e+03 7.452000000000000000e+03
6.281000000000000000e+03 7.440000000000000000e+03
6.649000000000000000e+03 7.465000000000000000e+03
6.546000000000000000e+03 7.464000000000000000e+03
6.657000000000000000e+03 7.428000000000000000e+03
6.748000000000000000e+03 7.467000000000000000e+03
5.206000000000000000e+03 6.673000000000000000e+03
5.252000000000000000e+03 6.689000000000000000e+03
5.253000000000000000e+03 6.564000000000000000e+03
5.237000000000000000e+03 6.589000000000000000e+03
5.542000000000000000e+03 6.388000000000000000e+03
5.449000000000000000e+03 6.352000000000000000e+03
5.336000000000000000e+03 6.450000000000000000e+03
5.345000000000000000e+03 6.394000000000000000e+03
5.432000000000000000e+03 6.594000000000000000e+03
5.354000000000000000e+03 6.596000000000000000e+03
5.407000000000000000e+03 6.551000000000000000e+03
5.496000000000000000e+03 6.736000000000000000e+03
5.509000000000000000e+03 6.664000000000000000e+03
5.649000000000000000e+03 6.769000000000000000e+03
5.549000000000000000e+03 6.852000000000000000e+03
5.556000000000000000e+03 6.824000000000000000e+03
5.775000000000000000e+03 5.752000000000000000e+03
6.786000000000000000e+03 6.245000000000000000e+03
5.739000000000000000e+03 6.280000000000000000e+03
6.750000000000000000e+03 6.061000000000000000e+03
6.193000000000000000e+03 5.611000000000000000e+03
5.846000000000000000e+03 6.784000000000000000e+03
6.251000000000000000e+03 6.018000000000000000e+03
6.182000000000000000e+03 5.466000000000000000e+03
5.771000000000000000e+03 7.044000000000000000e+03
5.507000000000000000e+03 6.920000000000000000e+03
5.732000000000000000e+03 6.912000000000000000e+03
5.596000000000000000e+03 6.614000000000000000e+03
5.378000000000000000e+03 7.161000000000000000e+03
5.284000000000000000e+03 7.109000000000000000e+03
5.407000000000000000e+03 7.142000000000000000e+03
5.462000000000000000e+03 7.030000000000000000e+03
5.463000000000000000e+03 7.180000000000000000e+03
5.500000000000000000e+03 7.140000000000000000e+03
5.350000000000000000e+03 7.386000000000000000e+03
5.232000000000000000e+03 7.314000000000000000e+03
5.456000000000000000e+03 6.731000000000000000e+03
5.398000000000000000e+03 6.730000000000000000e+03
5.328000000000000000e+03 6.855000000000000000e+03
5.268000000000000000e+03 6.867000000000000000e+03
5.862000000000000000e+03 7.451000000000000000e+03
5.885000000000000000e+03 7.458000000000000000e+03
5.558000000000000000e+03 7.454000000000000000e+03
5.672000000000000000e+03 7.457000000000000000e+03
5.562000000000000000e+03 7.468000000000000000e+03
5.461000000000000000e+03 7.479000000000000000e+03
5.239000000000000000e+03 7.466000000000000000e+03
5.694000000000000000e+03 7.467000000000000000e+03
5.560000000000000000e+03 6.995000000000000000e+03
5.568000000000000000e+03 6.917000000000000000e+03
5.599000000000000000e+03 7.192000000000000000e+03
5.622000000000000000e+03 7.096000000000000000e+03
5.597000000000000000e+03 6.601000000000000000e+03
5.447000000000000000e+03 6.953000000000000000e+03
5.319000000000000000e+03 6.947000000000000000e+03
5.325000000000000000e+03 6.992000000000000000e+03
1.931000000000000000e+03 7.014000000000000000e+03
4.715000000000000000e+03 6.139000000000000000e+03
4.709000000000000000e+03 6.040000000000000000e+03
1.424000000000000000e+03 6.936000000000000000e+03
1.471000000000000000e+03 7.365000000000000000e+03
1.544000000000000000e+03 7.364000000000000000e+03
1.161000000000000000e+03 7.362000000000000000e+03
4.727000000000000000e+03 6.322000000000000000e+03
4.670000000000000000e+03 6.291000000000000000e+03
4.666000000000000000e+03 6.547000000000000000e+03
4.698000000000000000e+03 6.467000000000000000e+03
4.667000000000000000e+03 6.636000000000000000e+03
4.708000000000000000e+03 6.721000000000000000e+03
4.797000000000000000e+03 6.766000000000000000e+03
4.805000000000000000e+03 6.764000000000000000e+03
3.939000000000000000e+03 5.903000000000000000e+03
1.349000000000000000e+03 6.760000000000000000e+03
1.272000000000000000e+03 5.525000000000000000e+03
1.325000000000000000e+03 5.413000000000000000e+03
4.562000000000000000e+03 7.254000000000000000e+03
4.635000000000000000e+03 6.659000000000000000e+03
2.439000000000000000e+03 6.186000000000000000e+03
1.154000000000000000e+03 5.676000000000000000e+03
2.760000000000000000e+03 5.781000000000000000e+03
3.308000000000000000e+03 6.100000000000000000e+03
4.117000000000000000e+03 5.656000000000000000e+03
4.497000000000000000e+03 6.207000000000000000e+03
4.245000000000000000e+03 6.385000000000000000e+03
3.259000000000000000e+03 7.140000000000000000e+03
3.148000000000000000e+03 6.641000000000000000e+03
3.375000000000000000e+03 6.491000000000000000e+03
4.399000000000000000e+03 6.004000000000000000e+03
4.686000000000000000e+03 5.472000000000000000e+03
4.733000000000000000e+03 5.579000000000000000e+03
4.921000000000000000e+03 6.044000000000000000e+03
4.889000000000000000e+03 6.904000000000000000e+03
4.724000000000000000e+03 7.030000000000000000e+03
4.787000000000000000e+03 6.946000000000000000e+03
2.962000000000000000e+03 5.368000000000000000e+03
2.548000000000000000e+03 5.353000000000000000e+03
3.266000000000000000e+03 5.403000000000000000e+03
2.071000000000000000e+03 5.406000000000000000e+03
1.889000000000000000e+03 5.386000000000000000e+03
1.957000000000000000e+03 5.355000000000000000e+03
2.471000000000000000e+03 5.396000000000000000e+03
1.784000000000000000e+03 5.387000000000000000e+03
4.928000000000000000e+03 6.372000000000000000e+03
4.893000000000000000e+03 6.314000000000000000e+03
4.803000000000000000e+03 6.378000000000000000e+03
4.797000000000000000e+03 6.496000000000000000e+03
5.004000000000000000e+03 6.366000000000000000e+03
4.998000000000000000e+03 6.467000000000000000e+03
4.880000000000000000e+03 6.503000000000000000e+03
4.908000000000000000e+03 6.540000000000000000e+03
5.004000000000000000e+03 6.721000000000000000e+03
5.044000000000000000e+03 6.755000000000000000e+03
4.976000000000000000e+03 6.824000000000000000e+03
5.010000000000000000e+03 6.808000000000000000e+03
4.867000000000000000e+03 6.596000000000000000e+03
4.862000000000000000e+03 6.619000000000000000e+03
5.001000000000000000e+03 6.623000000000000000e+03
4.901000000000000000e+03 6.729000000000000000e+03
5.286000000000000000e+03 5.743000000000000000e+03
5.368000000000000000e+03 5.732000000000000000e+03
4.894000000000000000e+03 5.784000000000000000e+03
4.781000000000000000e+03 5.904000000000000000e+03
4.786000000000000000e+03 5.797000000000000000e+03
4.781000000000000000e+03 5.923000000000000000e+03
4.746000000000000000e+03 6.086000000000000000e+03
4.701000000000000000e+03 7.276000000000000000e+03
4.757000000000000000e+03 7.188000000000000000e+03
4.635000000000000000e+03 7.404000000000000000e+03
4.664000000000000000e+03 7.377000000000000000e+03
4.967000000000000000e+03 6.974000000000000000e+03
4.875000000000000000e+03 6.987000000000000000e+03
5.149000000000000000e+03 5.798000000000000000e+03
4.833000000000000000e+03 7.055000000000000000e+03
2.361000000000000000e+03 5.285000000000000000e+03
1.999000000000000000e+03 5.406000000000000000e+03
1.195000000000000000e+03 5.333000000000000000e+03
1.139000000000000000e+03 5.278000000000000000e+03
1.194000000000000000e+03 5.144000000000000000e+03
1.165000000000000000e+03 5.177000000000000000e+03
1.127000000000000000e+03 5.200000000000000000e+03
1.099000000000000000e+03 5.210000000000000000e+03
1.493000000000000000e+03 5.266000000000000000e+03
1.463000000000000000e+03 5.333000000000000000e+03
2.272000000000000000e+03 5.381000000000000000e+03
1.426000000000000000e+03 5.325000000000000000e+03
2.679000000000000000e+03 5.268000000000000000e+03
2.245000000000000000e+03 5.311000000000000000e+03
2.133000000000000000e+03 5.353000000000000000e+03
1.651000000000000000e+03 5.342000000000000000e+03
4.888000000000000000e+03 7.070000000000000000e+03
4.848000000000000000e+03 7.061000000000000000e+03
4.622000000000000000e+03 7.039000000000000000e+03
4.837000000000000000e+03 7.164000000000000000e+03
4.675000000000000000e+03 7.306000000000000000e+03
4.724000000000000000e+03 7.316000000000000000e+03
4.725000000000000000e+03 7.229000000000000000e+03
4.721000000000000000e+03 7.181000000000000000e+03
4.297000000000000000e+03 7.374000000000000000e+03
4.229000000000000000e+03 7.346000000000000000e+03
4.520000000000000000e+03 7.259000000000000000e+03
4.655000000000000000e+03 7.031000000000000000e+03
4.377000000000000000e+03 7.410000000000000000e+03
4.323000000000000000e+03 7.447000000000000000e+03
4.465000000000000000e+03 7.425000000000000000e+03
4.515000000000000000e+03 7.438000000000000000e+03
4.935000000000000000e+03 7.117000000000000000e+03
4.904000000000000000e+03 7.109000000000000000e+03
5.020000000000000000e+03 7.088000000000000000e+03
4.945000000000000000e+03 7.082000000000000000e+03
5.162000000000000000e+03 7.013000000000000000e+03
5.125000000000000000e+03 6.955000000000000000e+03
5.105000000000000000e+03 7.075000000000000000e+03
5.189000000000000000e+03 7.065000000000000000e+03
4.875000000000000000e+03 7.364000000000000000e+03
4.940000000000000000e+03 7.353000000000000000e+03
4.994000000000000000e+03 7.349000000000000000e+03
5.028000000000000000e+03 7.320000000000000000e+03
5.193000000000000000e+03 7.308000000000000000e+03
5.131000000000000000e+03 7.317000000000000000e+03
5.226000000000000000e+03 7.257000000000000000e+03
5.250000000000000000e+03 7.243000000000000000e+03
2.521000000000000000e+03 3.000000000000000000e+02
4.750000000000000000e+02 2.570000000000000000e+03
7.150000000000000000e+02 5.470000000000000000e+03
3.910000000000000000e+02 2.500000000000000000e+02
5.278000000000000000e+03 3.270000000000000000e+03
5.697000000000000000e+03 5.710000000000000000e+03
6.142000000000000000e+03 4.060000000000000000e+03
-4.000000000000000000e+00 0.000000000000000000e+00
-1.200000000000000000e+01 0.000000000000000000e+00
7.442000000000000000e+03 0.000000000000000000e+00
