6.936000000000000000e+03 2.526000000000000000e+03
6.693000000000000000e+03 2.831000000000000000e+03
6.979000000000000000e+03 2.360000000000000000e+03
6.506000000000000000e+03 3.022000000000000000e+03
6.449000000000000000e+03 3.138000000000000000e+03
6.441000000000000000e+03 3.160000000000000000e+03
6.450000000000000000e+03 3.182000000000000000e+03
7.118000000000000000e+03 2.406000000000000000e+03
7.165000000000000000e+03 2.345000000000000000e+03
6.943000000000000000e+03 2.419000000000000000e+03
7.052000000000000000e+03 2.295000000000000000e+03
7.180000000000000000e+03 2.268000000000000000e+03
7.214000000000000000e+03 2.249000000000000000e+03
7.141000000000000000e+03 2.392000000000000000e+03
7.170000000000000000e+03 2.286000000000000000e+03
6.820000000000000000e+03 3.162000000000000000e+03
6.884000000000000000e+03 3.066000000000000000e+03
6.783000000000000000e+03 3.070000000000000000e+03
6.885000000000000000e+03 3.117000000000000000e+03
6.872000000000000000e+03 3.064000000000000000e+03
6.618000000000000000e+03 3.174000000000000000e+03
6.896000000000000000e+03 3.140000000000000000e+03
6.824000000000000000e+03 3.174000000000000000e+03
6.924000000000000000e+03 2.981000000000000000e+03
6.878000000000000000e+03 3.022000000000000000e+03
6.921000000000000000e+03 2.918000000000000000e+03
7.079000000000000000e+03 2.970000000000000000e+03
6.654000000000000000e+03 3.052000000000000000e+03
6.615000000000000000e+03 3.112000000000000000e+03
6.653000000000000000e+03 2.902000000000000000e+03
6.594000000000000000e+03 2.621000000000000000e+03
6.275000000000000000e+03 2.759000000000000000e+03
5.842000000000000000e+03 2.485000000000000000e+03
6.389000000000000000e+03 2.718000000000000000e+03
5.735000000000000000e+03 2.568000000000000000e+03
6.213000000000000000e+03 2.791000000000000000e+03
6.247000000000000000e+03 2.840000000000000000e+03
5.931000000000000000e+03 2.676000000000000000e+03
6.435000000000000000e+03 3.023000000000000000e+03
6.414000000000000000e+03 2.937000000000000000e+03
6.441000000000000000e+03 2.813000000000000000e+03
6.342000000000000000e+03 2.885000000000000000e+03
6.323000000000000000e+03 2.735000000000000000e+03
6.004000000000000000e+03 2.492000000000000000e+03
5.742000000000000000e+03 2.579000000000000000e+03
6.271000000000000000e+03 2.634000000000000000e+03
6.453000000000000000e+03 2.614000000000000000e+03
6.342000000000000000e+03 2.630000000000000000e+03
6.364000000000000000e+03 2.533000000000000000e+03
6.474000000000000000e+03 2.647000000000000000e+03
6.506000000000000000e+03 2.963000000000000000e+03
6.489000000000000000e+03 2.887000000000000000e+03
6.412000000000000000e+03 2.763000000000000000e+03
6.516000000000000000e+03 2.799000000000000000e+03
6.272000000000000000e+03 2.578000000000000000e+03
5.853000000000000000e+03 2.601000000000000000e+03
6.301000000000000000e+03 2.975000000000000000e+03
6.235000000000000000e+03 2.897000000000000000e+03
6.296000000000000000e+03 3.183000000000000000e+03
6.252000000000000000e+03 3.151000000000000000e+03
6.256000000000000000e+03 3.020000000000000000e+03
6.284000000000000000e+03 3.000000000000000000e+03
6.636000000000000000e+03 2.473000000000000000e+03
6.765000000000000000e+03 2.691000000000000000e+03
6.690000000000000000e+03 2.682000000000000000e+03
7.100000000000000000e+03 2.795000000000000000e+03
7.078000000000000000e+03 2.809000000000000000e+03
6.897000000000000000e+03 2.768000000000000000e+03
6.923000000000000000e+03 2.715000000000000000e+03
6.936000000000000000e+03 2.268000000000000000e+03
6.838000000000000000e+03 2.238000000000000000e+03
6.725000000000000000e+03 2.209000000000000000e+03
6.896000000000000000e+03 2.179000000000000000e+03
6.632000000000000000e+03 2.295000000000000000e+03
6.743000000000000000e+03 2.301000000000000000e+03
6.159000000000000000e+03 2.323000000000000000e+03
6.280000000000000000e+03 2.307000000000000000e+03
5.695000000000000000e+03 2.314000000000000000e+03
5.451000000000000000e+03 2.312000000000000000e+03
5.792000000000000000e+03 2.214000000000000000e+03
5.775000000000000000e+03 2.246000000000000000e+03
5.792000000000000000e+03 2.447000000000000000e+03
5.719000000000000000e+03 2.365000000000000000e+03
5.869000000000000000e+03 2.369000000000000000e+03
5.911000000000000000e+03 2.424000000000000000e+03
6.918000000000000000e+03 2.551000000000000000e+03
6.854000000000000000e+03 2.553000000000000000e+03
7.012000000000000000e+03 2.682000000000000000e+03
7.062000000000000000e+03 2.621000000000000000e+03
6.729000000000000000e+03 2.530000000000000000e+03
6.833000000000000000e+03 2.600000000000000000e+03
6.563000000000000000e+03 2.524000000000000000e+03
6.687000000000000000e+03 2.547000000000000000e+03
5.557000000000000000e+03 2.177000000000000000e+03
5.573000000000000000e+03 2.262000000000000000e+03
5.507000000000000000e+03 2.216000000000000000e+03
5.330000000000000000e+03 2.190000000000000000e+03
5.110000000000000000e+03 2.185000000000000000e+03
5.163000000000000000e+03 2.211000000000000000e+03
5.311000000000000000e+03 2.173000000000000000e+03
5.167000000000000000e+03 2.190000000000000000e+03
5.743000000000000000e+03 2.254000000000000000e+03
5.421000000000000000e+03 2.442000000000000000e+03
5.533000000000000000e+03 2.414000000000000000e+03
5.564000000000000000e+03 2.346000000000000000e+03
5.416000000000000000e+03 2.350000000000000000e+03
5.358000000000000000e+03 2.382000000000000000e+03
5.274000000000000000e+03 2.325000000000000000e+03
5.350000000000000000e+03 2.285000000000000000e+03
6.176000000000000000e+03 2.354000000000000000e+03
6.157000000000000000e+03 2.437000000000000000e+03
6.131000000000000000e+03 2.409000000000000000e+03
6.014000000000000000e+03 2.389000000000000000e+03
6.024000000000000000e+03 2.181000000000000000e+03
5.999000000000000000e+03 2.192000000000000000e+03
5.871000000000000000e+03 2.152000000000000000e+03
6.139000000000000000e+03 2.261000000000000000e+03
6.269000000000000000e+03 2.241000000000000000e+03
6.281000000000000000e+03 2.358000000000000000e+03
6.387000000000000000e+03 2.392000000000000000e+03
6.386000000000000000e+03 2.385000000000000000e+03
6.524000000000000000e+03 2.192000000000000000e+03
6.520000000000000000e+03 2.236000000000000000e+03
6.341000000000000000e+03 2.282000000000000000e+03
6.415000000000000000e+03 2.325000000000000000e+03
6.910000000000000000e+03 1.201000000000000000e+03
7.165000000000000000e+03 8.780000000000000000e+02
7.113000000000000000e+03 7.330000000000000000e+02
7.217000000000000000e+03 1.564000000000000000e+03
7.202000000000000000e+03 1.385000000000000000e+03
7.177000000000000000e+03 1.302000000000000000e+03
7.157000000000000000e+03 1.819000000000000000e+03
7.336000000000000000e+03 1.683000000000000000e+03
7.032000000000000000e+03 1.197000000000000000e+03
7.312000000000000000e+03 1.617000000000000000e+03
7.293000000000000000e+03 1.655000000000000000e+03
7.391000000000000000e+03 1.788000000000000000e+03
7.322000000000000000e+03 1.835000000000000000e+03
7.332000000000000000e+03 1.883000000000000000e+03
7.350000000000000000e+03 1.870000000000000000e+03
7.150000000000000000e+03 2.177000000000000000e+03
7.365000000000000000e+03 2.164000000000000000e+03
7.393000000000000000e+03 2.032000000000000000e+03
7.397000000000000000e+03 2.012000000000000000e+03
7.324000000000000000e+03 2.001000000000000000e+03
7.295000000000000000e+03 2.068000000000000000e+03
6.939000000000000000e+03 2.275000000000000000e+03
6.961000000000000000e+03 2.240000000000000000e+03
7.222000000000000000e+03 1.973000000000000000e+03
7.184000000000000000e+03 1.653000000000000000e+03
7.069000000000000000e+03 2.171000000000000000e+03
7.099000000000000000e+03 1.984000000000000000e+03
7.228000000000000000e+03 1.911000000000000000e+03
7.248000000000000000e+03 1.831000000000000000e+03
7.157000000000000000e+03 1.737000000000000000e+03
7.136000000000000000e+03 1.781000000000000000e+03
6.196000000000000000e+03 2.213000000000000000e+03
2.073000000000000000e+03 1.090000000000000000e+02
3.213000000000000000e+03 6.280000000000000000e+02
6.365000000000000000e+03 2.591000000000000000e+03
6.690000000000000000e+03 2.802000000000000000e+03
6.592000000000000000e+03 2.700000000000000000e+03
6.592000000000000000e+03 2.686000000000000000e+03
5.374000000000000000e+03 2.548000000000000000e+03
6.696000000000000000e+03 2.933000000000000000e+03
6.705000000000000000e+03 2.884000000000000000e+03
6.760000000000000000e+03 2.938000000000000000e+03
6.922000000000000000e+03 2.862000000000000000e+03
6.642000000000000000e+03 2.766000000000000000e+03
6.865000000000000000e+03 2.905000000000000000e+03
6.837000000000000000e+03 2.931000000000000000e+03
1.453000000000000000e+03 2.040000000000000000e+02
1.537000000000000000e+03 2.010000000000000000e+02
1.705000000000000000e+03 1.350000000000000000e+02
1.656000000000000000e+03 1.370000000000000000e+02
1.545000000000000000e+03 1.070000000000000000e+02
1.426000000000000000e+03 1.380000000000000000e+02
2.438000000000000000e+03 5.560000000000000000e+02
1.961000000000000000e+03 3.800000000000000000e+02
7.008000000000000000e+03 2.505000000000000000e+03
7.061000000000000000e+03 2.502000000000000000e+03
6.854000000000000000e+03 2.404000000000000000e+03
6.771000000000000000e+03 2.458000000000000000e+03
7.158000000000000000e+03 2.660000000000000000e+03
7.197000000000000000e+03 2.576000000000000000e+03
7.185000000000000000e+03 2.517000000000000000e+03
7.140000000000000000e+03 2.549000000000000000e+03
1.116000000000000000e+03 2.380000000000000000e+02
5.240000000000000000e+02 1.310000000000000000e+02
6.180000000000000000e+02 1.630000000000000000e+02
5.370000000000000000e+02 2.380000000000000000e+02
4.730000000000000000e+02 2.640000000000000000e+02
2.000000000000000000e+03 9.680000000000000000e+02
5.550000000000000000e+02 3.200000000000000000e+02
1.096000000000000000e+03 1.720000000000000000e+02
1.212000000000000000e+03 1.560000000000000000e+02
2.172000000000000000e+03 7.200000000000000000e+02
1.129000000000000000e+03 1.360000000000000000e+02
1.324000000000000000e+03 2.040000000000000000e+02
2.122000000000000000e+03 6.190000000000000000e+02
1.218000000000000000e+03 1.280000000000000000e+02
1.210000000000000000e+03 1.420000000000000000e+02
6.710000000000000000e+02 2.520000000000000000e+02
7.740000000000000000e+02 2.110000000000000000e+02
8.610000000000000000e+02 1.580000000000000000e+02
9.470000000000000000e+02 2.710000000000000000e+02
6.600000000000000000e+02 2.320000000000000000e+02
1.716000000000000000e+03 9.660000000000000000e+02
6.980000000000000000e+02 1.320000000000000000e+02
7.180000000000000000e+02 1.580000000000000000e+02
1.754000000000000000e+03 2.420000000000000000e+02
3.362000000000000000e+03 9.210000000000000000e+02
2.302000000000000000e+03 2.790000000000000000e+02
2.050000000000000000e+03 1.990000000000000000e+02
1.840000000000000000e+03 1.560000000000000000e+02
1.803000000000000000e+03 2.460000000000000000e+02
1.888000000000000000e+03 2.220000000000000000e+02
2.423000000000000000e+03 1.607000000000000000e+03
3.705000000000000000e+03 3.420000000000000000e+02
4.525000000000000000e+03 5.180000000000000000e+02
3.838000000000000000e+03 3.070000000000000000e+02
4.035000000000000000e+03 4.490000000000000000e+02
2.208000000000000000e+03 1.070000000000000000e+02
2.072000000000000000e+03 1.420000000000000000e+02
2.565000000000000000e+03 3.940000000000000000e+02
2.533000000000000000e+03 4.750000000000000000e+02
3.554000000000000000e+03 1.890000000000000000e+02
3.409000000000000000e+03 1.800000000000000000e+02
3.775000000000000000e+03 2.150000000000000000e+02
3.902000000000000000e+03 3.980000000000000000e+02
5.702000000000000000e+03 1.506000000000000000e+03
5.581000000000000000e+03 1.927000000000000000e+03
3.353000000000000000e+03 1.770000000000000000e+02
4.334000000000000000e+03 1.086000000000000000e+03
3.461000000000000000e+03 2.800000000000000000e+02
3.332000000000000000e+03 2.030000000000000000e+02
3.125000000000000000e+03 1.800000000000000000e+02
3.204000000000000000e+03 2.240000000000000000e+02
3.179000000000000000e+03 1.090000000000000000e+02
2.944000000000000000e+03 1.330000000000000000e+02
3.003000000000000000e+03 1.570000000000000000e+02
3.163000000000000000e+03 1.160000000000000000e+02
2.871000000000000000e+03 2.100000000000000000e+03
3.061000000000000000e+03 2.183000000000000000e+03
2.460000000000000000e+03 2.180000000000000000e+03
2.435000000000000000e+03 2.166000000000000000e+03
3.739000000000000000e+03 2.051000000000000000e+03
5.235000000000000000e+03 2.281000000000000000e+03
3.758000000000000000e+03 2.230000000000000000e+02
4.351000000000000000e+03 1.064000000000000000e+03
5.699000000000000000e+03 3.101000000000000000e+03
5.519000000000000000e+03 2.992000000000000000e+03
5.639000000000000000e+03 2.870000000000000000e+03
5.362000000000000000e+03 2.963000000000000000e+03
5.284000000000000000e+03 3.061000000000000000e+03
5.228000000000000000e+03 3.018000000000000000e+03
5.291000000000000000e+03 3.001000000000000000e+03
5.926000000000000000e+03 2.933000000000000000e+03
5.954000000000000000e+03 2.881000000000000000e+03
5.752000000000000000e+03 2.868000000000000000e+03
5.893000000000000000e+03 2.888000000000000000e+03
6.028000000000000000e+03 2.876000000000000000e+03
6.073000000000000000e+03 2.872000000000000000e+03
6.125000000000000000e+03 2.951000000000000000e+03
6.163000000000000000e+03 2.975000000000000000e+03
5.567000000000000000e+03 2.990000000000000000e+03
5.350000000000000000e+03 2.681000000000000000e+03
5.538000000000000000e+03 2.973000000000000000e+03
5.416000000000000000e+03 3.030000000000000000e+03
5.789000000000000000e+03 2.983000000000000000e+03
5.854000000000000000e+03 2.968000000000000000e+03
5.829000000000000000e+03 2.952000000000000000e+03
5.647000000000000000e+03 3.006000000000000000e+03
6.101000000000000000e+03 2.764000000000000000e+03
6.038000000000000000e+03 2.685000000000000000e+03
6.067000000000000000e+03 2.614000000000000000e+03
6.130000000000000000e+03 2.609000000000000000e+03
5.854000000000000000e+03 2.545000000000000000e+03
5.956000000000000000e+03 2.566000000000000000e+03
5.571000000000000000e+03 2.595000000000000000e+03
5.700000000000000000e+03 2.559000000000000000e+03
5.239000000000000000e+03 3.231000000000000000e+03
5.848000000000000000e+03 2.841000000000000000e+03
5.983000000000000000e+03 2.823000000000000000e+03
5.769000000000000000e+03 2.783000000000000000e+03
5.713000000000000000e+03 2.812000000000000000e+03
5.612000000000000000e+03 2.780000000000000000e+03
5.697000000000000000e+03 2.766000000000000000e+03
5.370000000000000000e+03 2.758000000000000000e+03
5.401000000000000000e+03 2.809000000000000000e+03
5.413000000000000000e+03 2.768000000000000000e+03
5.555000000000000000e+03 2.808000000000000000e+03
5.311000000000000000e+03 2.775000000000000000e+03
5.346000000000000000e+03 3.366000000000000000e+03
5.298000000000000000e+03 2.756000000000000000e+03
5.353000000000000000e+03 2.798000000000000000e+03
5.745000000000000000e+03 2.615000000000000000e+03
5.381000000000000000e+03 4.100000000000000000e+03
5.732000000000000000e+03 2.664000000000000000e+03
5.708000000000000000e+03 2.666000000000000000e+03
5.874000000000000000e+03 2.649000000000000000e+03
5.788000000000000000e+03 2.671000000000000000e+03
5.935000000000000000e+03 2.693000000000000000e+03
5.986000000000000000e+03 2.712000000000000000e+03
5.391000000000000000e+03 2.616000000000000000e+03
5.370000000000000000e+03 2.699000000000000000e+03
5.526000000000000000e+03 2.695000000000000000e+03
5.488000000000000000e+03 2.707000000000000000e+03
5.652000000000000000e+03 2.575000000000000000e+03
5.437000000000000000e+03 3.664000000000000000e+03
5.579000000000000000e+03 2.673000000000000000e+03
5.622000000000000000e+03 2.672000000000000000e+03
5.875000000000000000e+03 3.197000000000000000e+03
5.656000000000000000e+03 3.101000000000000000e+03
5.541000000000000000e+03 3.114000000000000000e+03
5.625000000000000000e+03 3.074000000000000000e+03
5.765000000000000000e+03 3.063000000000000000e+03
5.755000000000000000e+03 3.069000000000000000e+03
5.978000000000000000e+03 3.107000000000000000e+03
5.001000000000000000e+03 3.081000000000000000e+03
5.032000000000000000e+03 3.147000000000000000e+03
5.261000000000000000e+03 3.838000000000000000e+03
5.279000000000000000e+03 3.787000000000000000e+03
5.240000000000000000e+03 3.446000000000000000e+03
5.244000000000000000e+03 3.523000000000000000e+03
4.877000000000000000e+03 2.795000000000000000e+03
5.022000000000000000e+03 2.950000000000000000e+03
5.424000000000000000e+03 3.161000000000000000e+03
5.467000000000000000e+03 3.204000000000000000e+03
5.358000000000000000e+03 3.193000000000000000e+03
5.466000000000000000e+03 3.218000000000000000e+03
5.227000000000000000e+03 3.056000000000000000e+03
5.241000000000000000e+03 3.169000000000000000e+03
5.036000000000000000e+03 2.809000000000000000e+03
5.244000000000000000e+03 3.276000000000000000e+03
5.786000000000000000e+03 3.182000000000000000e+03
5.768000000000000000e+03 3.166000000000000000e+03
5.999000000000000000e+03 3.255000000000000000e+03
5.923000000000000000e+03 3.141000000000000000e+03
5.673000000000000000e+03 3.168000000000000000e+03
5.612000000000000000e+03 3.144000000000000000e+03
5.659000000000000000e+03 3.171000000000000000e+03
5.589000000000000000e+03 3.198000000000000000e+03
5.122000000000000000e+03 3.902000000000000000e+03
5.304000000000000000e+03 3.978000000000000000e+03
4.409000000000000000e+03 1.576000000000000000e+03
5.051000000000000000e+03 3.220000000000000000e+03
6.072000000000000000e+03 3.023000000000000000e+03
6.126000000000000000e+03 3.100000000000000000e+03
6.186000000000000000e+03 3.173000000000000000e+03
6.202000000000000000e+03 3.106000000000000000e+03
5.426000000000000000e+03 3.849000000000000000e+03
5.339000000000000000e+03 3.945000000000000000e+03
5.350000000000000000e+03 3.801000000000000000e+03
5.509000000000000000e+03 3.879000000000000000e+03
5.928000000000000000e+03 3.806000000000000000e+03
5.751000000000000000e+03 3.878000000000000000e+03
5.585000000000000000e+03 3.901000000000000000e+03
5.630000000000000000e+03 3.873000000000000000e+03
5.899000000000000000e+03 3.035000000000000000e+03
5.563000000000000000e+03 2.950000000000000000e+03
5.366000000000000000e+03 3.045000000000000000e+03
5.162000000000000000e+03 2.837000000000000000e+03
5.418000000000000000e+03 3.734000000000000000e+03
5.600000000000000000e+03 3.928000000000000000e+03
5.352000000000000000e+03 4.109000000000000000e+03
5.482000000000000000e+03 3.896000000000000000e+03
5.667000000000000000e+03 3.932000000000000000e+03
5.544000000000000000e+03 3.891000000000000000e+03
5.516000000000000000e+03 3.993000000000000000e+03
5.458000000000000000e+03 3.905000000000000000e+03
5.887000000000000000e+03 3.727000000000000000e+03
5.948000000000000000e+03 3.801000000000000000e+03
6.146000000000000000e+03 3.320000000000000000e+03
6.018000000000000000e+03 3.213000000000000000e+03
2.198000000000000000e+03 2.274000000000000000e+03
3.048000000000000000e+03 5.560000000000000000e+02
2.493000000000000000e+03 6.620000000000000000e+02
5.074000000000000000e+03 3.636000000000000000e+03
5.326000000000000000e+03 3.591000000000000000e+03
2.232000000000000000e+03 4.817000000000000000e+03
2.170000000000000000e+03 4.832000000000000000e+03
2.692000000000000000e+03 1.580000000000000000e+02
2.703000000000000000e+03 1.360000000000000000e+02
2.724000000000000000e+03 1.810000000000000000e+02
2.823000000000000000e+03 2.020000000000000000e+02
3.461000000000000000e+03 5.500000000000000000e+02
3.398000000000000000e+03 5.770000000000000000e+02
2.850000000000000000e+03 1.320000000000000000e+02
2.924000000000000000e+03 1.370000000000000000e+02
1.911000000000000000e+03 5.023000000000000000e+03
1.905000000000000000e+03 5.036000000000000000e+03
1.938000000000000000e+03 5.075000000000000000e+03
2.031000000000000000e+03 4.959000000000000000e+03
2.719000000000000000e+03 4.941000000000000000e+03
2.852000000000000000e+03 4.933000000000000000e+03
2.921000000000000000e+03 4.862000000000000000e+03
2.147000000000000000e+03 5.029000000000000000e+03
2.083000000000000000e+03 4.850000000000000000e+03
1.980000000000000000e+03 4.853000000000000000e+03
3.475000000000000000e+03 4.887000000000000000e+03
1.966000000000000000e+03 4.949000000000000000e+03
1.738000000000000000e+03 4.943000000000000000e+03
1.721000000000000000e+03 4.919000000000000000e+03
1.881000000000000000e+03 4.875000000000000000e+03
1.854000000000000000e+03 4.854000000000000000e+03
2.306000000000000000e+03 4.935000000000000000e+03
2.276000000000000000e+03 4.921000000000000000e+03
2.465000000000000000e+03 4.882000000000000000e+03
2.633000000000000000e+03 4.875000000000000000e+03
3.851000000000000000e+03 4.891000000000000000e+03
4.345000000000000000e+03 4.096000000000000000e+03
2.544000000000000000e+03 4.837000000000000000e+03
2.375000000000000000e+03 5.118000000000000000e+03
2.269000000000000000e+03 5.094000000000000000e+03
2.460000000000000000e+03 5.162000000000000000e+03
2.293000000000000000e+03 5.101000000000000000e+03
2.653000000000000000e+03 5.086000000000000000e+03
2.571000000000000000e+03 5.109000000000000000e+03
3.250000000000000000e+03 4.904000000000000000e+03
2.578000000000000000e+03 5.014000000000000000e+03
3.261000000000000000e+03 3.579000000000000000e+03
4.148000000000000000e+03 3.262000000000000000e+03
3.506000000000000000e+03 2.778000000000000000e+03
3.544000000000000000e+03 3.488000000000000000e+03
1.966000000000000000e+03 3.832000000000000000e+03
2.026000000000000000e+03 3.888000000000000000e+03
2.088000000000000000e+03 2.452000000000000000e+03
3.418000000000000000e+03 3.061000000000000000e+03
3.439000000000000000e+03 3.787000000000000000e+03
2.646000000000000000e+03 2.356000000000000000e+03
4.772000000000000000e+03 4.300000000000000000e+03
2.471000000000000000e+03 4.719000000000000000e+03
3.363000000000000000e+03 3.337000000000000000e+03
4.398000000000000000e+03 3.712000000000000000e+03
2.806000000000000000e+03 3.597000000000000000e+03
4.974000000000000000e+03 3.660000000000000000e+03
7.298000000000000000e+03 2.841000000000000000e+03
7.319000000000000000e+03 3.087000000000000000e+03
7.299000000000000000e+03 3.030000000000000000e+03
7.233000000000000000e+03 3.082000000000000000e+03
7.254000000000000000e+03 3.082000000000000000e+03
7.256000000000000000e+03 3.065000000000000000e+03
7.273000000000000000e+03 3.110000000000000000e+03
7.338000000000000000e+03 2.734000000000000000e+03
7.391000000000000000e+03 2.792000000000000000e+03
7.390000000000000000e+03 2.617000000000000000e+03
7.372000000000000000e+03 2.427000000000000000e+03
7.446000000000000000e+03 2.442000000000000000e+03
7.100000000000000000e+03 2.763000000000000000e+03
7.380000000000000000e+03 2.420000000000000000e+03
7.361000000000000000e+03 2.759000000000000000e+03
7.281000000000000000e+03 2.500000000000000000e+03
7.385000000000000000e+03 2.408000000000000000e+03
7.360000000000000000e+03 2.412000000000000000e+03
7.405000000000000000e+03 2.356000000000000000e+03
7.431000000000000000e+03 2.475000000000000000e+03
7.255000000000000000e+03 2.439000000000000000e+03
7.263000000000000000e+03 2.489000000000000000e+03
7.386000000000000000e+03 2.726000000000000000e+03
7.411000000000000000e+03 2.465000000000000000e+03
7.415000000000000000e+03 2.620000000000000000e+03
7.293000000000000000e+03 2.488000000000000000e+03
7.364000000000000000e+03 2.642000000000000000e+03
7.385000000000000000e+03 2.735000000000000000e+03
7.396000000000000000e+03 2.944000000000000000e+03
7.326000000000000000e+03 2.763000000000000000e+03
7.310000000000000000e+03 2.801000000000000000e+03
7.325000000000000000e+03 3.714000000000000000e+03
7.259000000000000000e+03 3.660000000000000000e+03
7.214000000000000000e+03 3.697000000000000000e+03
7.308000000000000000e+03 3.820000000000000000e+03
7.097000000000000000e+03 3.161000000000000000e+03
7.412000000000000000e+03 3.040000000000000000e+03
7.427000000000000000e+03 4.433000000000000000e+03
7.389000000000000000e+03 4.065000000000000000e+03
7.329000000000000000e+03 4.881000000000000000e+03
7.362000000000000000e+03 4.236000000000000000e+03
7.295000000000000000e+03 3.985000000000000000e+03
7.198000000000000000e+03 3.893000000000000000e+03
7.067000000000000000e+03 5.395000000000000000e+03
7.330000000000000000e+03 5.008000000000000000e+03
7.310000000000000000e+03 4.727000000000000000e+03
7.326000000000000000e+03 5.073000000000000000e+03
7.207000000000000000e+03 3.298000000000000000e+03
7.313000000000000000e+03 3.314000000000000000e+03
7.254000000000000000e+03 3.227000000000000000e+03
7.256000000000000000e+03 3.279000000000000000e+03
7.175000000000000000e+03 3.704000000000000000e+03
7.368000000000000000e+03 3.367000000000000000e+03
7.284000000000000000e+03 3.539000000000000000e+03
7.365000000000000000e+03 3.524000000000000000e+03
7.250000000000000000e+03 3.210000000000000000e+03
7.353000000000000000e+03 3.191000000000000000e+03
7.277000000000000000e+03 3.189000000000000000e+03
7.350000000000000000e+03 3.256000000000000000e+03
7.232000000000000000e+03 3.191000000000000000e+03
7.313000000000000000e+03 3.152000000000000000e+03
7.365000000000000000e+03 3.125000000000000000e+03
7.223000000000000000e+03 3.156000000000000000e+03
6.302000000000000000e+03 5.418000000000000000e+03
6.628000000000000000e+03 5.260000000000000000e+03
6.571000000000000000e+03 5.245000000000000000e+03
6.650000000000000000e+03 5.249000000000000000e+03
6.862000000000000000e+03 5.172000000000000000e+03
6.762000000000000000e+03 5.237000000000000000e+03
6.729000000000000000e+03 5.206000000000000000e+03
6.285000000000000000e+03 5.382000000000000000e+03
6.580000000000000000e+03 5.166000000000000000e+03
6.522000000000000000e+03 5.379000000000000000e+03
6.381000000000000000e+03 5.303000000000000000e+03
5.944000000000000000e+03 5.540000000000000000e+03
6.229000000000000000e+03 5.290000000000000000e+03
6.409000000000000000e+03 5.131000000000000000e+03
6.303000000000000000e+03 5.310000000000000000e+03
7.112000000000000000e+03 5.219000000000000000e+03
7.090000000000000000e+03 5.108000000000000000e+03
7.065000000000000000e+03 5.216000000000000000e+03
7.028000000000000000e+03 5.208000000000000000e+03
6.886000000000000000e+03 5.268000000000000000e+03
6.824000000000000000e+03 5.312000000000000000e+03
6.960000000000000000e+03 5.218000000000000000e+03
6.948000000000000000e+03 5.260000000000000000e+03
6.737000000000000000e+03 5.131000000000000000e+03
6.868000000000000000e+03 5.079000000000000000e+03
6.654000000000000000e+03 5.100000000000000000e+03
6.784000000000000000e+03 5.040000000000000000e+03
6.491000000000000000e+03 5.248000000000000000e+03
6.416000000000000000e+03 5.265000000000000000e+03
6.583000000000000000e+03 5.135000000000000000e+03
6.595000000000000000e+03 5.118000000000000000e+03
6.824000000000000000e+03 5.340000000000000000e+03
7.379000000000000000e+03 5.480000000000000000e+03
6.958000000000000000e+03 5.501000000000000000e+03
6.879000000000000000e+03 5.529000000000000000e+03
6.878000000000000000e+03 5.406000000000000000e+03
6.956000000000000000e+03 5.401000000000000000e+03
7.037000000000000000e+03 5.407000000000000000e+03
7.435000000000000000e+03 5.468000000000000000e+03
7.432000000000000000e+03 5.373000000000000000e+03
7.381000000000000000e+03 5.369000000000000000e+03
7.376000000000000000e+03 5.301000000000000000e+03
7.315000000000000000e+03 5.284000000000000000e+03
7.294000000000000000e+03 5.287000000000000000e+03
7.275000000000000000e+03 5.224000000000000000e+03
7.216000000000000000e+03 5.222000000000000000e+03
7.244000000000000000e+03 5.496000000000000000e+03
7.241000000000000000e+03 5.409000000000000000e+03
7.078000000000000000e+03 5.391000000000000000e+03
7.164000000000000000e+03 5.382000000000000000e+03
4.948000000000000000e+03 5.289000000000000000e+03
5.061000000000000000e+03 5.308000000000000000e+03
6.560000000000000000e+03 5.387000000000000000e+03
4.687000000000000000e+03 5.341000000000000000e+03
7.093000000000000000e+03 5.615000000000000000e+03
7.113000000000000000e+03 5.572000000000000000e+03
7.193000000000000000e+03 5.649000000000000000e+03
7.193000000000000000e+03 5.620000000000000000e+03
6.886000000000000000e+03 5.595000000000000000e+03
6.851000000000000000e+03 5.533000000000000000e+03
7.019000000000000000e+03 5.555000000000000000e+03
6.906000000000000000e+03 5.528000000000000000e+03
5.640000000000000000e+03 5.255000000000000000e+03
5.686000000000000000e+03 5.608000000000000000e+03
5.624000000000000000e+03 5.088000000000000000e+03
5.424000000000000000e+03 5.180000000000000000e+03
5.530000000000000000e+03 5.197000000000000000e+03
5.572000000000000000e+03 5.491000000000000000e+03
5.688000000000000000e+03 5.497000000000000000e+03
5.663000000000000000e+03 4.963000000000000000e+03
5.487000000000000000e+03 4.974000000000000000e+03
5.567000000000000000e+03 5.000000000000000000e+03
5.591000000000000000e+03 5.149000000000000000e+03
5.398000000000000000e+03 4.837000000000000000e+03
5.441000000000000000e+03 4.911000000000000000e+03
5.293000000000000000e+03 4.889000000000000000e+03
5.351000000000000000e+03 4.907000000000000000e+03
5.891000000000000000e+03 5.060000000000000000e+03
5.885000000000000000e+03 5.067000000000000000e+03
5.908000000000000000e+03 5.159000000000000000e+03
6.031000000000000000e+03 5.136000000000000000e+03
5.797000000000000000e+03 5.060000000000000000e+03
5.771000000000000000e+03 4.986000000000000000e+03
5.579000000000000000e+03 4.869000000000000000e+03
5.655000000000000000e+03 4.965000000000000000e+03
5.985000000000000000e+03 5.293000000000000000e+03
5.972000000000000000e+03 5.251000000000000000e+03
5.935000000000000000e+03 5.309000000000000000e+03
5.802000000000000000e+03 5.324000000000000000e+03
5.711000000000000000e+03 5.240000000000000000e+03
5.866000000000000000e+03 5.318000000000000000e+03
5.688000000000000000e+03 5.039000000000000000e+03
5.699000000000000000e+03 5.164000000000000000e+03
7.378000000000000000e+03 5.668000000000000000e+03
7.407000000000000000e+03 5.677000000000000000e+03
7.310000000000000000e+03 5.603000000000000000e+03
7.404000000000000000e+03 5.558000000000000000e+03
7.377000000000000000e+03 5.762000000000000000e+03
7.293000000000000000e+03 5.852000000000000000e+03
7.309000000000000000e+03 5.975000000000000000e+03
7.342000000000000000e+03 5.857000000000000000e+03
7.158000000000000000e+03 5.816000000000000000e+03
7.249000000000000000e+03 5.803000000000000000e+03
7.212000000000000000e+03 5.920000000000000000e+03
7.132000000000000000e+03 5.960000000000000000e+03
7.203000000000000000e+03 6.037000000000000000e+03
7.209000000000000000e+03 6.013000000000000000e+03
7.200000000000000000e+03 6.232000000000000000e+03
7.235000000000000000e+03 6.162000000000000000e+03
6.663000000000000000e+03 5.505000000000000000e+03
6.584000000000000000e+03 5.572000000000000000e+03
6.565000000000000000e+03 5.491000000000000000e+03
6.619000000000000000e+03 5.432000000000000000e+03
6.334000000000000000e+03 5.498000000000000000e+03
6.253000000000000000e+03 5.509000000000000000e+03
6.379000000000000000e+03 5.439000000000000000e+03
6.468000000000000000e+03 5.474000000000000000e+03
6.396000000000000000e+03 5.623000000000000000e+03
6.389000000000000000e+03 5.531000000000000000e+03
6.461000000000000000e+03 5.626000000000000000e+03
6.528000000000000000e+03 5.623000000000000000e+03
6.168000000000000000e+03 5.510000000000000000e+03
6.152000000000000000e+03 5.612000000000000000e+03
6.298000000000000000e+03 5.645000000000000000e+03
6.195000000000000000e+03 5.551000000000000000e+03
5.341000000000000000e+03 5.321000000000000000e+03
5.172000000000000000e+03 5.331000000000000000e+03
5.411000000000000000e+03 5.332000000000000000e+03
5.706000000000000000e+03 5.373000000000000000e+03
5.494000000000000000e+03 5.456000000000000000e+03
5.218000000000000000e+03 5.514000000000000000e+03
5.388000000000000000e+03 5.456000000000000000e+03
5.361000000000000000e+03 5.462000000000000000e+03
5.473000000000000000e+03 5.426000000000000000e+03
5.510000000000000000e+03 5.378000000000000000e+03
5.476000000000000000e+03 5.281000000000000000e+03
5.357000000000000000e+03 5.343000000000000000e+03
5.261000000000000000e+03 5.255000000000000000e+03
5.412000000000000000e+03 5.278000000000000000e+03
5.541000000000000000e+03 5.274000000000000000e+03
5.427000000000000000e+03 5.368000000000000000e+03
5.423000000000000000e+03 5.388000000000000000e+03
5.020000000000000000e+03 5.493000000000000000e+03
5.083000000000000000e+03 5.433000000000000000e+03
5.231000000000000000e+03 5.588000000000000000e+03
5.178000000000000000e+03 5.703000000000000000e+03
5.115000000000000000e+03 5.570000000000000000e+03
5.056000000000000000e+03 5.561000000000000000e+03
5.389000000000000000e+03 5.583000000000000000e+03
5.350000000000000000e+03 5.655000000000000000e+03
5.437000000000000000e+03 5.580000000000000000e+03
5.455000000000000000e+03 5.732000000000000000e+03
5.595000000000000000e+03 5.367000000000000000e+03
5.588000000000000000e+03 5.449000000000000000e+03
5.513000000000000000e+03 5.554000000000000000e+03
5.609000000000000000e+03 5.515000000000000000e+03
4.925000000000000000e+03 5.405000000000000000e+03
4.729000000000000000e+03 5.297000000000000000e+03
4.773000000000000000e+03 5.264000000000000000e+03
4.770000000000000000e+03 5.430000000000000000e+03
4.700000000000000000e+03 5.358000000000000000e+03
4.908000000000000000e+03 5.408000000000000000e+03
4.834000000000000000e+03 5.495000000000000000e+03
5.292000000000000000e+03 5.094000000000000000e+03
5.466000000000000000e+03 5.108000000000000000e+03
5.393000000000000000e+03 5.099000000000000000e+03
5.445000000000000000e+03 5.169000000000000000e+03
5.183000000000000000e+03 5.116000000000000000e+03
5.150000000000000000e+03 5.017000000000000000e+03
5.232000000000000000e+03 4.908000000000000000e+03
5.207000000000000000e+03 4.993000000000000000e+03
5.141000000000000000e+03 5.180000000000000000e+03
4.996000000000000000e+03 5.097000000000000000e+03
5.008000000000000000e+03 5.149000000000000000e+03
5.072000000000000000e+03 5.215000000000000000e+03
4.978000000000000000e+03 4.899000000000000000e+03
4.941000000000000000e+03 4.816000000000000000e+03
4.973000000000000000e+03 4.957000000000000000e+03
5.002000000000000000e+03 5.014000000000000000e+03
4.805000000000000000e+03 5.009000000000000000e+03
4.808000000000000000e+03 4.927000000000000000e+03
4.878000000000000000e+03 4.890000000000000000e+03
5.076000000000000000e+03 4.900000000000000000e+03
4.963000000000000000e+03 5.100000000000000000e+03
4.848000000000000000e+03 5.118000000000000000e+03
4.936000000000000000e+03 5.165000000000000000e+03
4.759000000000000000e+03 5.117000000000000000e+03
6.100000000000000000e+03 4.867000000000000000e+03
6.095000000000000000e+03 5.042000000000000000e+03
6.114000000000000000e+03 5.015000000000000000e+03
6.088000000000000000e+03 4.755000000000000000e+03
6.141000000000000000e+03 4.604000000000000000e+03
6.101000000000000000e+03 4.845000000000000000e+03
6.092000000000000000e+03 4.826000000000000000e+03
5.759000000000000000e+03 4.766000000000000000e+03
5.929000000000000000e+03 4.733000000000000000e+03
5.959000000000000000e+03 4.630000000000000000e+03
6.094000000000000000e+03 4.544000000000000000e+03
5.799000000000000000e+03 4.977000000000000000e+03
6.008000000000000000e+03 4.810000000000000000e+03
5.966000000000000000e+03 4.838000000000000000e+03
5.737000000000000000e+03 4.896000000000000000e+03
5.655000000000000000e+03 4.646000000000000000e+03
5.525000000000000000e+03 4.648000000000000000e+03
5.480000000000000000e+03 4.568000000000000000e+03
5.480000000000000000e+03 4.620000000000000000e+03
5.715000000000000000e+03 4.461000000000000000e+03
5.763000000000000000e+03 4.416000000000000000e+03
5.519000000000000000e+03 4.496000000000000000e+03
5.445000000000000000e+03 4.515000000000000000e+03
5.819000000000000000e+03 4.580000000000000000e+03
5.718000000000000000e+03 4.596000000000000000e+03
5.716000000000000000e+03 4.720000000000000000e+03
5.763000000000000000e+03 4.780000000000000000e+03
5.775000000000000000e+03 4.590000000000000000e+03
5.771000000000000000e+03 4.604000000000000000e+03
5.870000000000000000e+03 4.546000000000000000e+03
5.800000000000000000e+03 4.475000000000000000e+03
5.763000000000000000e+03 4.351000000000000000e+03
5.861000000000000000e+03 4.231000000000000000e+03
5.663000000000000000e+03 4.058000000000000000e+03
5.599000000000000000e+03 4.083000000000000000e+03
5.780000000000000000e+03 4.148000000000000000e+03
5.767000000000000000e+03 4.226000000000000000e+03
5.779000000000000000e+03 4.056000000000000000e+03
5.956000000000000000e+03 3.998000000000000000e+03
6.113000000000000000e+03 4.070000000000000000e+03
6.222000000000000000e+03 3.967000000000000000e+03
6.128000000000000000e+03 4.332000000000000000e+03
6.217000000000000000e+03 4.216000000000000000e+03
6.059000000000000000e+03 3.953000000000000000e+03
5.587000000000000000e+03 4.138000000000000000e+03
5.606000000000000000e+03 4.212000000000000000e+03
5.552000000000000000e+03 4.147000000000000000e+03
6.044000000000000000e+03 4.455000000000000000e+03
6.032000000000000000e+03 4.361000000000000000e+03
6.057000000000000000e+03 4.194000000000000000e+03
5.970000000000000000e+03 4.297000000000000000e+03
5.876000000000000000e+03 4.222000000000000000e+03
5.955000000000000000e+03 4.084000000000000000e+03
6.041000000000000000e+03 4.498000000000000000e+03
5.975000000000000000e+03 4.420000000000000000e+03
5.706000000000000000e+03 4.292000000000000000e+03
5.567000000000000000e+03 4.307000000000000000e+03
5.514000000000000000e+03 4.282000000000000000e+03
5.471000000000000000e+03 4.300000000000000000e+03
5.429000000000000000e+03 4.365000000000000000e+03
5.487000000000000000e+03 4.400000000000000000e+03
5.819000000000000000e+03 4.357000000000000000e+03
5.559000000000000000e+03 4.424000000000000000e+03
4.724000000000000000e+03 7.253000000000000000e+03
6.667000000000000000e+03 7.271000000000000000e+03
6.953000000000000000e+03 7.136000000000000000e+03
4.583000000000000000e+03 6.746000000000000000e+03
4.905000000000000000e+03 6.793000000000000000e+03
5.037000000000000000e+03 6.816000000000000000e+03
4.729000000000000000e+03 6.765000000000000000e+03
5.050000000000000000e+03 7.136000000000000000e+03
4.920000000000000000e+03 6.851000000000000000e+03
5.752000000000000000e+03 6.876000000000000000e+03
5.123000000000000000e+03 6.967000000000000000e+03
4.879000000000000000e+03 7.030000000000000000e+03
5.103000000000000000e+03 7.073000000000000000e+03
5.034000000000000000e+03 7.120000000000000000e+03
4.595000000000000000e+03 7.121000000000000000e+03
7.375000000000000000e+03 7.418000000000000000e+03
6.685000000000000000e+03 7.226000000000000000e+03
7.420000000000000000e+03 7.392000000000000000e+03
7.283000000000000000e+03 7.420000000000000000e+03
7.062000000000000000e+03 7.050000000000000000e+03
7.133000000000000000e+03 6.969000000000000000e+03
6.339000000000000000e+03 7.237000000000000000e+03
6.369000000000000000e+03 6.893000000000000000e+03
5.500000000000000000e+03 6.550000000000000000e+03
5.385000000000000000e+03 6.504000000000000000e+03
5.524000000000000000e+03 6.621000000000000000e+03
5.514000000000000000e+03 6.695000000000000000e+03
5.267000000000000000e+03 6.615000000000000000e+03
5.351000000000000000e+03 6.648000000000000000e+03
5.332000000000000000e+03 6.585000000000000000e+03
5.405000000000000000e+03 6.504000000000000000e+03
6.530000000000000000e+02 7.331000000000000000e+03
8.240000000000000000e+02 7.237000000000000000e+03
7.250000000000000000e+02 7.321000000000000000e+03
4.760000000000000000e+02 7.395000000000000000e+03
3.830000000000000000e+02 7.433000000000000000e+03
3.050000000000000000e+03 6.996000000000000000e+03
1.127000000000000000e+03 7.060000000000000000e+03
4.933000000000000000e+03 7.060000000000000000e+03
4.896000000000000000e+03 6.989000000000000000e+03
4.799000000000000000e+03 6.989000000000000000e+03
4.871000000000000000e+03 7.009000000000000000e+03
4.779000000000000000e+03 6.878000000000000000e+03
4.819000000000000000e+03 6.901000000000000000e+03
4.660000000000000000e+03 6.767000000000000000e+03
4.744000000000000000e+03 6.777000000000000000e+03
8.800000000000000000e+02 7.279000000000000000e+03
9.110000000000000000e+02 7.139000000000000000e+03
8.140000000000000000e+02 7.269000000000000000e+03
8.180000000000000000e+02 7.342000000000000000e+03
9.470000000000000000e+02 7.211000000000000000e+03
8.350000000000000000e+02 7.257000000000000000e+03
1.080000000000000000e+03 7.120000000000000000e+03
1.070000000000000000e+03 6.985000000000000000e+03
2.248000000000000000e+03 6.012000000000000000e+03
2.272000000000000000e+03 6.180000000000000000e+03
2.635000000000000000e+03 6.332000000000000000e+03
2.697000000000000000e+03 6.491000000000000000e+03
3.741000000000000000e+03 6.874000000000000000e+03
3.476000000000000000e+03 6.489000000000000000e+03
1.958000000000000000e+03 6.309000000000000000e+03
1.749000000000000000e+03 6.499000000000000000e+03
6.220000000000000000e+03 7.446000000000000000e+03
6.207000000000000000e+03 7.454000000000000000e+03
6.287000000000000000e+03 7.442000000000000000e+03
6.647000000000000000e+03 7.463000000000000000e+03
6.549000000000000000e+03 7.454000000000000000e+03
6.641000000000000000e+03 7.456000000000000000e+03
6.743000000000000000e+03 7.470000000000000000e+03
5.126000000000000000e+03 6.656000000000000000e+03
5.172000000000000000e+03 6.692000000000000000e+03
5.197000000000000000e+03 6.565000000000000000e+03
5.209000000000000000e+03 6.547000000000000000e+03
5.546000000000000000e+03 6.144000000000000000e+03
5.430000000000000000e+03 6.309000000000000000e+03
5.309000000000000000e+03 6.390000000000000000e+03
5.351000000000000000e+03 6.383000000000000000e+03
5.247000000000000000e+03 6.898000000000000000e+03
5.202000000000000000e+03 6.856000000000000000e+03
5.239000000000000000e+03 6.936000000000000000e+03
5.381000000000000000e+03 6.959000000000000000e+03
5.391000000000000000e+03 6.942000000000000000e+03
5.533000000000000000e+03 6.937000000000000000e+03
5.536000000000000000e+03 6.942000000000000000e+03
5.513000000000000000e+03 6.902000000000000000e+03
5.769000000000000000e+03 5.655000000000000000e+03
6.777000000000000000e+03 6.270000000000000000e+03
5.782000000000000000e+03 6.196000000000000000e+03
6.789000000000000000e+03 6.479000000000000000e+03
5.959000000000000000e+03 5.639000000000000000e+03
5.886000000000000000e+03 6.932000000000000000e+03
6.204000000000000000e+03 5.966000000000000000e+03
6.065000000000000000e+03 5.424000000000000000e+03
5.692000000000000000e+03 6.480000000000000000e+03
5.475000000000000000e+03 6.229000000000000000e+03
5.671000000000000000e+03 6.689000000000000000e+03
5.596000000000000000e+03 6.421000000000000000e+03
5.314000000000000000e+03 7.265000000000000000e+03
5.223000000000000000e+03 7.226000000000000000e+03
5.370000000000000000e+03 7.234000000000000000e+03
5.467000000000000000e+03 7.030000000000000000e+03
5.530000000000000000e+03 7.325000000000000000e+03
5.601000000000000000e+03 7.277000000000000000e+03
5.373000000000000000e+03 7.410000000000000000e+03
5.229000000000000000e+03 7.371000000000000000e+03
5.439000000000000000e+03 6.590000000000000000e+03
5.406000000000000000e+03 6.569000000000000000e+03
5.402000000000000000e+03 6.754000000000000000e+03
5.299000000000000000e+03 6.845000000000000000e+03
5.869000000000000000e+03 7.428000000000000000e+03
5.891000000000000000e+03 7.465000000000000000e+03
5.569000000000000000e+03 7.462000000000000000e+03
5.677000000000000000e+03 7.462000000000000000e+03
5.568000000000000000e+03 7.461000000000000000e+03
5.465000000000000000e+03 7.482000000000000000e+03
5.239000000000000000e+03 7.469000000000000000e+03
5.702000000000000000e+03 7.463000000000000000e+03
5.479000000000000000e+03 7.130000000000000000e+03
5.562000000000000000e+03 6.836000000000000000e+03
5.690000000000000000e+03 7.341000000000000000e+03
5.636000000000000000e+03 7.281000000000000000e+03
5.675000000000000000e+03 6.148000000000000000e+03
5.382000000000000000e+03 7.066000000000000000e+03
5.246000000000000000e+03 7.074000000000000000e+03
5.258000000000000000e+03 7.115000000000000000e+03
1.748000000000000000e+03 5.723000000000000000e+03
4.800000000000000000e+03 7.124000000000000000e+03
4.803000000000000000e+03 7.201000000000000000e+03
1.368000000000000000e+03 5.486000000000000000e+03
1.355000000000000000e+03 5.525000000000000000e+03
1.309000000000000000e+03 5.529000000000000000e+03
1.159000000000000000e+03 5.551000000000000000e+03
4.742000000000000000e+03 6.712000000000000000e+03
4.674000000000000000e+03 6.725000000000000000e+03
4.669000000000000000e+03 6.571000000000000000e+03
4.711000000000000000e+03 6.618000000000000000e+03
4.662000000000000000e+03 6.406000000000000000e+03
4.693000000000000000e+03 6.320000000000000000e+03
4.762000000000000000e+03 6.201000000000000000e+03
4.768000000000000000e+03 6.272000000000000000e+03
4.008000000000000000e+03 6.739000000000000000e+03
1.433000000000000000e+03 5.639000000000000000e+03
1.298000000000000000e+03 5.350000000000000000e+03
1.318000000000000000e+03 5.409000000000000000e+03
4.638000000000000000e+03 6.108000000000000000e+03
4.688000000000000000e+03 6.146000000000000000e+03
2.570000000000000000e+03 6.035000000000000000e+03
1.523000000000000000e+03 5.414000000000000000e+03
4.263000000000000000e+03 7.076000000000000000e+03
3.320000000000000000e+03 6.544000000000000000e+03
4.451000000000000000e+03 7.101000000000000000e+03
4.676000000000000000e+03 6.550000000000000000e+03
4.265000000000000000e+03 6.521000000000000000e+03
3.256000000000000000e+03 5.806000000000000000e+03
3.219000000000000000e+03 6.329000000000000000e+03
3.425000000000000000e+03 6.389000000000000000e+03
4.402000000000000000e+03 5.708000000000000000e+03
4.581000000000000000e+03 5.626000000000000000e+03
4.641000000000000000e+03 5.589000000000000000e+03
4.875000000000000000e+03 5.455000000000000000e+03
4.944000000000000000e+03 5.741000000000000000e+03
4.646000000000000000e+03 5.726000000000000000e+03
4.739000000000000000e+03 5.728000000000000000e+03
2.999000000000000000e+03 5.230000000000000000e+03
2.408000000000000000e+03 5.228000000000000000e+03
3.015000000000000000e+03 5.304000000000000000e+03
1.886000000000000000e+03 5.330000000000000000e+03
1.803000000000000000e+03 5.434000000000000000e+03
1.860000000000000000e+03 5.414000000000000000e+03
2.414000000000000000e+03 5.406000000000000000e+03
1.768000000000000000e+03 5.389000000000000000e+03
5.002000000000000000e+03 6.518000000000000000e+03
5.008000000000000000e+03 6.587000000000000000e+03
4.893000000000000000e+03 6.630000000000000000e+03
4.826000000000000000e+03 6.592000000000000000e+03
5.048000000000000000e+03 6.458000000000000000e+03
5.014000000000000000e+03 6.382000000000000000e+03
4.905000000000000000e+03 6.458000000000000000e+03
4.852000000000000000e+03 6.513000000000000000e+03
4.977000000000000000e+03 6.252000000000000000e+03
5.038000000000000000e+03 6.246000000000000000e+03
5.144000000000000000e+03 6.382000000000000000e+03
5.108000000000000000e+03 6.298000000000000000e+03
4.840000000000000000e+03 6.361000000000000000e+03
4.844000000000000000e+03 6.442000000000000000e+03
4.899000000000000000e+03 6.242000000000000000e+03
4.893000000000000000e+03 6.425000000000000000e+03
5.350000000000000000e+03 5.269000000000000000e+03
5.324000000000000000e+03 5.155000000000000000e+03
4.961000000000000000e+03 6.783000000000000000e+03
4.916000000000000000e+03 7.300000000000000000e+03
4.849000000000000000e+03 7.347000000000000000e+03
4.960000000000000000e+03 7.321000000000000000e+03
4.923000000000000000e+03 7.130000000000000000e+03
4.936000000000000000e+03 6.074000000000000000e+03
4.941000000000000000e+03 5.984000000000000000e+03
4.789000000000000000e+03 6.147000000000000000e+03
4.819000000000000000e+03 6.128000000000000000e+03
5.165000000000000000e+03 5.878000000000000000e+03
4.952000000000000000e+03 5.831000000000000000e+03
5.391000000000000000e+03 5.220000000000000000e+03
4.980000000000000000e+03 5.906000000000000000e+03
2.560000000000000000e+03 5.116000000000000000e+03
1.977000000000000000e+03 5.310000000000000000e+03
1.627000000000000000e+03 5.283000000000000000e+03
1.538000000000000000e+03 5.254000000000000000e+03
1.423000000000000000e+03 5.134000000000000000e+03
1.328000000000000000e+03 5.177000000000000000e+03
1.500000000000000000e+03 5.192000000000000000e+03
1.421000000000000000e+03 5.186000000000000000e+03
1.673000000000000000e+03 5.109000000000000000e+03
1.621000000000000000e+03 5.095000000000000000e+03
2.437000000000000000e+03 4.953000000000000000e+03
1.565000000000000000e+03 5.075000000000000000e+03
2.791000000000000000e+03 5.048000000000000000e+03
2.350000000000000000e+03 5.110000000000000000e+03
2.285000000000000000e+03 5.007000000000000000e+03
1.788000000000000000e+03 5.144000000000000000e+03
5.094000000000000000e+03 6.071000000000000000e+03
5.046000000000000000e+03 6.091000000000000000e+03
4.923000000000000000e+03 5.965000000000000000e+03
5.104000000000000000e+03 6.101000000000000000e+03
4.945000000000000000e+03 6.087000000000000000e+03
5.069000000000000000e+03 6.004000000000000000e+03
5.052000000000000000e+03 6.026000000000000000e+03
5.070000000000000000e+03 5.993000000000000000e+03
4.763000000000000000e+03 5.724000000000000000e+03
4.790000000000000000e+03 5.623000000000000000e+03
4.866000000000000000e+03 5.661000000000000000e+03
4.853000000000000000e+03 5.718000000000000000e+03
4.764000000000000000e+03 5.913000000000000000e+03
4.744000000000000000e+03 5.793000000000000000e+03
4.768000000000000000e+03 5.933000000000000000e+03
4.761000000000000000e+03 6.042000000000000000e+03
5.057000000000000000e+03 5.853000000000000000e+03
5.062000000000000000e+03 5.920000000000000000e+03
5.140000000000000000e+03 5.804000000000000000e+03
5.085000000000000000e+03 5.928000000000000000e+03
5.295000000000000000e+03 5.863000000000000000e+03
5.338000000000000000e+03 5.914000000000000000e+03
5.208000000000000000e+03 5.790000000000000000e+03
5.264000000000000000e+03 5.803000000000000000e+03
5.101000000000000000e+03 6.184000000000000000e+03
5.147000000000000000e+03 6.234000000000000000e+03
5.199000000000000000e+03 6.289000000000000000e+03
5.249000000000000000e+03 6.212000000000000000e+03
5.401000000000000000e+03 6.164000000000000000e+03
5.346000000000000000e+03 6.199000000000000000e+03
5.400000000000000000e+03 6.059000000000000000e+03
5.391000000000000000e+03 6.045000000000000000e+03
2.254000000000000000e+03 2.500000000000000000e+02
1.168000000000000000e+03 2.270000000000000000e+03
7.070000000000000000e+02 5.660000000000000000e+03
5.250000000000000000e+02 2.700000000000000000e+02
5.262000000000000000e+03 3.250000000000000000e+03
5.591000000000000000e+03 5.650000000000000000e+03
6.162000000000000000e+03 3.850000000000000000e+03
-4.000000000000000000e+00 0.000000000000000000e+00
-1.200000000000000000e+01 0.000000000000000000e+00
7.442000000000000000e+03 0.000000000000000000e+00
