6.953000000000000000e+03 2.249000000000000000e+03
6.723000000000000000e+03 2.450000000000000000e+03
6.949000000000000000e+03 1.782000000000000000e+03
6.521000000000000000e+03 2.556000000000000000e+03
6.533000000000000000e+03 2.655000000000000000e+03
6.595000000000000000e+03 2.700000000000000000e+03
6.626000000000000000e+03 2.698000000000000000e+03
7.080000000000000000e+03 1.659000000000000000e+03
7.093000000000000000e+03 1.711000000000000000e+03
6.935000000000000000e+03 1.823000000000000000e+03
6.992000000000000000e+03 1.684000000000000000e+03
7.261000000000000000e+03 1.715000000000000000e+03
7.342000000000000000e+03 1.704000000000000000e+03
7.122000000000000000e+03 1.649000000000000000e+03
7.211000000000000000e+03 1.711000000000000000e+03
6.951000000000000000e+03 2.690000000000000000e+03
7.013000000000000000e+03 2.683000000000000000e+03
7.042000000000000000e+03 2.606000000000000000e+03
7.092000000000000000e+03 2.678000000000000000e+03
6.950000000000000000e+03 2.688000000000000000e+03
6.840000000000000000e+03 2.692000000000000000e+03
6.985000000000000000e+03 2.716000000000000000e+03
6.941000000000000000e+03 2.727000000000000000e+03
7.060000000000000000e+03 2.562000000000000000e+03
6.951000000000000000e+03 2.593000000000000000e+03
7.123000000000000000e+03 2.543000000000000000e+03
7.206000000000000000e+03 2.637000000000000000e+03
6.756000000000000000e+03 2.613000000000000000e+03
6.705000000000000000e+03 2.672000000000000000e+03
6.704000000000000000e+03 2.570000000000000000e+03
6.610000000000000000e+03 2.487000000000000000e+03
6.276000000000000000e+03 2.602000000000000000e+03
5.858000000000000000e+03 2.462000000000000000e+03
6.279000000000000000e+03 2.520000000000000000e+03
5.658000000000000000e+03 2.437000000000000000e+03
5.813000000000000000e+03 2.642000000000000000e+03
5.851000000000000000e+03 2.711000000000000000e+03
5.616000000000000000e+03 2.585000000000000000e+03
6.342000000000000000e+03 2.745000000000000000e+03
6.390000000000000000e+03 2.742000000000000000e+03
6.290000000000000000e+03 2.734000000000000000e+03
6.226000000000000000e+03 2.813000000000000000e+03
6.087000000000000000e+03 2.731000000000000000e+03
5.879000000000000000e+03 2.697000000000000000e+03
5.790000000000000000e+03 2.758000000000000000e+03
6.077000000000000000e+03 2.617000000000000000e+03
6.236000000000000000e+03 2.481000000000000000e+03
6.173000000000000000e+03 2.479000000000000000e+03
6.213000000000000000e+03 2.422000000000000000e+03
6.295000000000000000e+03 2.483000000000000000e+03
6.440000000000000000e+03 2.641000000000000000e+03
6.349000000000000000e+03 2.643000000000000000e+03
6.364000000000000000e+03 2.481000000000000000e+03
6.398000000000000000e+03 2.535000000000000000e+03
6.118000000000000000e+03 2.419000000000000000e+03
5.655000000000000000e+03 2.418000000000000000e+03
6.006000000000000000e+03 2.698000000000000000e+03
5.867000000000000000e+03 2.678000000000000000e+03
6.188000000000000000e+03 2.725000000000000000e+03
6.091000000000000000e+03 2.767000000000000000e+03
6.013000000000000000e+03 2.601000000000000000e+03
6.050000000000000000e+03 2.591000000000000000e+03
6.779000000000000000e+03 2.207000000000000000e+03
7.038000000000000000e+03 2.159000000000000000e+03
6.817000000000000000e+03 2.219000000000000000e+03
7.260000000000000000e+03 2.282000000000000000e+03
7.253000000000000000e+03 2.325000000000000000e+03
7.148000000000000000e+03 2.210000000000000000e+03
7.210000000000000000e+03 2.159000000000000000e+03
7.308000000000000000e+03 1.818000000000000000e+03
7.359000000000000000e+03 1.863000000000000000e+03
7.376000000000000000e+03 1.953000000000000000e+03
7.357000000000000000e+03 1.988000000000000000e+03
7.024000000000000000e+03 1.853000000000000000e+03
7.137000000000000000e+03 1.819000000000000000e+03
6.646000000000000000e+03 1.986000000000000000e+03
6.784000000000000000e+03 1.953000000000000000e+03
5.889000000000000000e+03 2.257000000000000000e+03
5.734000000000000000e+03 2.254000000000000000e+03
5.905000000000000000e+03 2.142000000000000000e+03
5.929000000000000000e+03 2.199000000000000000e+03
5.882000000000000000e+03 2.419000000000000000e+03
5.914000000000000000e+03 2.318000000000000000e+03
5.804000000000000000e+03 2.347000000000000000e+03
5.772000000000000000e+03 2.434000000000000000e+03
6.820000000000000000e+03 2.332000000000000000e+03
6.672000000000000000e+03 2.359000000000000000e+03
7.019000000000000000e+03 2.416000000000000000e+03
6.954000000000000000e+03 2.379000000000000000e+03
6.484000000000000000e+03 2.314000000000000000e+03
6.698000000000000000e+03 2.346000000000000000e+03
6.428000000000000000e+03 2.404000000000000000e+03
6.535000000000000000e+03 2.353000000000000000e+03
5.665000000000000000e+03 2.182000000000000000e+03
5.667000000000000000e+03 2.269000000000000000e+03
5.695000000000000000e+03 2.365000000000000000e+03
5.584000000000000000e+03 2.372000000000000000e+03
5.512000000000000000e+03 2.226000000000000000e+03
5.663000000000000000e+03 2.340000000000000000e+03
5.575000000000000000e+03 2.378000000000000000e+03
5.585000000000000000e+03 2.426000000000000000e+03
5.856000000000000000e+03 2.126000000000000000e+03
5.263000000000000000e+03 2.401000000000000000e+03
5.373000000000000000e+03 2.417000000000000000e+03
5.421000000000000000e+03 2.356000000000000000e+03
5.357000000000000000e+03 2.272000000000000000e+03
5.307000000000000000e+03 2.290000000000000000e+03
5.400000000000000000e+03 2.245000000000000000e+03
5.341000000000000000e+03 2.224000000000000000e+03
6.211000000000000000e+03 2.319000000000000000e+03
6.118000000000000000e+03 2.334000000000000000e+03
6.167000000000000000e+03 2.247000000000000000e+03
6.109000000000000000e+03 2.186000000000000000e+03
6.242000000000000000e+03 2.137000000000000000e+03
6.312000000000000000e+03 2.154000000000000000e+03
6.099000000000000000e+03 2.122000000000000000e+03
6.308000000000000000e+03 2.289000000000000000e+03
6.829000000000000000e+03 2.115000000000000000e+03
6.900000000000000000e+03 2.029000000000000000e+03
7.061000000000000000e+03 1.980000000000000000e+03
6.938000000000000000e+03 2.021000000000000000e+03
7.348000000000000000e+03 2.085000000000000000e+03
7.363000000000000000e+03 2.043000000000000000e+03
7.115000000000000000e+03 2.027000000000000000e+03
7.148000000000000000e+03 2.019000000000000000e+03
6.787000000000000000e+03 9.900000000000000000e+02
6.969000000000000000e+03 7.080000000000000000e+02
6.931000000000000000e+03 5.730000000000000000e+02
7.056000000000000000e+03 1.252000000000000000e+03
6.977000000000000000e+03 1.063000000000000000e+03
7.008000000000000000e+03 1.036000000000000000e+03
7.083000000000000000e+03 1.434000000000000000e+03
7.268000000000000000e+03 1.281000000000000000e+03
6.823000000000000000e+03 9.480000000000000000e+02
7.181000000000000000e+03 1.293000000000000000e+03
7.214000000000000000e+03 1.286000000000000000e+03
7.310000000000000000e+03 1.406000000000000000e+03
7.352000000000000000e+03 1.452000000000000000e+03
7.388000000000000000e+03 1.498000000000000000e+03
7.371000000000000000e+03 1.462000000000000000e+03
7.233000000000000000e+03 1.732000000000000000e+03
7.301000000000000000e+03 1.587000000000000000e+03
7.232000000000000000e+03 1.557000000000000000e+03
7.168000000000000000e+03 1.538000000000000000e+03
7.094000000000000000e+03 1.514000000000000000e+03
7.054000000000000000e+03 1.464000000000000000e+03
6.818000000000000000e+03 1.763000000000000000e+03
6.864000000000000000e+03 1.779000000000000000e+03
7.023000000000000000e+03 1.475000000000000000e+03
7.039000000000000000e+03 1.320000000000000000e+03
6.888000000000000000e+03 1.511000000000000000e+03
6.916000000000000000e+03 1.400000000000000000e+03
7.309000000000000000e+03 1.539000000000000000e+03
7.242000000000000000e+03 1.442000000000000000e+03
7.104000000000000000e+03 1.425000000000000000e+03
7.130000000000000000e+03 1.392000000000000000e+03
6.058000000000000000e+03 2.066000000000000000e+03
2.144000000000000000e+03 1.540000000000000000e+02
3.226000000000000000e+03 5.930000000000000000e+02
6.230000000000000000e+03 2.313000000000000000e+03
6.694000000000000000e+03 2.489000000000000000e+03
6.500000000000000000e+03 2.484000000000000000e+03
6.469000000000000000e+03 2.421000000000000000e+03
5.863000000000000000e+03 2.112000000000000000e+03
6.819000000000000000e+03 2.443000000000000000e+03
6.790000000000000000e+03 2.505000000000000000e+03
6.872000000000000000e+03 2.493000000000000000e+03
7.124000000000000000e+03 2.508000000000000000e+03
6.802000000000000000e+03 2.215000000000000000e+03
7.037000000000000000e+03 2.475000000000000000e+03
7.008000000000000000e+03 2.499000000000000000e+03
1.473000000000000000e+03 2.200000000000000000e+02
1.489000000000000000e+03 2.470000000000000000e+02
1.619000000000000000e+03 2.540000000000000000e+02
1.622000000000000000e+03 2.170000000000000000e+02
1.634000000000000000e+03 1.020000000000000000e+02
1.502000000000000000e+03 1.380000000000000000e+02
2.331000000000000000e+03 5.320000000000000000e+02
2.027000000000000000e+03 3.960000000000000000e+02
6.820000000000000000e+03 2.256000000000000000e+03
6.901000000000000000e+03 2.267000000000000000e+03
6.599000000000000000e+03 2.193000000000000000e+03
6.594000000000000000e+03 2.255000000000000000e+03
7.136000000000000000e+03 2.345000000000000000e+03
7.071000000000000000e+03 2.297000000000000000e+03
7.004000000000000000e+03 2.228000000000000000e+03
7.000000000000000000e+03 2.293000000000000000e+03
1.578000000000000000e+03 6.210000000000000000e+02
1.357000000000000000e+03 5.290000000000000000e+02
1.386000000000000000e+03 5.040000000000000000e+02
1.353000000000000000e+03 5.450000000000000000e+02
1.368000000000000000e+03 5.670000000000000000e+02
2.642000000000000000e+03 1.038000000000000000e+03
1.357000000000000000e+03 6.710000000000000000e+02
1.601000000000000000e+03 3.660000000000000000e+02
1.714000000000000000e+03 4.390000000000000000e+02
2.472000000000000000e+03 8.680000000000000000e+02
1.536000000000000000e+03 3.920000000000000000e+02
1.681000000000000000e+03 4.870000000000000000e+02
2.403000000000000000e+03 8.220000000000000000e+02
1.500000000000000000e+03 4.160000000000000000e+02
1.504000000000000000e+03 3.770000000000000000e+02
1.645000000000000000e+03 1.129000000000000000e+03
1.479000000000000000e+03 6.330000000000000000e+02
1.558000000000000000e+03 5.890000000000000000e+02
1.659000000000000000e+03 6.370000000000000000e+02
1.998000000000000000e+03 1.696000000000000000e+03
2.894000000000000000e+03 2.179000000000000000e+03
1.930000000000000000e+03 1.568000000000000000e+03
1.498000000000000000e+03 6.650000000000000000e+02
1.699000000000000000e+03 6.900000000000000000e+02
3.399000000000000000e+03 1.114000000000000000e+03
2.031000000000000000e+03 8.290000000000000000e+02
1.893000000000000000e+03 7.020000000000000000e+02
1.815000000000000000e+03 6.340000000000000000e+02
1.768000000000000000e+03 6.550000000000000000e+02
1.891000000000000000e+03 5.830000000000000000e+02
2.464000000000000000e+03 9.620000000000000000e+02
3.445000000000000000e+03 4.400000000000000000e+02
4.327000000000000000e+03 4.540000000000000000e+02
3.553000000000000000e+03 3.580000000000000000e+02
3.781000000000000000e+03 4.300000000000000000e+02
1.920000000000000000e+03 4.030000000000000000e+02
2.156000000000000000e+03 2.640000000000000000e+02
2.255000000000000000e+03 4.300000000000000000e+02
1.996000000000000000e+03 5.630000000000000000e+02
2.860000000000000000e+03 1.500000000000000000e+02
2.780000000000000000e+03 1.530000000000000000e+02
3.302000000000000000e+03 1.780000000000000000e+02
3.326000000000000000e+03 3.220000000000000000e+02
5.485000000000000000e+03 2.220000000000000000e+02
5.615000000000000000e+03 7.900000000000000000e+02
2.561000000000000000e+03 1.310000000000000000e+02
4.305000000000000000e+03 1.051000000000000000e+03
2.841000000000000000e+03 4.210000000000000000e+02
2.303000000000000000e+03 2.210000000000000000e+02
1.972000000000000000e+03 1.650000000000000000e+02
2.039000000000000000e+03 4.610000000000000000e+02
2.285000000000000000e+03 1.170000000000000000e+02
2.197000000000000000e+03 1.520000000000000000e+02
2.178000000000000000e+03 1.330000000000000000e+02
2.184000000000000000e+03 1.220000000000000000e+02
2.977000000000000000e+03 1.380000000000000000e+02
3.082000000000000000e+03 1.640000000000000000e+02
2.817000000000000000e+03 1.680000000000000000e+02
2.835000000000000000e+03 1.530000000000000000e+02
3.312000000000000000e+03 1.980000000000000000e+02
5.101000000000000000e+03 1.536000000000000000e+03
3.343000000000000000e+03 1.640000000000000000e+02
4.088000000000000000e+03 8.310000000000000000e+02
6.109000000000000000e+03 3.431000000000000000e+03
5.978000000000000000e+03 3.503000000000000000e+03
6.139000000000000000e+03 3.610000000000000000e+03
6.065000000000000000e+03 3.623000000000000000e+03
5.959000000000000000e+03 3.515000000000000000e+03
5.858000000000000000e+03 3.581000000000000000e+03
5.910000000000000000e+03 3.496000000000000000e+03
6.725000000000000000e+03 3.569000000000000000e+03
6.732000000000000000e+03 3.530000000000000000e+03
6.343000000000000000e+03 3.567000000000000000e+03
6.727000000000000000e+03 3.533000000000000000e+03
6.839000000000000000e+03 3.492000000000000000e+03
6.913000000000000000e+03 3.524000000000000000e+03
6.996000000000000000e+03 3.492000000000000000e+03
7.018000000000000000e+03 3.527000000000000000e+03
6.290000000000000000e+03 3.567000000000000000e+03
5.705000000000000000e+03 3.206000000000000000e+03
6.252000000000000000e+03 3.561000000000000000e+03
6.090000000000000000e+03 3.518000000000000000e+03
6.531000000000000000e+03 3.539000000000000000e+03
6.556000000000000000e+03 3.549000000000000000e+03
6.499000000000000000e+03 3.479000000000000000e+03
6.330000000000000000e+03 3.473000000000000000e+03
7.005000000000000000e+03 3.404000000000000000e+03
6.896000000000000000e+03 3.403000000000000000e+03
6.814000000000000000e+03 3.407000000000000000e+03
6.856000000000000000e+03 3.340000000000000000e+03
6.224000000000000000e+03 3.372000000000000000e+03
6.660000000000000000e+03 3.401000000000000000e+03
5.959000000000000000e+03 3.397000000000000000e+03
6.050000000000000000e+03 3.390000000000000000e+03
5.693000000000000000e+03 3.669000000000000000e+03
6.567000000000000000e+03 3.635000000000000000e+03
6.649000000000000000e+03 3.628000000000000000e+03
6.437000000000000000e+03 3.672000000000000000e+03
6.382000000000000000e+03 3.646000000000000000e+03
6.269000000000000000e+03 3.675000000000000000e+03
6.343000000000000000e+03 3.665000000000000000e+03
5.845000000000000000e+03 3.716000000000000000e+03
6.029000000000000000e+03 3.691000000000000000e+03
5.932000000000000000e+03 3.717000000000000000e+03
6.186000000000000000e+03 3.689000000000000000e+03
5.800000000000000000e+03 3.568000000000000000e+03
5.705000000000000000e+03 3.549000000000000000e+03
5.804000000000000000e+03 3.608000000000000000e+03
5.900000000000000000e+03 3.710000000000000000e+03
6.359000000000000000e+03 3.426000000000000000e+03
5.707000000000000000e+03 3.905000000000000000e+03
6.309000000000000000e+03 3.416000000000000000e+03
6.294000000000000000e+03 3.437000000000000000e+03
6.496000000000000000e+03 3.414000000000000000e+03
6.421000000000000000e+03 3.409000000000000000e+03
6.576000000000000000e+03 3.434000000000000000e+03
6.628000000000000000e+03 3.407000000000000000e+03
5.734000000000000000e+03 2.977000000000000000e+03
5.786000000000000000e+03 3.349000000000000000e+03
6.007000000000000000e+03 3.480000000000000000e+03
5.942000000000000000e+03 3.456000000000000000e+03
5.962000000000000000e+03 2.869000000000000000e+03
5.814000000000000000e+03 3.888000000000000000e+03
6.077000000000000000e+03 3.453000000000000000e+03
6.156000000000000000e+03 3.467000000000000000e+03
6.918000000000000000e+03 3.797000000000000000e+03
6.769000000000000000e+03 3.824000000000000000e+03
6.837000000000000000e+03 3.897000000000000000e+03
6.940000000000000000e+03 3.878000000000000000e+03
7.006000000000000000e+03 3.857000000000000000e+03
6.961000000000000000e+03 3.799000000000000000e+03
7.023000000000000000e+03 3.736000000000000000e+03
5.514000000000000000e+03 3.018000000000000000e+03
5.667000000000000000e+03 3.142000000000000000e+03
6.232000000000000000e+03 3.969000000000000000e+03
6.284000000000000000e+03 3.940000000000000000e+03
6.548000000000000000e+03 3.959000000000000000e+03
6.456000000000000000e+03 3.969000000000000000e+03
5.616000000000000000e+03 3.197000000000000000e+03
5.581000000000000000e+03 3.141000000000000000e+03
6.747000000000000000e+03 3.990000000000000000e+03
6.640000000000000000e+03 3.930000000000000000e+03
6.494000000000000000e+03 3.986000000000000000e+03
6.246000000000000000e+03 3.961000000000000000e+03
6.125000000000000000e+03 3.725000000000000000e+03
6.004000000000000000e+03 3.762000000000000000e+03
5.497000000000000000e+03 2.930000000000000000e+03
5.857000000000000000e+03 3.783000000000000000e+03
7.044000000000000000e+03 3.915000000000000000e+03
7.088000000000000000e+03 3.951000000000000000e+03
7.123000000000000000e+03 3.794000000000000000e+03
7.115000000000000000e+03 3.805000000000000000e+03
6.354000000000000000e+03 3.270000000000000000e+03
6.273000000000000000e+03 3.225000000000000000e+03
6.939000000000000000e+03 3.971000000000000000e+03
6.895000000000000000e+03 3.999000000000000000e+03
5.528000000000000000e+03 3.450000000000000000e+03
6.082000000000000000e+03 3.824000000000000000e+03
3.866000000000000000e+03 2.092000000000000000e+03
5.235000000000000000e+03 3.106000000000000000e+03
6.812000000000000000e+03 3.622000000000000000e+03
6.903000000000000000e+03 3.655000000000000000e+03
7.004000000000000000e+03 3.630000000000000000e+03
6.947000000000000000e+03 3.594000000000000000e+03
6.260000000000000000e+03 3.809000000000000000e+03
6.028000000000000000e+03 3.945000000000000000e+03
5.934000000000000000e+03 3.639000000000000000e+03
6.392000000000000000e+03 3.801000000000000000e+03
6.682000000000000000e+03 3.746000000000000000e+03
6.614000000000000000e+03 3.786000000000000000e+03
6.304000000000000000e+03 3.789000000000000000e+03
6.509000000000000000e+03 3.794000000000000000e+03
6.719000000000000000e+03 3.681000000000000000e+03
6.329000000000000000e+03 3.643000000000000000e+03
6.525000000000000000e+03 3.709000000000000000e+03
6.122000000000000000e+03 3.698000000000000000e+03
5.915000000000000000e+03 3.704000000000000000e+03
6.134000000000000000e+03 3.843000000000000000e+03
5.995000000000000000e+03 3.928000000000000000e+03
6.339000000000000000e+03 3.870000000000000000e+03
6.654000000000000000e+03 3.875000000000000000e+03
6.348000000000000000e+03 3.785000000000000000e+03
6.508000000000000000e+03 3.892000000000000000e+03
6.080000000000000000e+03 3.873000000000000000e+03
6.782000000000000000e+03 3.826000000000000000e+03
6.794000000000000000e+03 3.790000000000000000e+03
6.923000000000000000e+03 3.733000000000000000e+03
6.870000000000000000e+03 3.758000000000000000e+03
1.624000000000000000e+03 2.501000000000000000e+03
2.537000000000000000e+03 7.270000000000000000e+02
1.733000000000000000e+03 8.840000000000000000e+02
5.426000000000000000e+03 3.778000000000000000e+03
5.726000000000000000e+03 3.736000000000000000e+03
1.355000000000000000e+03 5.065000000000000000e+03
1.295000000000000000e+03 4.948000000000000000e+03
1.702000000000000000e+03 3.550000000000000000e+02
1.739000000000000000e+03 3.200000000000000000e+02
1.735000000000000000e+03 2.440000000000000000e+02
1.768000000000000000e+03 2.310000000000000000e+02
2.631000000000000000e+03 5.800000000000000000e+02
2.626000000000000000e+03 5.770000000000000000e+02
1.871000000000000000e+03 1.320000000000000000e+02
1.790000000000000000e+03 1.180000000000000000e+02
1.074000000000000000e+03 5.151000000000000000e+03
1.052000000000000000e+03 5.130000000000000000e+03
1.182000000000000000e+03 5.155000000000000000e+03
1.258000000000000000e+03 5.106000000000000000e+03
2.235000000000000000e+03 5.093000000000000000e+03
2.449000000000000000e+03 5.031000000000000000e+03
2.370000000000000000e+03 5.127000000000000000e+03
1.421000000000000000e+03 5.156000000000000000e+03
1.232000000000000000e+03 4.876000000000000000e+03
1.196000000000000000e+03 4.917000000000000000e+03
3.110000000000000000e+03 4.914000000000000000e+03
1.340000000000000000e+03 5.023000000000000000e+03
1.013000000000000000e+03 5.045000000000000000e+03
9.860000000000000000e+02 5.021000000000000000e+03
1.133000000000000000e+03 4.970000000000000000e+03
1.115000000000000000e+03 4.945000000000000000e+03
2.171000000000000000e+03 5.141000000000000000e+03
2.085000000000000000e+03 5.150000000000000000e+03
2.357000000000000000e+03 5.184000000000000000e+03
2.581000000000000000e+03 5.132000000000000000e+03
3.995000000000000000e+03 4.826000000000000000e+03
4.468000000000000000e+03 4.383000000000000000e+03
2.531000000000000000e+03 5.177000000000000000e+03
1.758000000000000000e+03 5.207000000000000000e+03
1.708000000000000000e+03 5.130000000000000000e+03
1.821000000000000000e+03 5.236000000000000000e+03
1.685000000000000000e+03 5.176000000000000000e+03
2.004000000000000000e+03 5.207000000000000000e+03
1.925000000000000000e+03 5.193000000000000000e+03
2.925000000000000000e+03 4.965000000000000000e+03
2.006000000000000000e+03 5.161000000000000000e+03
3.351000000000000000e+03 4.590000000000000000e+03
4.214000000000000000e+03 4.141000000000000000e+03
3.557000000000000000e+03 4.766000000000000000e+03
3.627000000000000000e+03 4.270000000000000000e+03
2.107000000000000000e+03 4.025000000000000000e+03
2.142000000000000000e+03 3.564000000000000000e+03
2.191000000000000000e+03 4.876000000000000000e+03
3.436000000000000000e+03 4.001000000000000000e+03
3.307000000000000000e+03 4.228000000000000000e+03
2.737000000000000000e+03 5.094000000000000000e+03
4.843000000000000000e+03 3.695000000000000000e+03
2.022000000000000000e+03 4.585000000000000000e+03
3.326000000000000000e+03 5.075000000000000000e+03
4.516000000000000000e+03 3.237000000000000000e+03
2.823000000000000000e+03 4.922000000000000000e+03
5.103000000000000000e+03 4.017000000000000000e+03
7.275000000000000000e+03 3.313000000000000000e+03
7.354000000000000000e+03 3.457000000000000000e+03
7.269000000000000000e+03 3.450000000000000000e+03
7.252000000000000000e+03 3.511000000000000000e+03
7.268000000000000000e+03 3.543000000000000000e+03
7.282000000000000000e+03 3.467000000000000000e+03
7.278000000000000000e+03 3.584000000000000000e+03
7.365000000000000000e+03 2.746000000000000000e+03
7.404000000000000000e+03 2.776000000000000000e+03
7.410000000000000000e+03 2.610000000000000000e+03
7.371000000000000000e+03 2.475000000000000000e+03
7.459000000000000000e+03 2.419000000000000000e+03
7.071000000000000000e+03 2.745000000000000000e+03
7.417000000000000000e+03 2.403000000000000000e+03
7.395000000000000000e+03 2.713000000000000000e+03
7.328000000000000000e+03 2.499000000000000000e+03
7.373000000000000000e+03 2.421000000000000000e+03
7.373000000000000000e+03 2.419000000000000000e+03
7.395000000000000000e+03 2.329000000000000000e+03
7.447000000000000000e+03 2.464000000000000000e+03
7.216000000000000000e+03 2.406000000000000000e+03
7.265000000000000000e+03 2.529000000000000000e+03
7.271000000000000000e+03 2.790000000000000000e+03
7.426000000000000000e+03 2.443000000000000000e+03
7.429000000000000000e+03 2.632000000000000000e+03
7.348000000000000000e+03 2.461000000000000000e+03
7.381000000000000000e+03 2.655000000000000000e+03
7.322000000000000000e+03 2.764000000000000000e+03
7.410000000000000000e+03 3.155000000000000000e+03
7.325000000000000000e+03 3.033000000000000000e+03
7.299000000000000000e+03 3.235000000000000000e+03
7.365000000000000000e+03 3.910000000000000000e+03
7.291000000000000000e+03 3.829000000000000000e+03
7.204000000000000000e+03 3.925000000000000000e+03
7.459000000000000000e+03 4.020000000000000000e+03
7.083000000000000000e+03 3.580000000000000000e+03
7.411000000000000000e+03 3.329000000000000000e+03
7.448000000000000000e+03 4.269000000000000000e+03
7.419000000000000000e+03 3.998000000000000000e+03
7.400000000000000000e+03 4.433000000000000000e+03
7.406000000000000000e+03 4.225000000000000000e+03
7.448000000000000000e+03 4.236000000000000000e+03
7.372000000000000000e+03 4.204000000000000000e+03
7.138000000000000000e+03 5.163000000000000000e+03
7.402000000000000000e+03 4.615000000000000000e+03
7.405000000000000000e+03 4.399000000000000000e+03
7.370000000000000000e+03 4.682000000000000000e+03
7.310000000000000000e+03 3.851000000000000000e+03
7.390000000000000000e+03 3.702000000000000000e+03
7.293000000000000000e+03 3.728000000000000000e+03
7.349000000000000000e+03 3.721000000000000000e+03
7.380000000000000000e+03 4.098000000000000000e+03
7.362000000000000000e+03 3.917000000000000000e+03
7.370000000000000000e+03 4.016000000000000000e+03
7.376000000000000000e+03 4.018000000000000000e+03
7.274000000000000000e+03 3.669000000000000000e+03
7.353000000000000000e+03 3.593000000000000000e+03
7.324000000000000000e+03 3.685000000000000000e+03
7.385000000000000000e+03 3.665000000000000000e+03
7.282000000000000000e+03 3.569000000000000000e+03
7.326000000000000000e+03 3.556000000000000000e+03
7.357000000000000000e+03 3.500000000000000000e+03
7.268000000000000000e+03 3.578000000000000000e+03
6.169000000000000000e+03 5.758000000000000000e+03
7.278000000000000000e+03 5.865000000000000000e+03
7.219000000000000000e+03 5.836000000000000000e+03
7.345000000000000000e+03 5.850000000000000000e+03
7.331000000000000000e+03 5.869000000000000000e+03
7.318000000000000000e+03 5.897000000000000000e+03
7.463000000000000000e+03 5.908000000000000000e+03
6.280000000000000000e+03 5.769000000000000000e+03
7.077000000000000000e+03 5.865000000000000000e+03
6.447000000000000000e+03 5.897000000000000000e+03
6.522000000000000000e+03 5.835000000000000000e+03
5.481000000000000000e+03 5.784000000000000000e+03
6.137000000000000000e+03 5.630000000000000000e+03
6.860000000000000000e+03 5.794000000000000000e+03
6.301000000000000000e+03 5.776000000000000000e+03
7.327000000000000000e+03 5.980000000000000000e+03
7.440000000000000000e+03 6.083000000000000000e+03
7.371000000000000000e+03 6.102000000000000000e+03
7.333000000000000000e+03 6.103000000000000000e+03
7.160000000000000000e+03 5.990000000000000000e+03
6.944000000000000000e+03 5.963000000000000000e+03
7.216000000000000000e+03 6.051000000000000000e+03
7.199000000000000000e+03 6.108000000000000000e+03
6.986000000000000000e+03 5.874000000000000000e+03
7.124000000000000000e+03 5.918000000000000000e+03
6.918000000000000000e+03 5.925000000000000000e+03
7.049000000000000000e+03 5.863000000000000000e+03
6.701000000000000000e+03 5.912000000000000000e+03
6.599000000000000000e+03 5.884000000000000000e+03
6.864000000000000000e+03 5.880000000000000000e+03
6.850000000000000000e+03 5.925000000000000000e+03
6.961000000000000000e+03 5.961000000000000000e+03
6.721000000000000000e+03 6.005000000000000000e+03
6.505000000000000000e+03 5.925000000000000000e+03
6.988000000000000000e+03 6.191000000000000000e+03
7.002000000000000000e+03 6.248000000000000000e+03
7.092000000000000000e+03 6.233000000000000000e+03
7.150000000000000000e+03 6.234000000000000000e+03
6.730000000000000000e+03 6.027000000000000000e+03
6.841000000000000000e+03 5.993000000000000000e+03
6.823000000000000000e+03 6.096000000000000000e+03
6.913000000000000000e+03 6.066000000000000000e+03
6.985000000000000000e+03 6.114000000000000000e+03
6.971000000000000000e+03 6.103000000000000000e+03
7.132000000000000000e+03 6.094000000000000000e+03
7.062000000000000000e+03 6.018000000000000000e+03
7.200000000000000000e+03 6.340000000000000000e+03
7.324000000000000000e+03 6.322000000000000000e+03
7.167000000000000000e+03 6.216000000000000000e+03
7.269000000000000000e+03 6.246000000000000000e+03
4.919000000000000000e+03 5.888000000000000000e+03
4.911000000000000000e+03 5.862000000000000000e+03
6.727000000000000000e+03 6.067000000000000000e+03
4.623000000000000000e+03 5.749000000000000000e+03
7.273000000000000000e+03 6.600000000000000000e+03
7.312000000000000000e+03 6.600000000000000000e+03
7.185000000000000000e+03 6.477000000000000000e+03
7.210000000000000000e+03 6.489000000000000000e+03
7.164000000000000000e+03 6.435000000000000000e+03
7.297000000000000000e+03 6.409000000000000000e+03
7.374000000000000000e+03 6.534000000000000000e+03
7.352000000000000000e+03 6.448000000000000000e+03
6.028000000000000000e+03 5.223000000000000000e+03
6.258000000000000000e+03 5.960000000000000000e+03
5.950000000000000000e+03 4.479000000000000000e+03
5.400000000000000000e+03 5.100000000000000000e+03
5.470000000000000000e+03 5.154000000000000000e+03
6.100000000000000000e+03 5.298000000000000000e+03
6.060000000000000000e+03 5.379000000000000000e+03
5.815000000000000000e+03 4.838000000000000000e+03
5.615000000000000000e+03 4.872000000000000000e+03
5.716000000000000000e+03 4.878000000000000000e+03
5.802000000000000000e+03 5.004000000000000000e+03
5.615000000000000000e+03 4.669000000000000000e+03
5.675000000000000000e+03 4.743000000000000000e+03
5.474000000000000000e+03 4.693000000000000000e+03
5.551000000000000000e+03 4.698000000000000000e+03
5.850000000000000000e+03 4.795000000000000000e+03
5.851000000000000000e+03 4.859000000000000000e+03
5.916000000000000000e+03 4.977000000000000000e+03
5.934000000000000000e+03 4.902000000000000000e+03
5.813000000000000000e+03 4.724000000000000000e+03
5.804000000000000000e+03 4.727000000000000000e+03
5.650000000000000000e+03 4.598000000000000000e+03
5.725000000000000000e+03 4.620000000000000000e+03
6.048000000000000000e+03 4.924000000000000000e+03
6.059000000000000000e+03 5.024000000000000000e+03
6.070000000000000000e+03 4.880000000000000000e+03
6.019000000000000000e+03 4.783000000000000000e+03
5.953000000000000000e+03 4.641000000000000000e+03
6.084000000000000000e+03 4.778000000000000000e+03
5.871000000000000000e+03 4.668000000000000000e+03
5.890000000000000000e+03 4.631000000000000000e+03
7.079000000000000000e+03 6.576000000000000000e+03
7.061000000000000000e+03 6.528000000000000000e+03
7.041000000000000000e+03 6.386000000000000000e+03
7.083000000000000000e+03 6.442000000000000000e+03
6.975000000000000000e+03 6.641000000000000000e+03
6.887000000000000000e+03 6.632000000000000000e+03
6.772000000000000000e+03 6.586000000000000000e+03
6.875000000000000000e+03 6.613000000000000000e+03
6.868000000000000000e+03 6.721000000000000000e+03
6.944000000000000000e+03 6.781000000000000000e+03
6.832000000000000000e+03 6.819000000000000000e+03
6.798000000000000000e+03 6.817000000000000000e+03
6.728000000000000000e+03 6.737000000000000000e+03
6.755000000000000000e+03 6.789000000000000000e+03
6.708000000000000000e+03 6.655000000000000000e+03
6.716000000000000000e+03 6.702000000000000000e+03
6.925000000000000000e+03 6.491000000000000000e+03
6.839000000000000000e+03 6.410000000000000000e+03
6.809000000000000000e+03 6.488000000000000000e+03
6.828000000000000000e+03 6.499000000000000000e+03
6.685000000000000000e+03 6.420000000000000000e+03
6.585000000000000000e+03 6.365000000000000000e+03
6.655000000000000000e+03 6.465000000000000000e+03
6.662000000000000000e+03 6.483000000000000000e+03
6.849000000000000000e+03 6.255000000000000000e+03
6.828000000000000000e+03 6.256000000000000000e+03
6.825000000000000000e+03 6.338000000000000000e+03
6.883000000000000000e+03 6.341000000000000000e+03
6.688000000000000000e+03 6.225000000000000000e+03
6.678000000000000000e+03 6.310000000000000000e+03
6.778000000000000000e+03 6.236000000000000000e+03
6.721000000000000000e+03 6.176000000000000000e+03
5.702000000000000000e+03 5.291000000000000000e+03
5.598000000000000000e+03 5.334000000000000000e+03
5.565000000000000000e+03 5.293000000000000000e+03
5.738000000000000000e+03 5.519000000000000000e+03
5.505000000000000000e+03 5.487000000000000000e+03
5.138000000000000000e+03 5.424000000000000000e+03
5.345000000000000000e+03 5.454000000000000000e+03
5.672000000000000000e+03 5.428000000000000000e+03
5.790000000000000000e+03 5.439000000000000000e+03
5.863000000000000000e+03 5.489000000000000000e+03
5.927000000000000000e+03 5.425000000000000000e+03
5.797000000000000000e+03 5.330000000000000000e+03
5.845000000000000000e+03 5.251000000000000000e+03
5.867000000000000000e+03 5.353000000000000000e+03
6.023000000000000000e+03 5.313000000000000000e+03
5.483000000000000000e+03 5.341000000000000000e+03
5.596000000000000000e+03 5.398000000000000000e+03
5.504000000000000000e+03 5.530000000000000000e+03
5.549000000000000000e+03 5.469000000000000000e+03
5.681000000000000000e+03 5.641000000000000000e+03
5.605000000000000000e+03 5.737000000000000000e+03
5.529000000000000000e+03 5.642000000000000000e+03
5.518000000000000000e+03 5.594000000000000000e+03
5.792000000000000000e+03 5.635000000000000000e+03
5.857000000000000000e+03 5.671000000000000000e+03
5.928000000000000000e+03 5.616000000000000000e+03
5.893000000000000000e+03 5.754000000000000000e+03
6.018000000000000000e+03 5.355000000000000000e+03
6.017000000000000000e+03 5.460000000000000000e+03
5.986000000000000000e+03 5.579000000000000000e+03
6.041000000000000000e+03 5.528000000000000000e+03
5.248000000000000000e+03 5.433000000000000000e+03
5.252000000000000000e+03 5.435000000000000000e+03
5.252000000000000000e+03 5.379000000000000000e+03
5.272000000000000000e+03 5.568000000000000000e+03
5.214000000000000000e+03 5.488000000000000000e+03
5.369000000000000000e+03 5.584000000000000000e+03
5.299000000000000000e+03 5.670000000000000000e+03
5.930000000000000000e+03 5.105000000000000000e+03
6.056000000000000000e+03 5.128000000000000000e+03
6.031000000000000000e+03 5.153000000000000000e+03
6.010000000000000000e+03 5.201000000000000000e+03
5.855000000000000000e+03 5.113000000000000000e+03
5.799000000000000000e+03 5.079000000000000000e+03
5.679000000000000000e+03 5.059000000000000000e+03
5.739000000000000000e+03 5.091000000000000000e+03
5.690000000000000000e+03 5.231000000000000000e+03
5.580000000000000000e+03 5.162000000000000000e+03
5.575000000000000000e+03 5.214000000000000000e+03
5.670000000000000000e+03 5.256000000000000000e+03
5.569000000000000000e+03 4.934000000000000000e+03
5.387000000000000000e+03 4.989000000000000000e+03
5.552000000000000000e+03 5.029000000000000000e+03
5.583000000000000000e+03 5.083000000000000000e+03
5.363000000000000000e+03 5.126000000000000000e+03
5.363000000000000000e+03 5.044000000000000000e+03
5.404000000000000000e+03 4.953000000000000000e+03
5.466000000000000000e+03 4.871000000000000000e+03
5.458000000000000000e+03 5.227000000000000000e+03
5.426000000000000000e+03 5.237000000000000000e+03
5.533000000000000000e+03 5.256000000000000000e+03
5.355000000000000000e+03 5.274000000000000000e+03
6.186000000000000000e+03 4.242000000000000000e+03
6.036000000000000000e+03 4.215000000000000000e+03
6.123000000000000000e+03 4.224000000000000000e+03
6.392000000000000000e+03 4.224000000000000000e+03
6.523000000000000000e+03 4.216000000000000000e+03
6.272000000000000000e+03 4.224000000000000000e+03
6.316000000000000000e+03 4.211000000000000000e+03
6.205000000000000000e+03 4.253000000000000000e+03
6.363000000000000000e+03 4.067000000000000000e+03
6.527000000000000000e+03 4.058000000000000000e+03
6.618000000000000000e+03 4.071000000000000000e+03
5.704000000000000000e+03 4.553000000000000000e+03
6.140000000000000000e+03 4.216000000000000000e+03
6.248000000000000000e+03 4.101000000000000000e+03
5.913000000000000000e+03 4.420000000000000000e+03
6.150000000000000000e+03 4.325000000000000000e+03
6.385000000000000000e+03 4.357000000000000000e+03
6.729000000000000000e+03 4.277000000000000000e+03
6.178000000000000000e+03 4.456000000000000000e+03
7.023000000000000000e+03 4.188000000000000000e+03
7.018000000000000000e+03 4.189000000000000000e+03
6.827000000000000000e+03 4.238000000000000000e+03
6.510000000000000000e+03 4.467000000000000000e+03
6.741000000000000000e+03 4.125000000000000000e+03
6.755000000000000000e+03 4.143000000000000000e+03
6.628000000000000000e+03 4.198000000000000000e+03
6.461000000000000000e+03 4.159000000000000000e+03
6.860000000000000000e+03 4.079000000000000000e+03
6.896000000000000000e+03 4.098000000000000000e+03
7.038000000000000000e+03 4.114000000000000000e+03
7.002000000000000000e+03 4.080000000000000000e+03
6.078000000000000000e+03 4.659000000000000000e+03
6.672000000000000000e+03 4.516000000000000000e+03
7.032000000000000000e+03 4.439000000000000000e+03
6.868000000000000000e+03 4.448000000000000000e+03
6.729000000000000000e+03 4.538000000000000000e+03
6.452000000000000000e+03 4.570000000000000000e+03
6.952000000000000000e+03 4.568000000000000000e+03
7.056000000000000000e+03 4.499000000000000000e+03
6.689000000000000000e+03 4.598000000000000000e+03
6.719000000000000000e+03 4.549000000000000000e+03
6.138000000000000000e+03 5.029000000000000000e+03
6.289000000000000000e+03 4.864000000000000000e+03
6.241000000000000000e+03 4.589000000000000000e+03
5.716000000000000000e+03 4.630000000000000000e+03
6.643000000000000000e+03 4.431000000000000000e+03
6.435000000000000000e+03 4.501000000000000000e+03
6.122000000000000000e+03 4.353000000000000000e+03
6.261000000000000000e+03 4.327000000000000000e+03
6.448000000000000000e+03 4.344000000000000000e+03
6.322000000000000000e+03 4.362000000000000000e+03
6.062000000000000000e+03 4.544000000000000000e+03
6.198000000000000000e+03 4.505000000000000000e+03
6.036000000000000000e+03 4.373000000000000000e+03
6.092000000000000000e+03 4.407000000000000000e+03
6.971000000000000000e+03 4.387000000000000000e+03
7.024000000000000000e+03 4.331000000000000000e+03
6.778000000000000000e+03 4.331000000000000000e+03
6.888000000000000000e+03 4.341000000000000000e+03
6.638000000000000000e+03 4.401000000000000000e+03
6.516000000000000000e+03 4.417000000000000000e+03
6.065000000000000000e+03 4.578000000000000000e+03
6.175000000000000000e+03 4.521000000000000000e+03
4.633000000000000000e+03 7.251000000000000000e+03
6.626000000000000000e+03 7.304000000000000000e+03
6.899000000000000000e+03 7.156000000000000000e+03
3.757000000000000000e+03 7.192000000000000000e+03
3.925000000000000000e+03 7.265000000000000000e+03
4.035000000000000000e+03 7.360000000000000000e+03
3.913000000000000000e+03 7.375000000000000000e+03
4.596000000000000000e+03 7.400000000000000000e+03
4.107000000000000000e+03 7.459000000000000000e+03
5.192000000000000000e+03 7.201000000000000000e+03
4.468000000000000000e+03 7.405000000000000000e+03
4.283000000000000000e+03 7.411000000000000000e+03
4.419000000000000000e+03 7.443000000000000000e+03
4.394000000000000000e+03 7.380000000000000000e+03
4.133000000000000000e+03 7.284000000000000000e+03
7.379000000000000000e+03 7.417000000000000000e+03
6.311000000000000000e+03 6.824000000000000000e+03
7.420000000000000000e+03 7.385000000000000000e+03
7.223000000000000000e+03 7.422000000000000000e+03
6.814000000000000000e+03 6.563000000000000000e+03
7.042000000000000000e+03 6.836000000000000000e+03
6.231000000000000000e+03 6.379000000000000000e+03
5.991000000000000000e+03 6.587000000000000000e+03
4.892000000000000000e+03 6.334000000000000000e+03
4.859000000000000000e+03 6.313000000000000000e+03
4.855000000000000000e+03 6.415000000000000000e+03
4.790000000000000000e+03 6.463000000000000000e+03
4.769000000000000000e+03 6.324000000000000000e+03
4.854000000000000000e+03 6.193000000000000000e+03
4.847000000000000000e+03 6.211000000000000000e+03
4.963000000000000000e+03 6.162000000000000000e+03
9.090000000000000000e+02 7.455000000000000000e+03
1.036000000000000000e+03 7.352000000000000000e+03
8.960000000000000000e+02 7.467000000000000000e+03
6.750000000000000000e+02 7.473000000000000000e+03
4.440000000000000000e+02 7.467000000000000000e+03
2.530000000000000000e+03 7.395000000000000000e+03
1.182000000000000000e+03 7.168000000000000000e+03
4.220000000000000000e+03 7.353000000000000000e+03
4.118000000000000000e+03 7.338000000000000000e+03
4.052000000000000000e+03 7.300000000000000000e+03
4.080000000000000000e+03 7.279000000000000000e+03
3.877000000000000000e+03 7.392000000000000000e+03
3.887000000000000000e+03 7.354000000000000000e+03
3.687000000000000000e+03 7.282000000000000000e+03
3.785000000000000000e+03 7.334000000000000000e+03
1.500000000000000000e+03 7.442000000000000000e+03
1.393000000000000000e+03 7.467000000000000000e+03
1.573000000000000000e+03 7.471000000000000000e+03
1.493000000000000000e+03 7.471000000000000000e+03
1.477000000000000000e+03 7.448000000000000000e+03
1.364000000000000000e+03 7.444000000000000000e+03
1.397000000000000000e+03 7.451000000000000000e+03
1.581000000000000000e+03 7.462000000000000000e+03
2.231000000000000000e+03 7.472000000000000000e+03
2.290000000000000000e+03 7.451000000000000000e+03
2.352000000000000000e+03 7.422000000000000000e+03
2.388000000000000000e+03 7.452000000000000000e+03
3.381000000000000000e+03 7.255000000000000000e+03
3.054000000000000000e+03 7.372000000000000000e+03
2.118000000000000000e+03 7.463000000000000000e+03
2.034000000000000000e+03 7.465000000000000000e+03
6.210000000000000000e+03 7.447000000000000000e+03
6.278000000000000000e+03 7.446000000000000000e+03
6.350000000000000000e+03 7.441000000000000000e+03
6.780000000000000000e+03 7.424000000000000000e+03
6.688000000000000000e+03 7.399000000000000000e+03
6.740000000000000000e+03 7.354000000000000000e+03
6.796000000000000000e+03 7.418000000000000000e+03
4.548000000000000000e+03 7.294000000000000000e+03
4.759000000000000000e+03 7.146000000000000000e+03
4.582000000000000000e+03 7.419000000000000000e+03
4.808000000000000000e+03 7.371000000000000000e+03
5.858000000000000000e+03 6.766000000000000000e+03
5.202000000000000000e+03 7.205000000000000000e+03
5.049000000000000000e+03 7.321000000000000000e+03
4.831000000000000000e+03 7.271000000000000000e+03
4.667000000000000000e+03 6.982000000000000000e+03
4.663000000000000000e+03 7.058000000000000000e+03
4.615000000000000000e+03 6.996000000000000000e+03
4.737000000000000000e+03 6.943000000000000000e+03
4.684000000000000000e+03 6.829000000000000000e+03
4.892000000000000000e+03 6.856000000000000000e+03
4.854000000000000000e+03 6.716000000000000000e+03
4.827000000000000000e+03 6.778000000000000000e+03
6.001000000000000000e+03 5.671000000000000000e+03
6.240000000000000000e+03 6.291000000000000000e+03
5.627000000000000000e+03 6.226000000000000000e+03
6.189000000000000000e+03 6.230000000000000000e+03
5.975000000000000000e+03 5.519000000000000000e+03
5.529000000000000000e+03 6.461000000000000000e+03
6.142000000000000000e+03 5.938000000000000000e+03
6.121000000000000000e+03 5.498000000000000000e+03
5.222000000000000000e+03 5.807000000000000000e+03
5.164000000000000000e+03 6.245000000000000000e+03
5.140000000000000000e+03 6.327000000000000000e+03
5.043000000000000000e+03 6.594000000000000000e+03
4.822000000000000000e+03 6.709000000000000000e+03
4.760000000000000000e+03 6.865000000000000000e+03
4.928000000000000000e+03 6.652000000000000000e+03
4.986000000000000000e+03 6.499000000000000000e+03
4.943000000000000000e+03 6.309000000000000000e+03
5.025000000000000000e+03 6.218000000000000000e+03
4.982000000000000000e+03 7.229000000000000000e+03
4.918000000000000000e+03 7.356000000000000000e+03
4.888000000000000000e+03 7.040000000000000000e+03
4.804000000000000000e+03 7.094000000000000000e+03
4.773000000000000000e+03 7.164000000000000000e+03
4.710000000000000000e+03 7.096000000000000000e+03
5.917000000000000000e+03 6.875000000000000000e+03
5.895000000000000000e+03 7.305000000000000000e+03
5.202000000000000000e+03 7.221000000000000000e+03
5.563000000000000000e+03 7.210000000000000000e+03
5.371000000000000000e+03 7.062000000000000000e+03
5.275000000000000000e+03 7.285000000000000000e+03
5.043000000000000000e+03 7.268000000000000000e+03
5.505000000000000000e+03 7.220000000000000000e+03
4.923000000000000000e+03 6.596000000000000000e+03
5.067000000000000000e+03 6.492000000000000000e+03
5.055000000000000000e+03 6.284000000000000000e+03
5.007000000000000000e+03 6.374000000000000000e+03
5.427000000000000000e+03 6.094000000000000000e+03
4.942000000000000000e+03 6.792000000000000000e+03
4.846000000000000000e+03 6.911000000000000000e+03
4.857000000000000000e+03 6.950000000000000000e+03
1.420000000000000000e+03 6.909000000000000000e+03
4.305000000000000000e+03 5.956000000000000000e+03
4.305000000000000000e+03 5.836000000000000000e+03
9.050000000000000000e+02 6.848000000000000000e+03
8.900000000000000000e+02 7.256000000000000000e+03
8.590000000000000000e+02 7.229000000000000000e+03
6.910000000000000000e+02 7.267000000000000000e+03
4.355000000000000000e+03 6.123000000000000000e+03
4.297000000000000000e+03 6.117000000000000000e+03
4.286000000000000000e+03 6.360000000000000000e+03
4.345000000000000000e+03 6.263000000000000000e+03
4.292000000000000000e+03 6.433000000000000000e+03
4.325000000000000000e+03 6.534000000000000000e+03
4.401000000000000000e+03 6.587000000000000000e+03
4.394000000000000000e+03 6.523000000000000000e+03
3.450000000000000000e+03 5.808000000000000000e+03
8.930000000000000000e+02 5.850000000000000000e+03
6.720000000000000000e+02 5.385000000000000000e+03
7.130000000000000000e+02 5.280000000000000000e+03
4.275000000000000000e+03 6.846000000000000000e+03
4.299000000000000000e+03 6.516000000000000000e+03
2.113000000000000000e+03 6.035000000000000000e+03
9.150000000000000000e+02 5.582000000000000000e+03
2.365000000000000000e+03 5.666000000000000000e+03
2.595000000000000000e+03 5.906000000000000000e+03
3.744000000000000000e+03 5.486000000000000000e+03
4.138000000000000000e+03 5.942000000000000000e+03
3.813000000000000000e+03 6.185000000000000000e+03
2.868000000000000000e+03 7.008000000000000000e+03
2.773000000000000000e+03 6.521000000000000000e+03
2.996000000000000000e+03 6.359000000000000000e+03
4.352000000000000000e+03 5.867000000000000000e+03
4.862000000000000000e+03 5.567000000000000000e+03
4.896000000000000000e+03 5.548000000000000000e+03
5.025000000000000000e+03 5.524000000000000000e+03
4.553000000000000000e+03 6.542000000000000000e+03
4.322000000000000000e+03 6.843000000000000000e+03
4.404000000000000000e+03 6.714000000000000000e+03
2.735000000000000000e+03 5.238000000000000000e+03
2.090000000000000000e+03 5.267000000000000000e+03
2.908000000000000000e+03 5.223000000000000000e+03
1.344000000000000000e+03 5.249000000000000000e+03
1.236000000000000000e+03 5.306000000000000000e+03
1.177000000000000000e+03 5.243000000000000000e+03
2.077000000000000000e+03 5.295000000000000000e+03
1.185000000000000000e+03 5.276000000000000000e+03
4.326000000000000000e+03 7.064000000000000000e+03
4.316000000000000000e+03 7.230000000000000000e+03
4.255000000000000000e+03 7.227000000000000000e+03
4.290000000000000000e+03 7.197000000000000000e+03
4.425000000000000000e+03 7.031000000000000000e+03
4.498000000000000000e+03 6.949000000000000000e+03
4.425000000000000000e+03 6.563000000000000000e+03
4.416000000000000000e+03 6.408000000000000000e+03
4.448000000000000000e+03 6.961000000000000000e+03
4.423000000000000000e+03 6.881000000000000000e+03
4.507000000000000000e+03 6.759000000000000000e+03
4.441000000000000000e+03 6.796000000000000000e+03
4.452000000000000000e+03 7.193000000000000000e+03
4.404000000000000000e+03 7.219000000000000000e+03
4.500000000000000000e+03 7.109000000000000000e+03
4.475000000000000000e+03 7.128000000000000000e+03
5.277000000000000000e+03 5.251000000000000000e+03
5.227000000000000000e+03 5.337000000000000000e+03
4.537000000000000000e+03 5.476000000000000000e+03
4.341000000000000000e+03 5.689000000000000000e+03
4.349000000000000000e+03 5.612000000000000000e+03
4.410000000000000000e+03 5.693000000000000000e+03
4.383000000000000000e+03 6.108000000000000000e+03
4.649000000000000000e+03 6.595000000000000000e+03
4.665000000000000000e+03 6.516000000000000000e+03
4.572000000000000000e+03 6.705000000000000000e+03
4.562000000000000000e+03 6.695000000000000000e+03
4.692000000000000000e+03 6.250000000000000000e+03
4.671000000000000000e+03 6.360000000000000000e+03
5.171000000000000000e+03 5.589000000000000000e+03
4.720000000000000000e+03 6.437000000000000000e+03
2.101000000000000000e+03 5.078000000000000000e+03
1.478000000000000000e+03 5.276000000000000000e+03
8.790000000000000000e+02 5.195000000000000000e+03
7.870000000000000000e+02 5.152000000000000000e+03
6.500000000000000000e+02 5.132000000000000000e+03
5.820000000000000000e+02 5.136000000000000000e+03
7.040000000000000000e+02 5.058000000000000000e+03
6.950000000000000000e+02 5.123000000000000000e+03
9.050000000000000000e+02 5.056000000000000000e+03
8.340000000000000000e+02 5.002000000000000000e+03
1.931000000000000000e+03 4.894000000000000000e+03
8.170000000000000000e+02 4.971000000000000000e+03
2.206000000000000000e+03 4.824000000000000000e+03
1.677000000000000000e+03 4.836000000000000000e+03
1.562000000000000000e+03 4.856000000000000000e+03
9.560000000000000000e+02 4.897000000000000000e+03
4.579000000000000000e+03 5.924000000000000000e+03
4.569000000000000000e+03 6.078000000000000000e+03
4.397000000000000000e+03 5.948000000000000000e+03
4.652000000000000000e+03 6.103000000000000000e+03
4.519000000000000000e+03 6.197000000000000000e+03
4.567000000000000000e+03 6.092000000000000000e+03
4.592000000000000000e+03 6.120000000000000000e+03
4.568000000000000000e+03 6.057000000000000000e+03
4.529000000000000000e+03 6.236000000000000000e+03
4.494000000000000000e+03 6.171000000000000000e+03
4.434000000000000000e+03 6.160000000000000000e+03
4.444000000000000000e+03 6.133000000000000000e+03
4.560000000000000000e+03 6.386000000000000000e+03
4.572000000000000000e+03 6.289000000000000000e+03
4.546000000000000000e+03 6.439000000000000000e+03
4.488000000000000000e+03 6.484000000000000000e+03
4.456000000000000000e+03 5.892000000000000000e+03
4.489000000000000000e+03 5.941000000000000000e+03
4.527000000000000000e+03 5.774000000000000000e+03
4.512000000000000000e+03 5.910000000000000000e+03
4.741000000000000000e+03 5.746000000000000000e+03
4.786000000000000000e+03 5.837000000000000000e+03
4.605000000000000000e+03 5.725000000000000000e+03
4.696000000000000000e+03 5.701000000000000000e+03
4.579000000000000000e+03 5.999000000000000000e+03
4.627000000000000000e+03 5.938000000000000000e+03
4.665000000000000000e+03 5.978000000000000000e+03
4.671000000000000000e+03 5.865000000000000000e+03
4.862000000000000000e+03 5.868000000000000000e+03
4.777000000000000000e+03 5.872000000000000000e+03
4.908000000000000000e+03 5.842000000000000000e+03
4.915000000000000000e+03 5.816000000000000000e+03
2.018000000000000000e+03 2.100000000000000000e+02
1.287000000000000000e+03 2.580000000000000000e+03
3.320000000000000000e+02 5.350000000000000000e+03
2.560000000000000000e+02 7.500000000000000000e+02
5.346000000000000000e+03 2.790000000000000000e+03
5.027000000000000000e+03 5.820000000000000000e+03
6.159000000000000000e+03 4.630000000000000000e+03
-4.000000000000000000e+00 0.000000000000000000e+00
-1.200000000000000000e+01 0.000000000000000000e+00
7.442000000000000000e+03 0.000000000000000000e+00
