6.436000000000000000e+03 1.516000000000000000e+03
6.381000000000000000e+03 1.040000000000000000e+03
6.074000000000000000e+03 1.566000000000000000e+03
6.367000000000000000e+03 6.900000000000000000e+02
6.427000000000000000e+03 6.570000000000000000e+02
6.493000000000000000e+03 6.790000000000000000e+02
6.523000000000000000e+03 6.130000000000000000e+02
6.077000000000000000e+03 1.638000000000000000e+03
6.140000000000000000e+03 1.719000000000000000e+03
6.170000000000000000e+03 1.610000000000000000e+03
6.068000000000000000e+03 1.640000000000000000e+03
6.010000000000000000e+03 1.876000000000000000e+03
5.974000000000000000e+03 1.759000000000000000e+03
6.070000000000000000e+03 1.583000000000000000e+03
6.000000000000000000e+03 1.813000000000000000e+03
6.910000000000000000e+03 5.580000000000000000e+02
7.022000000000000000e+03 7.730000000000000000e+02
7.012000000000000000e+03 5.060000000000000000e+02
7.092000000000000000e+03 5.500000000000000000e+02
6.922000000000000000e+03 8.160000000000000000e+02
6.736000000000000000e+03 7.170000000000000000e+02
6.953000000000000000e+03 7.750000000000000000e+02
6.910000000000000000e+03 6.550000000000000000e+02
7.106000000000000000e+03 6.800000000000000000e+02
6.992000000000000000e+03 7.520000000000000000e+02
7.028000000000000000e+03 1.148000000000000000e+03
7.307000000000000000e+03 9.700000000000000000e+02
6.781000000000000000e+03 5.800000000000000000e+02
6.668000000000000000e+03 6.060000000000000000e+02
6.758000000000000000e+03 6.020000000000000000e+02
6.668000000000000000e+03 5.840000000000000000e+02
6.316000000000000000e+03 1.761000000000000000e+03
6.102000000000000000e+03 1.798000000000000000e+03
6.534000000000000000e+03 1.652000000000000000e+03
5.944000000000000000e+03 1.603000000000000000e+03
6.363000000000000000e+03 1.561000000000000000e+03
6.383000000000000000e+03 1.569000000000000000e+03
6.113000000000000000e+03 1.616000000000000000e+03
6.726000000000000000e+03 1.724000000000000000e+03
6.728000000000000000e+03 1.716000000000000000e+03
6.713000000000000000e+03 1.749000000000000000e+03
6.643000000000000000e+03 1.838000000000000000e+03
6.582000000000000000e+03 1.720000000000000000e+03
6.193000000000000000e+03 1.924000000000000000e+03
5.994000000000000000e+03 2.112000000000000000e+03
6.506000000000000000e+03 1.723000000000000000e+03
6.446000000000000000e+03 1.399000000000000000e+03
6.252000000000000000e+03 1.444000000000000000e+03
6.225000000000000000e+03 1.323000000000000000e+03
6.536000000000000000e+03 1.382000000000000000e+03
6.637000000000000000e+03 1.465000000000000000e+03
6.636000000000000000e+03 1.471000000000000000e+03
6.430000000000000000e+03 1.324000000000000000e+03
6.630000000000000000e+03 1.416000000000000000e+03
6.161000000000000000e+03 1.436000000000000000e+03
5.869000000000000000e+03 1.645000000000000000e+03
6.527000000000000000e+03 1.611000000000000000e+03
6.408000000000000000e+03 1.604000000000000000e+03
6.588000000000000000e+03 1.662000000000000000e+03
6.509000000000000000e+03 1.708000000000000000e+03
6.553000000000000000e+03 1.602000000000000000e+03
6.532000000000000000e+03 1.566000000000000000e+03
6.368000000000000000e+03 1.741000000000000000e+03
6.875000000000000000e+03 1.491000000000000000e+03
6.846000000000000000e+03 1.419000000000000000e+03
7.206000000000000000e+03 1.544000000000000000e+03
7.228000000000000000e+03 1.508000000000000000e+03
7.043000000000000000e+03 1.503000000000000000e+03
7.005000000000000000e+03 1.545000000000000000e+03
5.835000000000000000e+03 2.074000000000000000e+03
5.849000000000000000e+03 2.132000000000000000e+03
5.903000000000000000e+03 2.087000000000000000e+03
5.923000000000000000e+03 2.023000000000000000e+03
5.631000000000000000e+03 2.034000000000000000e+03
5.701000000000000000e+03 2.043000000000000000e+03
5.623000000000000000e+03 2.298000000000000000e+03
5.746000000000000000e+03 2.320000000000000000e+03
5.425000000000000000e+03 2.237000000000000000e+03
5.286000000000000000e+03 2.306000000000000000e+03
5.483000000000000000e+03 2.027000000000000000e+03
5.474000000000000000e+03 2.110000000000000000e+03
5.533000000000000000e+03 2.393000000000000000e+03
5.463000000000000000e+03 2.304000000000000000e+03
5.574000000000000000e+03 2.289000000000000000e+03
5.640000000000000000e+03 2.301000000000000000e+03
6.962000000000000000e+03 1.743000000000000000e+03
6.909000000000000000e+03 1.728000000000000000e+03
7.122000000000000000e+03 1.623000000000000000e+03
7.122000000000000000e+03 1.661000000000000000e+03
6.797000000000000000e+03 1.685000000000000000e+03
6.930000000000000000e+03 1.637000000000000000e+03
6.722000000000000000e+03 1.564000000000000000e+03
6.835000000000000000e+03 1.537000000000000000e+03
5.359000000000000000e+03 2.059000000000000000e+03
5.342000000000000000e+03 2.284000000000000000e+03
5.313000000000000000e+03 2.251000000000000000e+03
5.146000000000000000e+03 2.199000000000000000e+03
5.264000000000000000e+03 1.945000000000000000e+03
5.333000000000000000e+03 2.074000000000000000e+03
5.171000000000000000e+03 2.186000000000000000e+03
5.228000000000000000e+03 2.166000000000000000e+03
5.324000000000000000e+03 1.770000000000000000e+03
5.368000000000000000e+03 1.765000000000000000e+03
5.347000000000000000e+03 1.757000000000000000e+03
5.388000000000000000e+03 1.690000000000000000e+03
5.424000000000000000e+03 1.849000000000000000e+03
5.515000000000000000e+03 1.905000000000000000e+03
5.537000000000000000e+03 1.685000000000000000e+03
5.530000000000000000e+03 1.803000000000000000e+03
5.374000000000000000e+03 1.415000000000000000e+03
5.431000000000000000e+03 1.390000000000000000e+03
5.502000000000000000e+03 1.478000000000000000e+03
5.541000000000000000e+03 1.515000000000000000e+03
5.362000000000000000e+03 1.539000000000000000e+03
5.394000000000000000e+03 1.562000000000000000e+03
5.185000000000000000e+03 1.395000000000000000e+03
5.332000000000000000e+03 1.494000000000000000e+03
5.630000000000000000e+03 1.324000000000000000e+03
5.730000000000000000e+03 1.611000000000000000e+03
5.707000000000000000e+03 1.766000000000000000e+03
5.874000000000000000e+03 1.758000000000000000e+03
5.853000000000000000e+03 1.893000000000000000e+03
5.773000000000000000e+03 1.938000000000000000e+03
5.712000000000000000e+03 1.851000000000000000e+03
5.630000000000000000e+03 1.862000000000000000e+03
5.680000000000000000e+03 9.500000000000000000e+02
5.467000000000000000e+03 6.280000000000000000e+02
5.533000000000000000e+03 5.860000000000000000e+02
5.536000000000000000e+03 1.161000000000000000e+03
5.461000000000000000e+03 7.510000000000000000e+02
5.455000000000000000e+03 1.067000000000000000e+03
5.779000000000000000e+03 1.350000000000000000e+03
5.727000000000000000e+03 1.353000000000000000e+03
5.350000000000000000e+03 6.450000000000000000e+02
5.659000000000000000e+03 1.369000000000000000e+03
5.684000000000000000e+03 1.375000000000000000e+03
5.866000000000000000e+03 1.451000000000000000e+03
5.831000000000000000e+03 1.542000000000000000e+03
5.858000000000000000e+03 1.557000000000000000e+03
5.815000000000000000e+03 1.551000000000000000e+03
5.944000000000000000e+03 1.504000000000000000e+03
6.003000000000000000e+03 1.551000000000000000e+03
5.964000000000000000e+03 1.490000000000000000e+03
6.001000000000000000e+03 1.438000000000000000e+03
5.935000000000000000e+03 1.400000000000000000e+03
5.898000000000000000e+03 1.358000000000000000e+03
5.899000000000000000e+03 1.030000000000000000e+03
5.956000000000000000e+03 1.052000000000000000e+03
5.869000000000000000e+03 1.395000000000000000e+03
5.660000000000000000e+03 1.405000000000000000e+03
5.820000000000000000e+03 6.490000000000000000e+02
5.751000000000000000e+03 6.540000000000000000e+02
5.840000000000000000e+03 1.646000000000000000e+03
5.767000000000000000e+03 1.596000000000000000e+03
5.732000000000000000e+03 1.420000000000000000e+03
5.668000000000000000e+03 1.525000000000000000e+03
5.924000000000000000e+03 6.190000000000000000e+02
2.186000000000000000e+03 2.145000000000000000e+03
3.164000000000000000e+03 1.832000000000000000e+03
6.325000000000000000e+03 3.540000000000000000e+02
6.956000000000000000e+03 4.140000000000000000e+02
6.762000000000000000e+03 4.580000000000000000e+02
6.688000000000000000e+03 4.210000000000000000e+02
5.852000000000000000e+03 3.490000000000000000e+02
7.160000000000000000e+03 4.100000000000000000e+02
7.066000000000000000e+03 4.270000000000000000e+02
7.157000000000000000e+03 4.770000000000000000e+02
7.249000000000000000e+03 7.250000000000000000e+02
6.690000000000000000e+03 7.100000000000000000e+02
7.218000000000000000e+03 6.880000000000000000e+02
7.278000000000000000e+03 5.480000000000000000e+02
2.034000000000000000e+03 2.304000000000000000e+03
2.051000000000000000e+03 2.287000000000000000e+03
2.109000000000000000e+03 2.182000000000000000e+03
2.120000000000000000e+03 2.090000000000000000e+03
2.213000000000000000e+03 2.335000000000000000e+03
2.127000000000000000e+03 2.372000000000000000e+03
2.612000000000000000e+03 2.154000000000000000e+03
2.531000000000000000e+03 2.187000000000000000e+03
6.884000000000000000e+03 1.008000000000000000e+03
6.965000000000000000e+03 1.368000000000000000e+03
6.742000000000000000e+03 4.220000000000000000e+02
6.750000000000000000e+03 4.860000000000000000e+02
7.198000000000000000e+03 1.367000000000000000e+03
7.088000000000000000e+03 1.352000000000000000e+03
6.876000000000000000e+03 1.111000000000000000e+03
7.033000000000000000e+03 1.357000000000000000e+03
1.801000000000000000e+03 3.606000000000000000e+03
1.767000000000000000e+03 4.180000000000000000e+03
1.817000000000000000e+03 3.959000000000000000e+03
1.848000000000000000e+03 4.199000000000000000e+03
1.857000000000000000e+03 4.216000000000000000e+03
2.940000000000000000e+03 3.600000000000000000e+03
1.935000000000000000e+03 4.180000000000000000e+03
2.121000000000000000e+03 2.653000000000000000e+03
2.082000000000000000e+03 2.672000000000000000e+03
2.773000000000000000e+03 2.398000000000000000e+03
2.152000000000000000e+03 2.578000000000000000e+03
2.009000000000000000e+03 2.577000000000000000e+03
2.754000000000000000e+03 2.373000000000000000e+03
2.085000000000000000e+03 2.525000000000000000e+03
2.094000000000000000e+03 2.553000000000000000e+03
1.485000000000000000e+03 4.065000000000000000e+03
1.570000000000000000e+03 4.112000000000000000e+03
1.525000000000000000e+03 4.070000000000000000e+03
1.581000000000000000e+03 3.985000000000000000e+03
1.860000000000000000e+03 3.852000000000000000e+03
2.985000000000000000e+03 2.742000000000000000e+03
1.675000000000000000e+03 4.217000000000000000e+03
1.605000000000000000e+03 4.179000000000000000e+03
1.618000000000000000e+03 3.968000000000000000e+03
3.215000000000000000e+03 2.904000000000000000e+03
1.907000000000000000e+03 3.392000000000000000e+03
1.869000000000000000e+03 3.353000000000000000e+03
1.783000000000000000e+03 4.025000000000000000e+03
1.695000000000000000e+03 3.980000000000000000e+03
2.042000000000000000e+03 3.365000000000000000e+03
2.750000000000000000e+03 2.514000000000000000e+03
1.925000000000000000e+03 4.590000000000000000e+02
2.889000000000000000e+03 3.550000000000000000e+02
2.264000000000000000e+03 4.370000000000000000e+02
2.410000000000000000e+03 7.590000000000000000e+02
3.400000000000000000e+02 5.400000000000000000e+02
1.275000000000000000e+03 2.490000000000000000e+02
5.910000000000000000e+02 9.120000000000000000e+02
5.530000000000000000e+02 7.820000000000000000e+02
1.806000000000000000e+03 1.660000000000000000e+02
2.005000000000000000e+03 2.610000000000000000e+02
2.168000000000000000e+03 1.670000000000000000e+02
2.396000000000000000e+03 3.980000000000000000e+02
4.471000000000000000e+03 3.760000000000000000e+02
5.116000000000000000e+03 4.030000000000000000e+02
1.449000000000000000e+03 1.960000000000000000e+02
3.758000000000000000e+03 5.360000000000000000e+02
2.789000000000000000e+03 2.044000000000000000e+03
2.483000000000000000e+03 2.324000000000000000e+03
2.304000000000000000e+03 2.640000000000000000e+03
2.304000000000000000e+03 2.517000000000000000e+03
2.338000000000000000e+03 2.468000000000000000e+03
2.253000000000000000e+03 2.335000000000000000e+03
2.219000000000000000e+03 2.435000000000000000e+03
2.308000000000000000e+03 2.502000000000000000e+03
3.850000000000000000e+02 7.360000000000000000e+02
3.160000000000000000e+02 4.120000000000000000e+02
3.070000000000000000e+02 8.050000000000000000e+02
3.250000000000000000e+02 8.810000000000000000e+02
8.850000000000000000e+02 2.440000000000000000e+02
4.560000000000000000e+03 4.470000000000000000e+02
2.199000000000000000e+03 1.470000000000000000e+02
3.285000000000000000e+03 3.020000000000000000e+02
6.263000000000000000e+03 2.314000000000000000e+03
6.208000000000000000e+03 2.190000000000000000e+03
6.347000000000000000e+03 2.121000000000000000e+03
6.188000000000000000e+03 2.334000000000000000e+03
6.067000000000000000e+03 2.349000000000000000e+03
6.032000000000000000e+03 2.341000000000000000e+03
6.040000000000000000e+03 2.391000000000000000e+03
6.800000000000000000e+03 2.138000000000000000e+03
6.861000000000000000e+03 2.095000000000000000e+03
6.450000000000000000e+03 2.121000000000000000e+03
6.735000000000000000e+03 2.160000000000000000e+03
6.992000000000000000e+03 2.072000000000000000e+03
7.054000000000000000e+03 2.105000000000000000e+03
7.106000000000000000e+03 2.161000000000000000e+03
7.069000000000000000e+03 2.247000000000000000e+03
6.414000000000000000e+03 2.379000000000000000e+03
6.040000000000000000e+03 2.020000000000000000e+03
6.356000000000000000e+03 2.349000000000000000e+03
6.200000000000000000e+03 2.376000000000000000e+03
7.046000000000000000e+03 2.368000000000000000e+03
7.062000000000000000e+03 2.392000000000000000e+03
7.012000000000000000e+03 2.423000000000000000e+03
6.799000000000000000e+03 2.413000000000000000e+03
7.098000000000000000e+03 2.038000000000000000e+03
7.016000000000000000e+03 1.950000000000000000e+03
6.941000000000000000e+03 1.922000000000000000e+03
6.964000000000000000e+03 1.958000000000000000e+03
6.610000000000000000e+03 1.870000000000000000e+03
6.764000000000000000e+03 1.884000000000000000e+03
6.316000000000000000e+03 1.896000000000000000e+03
6.458000000000000000e+03 1.878000000000000000e+03
5.830000000000000000e+03 2.719000000000000000e+03
6.725000000000000000e+03 2.131000000000000000e+03
6.835000000000000000e+03 2.150000000000000000e+03
6.674000000000000000e+03 2.061000000000000000e+03
6.624000000000000000e+03 2.065000000000000000e+03
6.535000000000000000e+03 2.055000000000000000e+03
6.604000000000000000e+03 2.054000000000000000e+03
5.912000000000000000e+03 2.074000000000000000e+03
6.252000000000000000e+03 2.038000000000000000e+03
6.033000000000000000e+03 2.095000000000000000e+03
6.436000000000000000e+03 2.034000000000000000e+03
5.904000000000000000e+03 2.066000000000000000e+03
5.959000000000000000e+03 2.269000000000000000e+03
5.759000000000000000e+03 2.027000000000000000e+03
6.021000000000000000e+03 2.080000000000000000e+03
6.615000000000000000e+03 1.957000000000000000e+03
5.575000000000000000e+03 3.719000000000000000e+03
6.526000000000000000e+03 1.976000000000000000e+03
6.533000000000000000e+03 1.949000000000000000e+03
6.790000000000000000e+03 1.942000000000000000e+03
6.711000000000000000e+03 1.966000000000000000e+03
6.896000000000000000e+03 2.001000000000000000e+03
6.891000000000000000e+03 2.020000000000000000e+03
5.759000000000000000e+03 2.622000000000000000e+03
5.971000000000000000e+03 2.476000000000000000e+03
6.261000000000000000e+03 1.990000000000000000e+03
6.204000000000000000e+03 2.038000000000000000e+03
5.859000000000000000e+03 2.545000000000000000e+03
5.981000000000000000e+03 3.293000000000000000e+03
6.325000000000000000e+03 1.944000000000000000e+03
6.399000000000000000e+03 1.965000000000000000e+03
6.621000000000000000e+03 2.536000000000000000e+03
6.418000000000000000e+03 2.381000000000000000e+03
6.293000000000000000e+03 2.440000000000000000e+03
6.566000000000000000e+03 2.450000000000000000e+03
6.712000000000000000e+03 2.436000000000000000e+03
6.692000000000000000e+03 2.425000000000000000e+03
6.924000000000000000e+03 2.469000000000000000e+03
5.163000000000000000e+03 1.436000000000000000e+03
5.326000000000000000e+03 1.662000000000000000e+03
5.715000000000000000e+03 2.526000000000000000e+03
5.799000000000000000e+03 2.495000000000000000e+03
5.825000000000000000e+03 2.422000000000000000e+03
5.796000000000000000e+03 2.432000000000000000e+03
5.488000000000000000e+03 1.735000000000000000e+03
5.406000000000000000e+03 1.641000000000000000e+03
5.924000000000000000e+03 2.227000000000000000e+03
5.888000000000000000e+03 2.201000000000000000e+03
5.747000000000000000e+03 2.277000000000000000e+03
5.645000000000000000e+03 2.350000000000000000e+03
5.831000000000000000e+03 2.337000000000000000e+03
5.760000000000000000e+03 2.425000000000000000e+03
5.469000000000000000e+03 2.677000000000000000e+03
5.643000000000000000e+03 2.555000000000000000e+03
6.508000000000000000e+03 2.211000000000000000e+03
6.475000000000000000e+03 2.233000000000000000e+03
6.804000000000000000e+03 2.386000000000000000e+03
6.647000000000000000e+03 2.291000000000000000e+03
5.712000000000000000e+03 1.548000000000000000e+03
5.647000000000000000e+03 1.564000000000000000e+03
6.257000000000000000e+03 2.209000000000000000e+03
6.077000000000000000e+03 2.199000000000000000e+03
5.689000000000000000e+03 2.702000000000000000e+03
5.849000000000000000e+03 2.582000000000000000e+03
4.105000000000000000e+03 2.734000000000000000e+03
5.388000000000000000e+03 2.684000000000000000e+03
6.876000000000000000e+03 2.171000000000000000e+03
6.984000000000000000e+03 2.233000000000000000e+03
7.100000000000000000e+03 2.312000000000000000e+03
7.093000000000000000e+03 2.255000000000000000e+03
5.955000000000000000e+03 2.507000000000000000e+03
5.952000000000000000e+03 2.963000000000000000e+03
5.787000000000000000e+03 2.445000000000000000e+03
6.022000000000000000e+03 2.368000000000000000e+03
6.845000000000000000e+03 2.392000000000000000e+03
6.669000000000000000e+03 2.366000000000000000e+03
6.148000000000000000e+03 2.331000000000000000e+03
6.488000000000000000e+03 2.330000000000000000e+03
6.634000000000000000e+03 2.166000000000000000e+03
6.248000000000000000e+03 2.316000000000000000e+03
6.254000000000000000e+03 2.185000000000000000e+03
5.962000000000000000e+03 2.379000000000000000e+03
5.901000000000000000e+03 2.468000000000000000e+03
5.933000000000000000e+03 2.643000000000000000e+03
5.677000000000000000e+03 2.601000000000000000e+03
5.828000000000000000e+03 2.386000000000000000e+03
6.376000000000000000e+03 2.277000000000000000e+03
5.978000000000000000e+03 2.257000000000000000e+03
5.844000000000000000e+03 2.331000000000000000e+03
5.676000000000000000e+03 2.388000000000000000e+03
6.708000000000000000e+03 2.236000000000000000e+03
6.753000000000000000e+03 2.249000000000000000e+03
6.973000000000000000e+03 2.335000000000000000e+03
6.882000000000000000e+03 2.245000000000000000e+03
1.976000000000000000e+03 3.504000000000000000e+03
3.021000000000000000e+03 2.177000000000000000e+03
2.293000000000000000e+03 2.484000000000000000e+03
5.856000000000000000e+03 3.359000000000000000e+03
5.978000000000000000e+03 3.199000000000000000e+03
1.962000000000000000e+03 5.127000000000000000e+03
1.949000000000000000e+03 5.039000000000000000e+03
2.470000000000000000e+03 2.180000000000000000e+03
2.430000000000000000e+03 2.204000000000000000e+03
2.406000000000000000e+03 2.190000000000000000e+03
2.447000000000000000e+03 2.196000000000000000e+03
3.046000000000000000e+03 2.232000000000000000e+03
2.865000000000000000e+03 2.244000000000000000e+03
2.349000000000000000e+03 2.327000000000000000e+03
2.392000000000000000e+03 2.315000000000000000e+03
1.577000000000000000e+03 5.194000000000000000e+03
1.584000000000000000e+03 5.185000000000000000e+03
1.588000000000000000e+03 5.266000000000000000e+03
1.689000000000000000e+03 5.245000000000000000e+03
2.362000000000000000e+03 5.226000000000000000e+03
2.545000000000000000e+03 5.270000000000000000e+03
2.600000000000000000e+03 5.229000000000000000e+03
1.807000000000000000e+03 5.217000000000000000e+03
1.921000000000000000e+03 4.978000000000000000e+03
1.862000000000000000e+03 4.988000000000000000e+03
3.500000000000000000e+03 5.147000000000000000e+03
1.906000000000000000e+03 5.084000000000000000e+03
1.685000000000000000e+03 5.082000000000000000e+03
1.682000000000000000e+03 5.050000000000000000e+03
1.799000000000000000e+03 4.994000000000000000e+03
1.774000000000000000e+03 4.971000000000000000e+03
2.475000000000000000e+03 5.318000000000000000e+03
2.409000000000000000e+03 5.342000000000000000e+03
2.702000000000000000e+03 5.387000000000000000e+03
2.976000000000000000e+03 5.355000000000000000e+03
4.333000000000000000e+03 4.999000000000000000e+03
4.918000000000000000e+03 4.227000000000000000e+03
2.863000000000000000e+03 5.399000000000000000e+03
2.116000000000000000e+03 5.386000000000000000e+03
2.068000000000000000e+03 5.320000000000000000e+03
2.188000000000000000e+03 5.441000000000000000e+03
2.034000000000000000e+03 5.362000000000000000e+03
2.370000000000000000e+03 5.410000000000000000e+03
2.295000000000000000e+03 5.377000000000000000e+03
3.283000000000000000e+03 5.187000000000000000e+03
2.357000000000000000e+03 5.354000000000000000e+03
3.908000000000000000e+03 4.757000000000000000e+03
4.724000000000000000e+03 4.383000000000000000e+03
4.141000000000000000e+03 4.923000000000000000e+03
4.291000000000000000e+03 4.485000000000000000e+03
2.773000000000000000e+03 4.234000000000000000e+03
2.811000000000000000e+03 3.778000000000000000e+03
2.908000000000000000e+03 5.099000000000000000e+03
4.010000000000000000e+03 4.182000000000000000e+03
3.843000000000000000e+03 4.506000000000000000e+03
3.394000000000000000e+03 5.314000000000000000e+03
4.969000000000000000e+03 3.894000000000000000e+03
2.571000000000000000e+03 4.794000000000000000e+03
4.025000000000000000e+03 5.296000000000000000e+03
5.084000000000000000e+03 2.956000000000000000e+03
3.501000000000000000e+03 5.138000000000000000e+03
5.761000000000000000e+03 3.498000000000000000e+03
7.394000000000000000e+03 3.128000000000000000e+03
7.421000000000000000e+03 3.339000000000000000e+03
7.395000000000000000e+03 3.287000000000000000e+03
7.384000000000000000e+03 3.430000000000000000e+03
7.365000000000000000e+03 3.434000000000000000e+03
7.389000000000000000e+03 3.333000000000000000e+03
7.374000000000000000e+03 3.546000000000000000e+03
7.374000000000000000e+03 2.833000000000000000e+03
7.422000000000000000e+03 2.869000000000000000e+03
7.405000000000000000e+03 2.571000000000000000e+03
7.308000000000000000e+03 2.405000000000000000e+03
7.439000000000000000e+03 2.433000000000000000e+03
7.080000000000000000e+03 2.754000000000000000e+03
7.428000000000000000e+03 2.414000000000000000e+03
7.429000000000000000e+03 2.763000000000000000e+03
7.345000000000000000e+03 2.445000000000000000e+03
7.391000000000000000e+03 2.391000000000000000e+03
7.343000000000000000e+03 2.383000000000000000e+03
7.381000000000000000e+03 2.317000000000000000e+03
7.450000000000000000e+03 2.455000000000000000e+03
7.255000000000000000e+03 2.401000000000000000e+03
7.295000000000000000e+03 2.508000000000000000e+03
7.354000000000000000e+03 2.739000000000000000e+03
7.446000000000000000e+03 2.438000000000000000e+03
7.447000000000000000e+03 2.620000000000000000e+03
7.299000000000000000e+03 2.463000000000000000e+03
7.377000000000000000e+03 2.648000000000000000e+03
7.435000000000000000e+03 2.835000000000000000e+03
7.453000000000000000e+03 3.033000000000000000e+03
7.394000000000000000e+03 2.902000000000000000e+03
7.362000000000000000e+03 3.028000000000000000e+03
7.384000000000000000e+03 3.928000000000000000e+03
7.269000000000000000e+03 3.848000000000000000e+03
7.222000000000000000e+03 3.944000000000000000e+03
7.436000000000000000e+03 4.033000000000000000e+03
7.194000000000000000e+03 3.423000000000000000e+03
7.459000000000000000e+03 3.156000000000000000e+03
7.460000000000000000e+03 4.282000000000000000e+03
7.432000000000000000e+03 3.962000000000000000e+03
7.406000000000000000e+03 4.465000000000000000e+03
7.417000000000000000e+03 4.282000000000000000e+03
7.450000000000000000e+03 4.219000000000000000e+03
7.377000000000000000e+03 4.251000000000000000e+03
6.973000000000000000e+03 5.303000000000000000e+03
7.426000000000000000e+03 4.711000000000000000e+03
7.425000000000000000e+03 4.480000000000000000e+03
7.418000000000000000e+03 4.850000000000000000e+03
7.323000000000000000e+03 3.871000000000000000e+03
7.381000000000000000e+03 3.736000000000000000e+03
7.332000000000000000e+03 3.760000000000000000e+03
7.355000000000000000e+03 3.739000000000000000e+03
7.402000000000000000e+03 4.113000000000000000e+03
7.354000000000000000e+03 3.934000000000000000e+03
7.361000000000000000e+03 4.020000000000000000e+03
7.369000000000000000e+03 4.053000000000000000e+03
7.332000000000000000e+03 3.678000000000000000e+03
7.423000000000000000e+03 3.454000000000000000e+03
7.369000000000000000e+03 3.688000000000000000e+03
7.426000000000000000e+03 3.586000000000000000e+03
7.365000000000000000e+03 3.523000000000000000e+03
7.398000000000000000e+03 3.465000000000000000e+03
7.432000000000000000e+03 3.433000000000000000e+03
7.349000000000000000e+03 3.498000000000000000e+03
6.688000000000000000e+03 5.284000000000000000e+03
7.190000000000000000e+03 4.811000000000000000e+03
7.116000000000000000e+03 4.788000000000000000e+03
7.218000000000000000e+03 4.778000000000000000e+03
7.387000000000000000e+03 4.852000000000000000e+03
7.305000000000000000e+03 4.840000000000000000e+03
7.330000000000000000e+03 4.755000000000000000e+03
6.642000000000000000e+03 5.203000000000000000e+03
7.087000000000000000e+03 4.875000000000000000e+03
7.012000000000000000e+03 5.261000000000000000e+03
6.965000000000000000e+03 5.104000000000000000e+03
6.052000000000000000e+03 5.706000000000000000e+03
6.522000000000000000e+03 5.291000000000000000e+03
6.982000000000000000e+03 4.916000000000000000e+03
6.625000000000000000e+03 5.201000000000000000e+03
7.421000000000000000e+03 5.045000000000000000e+03
7.400000000000000000e+03 5.055000000000000000e+03
7.333000000000000000e+03 5.121000000000000000e+03
7.313000000000000000e+03 5.118000000000000000e+03
7.146000000000000000e+03 5.079000000000000000e+03
7.093000000000000000e+03 5.165000000000000000e+03
7.246000000000000000e+03 5.115000000000000000e+03
7.211000000000000000e+03 5.184000000000000000e+03
7.240000000000000000e+03 4.955000000000000000e+03
7.297000000000000000e+03 4.919000000000000000e+03
7.230000000000000000e+03 5.013000000000000000e+03
7.241000000000000000e+03 4.896000000000000000e+03
7.037000000000000000e+03 4.980000000000000000e+03
6.979000000000000000e+03 5.035000000000000000e+03
7.129000000000000000e+03 4.988000000000000000e+03
7.135000000000000000e+03 4.949000000000000000e+03
6.924000000000000000e+03 5.220000000000000000e+03
7.260000000000000000e+03 5.353000000000000000e+03
6.893000000000000000e+03 5.415000000000000000e+03
7.161000000000000000e+03 5.417000000000000000e+03
7.149000000000000000e+03 5.264000000000000000e+03
7.089000000000000000e+03 5.214000000000000000e+03
7.067000000000000000e+03 5.221000000000000000e+03
7.289000000000000000e+03 5.387000000000000000e+03
7.356000000000000000e+03 5.380000000000000000e+03
7.449000000000000000e+03 5.474000000000000000e+03
7.438000000000000000e+03 5.381000000000000000e+03
7.452000000000000000e+03 5.301000000000000000e+03
7.383000000000000000e+03 5.295000000000000000e+03
7.430000000000000000e+03 5.213000000000000000e+03
7.386000000000000000e+03 5.196000000000000000e+03
7.042000000000000000e+03 5.385000000000000000e+03
6.985000000000000000e+03 5.338000000000000000e+03
6.923000000000000000e+03 5.292000000000000000e+03
6.972000000000000000e+03 5.274000000000000000e+03
5.254000000000000000e+03 5.397000000000000000e+03
5.300000000000000000e+03 5.413000000000000000e+03
6.567000000000000000e+03 5.295000000000000000e+03
5.079000000000000000e+03 5.456000000000000000e+03
6.746000000000000000e+03 5.227000000000000000e+03
6.751000000000000000e+03 5.277000000000000000e+03
6.857000000000000000e+03 5.372000000000000000e+03
6.866000000000000000e+03 5.311000000000000000e+03
6.734000000000000000e+03 5.396000000000000000e+03
6.619000000000000000e+03 5.386000000000000000e+03
6.662000000000000000e+03 5.273000000000000000e+03
6.615000000000000000e+03 5.318000000000000000e+03
6.047000000000000000e+03 5.625000000000000000e+03
5.795000000000000000e+03 6.671000000000000000e+03
6.293000000000000000e+03 4.596000000000000000e+03
5.956000000000000000e+03 5.391000000000000000e+03
5.955000000000000000e+03 5.335000000000000000e+03
5.826000000000000000e+03 5.894000000000000000e+03
5.934000000000000000e+03 5.793000000000000000e+03
6.593000000000000000e+03 4.791000000000000000e+03
6.470000000000000000e+03 4.772000000000000000e+03
6.510000000000000000e+03 4.855000000000000000e+03
6.466000000000000000e+03 4.991000000000000000e+03
6.340000000000000000e+03 4.734000000000000000e+03
6.410000000000000000e+03 4.770000000000000000e+03
6.216000000000000000e+03 4.807000000000000000e+03
6.297000000000000000e+03 4.778000000000000000e+03
6.706000000000000000e+03 5.113000000000000000e+03
6.719000000000000000e+03 5.150000000000000000e+03
6.806000000000000000e+03 5.050000000000000000e+03
6.864000000000000000e+03 5.118000000000000000e+03
6.657000000000000000e+03 5.035000000000000000e+03
6.551000000000000000e+03 5.051000000000000000e+03
6.322000000000000000e+03 4.857000000000000000e+03
6.533000000000000000e+03 4.942000000000000000e+03
6.849000000000000000e+03 4.883000000000000000e+03
6.734000000000000000e+03 5.053000000000000000e+03
6.810000000000000000e+03 4.875000000000000000e+03
6.750000000000000000e+03 4.782000000000000000e+03
6.658000000000000000e+03 4.775000000000000000e+03
6.757000000000000000e+03 4.841000000000000000e+03
6.425000000000000000e+03 4.839000000000000000e+03
6.604000000000000000e+03 4.795000000000000000e+03
7.435000000000000000e+03 5.950000000000000000e+03
7.477000000000000000e+03 6.001000000000000000e+03
7.432000000000000000e+03 5.729000000000000000e+03
7.475000000000000000e+03 5.701000000000000000e+03
7.429000000000000000e+03 6.179000000000000000e+03
7.381000000000000000e+03 6.363000000000000000e+03
7.449000000000000000e+03 6.567000000000000000e+03
7.456000000000000000e+03 6.439000000000000000e+03
5.896000000000000000e+03 6.005000000000000000e+03
5.758000000000000000e+03 5.915000000000000000e+03
5.690000000000000000e+03 6.007000000000000000e+03
5.790000000000000000e+03 6.033000000000000000e+03
5.770000000000000000e+03 6.073000000000000000e+03
5.685000000000000000e+03 6.062000000000000000e+03
5.813000000000000000e+03 6.140000000000000000e+03
5.754000000000000000e+03 6.123000000000000000e+03
5.659000000000000000e+03 6.213000000000000000e+03
5.697000000000000000e+03 6.259000000000000000e+03
5.651000000000000000e+03 6.316000000000000000e+03
5.625000000000000000e+03 6.259000000000000000e+03
5.790000000000000000e+03 6.442000000000000000e+03
5.815000000000000000e+03 6.509000000000000000e+03
5.726000000000000000e+03 6.366000000000000000e+03
5.726000000000000000e+03 6.313000000000000000e+03
5.623000000000000000e+03 6.571000000000000000e+03
5.649000000000000000e+03 6.566000000000000000e+03
5.631000000000000000e+03 6.484000000000000000e+03
5.644000000000000000e+03 6.459000000000000000e+03
5.766000000000000000e+03 6.610000000000000000e+03
5.839000000000000000e+03 6.588000000000000000e+03
5.711000000000000000e+03 6.640000000000000000e+03
5.667000000000000000e+03 6.683000000000000000e+03
5.768000000000000000e+03 5.435000000000000000e+03
5.503000000000000000e+03 5.572000000000000000e+03
5.470000000000000000e+03 5.493000000000000000e+03
5.856000000000000000e+03 5.121000000000000000e+03
5.736000000000000000e+03 5.451000000000000000e+03
5.441000000000000000e+03 5.402000000000000000e+03
5.594000000000000000e+03 5.360000000000000000e+03
5.560000000000000000e+03 5.321000000000000000e+03
5.688000000000000000e+03 5.353000000000000000e+03
5.673000000000000000e+03 5.474000000000000000e+03
5.729000000000000000e+03 5.488000000000000000e+03
5.891000000000000000e+03 5.392000000000000000e+03
5.892000000000000000e+03 5.353000000000000000e+03
5.790000000000000000e+03 5.446000000000000000e+03
5.971000000000000000e+03 5.388000000000000000e+03
5.749000000000000000e+03 5.469000000000000000e+03
5.662000000000000000e+03 5.459000000000000000e+03
5.355000000000000000e+03 5.852000000000000000e+03
5.353000000000000000e+03 5.762000000000000000e+03
5.707000000000000000e+03 5.828000000000000000e+03
5.634000000000000000e+03 5.947000000000000000e+03
5.531000000000000000e+03 5.910000000000000000e+03
5.438000000000000000e+03 5.887000000000000000e+03
5.695000000000000000e+03 5.740000000000000000e+03
5.561000000000000000e+03 5.800000000000000000e+03
5.497000000000000000e+03 5.720000000000000000e+03
5.519000000000000000e+03 5.899000000000000000e+03
5.533000000000000000e+03 5.496000000000000000e+03
5.559000000000000000e+03 5.580000000000000000e+03
5.478000000000000000e+03 5.695000000000000000e+03
5.503000000000000000e+03 5.629000000000000000e+03
5.200000000000000000e+03 5.638000000000000000e+03
5.316000000000000000e+03 5.595000000000000000e+03
5.228000000000000000e+03 5.633000000000000000e+03
5.651000000000000000e+03 5.608000000000000000e+03
5.387000000000000000e+03 5.555000000000000000e+03
5.770000000000000000e+03 5.679000000000000000e+03
5.722000000000000000e+03 5.712000000000000000e+03
6.467000000000000000e+03 5.067000000000000000e+03
6.550000000000000000e+03 5.080000000000000000e+03
6.518000000000000000e+03 5.137000000000000000e+03
6.573000000000000000e+03 5.169000000000000000e+03
6.405000000000000000e+03 5.015000000000000000e+03
6.348000000000000000e+03 4.947000000000000000e+03
6.233000000000000000e+03 5.017000000000000000e+03
6.285000000000000000e+03 4.997000000000000000e+03
6.395000000000000000e+03 5.324000000000000000e+03
6.347000000000000000e+03 5.284000000000000000e+03
6.453000000000000000e+03 5.288000000000000000e+03
6.437000000000000000e+03 5.355000000000000000e+03
6.276000000000000000e+03 5.110000000000000000e+03
6.074000000000000000e+03 5.184000000000000000e+03
6.282000000000000000e+03 5.178000000000000000e+03
6.351000000000000000e+03 5.197000000000000000e+03
6.099000000000000000e+03 5.188000000000000000e+03
6.073000000000000000e+03 5.101000000000000000e+03
6.124000000000000000e+03 5.023000000000000000e+03
6.150000000000000000e+03 4.925000000000000000e+03
6.140000000000000000e+03 5.315000000000000000e+03
6.111000000000000000e+03 5.365000000000000000e+03
6.277000000000000000e+03 5.360000000000000000e+03
6.196000000000000000e+03 5.303000000000000000e+03
6.493000000000000000e+03 4.380000000000000000e+03
6.464000000000000000e+03 4.472000000000000000e+03
6.531000000000000000e+03 4.488000000000000000e+03
6.733000000000000000e+03 4.433000000000000000e+03
6.778000000000000000e+03 4.314000000000000000e+03
6.606000000000000000e+03 4.406000000000000000e+03
6.682000000000000000e+03 4.463000000000000000e+03
6.624000000000000000e+03 4.505000000000000000e+03
6.637000000000000000e+03 4.283000000000000000e+03
6.766000000000000000e+03 4.206000000000000000e+03
6.820000000000000000e+03 4.174000000000000000e+03
6.226000000000000000e+03 4.866000000000000000e+03
6.460000000000000000e+03 4.385000000000000000e+03
6.517000000000000000e+03 4.312000000000000000e+03
6.429000000000000000e+03 4.620000000000000000e+03
6.413000000000000000e+03 4.377000000000000000e+03
6.437000000000000000e+03 4.264000000000000000e+03
6.580000000000000000e+03 4.010000000000000000e+03
6.378000000000000000e+03 4.414000000000000000e+03
6.770000000000000000e+03 3.824000000000000000e+03
6.790000000000000000e+03 3.805000000000000000e+03
6.669000000000000000e+03 3.939000000000000000e+03
6.497000000000000000e+03 4.223000000000000000e+03
6.696000000000000000e+03 4.004000000000000000e+03
6.697000000000000000e+03 4.081000000000000000e+03
6.570000000000000000e+03 4.151000000000000000e+03
6.518000000000000000e+03 4.226000000000000000e+03
6.790000000000000000e+03 4.029000000000000000e+03
6.816000000000000000e+03 4.037000000000000000e+03
6.821000000000000000e+03 3.908000000000000000e+03
6.855000000000000000e+03 3.926000000000000000e+03
6.064000000000000000e+03 4.043000000000000000e+03
6.362000000000000000e+03 3.975000000000000000e+03
6.452000000000000000e+03 3.812000000000000000e+03
6.352000000000000000e+03 3.838000000000000000e+03
6.146000000000000000e+03 3.764000000000000000e+03
6.081000000000000000e+03 3.827000000000000000e+03
6.284000000000000000e+03 3.761000000000000000e+03
6.491000000000000000e+03 3.706000000000000000e+03
6.193000000000000000e+03 3.659000000000000000e+03
6.504000000000000000e+03 3.546000000000000000e+03
5.924000000000000000e+03 2.885000000000000000e+03
6.139000000000000000e+03 2.937000000000000000e+03
6.060000000000000000e+03 3.235000000000000000e+03
6.085000000000000000e+03 4.358000000000000000e+03
6.253000000000000000e+03 3.912000000000000000e+03
6.126000000000000000e+03 3.838000000000000000e+03
6.324000000000000000e+03 4.313000000000000000e+03
6.370000000000000000e+03 4.208000000000000000e+03
6.423000000000000000e+03 4.031000000000000000e+03
6.345000000000000000e+03 4.132000000000000000e+03
6.103000000000000000e+03 4.213000000000000000e+03
6.135000000000000000e+03 4.109000000000000000e+03
6.243000000000000000e+03 4.334000000000000000e+03
6.212000000000000000e+03 4.299000000000000000e+03
6.574000000000000000e+03 3.820000000000000000e+03
6.597000000000000000e+03 3.834000000000000000e+03
6.465000000000000000e+03 3.927000000000000000e+03
6.521000000000000000e+03 3.907000000000000000e+03
6.312000000000000000e+03 3.972000000000000000e+03
6.257000000000000000e+03 4.033000000000000000e+03
6.156000000000000000e+03 4.272000000000000000e+03
6.105000000000000000e+03 4.291000000000000000e+03
4.776000000000000000e+03 7.360000000000000000e+03
6.671000000000000000e+03 7.309000000000000000e+03
6.943000000000000000e+03 7.182000000000000000e+03
4.680000000000000000e+03 7.047000000000000000e+03
4.920000000000000000e+03 7.080000000000000000e+03
4.987000000000000000e+03 7.106000000000000000e+03
4.735000000000000000e+03 7.105000000000000000e+03
5.037000000000000000e+03 7.306000000000000000e+03
4.879000000000000000e+03 7.188000000000000000e+03
5.740000000000000000e+03 7.050000000000000000e+03
5.102000000000000000e+03 7.207000000000000000e+03
4.885000000000000000e+03 7.292000000000000000e+03
5.057000000000000000e+03 7.331000000000000000e+03
4.950000000000000000e+03 7.331000000000000000e+03
4.596000000000000000e+03 7.312000000000000000e+03
7.375000000000000000e+03 7.422000000000000000e+03
6.838000000000000000e+03 7.253000000000000000e+03
7.418000000000000000e+03 7.386000000000000000e+03
7.264000000000000000e+03 7.424000000000000000e+03
7.146000000000000000e+03 6.999000000000000000e+03
7.191000000000000000e+03 7.035000000000000000e+03
6.514000000000000000e+03 7.158000000000000000e+03
6.369000000000000000e+03 7.030000000000000000e+03
5.468000000000000000e+03 6.921000000000000000e+03
5.391000000000000000e+03 6.952000000000000000e+03
5.496000000000000000e+03 6.992000000000000000e+03
5.474000000000000000e+03 7.069000000000000000e+03
5.289000000000000000e+03 7.071000000000000000e+03
5.396000000000000000e+03 7.078000000000000000e+03
5.361000000000000000e+03 7.062000000000000000e+03
5.431000000000000000e+03 6.934000000000000000e+03
9.100000000000000000e+02 7.452000000000000000e+03
1.011000000000000000e+03 7.423000000000000000e+03
9.300000000000000000e+02 7.452000000000000000e+03
6.810000000000000000e+02 7.461000000000000000e+03
4.490000000000000000e+02 7.466000000000000000e+03
3.029000000000000000e+03 7.157000000000000000e+03
1.217000000000000000e+03 7.236000000000000000e+03
4.820000000000000000e+03 7.396000000000000000e+03
4.861000000000000000e+03 7.315000000000000000e+03
4.807000000000000000e+03 7.226000000000000000e+03
4.815000000000000000e+03 7.270000000000000000e+03
4.770000000000000000e+03 7.118000000000000000e+03
4.744000000000000000e+03 7.127000000000000000e+03
4.521000000000000000e+03 7.010000000000000000e+03
4.619000000000000000e+03 7.049000000000000000e+03
1.502000000000000000e+03 7.458000000000000000e+03
1.395000000000000000e+03 7.469000000000000000e+03
1.584000000000000000e+03 7.469000000000000000e+03
1.494000000000000000e+03 7.477000000000000000e+03
1.484000000000000000e+03 7.454000000000000000e+03
1.366000000000000000e+03 7.444000000000000000e+03
1.407000000000000000e+03 7.456000000000000000e+03
1.582000000000000000e+03 7.458000000000000000e+03
2.235000000000000000e+03 7.465000000000000000e+03
2.292000000000000000e+03 7.470000000000000000e+03
2.356000000000000000e+03 7.472000000000000000e+03
2.387000000000000000e+03 7.465000000000000000e+03
3.484000000000000000e+03 7.428000000000000000e+03
3.257000000000000000e+03 7.417000000000000000e+03
2.117000000000000000e+03 7.473000000000000000e+03
2.039000000000000000e+03 7.464000000000000000e+03
6.219000000000000000e+03 7.447000000000000000e+03
6.202000000000000000e+03 7.461000000000000000e+03
6.275000000000000000e+03 7.446000000000000000e+03
6.634000000000000000e+03 7.462000000000000000e+03
6.540000000000000000e+03 7.462000000000000000e+03
6.635000000000000000e+03 7.446000000000000000e+03
6.747000000000000000e+03 7.466000000000000000e+03
5.167000000000000000e+03 7.075000000000000000e+03
5.202000000000000000e+03 7.125000000000000000e+03
5.232000000000000000e+03 6.970000000000000000e+03
5.212000000000000000e+03 6.952000000000000000e+03
5.699000000000000000e+03 6.839000000000000000e+03
5.551000000000000000e+03 6.833000000000000000e+03
5.364000000000000000e+03 6.849000000000000000e+03
5.423000000000000000e+03 6.851000000000000000e+03
5.226000000000000000e+03 7.269000000000000000e+03
5.231000000000000000e+03 7.291000000000000000e+03
5.300000000000000000e+03 7.322000000000000000e+03
5.409000000000000000e+03 7.265000000000000000e+03
5.418000000000000000e+03 7.258000000000000000e+03
5.572000000000000000e+03 7.246000000000000000e+03
5.643000000000000000e+03 7.132000000000000000e+03
5.553000000000000000e+03 7.197000000000000000e+03
5.529000000000000000e+03 5.690000000000000000e+03
6.734000000000000000e+03 6.289000000000000000e+03
5.657000000000000000e+03 6.168000000000000000e+03
6.643000000000000000e+03 6.256000000000000000e+03
6.194000000000000000e+03 6.198000000000000000e+03
6.076000000000000000e+03 7.126000000000000000e+03
6.099000000000000000e+03 6.002000000000000000e+03
6.105000000000000000e+03 5.865000000000000000e+03
5.917000000000000000e+03 6.777000000000000000e+03
5.782000000000000000e+03 6.953000000000000000e+03
5.914000000000000000e+03 6.738000000000000000e+03
5.872000000000000000e+03 6.810000000000000000e+03
5.709000000000000000e+03 7.211000000000000000e+03
5.541000000000000000e+03 7.251000000000000000e+03
5.711000000000000000e+03 7.159000000000000000e+03
5.723000000000000000e+03 7.067000000000000000e+03
5.704000000000000000e+03 7.087000000000000000e+03
5.783000000000000000e+03 7.165000000000000000e+03
5.398000000000000000e+03 7.384000000000000000e+03
5.235000000000000000e+03 7.404000000000000000e+03
5.659000000000000000e+03 6.975000000000000000e+03
5.631000000000000000e+03 6.907000000000000000e+03
5.585000000000000000e+03 7.035000000000000000e+03
5.533000000000000000e+03 7.115000000000000000e+03
5.872000000000000000e+03 7.446000000000000000e+03
5.891000000000000000e+03 7.474000000000000000e+03
5.580000000000000000e+03 7.473000000000000000e+03
5.678000000000000000e+03 7.478000000000000000e+03
5.577000000000000000e+03 7.443000000000000000e+03
5.464000000000000000e+03 7.444000000000000000e+03
5.246000000000000000e+03 7.442000000000000000e+03
5.711000000000000000e+03 7.448000000000000000e+03
5.926000000000000000e+03 7.277000000000000000e+03
5.979000000000000000e+03 7.284000000000000000e+03
6.011000000000000000e+03 7.201000000000000000e+03
6.044000000000000000e+03 7.239000000000000000e+03
6.158000000000000000e+03 7.268000000000000000e+03
5.773000000000000000e+03 7.298000000000000000e+03
5.581000000000000000e+03 7.327000000000000000e+03
5.556000000000000000e+03 7.322000000000000000e+03
1.727000000000000000e+03 5.636000000000000000e+03
4.682000000000000000e+03 7.302000000000000000e+03
4.659000000000000000e+03 7.259000000000000000e+03
1.176000000000000000e+03 5.312000000000000000e+03
1.140000000000000000e+03 5.304000000000000000e+03
1.148000000000000000e+03 5.383000000000000000e+03
1.015000000000000000e+03 5.412000000000000000e+03
4.716000000000000000e+03 6.672000000000000000e+03
4.642000000000000000e+03 6.646000000000000000e+03
4.624000000000000000e+03 6.492000000000000000e+03
4.690000000000000000e+03 6.560000000000000000e+03
4.630000000000000000e+03 6.318000000000000000e+03
4.679000000000000000e+03 6.261000000000000000e+03
4.786000000000000000e+03 6.177000000000000000e+03
4.778000000000000000e+03 6.263000000000000000e+03
3.693000000000000000e+03 6.900000000000000000e+03
1.378000000000000000e+03 5.596000000000000000e+03
1.238000000000000000e+03 5.334000000000000000e+03
1.274000000000000000e+03 5.404000000000000000e+03
4.610000000000000000e+03 6.022000000000000000e+03
4.647000000000000000e+03 6.124000000000000000e+03
2.505000000000000000e+03 5.943000000000000000e+03
1.404000000000000000e+03 5.394000000000000000e+03
2.702000000000000000e+03 7.122000000000000000e+03
2.964000000000000000e+03 6.535000000000000000e+03
3.953000000000000000e+03 7.242000000000000000e+03
4.447000000000000000e+03 6.553000000000000000e+03
4.159000000000000000e+03 6.474000000000000000e+03
3.216000000000000000e+03 5.678000000000000000e+03
3.116000000000000000e+03 6.230000000000000000e+03
3.356000000000000000e+03 6.301000000000000000e+03
4.523000000000000000e+03 5.815000000000000000e+03
4.944000000000000000e+03 5.804000000000000000e+03
4.917000000000000000e+03 5.812000000000000000e+03
5.062000000000000000e+03 5.608000000000000000e+03
4.980000000000000000e+03 5.912000000000000000e+03
4.662000000000000000e+03 5.737000000000000000e+03
4.723000000000000000e+03 5.781000000000000000e+03
3.015000000000000000e+03 5.363000000000000000e+03
2.488000000000000000e+03 5.394000000000000000e+03
3.194000000000000000e+03 5.431000000000000000e+03
1.839000000000000000e+03 5.382000000000000000e+03
1.695000000000000000e+03 5.457000000000000000e+03
1.719000000000000000e+03 5.383000000000000000e+03
2.476000000000000000e+03 5.442000000000000000e+03
1.650000000000000000e+03 5.400000000000000000e+03
4.989000000000000000e+03 6.507000000000000000e+03
4.970000000000000000e+03 6.575000000000000000e+03
4.833000000000000000e+03 6.603000000000000000e+03
4.795000000000000000e+03 6.565000000000000000e+03
5.062000000000000000e+03 6.437000000000000000e+03
5.011000000000000000e+03 6.355000000000000000e+03
4.886000000000000000e+03 6.375000000000000000e+03
4.851000000000000000e+03 6.472000000000000000e+03
4.948000000000000000e+03 6.209000000000000000e+03
5.028000000000000000e+03 6.185000000000000000e+03
5.094000000000000000e+03 6.360000000000000000e+03
5.065000000000000000e+03 6.255000000000000000e+03
4.800000000000000000e+03 6.376000000000000000e+03
4.814000000000000000e+03 6.419000000000000000e+03
4.904000000000000000e+03 6.276000000000000000e+03
4.884000000000000000e+03 6.424000000000000000e+03
5.895000000000000000e+03 5.369000000000000000e+03
5.924000000000000000e+03 5.228000000000000000e+03
4.826000000000000000e+03 6.856000000000000000e+03
4.540000000000000000e+03 7.415000000000000000e+03
4.427000000000000000e+03 7.436000000000000000e+03
4.548000000000000000e+03 7.472000000000000000e+03
4.647000000000000000e+03 7.426000000000000000e+03
4.828000000000000000e+03 6.047000000000000000e+03
4.908000000000000000e+03 6.049000000000000000e+03
4.699000000000000000e+03 6.133000000000000000e+03
4.731000000000000000e+03 6.152000000000000000e+03
5.093000000000000000e+03 6.123000000000000000e+03
5.032000000000000000e+03 6.044000000000000000e+03
5.909000000000000000e+03 5.431000000000000000e+03
5.021000000000000000e+03 5.993000000000000000e+03
2.657000000000000000e+03 5.196000000000000000e+03
1.879000000000000000e+03 5.435000000000000000e+03
1.444000000000000000e+03 5.292000000000000000e+03
1.357000000000000000e+03 5.240000000000000000e+03
1.217000000000000000e+03 5.114000000000000000e+03
1.126000000000000000e+03 5.174000000000000000e+03
1.332000000000000000e+03 5.155000000000000000e+03
1.236000000000000000e+03 5.179000000000000000e+03
1.415000000000000000e+03 5.122000000000000000e+03
1.411000000000000000e+03 5.086000000000000000e+03
2.235000000000000000e+03 5.068000000000000000e+03
1.377000000000000000e+03 5.052000000000000000e+03
2.950000000000000000e+03 4.972000000000000000e+03
2.287000000000000000e+03 4.982000000000000000e+03
2.184000000000000000e+03 4.978000000000000000e+03
1.552000000000000000e+03 5.018000000000000000e+03
4.925000000000000000e+03 6.700000000000000000e+03
4.868000000000000000e+03 6.561000000000000000e+03
4.615000000000000000e+03 6.631000000000000000e+03
4.828000000000000000e+03 6.716000000000000000e+03
4.589000000000000000e+03 6.756000000000000000e+03
4.705000000000000000e+03 6.747000000000000000e+03
4.694000000000000000e+03 6.714000000000000000e+03
4.724000000000000000e+03 6.727000000000000000e+03
4.896000000000000000e+03 5.809000000000000000e+03
4.957000000000000000e+03 5.752000000000000000e+03
4.993000000000000000e+03 5.798000000000000000e+03
5.011000000000000000e+03 5.874000000000000000e+03
4.806000000000000000e+03 5.913000000000000000e+03
4.828000000000000000e+03 5.822000000000000000e+03
4.747000000000000000e+03 5.915000000000000000e+03
4.721000000000000000e+03 6.011000000000000000e+03
4.962000000000000000e+03 6.655000000000000000e+03
4.904000000000000000e+03 6.670000000000000000e+03
5.035000000000000000e+03 6.710000000000000000e+03
5.018000000000000000e+03 6.706000000000000000e+03
5.135000000000000000e+03 6.561000000000000000e+03
5.145000000000000000e+03 6.509000000000000000e+03
5.156000000000000000e+03 6.707000000000000000e+03
5.199000000000000000e+03 6.595000000000000000e+03
4.724000000000000000e+03 6.916000000000000000e+03
4.795000000000000000e+03 6.951000000000000000e+03
4.855000000000000000e+03 6.951000000000000000e+03
4.884000000000000000e+03 6.925000000000000000e+03
5.053000000000000000e+03 6.926000000000000000e+03
4.987000000000000000e+03 6.936000000000000000e+03
5.115000000000000000e+03 6.855000000000000000e+03
5.142000000000000000e+03 6.831000000000000000e+03
3.920000000000000000e+02 2.100000000000000000e+02
1.984000000000000000e+03 2.800000000000000000e+03
6.840000000000000000e+02 5.520000000000000000e+03
2.560000000000000000e+02 2.120000000000000000e+03
5.288000000000000000e+03 7.100000000000000000e+02
5.872000000000000000e+03 5.450000000000000000e+03
6.013000000000000000e+03 2.470000000000000000e+03
-4.000000000000000000e+00 0.000000000000000000e+00
-1.200000000000000000e+01 0.000000000000000000e+00
7.442000000000000000e+03 0.000000000000000000e+00
