6.868000000000000000e+03 1.911000000000000000e+03
6.771000000000000000e+03 1.743000000000000000e+03
6.706000000000000000e+03 1.267000000000000000e+03
6.645000000000000000e+03 1.853000000000000000e+03
6.698000000000000000e+03 1.803000000000000000e+03
6.741000000000000000e+03 1.775000000000000000e+03
6.783000000000000000e+03 1.768000000000000000e+03
6.846000000000000000e+03 1.280000000000000000e+03
6.844000000000000000e+03 1.291000000000000000e+03
6.753000000000000000e+03 1.322000000000000000e+03
6.739000000000000000e+03 1.188000000000000000e+03
7.220000000000000000e+03 1.400000000000000000e+03
7.308000000000000000e+03 1.444000000000000000e+03
6.912000000000000000e+03 1.399000000000000000e+03
7.059000000000000000e+03 1.416000000000000000e+03
7.017000000000000000e+03 1.648000000000000000e+03
7.099000000000000000e+03 1.986000000000000000e+03
7.090000000000000000e+03 1.702000000000000000e+03
7.116000000000000000e+03 1.837000000000000000e+03
7.009000000000000000e+03 1.965000000000000000e+03
6.847000000000000000e+03 1.811000000000000000e+03
6.996000000000000000e+03 2.041000000000000000e+03
6.955000000000000000e+03 1.912000000000000000e+03
7.203000000000000000e+03 1.955000000000000000e+03
7.186000000000000000e+03 1.861000000000000000e+03
7.239000000000000000e+03 2.167000000000000000e+03
7.403000000000000000e+03 2.224000000000000000e+03
6.945000000000000000e+03 1.681000000000000000e+03
6.853000000000000000e+03 1.645000000000000000e+03
6.934000000000000000e+03 1.838000000000000000e+03
6.905000000000000000e+03 1.849000000000000000e+03
6.415000000000000000e+03 2.600000000000000000e+03
6.104000000000000000e+03 2.639000000000000000e+03
6.678000000000000000e+03 2.668000000000000000e+03
5.453000000000000000e+03 2.545000000000000000e+03
6.279000000000000000e+03 2.775000000000000000e+03
6.278000000000000000e+03 2.800000000000000000e+03
5.767000000000000000e+03 2.691000000000000000e+03
6.719000000000000000e+03 2.836000000000000000e+03
6.746000000000000000e+03 2.842000000000000000e+03
6.715000000000000000e+03 2.844000000000000000e+03
6.666000000000000000e+03 2.949000000000000000e+03
6.604000000000000000e+03 2.876000000000000000e+03
6.129000000000000000e+03 2.797000000000000000e+03
5.964000000000000000e+03 2.864000000000000000e+03
6.603000000000000000e+03 2.762000000000000000e+03
6.279000000000000000e+03 2.666000000000000000e+03
6.015000000000000000e+03 2.546000000000000000e+03
5.886000000000000000e+03 2.523000000000000000e+03
6.390000000000000000e+03 2.628000000000000000e+03
6.543000000000000000e+03 2.671000000000000000e+03
6.518000000000000000e+03 2.695000000000000000e+03
6.192000000000000000e+03 2.542000000000000000e+03
6.523000000000000000e+03 2.635000000000000000e+03
5.927000000000000000e+03 2.474000000000000000e+03
5.355000000000000000e+03 2.520000000000000000e+03
6.386000000000000000e+03 2.866000000000000000e+03
6.284000000000000000e+03 2.845000000000000000e+03
6.441000000000000000e+03 3.004000000000000000e+03
6.257000000000000000e+03 2.935000000000000000e+03
6.397000000000000000e+03 2.900000000000000000e+03
6.392000000000000000e+03 2.923000000000000000e+03
6.920000000000000000e+03 2.610000000000000000e+03
7.019000000000000000e+03 2.686000000000000000e+03
6.978000000000000000e+03 2.629000000000000000e+03
7.200000000000000000e+03 2.793000000000000000e+03
7.216000000000000000e+03 2.717000000000000000e+03
7.126000000000000000e+03 2.682000000000000000e+03
7.115000000000000000e+03 2.768000000000000000e+03
7.118000000000000000e+03 1.259000000000000000e+03
7.092000000000000000e+03 1.333000000000000000e+03
7.052000000000000000e+03 1.439000000000000000e+03
7.150000000000000000e+03 1.576000000000000000e+03
6.924000000000000000e+03 1.248000000000000000e+03
7.000000000000000000e+03 1.201000000000000000e+03
6.702000000000000000e+03 2.287000000000000000e+03
6.789000000000000000e+03 2.268000000000000000e+03
4.638000000000000000e+03 2.206000000000000000e+03
4.284000000000000000e+03 2.242000000000000000e+03
4.757000000000000000e+03 2.112000000000000000e+03
4.640000000000000000e+03 2.141000000000000000e+03
4.641000000000000000e+03 2.407000000000000000e+03
4.738000000000000000e+03 2.277000000000000000e+03
4.641000000000000000e+03 2.326000000000000000e+03
4.575000000000000000e+03 2.366000000000000000e+03
6.919000000000000000e+03 2.869000000000000000e+03
6.860000000000000000e+03 2.815000000000000000e+03
7.141000000000000000e+03 2.822000000000000000e+03
7.048000000000000000e+03 2.865000000000000000e+03
6.757000000000000000e+03 2.731000000000000000e+03
6.900000000000000000e+03 2.775000000000000000e+03
6.639000000000000000e+03 2.598000000000000000e+03
6.833000000000000000e+03 2.660000000000000000e+03
5.017000000000000000e+03 2.167000000000000000e+03
4.991000000000000000e+03 2.193000000000000000e+03
4.907000000000000000e+03 2.200000000000000000e+03
4.870000000000000000e+03 2.213000000000000000e+03
5.073000000000000000e+03 2.215000000000000000e+03
5.148000000000000000e+03 2.253000000000000000e+03
4.798000000000000000e+03 2.256000000000000000e+03
4.984000000000000000e+03 2.314000000000000000e+03
4.958000000000000000e+03 1.929000000000000000e+03
4.192000000000000000e+03 2.197000000000000000e+03
4.223000000000000000e+03 2.144000000000000000e+03
4.289000000000000000e+03 2.094000000000000000e+03
4.423000000000000000e+03 2.190000000000000000e+03
4.448000000000000000e+03 2.284000000000000000e+03
4.607000000000000000e+03 2.289000000000000000e+03
4.519000000000000000e+03 2.276000000000000000e+03
4.522000000000000000e+03 2.115000000000000000e+03
4.657000000000000000e+03 2.090000000000000000e+03
4.986000000000000000e+03 2.024000000000000000e+03
4.948000000000000000e+03 2.070000000000000000e+03
4.374000000000000000e+03 2.011000000000000000e+03
4.414000000000000000e+03 2.015000000000000000e+03
4.419000000000000000e+03 1.984000000000000000e+03
4.446000000000000000e+03 2.108000000000000000e+03
4.940000000000000000e+03 1.971000000000000000e+03
6.213000000000000000e+03 1.645000000000000000e+03
6.759000000000000000e+03 1.396000000000000000e+03
6.458000000000000000e+03 1.593000000000000000e+03
6.876000000000000000e+03 1.580000000000000000e+03
6.965000000000000000e+03 1.496000000000000000e+03
6.394000000000000000e+03 1.634000000000000000e+03
6.825000000000000000e+03 1.473000000000000000e+03
6.624000000000000000e+03 1.592000000000000000e+03
6.732000000000000000e+03 1.443000000000000000e+03
6.715000000000000000e+03 1.567000000000000000e+03
6.871000000000000000e+03 1.114000000000000000e+03
6.681000000000000000e+03 1.164000000000000000e+03
6.898000000000000000e+03 1.159000000000000000e+03
6.948000000000000000e+03 1.289000000000000000e+03
7.297000000000000000e+03 1.043000000000000000e+03
6.518000000000000000e+03 1.490000000000000000e+03
7.152000000000000000e+03 1.039000000000000000e+03
7.251000000000000000e+03 1.046000000000000000e+03
7.329000000000000000e+03 1.157000000000000000e+03
7.383000000000000000e+03 1.221000000000000000e+03
7.410000000000000000e+03 1.230000000000000000e+03
7.356000000000000000e+03 1.226000000000000000e+03
7.087000000000000000e+03 1.371000000000000000e+03
7.211000000000000000e+03 1.197000000000000000e+03
7.178000000000000000e+03 1.097000000000000000e+03
7.098000000000000000e+03 1.093000000000000000e+03
7.025000000000000000e+03 1.036000000000000000e+03
6.914000000000000000e+03 1.037000000000000000e+03
6.746000000000000000e+03 1.219000000000000000e+03
6.835000000000000000e+03 1.281000000000000000e+03
6.850000000000000000e+03 1.180000000000000000e+03
7.084000000000000000e+03 1.300000000000000000e+03
6.665000000000000000e+03 1.149000000000000000e+03
6.577000000000000000e+03 1.158000000000000000e+03
7.400000000000000000e+03 1.351000000000000000e+03
7.311000000000000000e+03 1.338000000000000000e+03
7.148000000000000000e+03 1.318000000000000000e+03
7.287000000000000000e+03 1.285000000000000000e+03
5.904000000000000000e+03 2.045000000000000000e+03
2.327000000000000000e+03 2.193000000000000000e+03
3.300000000000000000e+03 2.108000000000000000e+03
6.402000000000000000e+03 1.819000000000000000e+03
7.223000000000000000e+03 1.757000000000000000e+03
6.997000000000000000e+03 1.849000000000000000e+03
6.835000000000000000e+03 1.800000000000000000e+03
5.791000000000000000e+03 1.827000000000000000e+03
7.394000000000000000e+03 1.727000000000000000e+03
7.312000000000000000e+03 1.765000000000000000e+03
7.367000000000000000e+03 1.778000000000000000e+03
7.393000000000000000e+03 2.036000000000000000e+03
6.994000000000000000e+03 2.182000000000000000e+03
7.413000000000000000e+03 1.926000000000000000e+03
7.391000000000000000e+03 1.902000000000000000e+03
2.209000000000000000e+03 2.400000000000000000e+03
2.209000000000000000e+03 2.427000000000000000e+03
2.242000000000000000e+03 2.259000000000000000e+03
2.250000000000000000e+03 2.175000000000000000e+03
2.331000000000000000e+03 2.380000000000000000e+03
2.329000000000000000e+03 2.496000000000000000e+03
2.686000000000000000e+03 2.322000000000000000e+03
2.512000000000000000e+03 2.360000000000000000e+03
7.244000000000000000e+03 1.626000000000000000e+03
7.282000000000000000e+03 1.661000000000000000e+03
7.113000000000000000e+03 1.634000000000000000e+03
7.075000000000000000e+03 1.759000000000000000e+03
7.448000000000000000e+03 2.290000000000000000e+03
7.402000000000000000e+03 1.651000000000000000e+03
7.330000000000000000e+03 1.643000000000000000e+03
7.365000000000000000e+03 1.637000000000000000e+03
2.156000000000000000e+03 4.818000000000000000e+03
2.336000000000000000e+03 5.363000000000000000e+03
2.341000000000000000e+03 5.465000000000000000e+03
2.393000000000000000e+03 5.459000000000000000e+03
2.403000000000000000e+03 5.492000000000000000e+03
3.151000000000000000e+03 4.433000000000000000e+03
2.422000000000000000e+03 5.395000000000000000e+03
1.968000000000000000e+03 5.258000000000000000e+03
2.015000000000000000e+03 5.209000000000000000e+03
2.432000000000000000e+03 4.108000000000000000e+03
1.948000000000000000e+03 5.151000000000000000e+03
2.081000000000000000e+03 5.132000000000000000e+03
2.577000000000000000e+03 4.431000000000000000e+03
2.040000000000000000e+03 5.123000000000000000e+03
2.000000000000000000e+03 5.115000000000000000e+03
2.290000000000000000e+03 5.002000000000000000e+03
2.312000000000000000e+03 5.204000000000000000e+03
2.289000000000000000e+03 5.153000000000000000e+03
2.206000000000000000e+03 5.148000000000000000e+03
2.450000000000000000e+03 5.236000000000000000e+03
2.953000000000000000e+03 4.440000000000000000e+03
2.493000000000000000e+03 5.220000000000000000e+03
2.387000000000000000e+03 5.236000000000000000e+03
1.990000000000000000e+03 5.385000000000000000e+03
3.459000000000000000e+03 3.929000000000000000e+03
2.270000000000000000e+03 4.934000000000000000e+03
2.220000000000000000e+03 5.231000000000000000e+03
2.152000000000000000e+03 5.305000000000000000e+03
2.106000000000000000e+03 5.276000000000000000e+03
2.205000000000000000e+03 5.099000000000000000e+03
2.643000000000000000e+03 4.219000000000000000e+03
3.170000000000000000e+03 1.814000000000000000e+03
3.932000000000000000e+03 1.938000000000000000e+03
3.341000000000000000e+03 1.850000000000000000e+03
3.618000000000000000e+03 1.819000000000000000e+03
1.640000000000000000e+03 1.819000000000000000e+03
2.166000000000000000e+03 2.072000000000000000e+03
1.831000000000000000e+03 1.870000000000000000e+03
1.742000000000000000e+03 1.611000000000000000e+03
2.575000000000000000e+03 2.010000000000000000e+03
2.538000000000000000e+03 2.057000000000000000e+03
2.753000000000000000e+03 2.115000000000000000e+03
3.056000000000000000e+03 2.016000000000000000e+03
5.381000000000000000e+03 1.903000000000000000e+03
5.370000000000000000e+03 2.032000000000000000e+03
2.374000000000000000e+03 1.998000000000000000e+03
4.349000000000000000e+03 1.957000000000000000e+03
2.948000000000000000e+03 2.331000000000000000e+03
2.632000000000000000e+03 2.326000000000000000e+03
2.428000000000000000e+03 2.487000000000000000e+03
2.524000000000000000e+03 2.577000000000000000e+03
2.456000000000000000e+03 2.327000000000000000e+03
2.407000000000000000e+03 2.102000000000000000e+03
2.409000000000000000e+03 2.196000000000000000e+03
2.455000000000000000e+03 2.284000000000000000e+03
2.040000000000000000e+03 2.089000000000000000e+03
2.109000000000000000e+03 2.032000000000000000e+03
1.873000000000000000e+03 2.011000000000000000e+03
1.805000000000000000e+03 1.935000000000000000e+03
2.636000000000000000e+03 2.004000000000000000e+03
4.551000000000000000e+03 2.132000000000000000e+03
2.756000000000000000e+03 2.067000000000000000e+03
3.620000000000000000e+03 2.119000000000000000e+03
6.532000000000000000e+03 3.317000000000000000e+03
6.467000000000000000e+03 3.392000000000000000e+03
6.585000000000000000e+03 3.429000000000000000e+03
6.611000000000000000e+03 3.138000000000000000e+03
6.455000000000000000e+03 3.064000000000000000e+03
6.420000000000000000e+03 3.135000000000000000e+03
6.439000000000000000e+03 3.159000000000000000e+03
6.847000000000000000e+03 3.429000000000000000e+03
6.883000000000000000e+03 3.402000000000000000e+03
6.658000000000000000e+03 3.433000000000000000e+03
6.822000000000000000e+03 3.435000000000000000e+03
6.991000000000000000e+03 3.396000000000000000e+03
7.095000000000000000e+03 3.408000000000000000e+03
7.144000000000000000e+03 3.339000000000000000e+03
7.159000000000000000e+03 3.379000000000000000e+03
6.800000000000000000e+03 3.127000000000000000e+03
6.120000000000000000e+03 2.947000000000000000e+03
6.767000000000000000e+03 3.120000000000000000e+03
6.627000000000000000e+03 3.077000000000000000e+03
7.003000000000000000e+03 3.113000000000000000e+03
7.045000000000000000e+03 3.148000000000000000e+03
6.957000000000000000e+03 3.078000000000000000e+03
6.855000000000000000e+03 3.059000000000000000e+03
7.150000000000000000e+03 3.030000000000000000e+03
7.087000000000000000e+03 2.994000000000000000e+03
6.980000000000000000e+03 2.982000000000000000e+03
7.030000000000000000e+03 2.961000000000000000e+03
6.751000000000000000e+03 2.974000000000000000e+03
6.867000000000000000e+03 3.001000000000000000e+03
6.551000000000000000e+03 3.013000000000000000e+03
6.594000000000000000e+03 2.995000000000000000e+03
6.200000000000000000e+03 3.589000000000000000e+03
7.063000000000000000e+03 3.249000000000000000e+03
7.174000000000000000e+03 3.213000000000000000e+03
6.997000000000000000e+03 3.219000000000000000e+03
6.950000000000000000e+03 3.194000000000000000e+03
6.836000000000000000e+03 3.204000000000000000e+03
6.900000000000000000e+03 3.225000000000000000e+03
6.307000000000000000e+03 3.092000000000000000e+03
6.602000000000000000e+03 3.204000000000000000e+03
6.307000000000000000e+03 3.045000000000000000e+03
6.766000000000000000e+03 3.208000000000000000e+03
6.258000000000000000e+03 3.178000000000000000e+03
6.007000000000000000e+03 3.091000000000000000e+03
6.316000000000000000e+03 3.218000000000000000e+03
6.474000000000000000e+03 3.253000000000000000e+03
6.851000000000000000e+03 3.308000000000000000e+03
5.716000000000000000e+03 4.211000000000000000e+03
6.771000000000000000e+03 3.284000000000000000e+03
6.784000000000000000e+03 3.324000000000000000e+03
7.020000000000000000e+03 3.283000000000000000e+03
6.956000000000000000e+03 3.321000000000000000e+03
7.102000000000000000e+03 3.271000000000000000e+03
7.164000000000000000e+03 3.228000000000000000e+03
5.298000000000000000e+03 2.937000000000000000e+03
6.157000000000000000e+03 3.259000000000000000e+03
6.539000000000000000e+03 3.340000000000000000e+03
6.507000000000000000e+03 3.317000000000000000e+03
5.318000000000000000e+03 2.879000000000000000e+03
6.054000000000000000e+03 3.734000000000000000e+03
6.611000000000000000e+03 3.318000000000000000e+03
6.663000000000000000e+03 3.324000000000000000e+03
6.994000000000000000e+03 3.764000000000000000e+03
6.880000000000000000e+03 3.825000000000000000e+03
6.871000000000000000e+03 3.881000000000000000e+03
6.969000000000000000e+03 3.927000000000000000e+03
7.110000000000000000e+03 3.915000000000000000e+03
7.073000000000000000e+03 3.910000000000000000e+03
7.182000000000000000e+03 3.845000000000000000e+03
5.521000000000000000e+03 2.972000000000000000e+03
5.690000000000000000e+03 3.108000000000000000e+03
6.518000000000000000e+03 3.853000000000000000e+03
6.559000000000000000e+03 3.840000000000000000e+03
6.671000000000000000e+03 3.919000000000000000e+03
6.652000000000000000e+03 3.884000000000000000e+03
5.528000000000000000e+03 3.149000000000000000e+03
5.637000000000000000e+03 3.105000000000000000e+03
6.707000000000000000e+03 3.744000000000000000e+03
6.298000000000000000e+03 3.505000000000000000e+03
6.377000000000000000e+03 3.397000000000000000e+03
5.880000000000000000e+03 3.018000000000000000e+03
6.452000000000000000e+03 3.548000000000000000e+03
6.381000000000000000e+03 3.556000000000000000e+03
5.994000000000000000e+03 3.530000000000000000e+03
6.297000000000000000e+03 3.519000000000000000e+03
7.004000000000000000e+03 3.830000000000000000e+03
7.003000000000000000e+03 3.849000000000000000e+03
7.166000000000000000e+03 3.824000000000000000e+03
7.081000000000000000e+03 3.758000000000000000e+03
4.844000000000000000e+03 2.723000000000000000e+03
4.720000000000000000e+03 2.623000000000000000e+03
6.863000000000000000e+03 3.847000000000000000e+03
6.781000000000000000e+03 3.838000000000000000e+03
6.080000000000000000e+03 3.760000000000000000e+03
6.467000000000000000e+03 3.727000000000000000e+03
4.224000000000000000e+03 4.598000000000000000e+03
5.897000000000000000e+03 3.626000000000000000e+03
6.900000000000000000e+03 3.501000000000000000e+03
7.017000000000000000e+03 3.526000000000000000e+03
7.137000000000000000e+03 3.507000000000000000e+03
7.055000000000000000e+03 3.462000000000000000e+03
6.607000000000000000e+03 3.748000000000000000e+03
6.430000000000000000e+03 3.820000000000000000e+03
6.317000000000000000e+03 3.649000000000000000e+03
6.800000000000000000e+03 3.737000000000000000e+03
7.152000000000000000e+03 3.696000000000000000e+03
7.045000000000000000e+03 3.717000000000000000e+03
6.722000000000000000e+03 3.734000000000000000e+03
6.912000000000000000e+03 3.721000000000000000e+03
6.818000000000000000e+03 3.517000000000000000e+03
6.543000000000000000e+03 3.567000000000000000e+03
6.699000000000000000e+03 3.531000000000000000e+03
6.448000000000000000e+03 3.566000000000000000e+03
6.372000000000000000e+03 3.614000000000000000e+03
6.482000000000000000e+03 3.586000000000000000e+03
6.364000000000000000e+03 3.674000000000000000e+03
6.614000000000000000e+03 3.635000000000000000e+03
6.869000000000000000e+03 3.636000000000000000e+03
6.556000000000000000e+03 3.546000000000000000e+03
6.738000000000000000e+03 3.650000000000000000e+03
6.377000000000000000e+03 3.541000000000000000e+03
6.980000000000000000e+03 3.628000000000000000e+03
6.986000000000000000e+03 3.576000000000000000e+03
7.144000000000000000e+03 3.587000000000000000e+03
7.114000000000000000e+03 3.604000000000000000e+03
2.553000000000000000e+03 3.654000000000000000e+03
3.090000000000000000e+03 2.207000000000000000e+03
2.625000000000000000e+03 2.559000000000000000e+03
5.623000000000000000e+03 3.585000000000000000e+03
5.800000000000000000e+03 3.581000000000000000e+03
2.989000000000000000e+03 5.355000000000000000e+03
2.927000000000000000e+03 5.360000000000000000e+03
2.692000000000000000e+03 2.231000000000000000e+03
2.650000000000000000e+03 2.248000000000000000e+03
2.642000000000000000e+03 2.235000000000000000e+03
2.670000000000000000e+03 2.275000000000000000e+03
3.137000000000000000e+03 2.327000000000000000e+03
3.013000000000000000e+03 2.357000000000000000e+03
2.565000000000000000e+03 2.317000000000000000e+03
2.624000000000000000e+03 2.390000000000000000e+03
2.497000000000000000e+03 5.549000000000000000e+03
2.523000000000000000e+03 5.561000000000000000e+03
2.535000000000000000e+03 5.530000000000000000e+03
2.654000000000000000e+03 5.634000000000000000e+03
3.283000000000000000e+03 5.375000000000000000e+03
3.375000000000000000e+03 5.216000000000000000e+03
3.316000000000000000e+03 5.491000000000000000e+03
2.768000000000000000e+03 5.620000000000000000e+03
2.851000000000000000e+03 5.379000000000000000e+03
2.775000000000000000e+03 5.383000000000000000e+03
3.946000000000000000e+03 4.909000000000000000e+03
2.698000000000000000e+03 5.364000000000000000e+03
2.500000000000000000e+03 5.386000000000000000e+03
2.543000000000000000e+03 5.449000000000000000e+03
2.692000000000000000e+03 5.417000000000000000e+03
2.698000000000000000e+03 5.428000000000000000e+03
2.744000000000000000e+03 5.177000000000000000e+03
2.753000000000000000e+03 5.231000000000000000e+03
2.994000000000000000e+03 5.244000000000000000e+03
3.123000000000000000e+03 5.192000000000000000e+03
4.350000000000000000e+03 4.674000000000000000e+03
3.832000000000000000e+03 4.176000000000000000e+03
3.082000000000000000e+03 5.232000000000000000e+03
2.568000000000000000e+03 5.145000000000000000e+03
2.525000000000000000e+03 5.276000000000000000e+03
2.641000000000000000e+03 5.164000000000000000e+03
2.496000000000000000e+03 5.184000000000000000e+03
2.781000000000000000e+03 5.215000000000000000e+03
2.723000000000000000e+03 5.254000000000000000e+03
3.592000000000000000e+03 4.940000000000000000e+03
2.772000000000000000e+03 5.193000000000000000e+03
3.801000000000000000e+03 4.591000000000000000e+03
4.672000000000000000e+03 4.170000000000000000e+03
4.011000000000000000e+03 4.700000000000000000e+03
4.183000000000000000e+03 4.285000000000000000e+03
2.672000000000000000e+03 4.004000000000000000e+03
2.701000000000000000e+03 3.541000000000000000e+03
2.761000000000000000e+03 4.855000000000000000e+03
3.877000000000000000e+03 4.008000000000000000e+03
3.939000000000000000e+03 4.351000000000000000e+03
3.279000000000000000e+03 5.094000000000000000e+03
5.051000000000000000e+03 3.647000000000000000e+03
3.188000000000000000e+03 4.733000000000000000e+03
3.926000000000000000e+03 5.056000000000000000e+03
4.648000000000000000e+03 2.977000000000000000e+03
3.274000000000000000e+03 4.910000000000000000e+03
4.182000000000000000e+03 3.912000000000000000e+03
7.346000000000000000e+03 3.246000000000000000e+03
7.406000000000000000e+03 3.354000000000000000e+03
7.377000000000000000e+03 3.352000000000000000e+03
7.319000000000000000e+03 3.459000000000000000e+03
7.339000000000000000e+03 3.477000000000000000e+03
7.358000000000000000e+03 3.395000000000000000e+03
7.349000000000000000e+03 3.513000000000000000e+03
7.349000000000000000e+03 3.060000000000000000e+03
7.416000000000000000e+03 3.053000000000000000e+03
7.380000000000000000e+03 2.841000000000000000e+03
7.375000000000000000e+03 2.683000000000000000e+03
7.452000000000000000e+03 2.655000000000000000e+03
7.100000000000000000e+03 2.997000000000000000e+03
7.415000000000000000e+03 2.658000000000000000e+03
7.363000000000000000e+03 2.998000000000000000e+03
7.309000000000000000e+03 2.821000000000000000e+03
7.350000000000000000e+03 2.688000000000000000e+03
7.331000000000000000e+03 2.711000000000000000e+03
7.364000000000000000e+03 2.627000000000000000e+03
7.440000000000000000e+03 2.716000000000000000e+03
7.226000000000000000e+03 2.736000000000000000e+03
7.268000000000000000e+03 2.838000000000000000e+03
7.342000000000000000e+03 3.053000000000000000e+03
7.411000000000000000e+03 2.724000000000000000e+03
7.422000000000000000e+03 2.828000000000000000e+03
7.379000000000000000e+03 2.712000000000000000e+03
7.376000000000000000e+03 2.937000000000000000e+03
7.377000000000000000e+03 2.945000000000000000e+03
7.424000000000000000e+03 3.131000000000000000e+03
7.367000000000000000e+03 3.130000000000000000e+03
7.338000000000000000e+03 3.233000000000000000e+03
7.399000000000000000e+03 3.904000000000000000e+03
7.401000000000000000e+03 3.860000000000000000e+03
7.264000000000000000e+03 3.952000000000000000e+03
7.434000000000000000e+03 4.022000000000000000e+03
7.167000000000000000e+03 3.437000000000000000e+03
7.445000000000000000e+03 3.212000000000000000e+03
7.449000000000000000e+03 4.259000000000000000e+03
7.449000000000000000e+03 3.992000000000000000e+03
7.444000000000000000e+03 4.484000000000000000e+03
7.419000000000000000e+03 4.230000000000000000e+03
7.453000000000000000e+03 4.243000000000000000e+03
7.400000000000000000e+03 4.199000000000000000e+03
6.993000000000000000e+03 5.240000000000000000e+03
7.431000000000000000e+03 4.696000000000000000e+03
7.448000000000000000e+03 4.515000000000000000e+03
7.412000000000000000e+03 4.820000000000000000e+03
7.339000000000000000e+03 3.819000000000000000e+03
7.418000000000000000e+03 3.664000000000000000e+03
7.340000000000000000e+03 3.701000000000000000e+03
7.380000000000000000e+03 3.658000000000000000e+03
7.411000000000000000e+03 4.099000000000000000e+03
7.381000000000000000e+03 3.904000000000000000e+03
7.388000000000000000e+03 3.996000000000000000e+03
7.386000000000000000e+03 4.004000000000000000e+03
7.342000000000000000e+03 3.606000000000000000e+03
7.402000000000000000e+03 3.482000000000000000e+03
7.359000000000000000e+03 3.636000000000000000e+03
7.412000000000000000e+03 3.586000000000000000e+03
7.346000000000000000e+03 3.483000000000000000e+03
7.376000000000000000e+03 3.474000000000000000e+03
7.408000000000000000e+03 3.436000000000000000e+03
7.328000000000000000e+03 3.512000000000000000e+03
6.425000000000000000e+03 4.212000000000000000e+03
7.009000000000000000e+03 4.573000000000000000e+03
6.973000000000000000e+03 4.482000000000000000e+03
7.043000000000000000e+03 4.539000000000000000e+03
7.125000000000000000e+03 4.679000000000000000e+03
7.057000000000000000e+03 4.584000000000000000e+03
7.127000000000000000e+03 4.548000000000000000e+03
6.455000000000000000e+03 4.329000000000000000e+03
6.945000000000000000e+03 4.594000000000000000e+03
6.871000000000000000e+03 4.944000000000000000e+03
6.857000000000000000e+03 4.835000000000000000e+03
6.256000000000000000e+03 4.569000000000000000e+03
6.592000000000000000e+03 4.542000000000000000e+03
6.895000000000000000e+03 4.604000000000000000e+03
6.600000000000000000e+03 4.507000000000000000e+03
6.880000000000000000e+03 4.959000000000000000e+03
7.176000000000000000e+03 5.030000000000000000e+03
7.077000000000000000e+03 5.083000000000000000e+03
7.080000000000000000e+03 5.034000000000000000e+03
6.942000000000000000e+03 4.973000000000000000e+03
6.905000000000000000e+03 4.954000000000000000e+03
6.960000000000000000e+03 4.987000000000000000e+03
6.955000000000000000e+03 5.062000000000000000e+03
6.923000000000000000e+03 4.677000000000000000e+03
7.097000000000000000e+03 4.853000000000000000e+03
6.968000000000000000e+03 4.828000000000000000e+03
7.049000000000000000e+03 4.855000000000000000e+03
6.917000000000000000e+03 4.692000000000000000e+03
6.852000000000000000e+03 4.718000000000000000e+03
6.955000000000000000e+03 4.774000000000000000e+03
6.971000000000000000e+03 4.733000000000000000e+03
6.879000000000000000e+03 5.060000000000000000e+03
7.072000000000000000e+03 4.738000000000000000e+03
6.847000000000000000e+03 4.874000000000000000e+03
6.601000000000000000e+03 5.093000000000000000e+03
6.795000000000000000e+03 5.230000000000000000e+03
6.884000000000000000e+03 5.240000000000000000e+03
6.951000000000000000e+03 5.245000000000000000e+03
7.115000000000000000e+03 4.668000000000000000e+03
7.222000000000000000e+03 4.702000000000000000e+03
7.221000000000000000e+03 4.656000000000000000e+03
7.355000000000000000e+03 4.751000000000000000e+03
7.238000000000000000e+03 4.812000000000000000e+03
7.320000000000000000e+03 4.824000000000000000e+03
7.295000000000000000e+03 4.955000000000000000e+03
7.207000000000000000e+03 4.867000000000000000e+03
7.008000000000000000e+03 5.382000000000000000e+03
7.080000000000000000e+03 5.407000000000000000e+03
7.039000000000000000e+03 5.311000000000000000e+03
7.053000000000000000e+03 5.296000000000000000e+03
5.869000000000000000e+03 5.347000000000000000e+03
5.907000000000000000e+03 5.923000000000000000e+03
6.659000000000000000e+03 5.259000000000000000e+03
5.336000000000000000e+03 5.282000000000000000e+03
6.804000000000000000e+03 5.399000000000000000e+03
6.813000000000000000e+03 5.421000000000000000e+03
6.811000000000000000e+03 5.357000000000000000e+03
6.875000000000000000e+03 5.348000000000000000e+03
6.880000000000000000e+03 5.542000000000000000e+03
6.981000000000000000e+03 5.567000000000000000e+03
6.896000000000000000e+03 5.475000000000000000e+03
6.951000000000000000e+03 5.489000000000000000e+03
6.011000000000000000e+03 4.544000000000000000e+03
5.815000000000000000e+03 4.544000000000000000e+03
6.014000000000000000e+03 4.032000000000000000e+03
3.958000000000000000e+03 5.111000000000000000e+03
3.961000000000000000e+03 5.056000000000000000e+03
5.641000000000000000e+03 5.223000000000000000e+03
5.250000000000000000e+03 4.822000000000000000e+03
6.668000000000000000e+03 4.797000000000000000e+03
6.526000000000000000e+03 4.847000000000000000e+03
6.618000000000000000e+03 4.873000000000000000e+03
6.418000000000000000e+03 4.926000000000000000e+03
6.579000000000000000e+03 4.658000000000000000e+03
6.588000000000000000e+03 4.722000000000000000e+03
6.537000000000000000e+03 4.497000000000000000e+03
6.558000000000000000e+03 4.590000000000000000e+03
6.745000000000000000e+03 4.591000000000000000e+03
6.737000000000000000e+03 4.665000000000000000e+03
6.737000000000000000e+03 4.860000000000000000e+03
6.787000000000000000e+03 4.766000000000000000e+03
6.737000000000000000e+03 4.462000000000000000e+03
6.599000000000000000e+03 4.447000000000000000e+03
6.322000000000000000e+03 4.243000000000000000e+03
6.546000000000000000e+03 4.331000000000000000e+03
6.754000000000000000e+03 5.092000000000000000e+03
6.691000000000000000e+03 5.002000000000000000e+03
6.708000000000000000e+03 5.077000000000000000e+03
6.638000000000000000e+03 5.047000000000000000e+03
6.636000000000000000e+03 4.634000000000000000e+03
6.719000000000000000e+03 4.837000000000000000e+03
6.398000000000000000e+03 4.459000000000000000e+03
6.609000000000000000e+03 4.448000000000000000e+03
6.543000000000000000e+03 5.300000000000000000e+03
6.588000000000000000e+03 5.262000000000000000e+03
6.633000000000000000e+03 5.361000000000000000e+03
6.657000000000000000e+03 5.277000000000000000e+03
6.409000000000000000e+03 5.194000000000000000e+03
6.338000000000000000e+03 5.302000000000000000e+03
6.123000000000000000e+03 5.184000000000000000e+03
6.300000000000000000e+03 5.219000000000000000e+03
6.370000000000000000e+03 5.384000000000000000e+03
6.427000000000000000e+03 5.410000000000000000e+03
6.299000000000000000e+03 5.367000000000000000e+03
6.304000000000000000e+03 5.476000000000000000e+03
6.173000000000000000e+03 5.386000000000000000e+03
6.229000000000000000e+03 5.396000000000000000e+03
6.165000000000000000e+03 5.251000000000000000e+03
6.105000000000000000e+03 5.301000000000000000e+03
5.508000000000000000e+03 5.412000000000000000e+03
5.558000000000000000e+03 5.369000000000000000e+03
5.505000000000000000e+03 5.376000000000000000e+03
5.378000000000000000e+03 5.314000000000000000e+03
5.457000000000000000e+03 5.214000000000000000e+03
5.262000000000000000e+03 5.053000000000000000e+03
5.240000000000000000e+03 5.196000000000000000e+03
5.356000000000000000e+03 5.276000000000000000e+03
5.726000000000000000e+03 5.340000000000000000e+03
5.761000000000000000e+03 5.261000000000000000e+03
5.685000000000000000e+03 5.368000000000000000e+03
5.735000000000000000e+03 5.408000000000000000e+03
5.966000000000000000e+03 5.248000000000000000e+03
6.050000000000000000e+03 5.319000000000000000e+03
5.800000000000000000e+03 5.299000000000000000e+03
5.882000000000000000e+03 5.230000000000000000e+03
6.198000000000000000e+03 4.507000000000000000e+03
6.158000000000000000e+03 4.384000000000000000e+03
6.090000000000000000e+03 4.157000000000000000e+03
5.069000000000000000e+03 2.763000000000000000e+03
5.694000000000000000e+03 3.496000000000000000e+03
5.815000000000000000e+03 3.723000000000000000e+03
5.861000000000000000e+03 3.593000000000000000e+03
6.206000000000000000e+03 4.326000000000000000e+03
6.231000000000000000e+03 4.434000000000000000e+03
6.188000000000000000e+03 4.513000000000000000e+03
6.189000000000000000e+03 4.585000000000000000e+03
6.154000000000000000e+03 4.761000000000000000e+03
6.235000000000000000e+03 4.780000000000000000e+03
6.160000000000000000e+03 4.693000000000000000e+03
6.323000000000000000e+03 4.771000000000000000e+03
6.064000000000000000e+03 4.001000000000000000e+03
6.041000000000000000e+03 4.140000000000000000e+03
6.060000000000000000e+03 4.524000000000000000e+03
6.066000000000000000e+03 4.438000000000000000e+03
6.057000000000000000e+03 4.923000000000000000e+03
6.085000000000000000e+03 4.866000000000000000e+03
6.030000000000000000e+03 4.735000000000000000e+03
6.058000000000000000e+03 4.631000000000000000e+03
5.846000000000000000e+03 4.898000000000000000e+03
5.948000000000000000e+03 4.792000000000000000e+03
5.861000000000000000e+03 4.640000000000000000e+03
5.920000000000000000e+03 4.891000000000000000e+03
5.865000000000000000e+03 4.216000000000000000e+03
5.920000000000000000e+03 4.399000000000000000e+03
5.933000000000000000e+03 4.575000000000000000e+03
5.811000000000000000e+03 4.394000000000000000e+03
5.714000000000000000e+03 5.111000000000000000e+03
6.003000000000000000e+03 5.007000000000000000e+03
5.932000000000000000e+03 4.996000000000000000e+03
6.090000000000000000e+03 5.114000000000000000e+03
6.015000000000000000e+03 5.089000000000000000e+03
6.144000000000000000e+03 5.022000000000000000e+03
6.129000000000000000e+03 5.162000000000000000e+03
6.397000000000000000e+03 4.508000000000000000e+03
6.551000000000000000e+03 4.580000000000000000e+03
6.452000000000000000e+03 4.661000000000000000e+03
6.472000000000000000e+03 4.752000000000000000e+03
6.473000000000000000e+03 4.408000000000000000e+03
6.417000000000000000e+03 4.302000000000000000e+03
6.355000000000000000e+03 4.446000000000000000e+03
6.376000000000000000e+03 4.352000000000000000e+03
6.446000000000000000e+03 5.148000000000000000e+03
6.438000000000000000e+03 5.095000000000000000e+03
6.541000000000000000e+03 5.084000000000000000e+03
6.520000000000000000e+03 5.013000000000000000e+03
6.305000000000000000e+03 4.959000000000000000e+03
6.161000000000000000e+03 4.993000000000000000e+03
6.301000000000000000e+03 5.003000000000000000e+03
6.371000000000000000e+03 5.060000000000000000e+03
6.355000000000000000e+03 4.680000000000000000e+03
6.259000000000000000e+03 4.641000000000000000e+03
6.274000000000000000e+03 4.518000000000000000e+03
6.170000000000000000e+03 4.270000000000000000e+03
6.318000000000000000e+03 4.838000000000000000e+03
6.338000000000000000e+03 4.863000000000000000e+03
6.428000000000000000e+03 4.942000000000000000e+03
6.400000000000000000e+03 4.845000000000000000e+03
6.203000000000000000e+03 3.681000000000000000e+03
6.054000000000000000e+03 3.696000000000000000e+03
6.123000000000000000e+03 3.692000000000000000e+03
6.283000000000000000e+03 3.665000000000000000e+03
6.289000000000000000e+03 3.566000000000000000e+03
6.201000000000000000e+03 3.684000000000000000e+03
6.255000000000000000e+03 3.730000000000000000e+03
6.132000000000000000e+03 3.818000000000000000e+03
6.149000000000000000e+03 3.532000000000000000e+03
6.284000000000000000e+03 3.472000000000000000e+03
6.384000000000000000e+03 3.478000000000000000e+03
5.318000000000000000e+03 2.954000000000000000e+03
5.860000000000000000e+03 3.298000000000000000e+03
6.023000000000000000e+03 3.517000000000000000e+03
5.986000000000000000e+03 3.774000000000000000e+03
6.034000000000000000e+03 3.283000000000000000e+03
5.949000000000000000e+03 3.192000000000000000e+03
6.092000000000000000e+03 3.146000000000000000e+03
6.002000000000000000e+03 3.174000000000000000e+03
6.353000000000000000e+03 3.170000000000000000e+03
6.336000000000000000e+03 3.210000000000000000e+03
6.197000000000000000e+03 3.149000000000000000e+03
6.101000000000000000e+03 3.109000000000000000e+03
6.182000000000000000e+03 3.255000000000000000e+03
6.133000000000000000e+03 3.307000000000000000e+03
6.056000000000000000e+03 3.294000000000000000e+03
6.078000000000000000e+03 3.442000000000000000e+03
6.257000000000000000e+03 3.351000000000000000e+03
6.261000000000000000e+03 3.367000000000000000e+03
6.369000000000000000e+03 3.297000000000000000e+03
6.312000000000000000e+03 3.283000000000000000e+03
3.547000000000000000e+03 2.288000000000000000e+03
4.695000000000000000e+03 2.576000000000000000e+03
5.107000000000000000e+03 2.429000000000000000e+03
4.905000000000000000e+03 2.453000000000000000e+03
4.023000000000000000e+03 2.387000000000000000e+03
3.812000000000000000e+03 2.334000000000000000e+03
4.249000000000000000e+03 2.398000000000000000e+03
4.395000000000000000e+03 2.507000000000000000e+03
3.945000000000000000e+03 2.255000000000000000e+03
3.753000000000000000e+03 2.207000000000000000e+03
1.090000000000000000e+03 7.850000000000000000e+02
8.800000000000000000e+02 1.004000000000000000e+03
2.246000000000000000e+03 1.548000000000000000e+03
2.763000000000000000e+03 2.769000000000000000e+03
4.921000000000000000e+03 2.546000000000000000e+03
3.943000000000000000e+03 2.439000000000000000e+03
5.950000000000000000e+03 2.622000000000000000e+03
6.079000000000000000e+03 2.662000000000000000e+03
6.126000000000000000e+03 2.829000000000000000e+03
6.084000000000000000e+03 2.717000000000000000e+03
3.701000000000000000e+03 2.478000000000000000e+03
3.630000000000000000e+03 2.383000000000000000e+03
5.916000000000000000e+03 2.707000000000000000e+03
6.033000000000000000e+03 2.821000000000000000e+03
6.181000000000000000e+03 3.018000000000000000e+03
6.235000000000000000e+03 3.017000000000000000e+03
6.093000000000000000e+03 3.021000000000000000e+03
6.130000000000000000e+03 3.036000000000000000e+03
5.967000000000000000e+03 2.975000000000000000e+03
5.909000000000000000e+03 2.973000000000000000e+03
5.055000000000000000e+03 3.194000000000000000e+03
5.746000000000000000e+03 3.110000000000000000e+03
4.595000000000000000e+03 7.027000000000000000e+03
6.592000000000000000e+03 7.178000000000000000e+03
6.854000000000000000e+03 6.988000000000000000e+03
2.017000000000000000e+03 5.499000000000000000e+03
3.247000000000000000e+03 5.418000000000000000e+03
3.389000000000000000e+03 5.361000000000000000e+03
2.443000000000000000e+03 5.665000000000000000e+03
4.223000000000000000e+03 6.131000000000000000e+03
2.636000000000000000e+03 5.432000000000000000e+03
4.813000000000000000e+03 5.881000000000000000e+03
4.050000000000000000e+03 5.985000000000000000e+03
3.843000000000000000e+03 5.671000000000000000e+03
3.868000000000000000e+03 5.331000000000000000e+03
3.967000000000000000e+03 5.408000000000000000e+03
3.608000000000000000e+03 5.874000000000000000e+03
7.374000000000000000e+03 7.420000000000000000e+03
6.158000000000000000e+03 6.208000000000000000e+03
7.421000000000000000e+03 7.388000000000000000e+03
7.260000000000000000e+03 7.426000000000000000e+03
6.566000000000000000e+03 6.274000000000000000e+03
6.972000000000000000e+03 6.648000000000000000e+03
5.169000000000000000e+03 5.294000000000000000e+03
5.909000000000000000e+03 5.930000000000000000e+03
4.767000000000000000e+03 5.181000000000000000e+03
4.674000000000000000e+03 5.221000000000000000e+03
4.815000000000000000e+03 5.223000000000000000e+03
4.847000000000000000e+03 5.262000000000000000e+03
4.607000000000000000e+03 5.204000000000000000e+03
4.686000000000000000e+03 5.284000000000000000e+03
4.655000000000000000e+03 5.193000000000000000e+03
4.794000000000000000e+03 5.212000000000000000e+03
9.070000000000000000e+02 7.457000000000000000e+03
9.940000000000000000e+02 7.341000000000000000e+03
9.280000000000000000e+02 7.462000000000000000e+03
6.780000000000000000e+02 7.473000000000000000e+03
4.500000000000000000e+02 7.462000000000000000e+03
8.540000000000000000e+02 6.147000000000000000e+03
1.212000000000000000e+03 7.018000000000000000e+03
3.842000000000000000e+03 5.449000000000000000e+03
3.667000000000000000e+03 5.502000000000000000e+03
3.501000000000000000e+03 5.388000000000000000e+03
3.577000000000000000e+03 5.380000000000000000e+03
3.261000000000000000e+03 5.382000000000000000e+03
3.290000000000000000e+03 5.424000000000000000e+03
2.205000000000000000e+03 5.503000000000000000e+03
2.583000000000000000e+03 5.552000000000000000e+03
1.494000000000000000e+03 7.448000000000000000e+03
1.394000000000000000e+03 7.453000000000000000e+03
1.575000000000000000e+03 7.452000000000000000e+03
1.494000000000000000e+03 7.473000000000000000e+03
1.477000000000000000e+03 7.420000000000000000e+03
1.366000000000000000e+03 7.447000000000000000e+03
1.421000000000000000e+03 7.446000000000000000e+03
1.576000000000000000e+03 7.471000000000000000e+03
2.233000000000000000e+03 7.466000000000000000e+03
2.269000000000000000e+03 7.464000000000000000e+03
2.364000000000000000e+03 7.439000000000000000e+03
2.396000000000000000e+03 7.455000000000000000e+03
3.314000000000000000e+03 6.293000000000000000e+03
2.674000000000000000e+03 6.476000000000000000e+03
2.085000000000000000e+03 7.471000000000000000e+03
2.044000000000000000e+03 7.412000000000000000e+03
6.213000000000000000e+03 7.481000000000000000e+03
6.195000000000000000e+03 7.471000000000000000e+03
6.275000000000000000e+03 7.477000000000000000e+03
6.636000000000000000e+03 7.466000000000000000e+03
6.542000000000000000e+03 7.462000000000000000e+03
6.639000000000000000e+03 7.431000000000000000e+03
6.739000000000000000e+03 7.464000000000000000e+03
4.268000000000000000e+03 5.375000000000000000e+03
4.425000000000000000e+03 5.391000000000000000e+03
4.147000000000000000e+03 5.379000000000000000e+03
4.430000000000000000e+03 5.452000000000000000e+03
5.428000000000000000e+03 5.527000000000000000e+03
4.563000000000000000e+03 5.267000000000000000e+03
4.438000000000000000e+03 5.383000000000000000e+03
4.186000000000000000e+03 5.332000000000000000e+03
4.534000000000000000e+03 5.384000000000000000e+03
4.500000000000000000e+03 5.454000000000000000e+03
4.381000000000000000e+03 5.339000000000000000e+03
4.559000000000000000e+03 5.627000000000000000e+03
4.382000000000000000e+03 5.248000000000000000e+03
4.628000000000000000e+03 5.476000000000000000e+03
4.603000000000000000e+03 5.348000000000000000e+03
4.581000000000000000e+03 5.399000000000000000e+03
3.486000000000000000e+03 3.008000000000000000e+03
4.149000000000000000e+03 4.472000000000000000e+03
4.029000000000000000e+03 4.320000000000000000e+03
3.762000000000000000e+03 4.490000000000000000e+03
3.786000000000000000e+03 3.511000000000000000e+03
4.810000000000000000e+03 5.330000000000000000e+03
3.852000000000000000e+03 3.754000000000000000e+03
3.437000000000000000e+03 2.916000000000000000e+03
3.301000000000000000e+03 3.844000000000000000e+03
2.590000000000000000e+03 3.975000000000000000e+03
1.117000000000000000e+03 4.088000000000000000e+03
2.850000000000000000e+03 4.767000000000000000e+03
3.567000000000000000e+03 5.143000000000000000e+03
3.707000000000000000e+03 5.243000000000000000e+03
3.593000000000000000e+03 5.276000000000000000e+03
3.535000000000000000e+03 5.273000000000000000e+03
4.366000000000000000e+03 5.429000000000000000e+03
4.237000000000000000e+03 5.507000000000000000e+03
5.211000000000000000e+03 7.109000000000000000e+03
5.002000000000000000e+03 7.232000000000000000e+03
3.539000000000000000e+03 5.467000000000000000e+03
3.391000000000000000e+03 5.244000000000000000e+03
3.631000000000000000e+03 5.442000000000000000e+03
3.708000000000000000e+03 5.368000000000000000e+03
5.834000000000000000e+03 7.407000000000000000e+03
5.881000000000000000e+03 7.454000000000000000e+03
5.540000000000000000e+03 7.428000000000000000e+03
5.671000000000000000e+03 7.457000000000000000e+03
5.539000000000000000e+03 7.420000000000000000e+03
5.460000000000000000e+03 7.441000000000000000e+03
5.239000000000000000e+03 7.437000000000000000e+03
5.686000000000000000e+03 7.411000000000000000e+03
4.081000000000000000e+03 5.154000000000000000e+03
4.643000000000000000e+03 5.076000000000000000e+03
4.799000000000000000e+03 5.280000000000000000e+03
4.567000000000000000e+03 5.137000000000000000e+03
5.457000000000000000e+03 4.789000000000000000e+03
3.914000000000000000e+03 5.145000000000000000e+03
3.912000000000000000e+03 5.251000000000000000e+03
3.840000000000000000e+03 5.242000000000000000e+03
3.353000000000000000e+03 7.074000000000000000e+03
4.543000000000000000e+03 5.468000000000000000e+03
4.654000000000000000e+03 5.439000000000000000e+03
2.790000000000000000e+03 6.880000000000000000e+03
2.852000000000000000e+03 7.046000000000000000e+03
2.823000000000000000e+03 7.107000000000000000e+03
2.853000000000000000e+03 7.215000000000000000e+03
6.903000000000000000e+03 6.234000000000000000e+03
6.841000000000000000e+03 6.232000000000000000e+03
6.749000000000000000e+03 6.483000000000000000e+03
6.838000000000000000e+03 6.398000000000000000e+03
6.847000000000000000e+03 6.570000000000000000e+03
6.897000000000000000e+03 6.588000000000000000e+03
7.027000000000000000e+03 6.590000000000000000e+03
6.997000000000000000e+03 6.546000000000000000e+03
4.678000000000000000e+03 5.650000000000000000e+03
3.015000000000000000e+03 6.916000000000000000e+03
2.697000000000000000e+03 6.653000000000000000e+03
2.823000000000000000e+03 6.799000000000000000e+03
5.633000000000000000e+03 7.355000000000000000e+03
6.375000000000000000e+03 6.620000000000000000e+03
4.426000000000000000e+03 6.621000000000000000e+03
2.878000000000000000e+03 6.678000000000000000e+03
4.929000000000000000e+03 5.695000000000000000e+03
4.533000000000000000e+03 6.035000000000000000e+03
5.866000000000000000e+03 5.559000000000000000e+03
6.126000000000000000e+03 6.287000000000000000e+03
5.594000000000000000e+03 6.254000000000000000e+03
5.366000000000000000e+03 7.140000000000000000e+03
5.208000000000000000e+03 6.645000000000000000e+03
5.439000000000000000e+03 6.479000000000000000e+03
5.404000000000000000e+03 5.892000000000000000e+03
5.824000000000000000e+03 5.327000000000000000e+03
5.852000000000000000e+03 5.319000000000000000e+03
5.518000000000000000e+03 5.292000000000000000e+03
5.531000000000000000e+03 7.162000000000000000e+03
6.105000000000000000e+03 7.334000000000000000e+03
5.847000000000000000e+03 7.338000000000000000e+03
3.593000000000000000e+03 5.543000000000000000e+03
3.273000000000000000e+03 5.843000000000000000e+03
3.986000000000000000e+03 5.689000000000000000e+03
2.839000000000000000e+03 6.141000000000000000e+03
2.833000000000000000e+03 6.331000000000000000e+03
2.784000000000000000e+03 6.274000000000000000e+03
3.494000000000000000e+03 6.042000000000000000e+03
2.806000000000000000e+03 6.222000000000000000e+03
7.036000000000000000e+03 7.049000000000000000e+03
6.998000000000000000e+03 7.148000000000000000e+03
6.893000000000000000e+03 7.190000000000000000e+03
6.820000000000000000e+03 7.166000000000000000e+03
7.055000000000000000e+03 6.980000000000000000e+03
7.022000000000000000e+03 6.877000000000000000e+03
6.940000000000000000e+03 6.587000000000000000e+03
6.856000000000000000e+03 6.445000000000000000e+03
7.052000000000000000e+03 6.826000000000000000e+03
7.107000000000000000e+03 6.747000000000000000e+03
6.866000000000000000e+03 6.729000000000000000e+03
7.026000000000000000e+03 6.713000000000000000e+03
6.850000000000000000e+03 6.987000000000000000e+03
6.855000000000000000e+03 7.022000000000000000e+03
6.910000000000000000e+03 6.865000000000000000e+03
6.809000000000000000e+03 6.987000000000000000e+03
3.308000000000000000e+03 2.622000000000000000e+03
3.468000000000000000e+03 3.339000000000000000e+03
4.588000000000000000e+03 4.625000000000000000e+03
4.853000000000000000e+03 5.338000000000000000e+03
5.002000000000000000e+03 5.415000000000000000e+03
4.820000000000000000e+03 5.383000000000000000e+03
4.617000000000000000e+03 5.383000000000000000e+03
4.428000000000000000e+03 7.368000000000000000e+03
4.392000000000000000e+03 7.426000000000000000e+03
4.510000000000000000e+03 7.381000000000000000e+03
4.541000000000000000e+03 7.426000000000000000e+03
4.142000000000000000e+03 7.337000000000000000e+03
4.254000000000000000e+03 7.364000000000000000e+03
4.176000000000000000e+03 3.664000000000000000e+03
4.271000000000000000e+03 7.199000000000000000e+03
2.850000000000000000e+03 5.179000000000000000e+03
2.860000000000000000e+03 6.336000000000000000e+03
2.683000000000000000e+03 6.220000000000000000e+03
2.636000000000000000e+03 6.118000000000000000e+03
2.676000000000000000e+03 5.984000000000000000e+03
2.510000000000000000e+03 5.898000000000000000e+03
2.616000000000000000e+03 6.019000000000000000e+03
2.507000000000000000e+03 5.959000000000000000e+03
2.562000000000000000e+03 5.708000000000000000e+03
2.649000000000000000e+03 5.746000000000000000e+03
3.056000000000000000e+03 5.739000000000000000e+03
2.484000000000000000e+03 5.748000000000000000e+03
2.870000000000000000e+03 5.416000000000000000e+03
2.918000000000000000e+03 5.735000000000000000e+03
2.937000000000000000e+03 5.773000000000000000e+03
2.744000000000000000e+03 5.840000000000000000e+03
3.255000000000000000e+03 6.840000000000000000e+03
3.588000000000000000e+03 7.175000000000000000e+03
3.360000000000000000e+03 7.263000000000000000e+03
3.556000000000000000e+03 7.347000000000000000e+03
3.859000000000000000e+03 7.387000000000000000e+03
3.657000000000000000e+03 7.396000000000000000e+03
3.614000000000000000e+03 7.336000000000000000e+03
3.575000000000000000e+03 7.390000000000000000e+03
4.896000000000000000e+03 7.388000000000000000e+03
4.964000000000000000e+03 7.358000000000000000e+03
5.051000000000000000e+03 7.354000000000000000e+03
5.121000000000000000e+03 7.341000000000000000e+03
4.746000000000000000e+03 7.391000000000000000e+03
4.748000000000000000e+03 7.407000000000000000e+03
4.662000000000000000e+03 7.373000000000000000e+03
4.608000000000000000e+03 7.416000000000000000e+03
4.074000000000000000e+03 7.389000000000000000e+03
4.234000000000000000e+03 7.417000000000000000e+03
3.998000000000000000e+03 7.437000000000000000e+03
4.069000000000000000e+03 7.449000000000000000e+03
3.776000000000000000e+03 7.369000000000000000e+03
3.733000000000000000e+03 7.355000000000000000e+03
3.909000000000000000e+03 7.388000000000000000e+03
3.823000000000000000e+03 7.416000000000000000e+03
3.343000000000000000e+03 7.443000000000000000e+03
3.243000000000000000e+03 7.430000000000000000e+03
3.376000000000000000e+03 7.438000000000000000e+03
3.088000000000000000e+03 7.456000000000000000e+03
2.889000000000000000e+03 7.399000000000000000e+03
2.980000000000000000e+03 7.426000000000000000e+03
2.836000000000000000e+03 7.365000000000000000e+03
2.877000000000000000e+03 7.310000000000000000e+03
1.705000000000000000e+03 8.000000000000000000e+01
1.828000000000000000e+03 2.560000000000000000e+03
2.908000000000000000e+03 5.470000000000000000e+03
5.530000000000000000e+02 5.430000000000000000e+03
5.288000000000000000e+03 1.990000000000000000e+03
2.560000000000000000e+02 2.840000000000000000e+03
2.560000000000000000e+02 6.500000000000000000e+02
-4.000000000000000000e+00 0.000000000000000000e+00
-1.200000000000000000e+01 0.000000000000000000e+00
7.442000000000000000e+03 0.000000000000000000e+00
