3.454000000000000000e+03 2.919000000000000000e+03
3.836000000000000000e+03 2.573000000000000000e+03
3.895000000000000000e+03 2.898000000000000000e+03
3.762000000000000000e+03 3.067000000000000000e+03
3.830000000000000000e+03 2.958000000000000000e+03
3.616000000000000000e+03 3.053000000000000000e+03
3.666000000000000000e+03 2.989000000000000000e+03
3.685000000000000000e+03 2.871000000000000000e+03
3.655000000000000000e+03 2.864000000000000000e+03
3.650000000000000000e+03 2.825000000000000000e+03
3.608000000000000000e+03 2.917000000000000000e+03
3.850000000000000000e+03 2.657000000000000000e+03
3.714000000000000000e+03 2.858000000000000000e+03
3.902000000000000000e+03 2.704000000000000000e+03
3.549000000000000000e+03 2.937000000000000000e+03
3.516000000000000000e+03 3.039000000000000000e+03
3.451000000000000000e+03 2.547000000000000000e+03
3.674000000000000000e+03 2.288000000000000000e+03
3.653000000000000000e+03 2.174000000000000000e+03
3.186000000000000000e+03 3.151000000000000000e+03
3.359000000000000000e+03 3.159000000000000000e+03
3.586000000000000000e+03 3.037000000000000000e+03
3.641000000000000000e+03 2.968000000000000000e+03
3.800000000000000000e+03 2.374000000000000000e+03
3.728000000000000000e+03 2.547000000000000000e+03
3.589000000000000000e+03 2.709000000000000000e+03
3.569000000000000000e+03 2.754000000000000000e+03
3.856000000000000000e+03 2.495000000000000000e+03
3.529000000000000000e+03 2.829000000000000000e+03
3.575000000000000000e+03 2.807000000000000000e+03
3.609000000000000000e+03 2.816000000000000000e+03
2.856000000000000000e+03 3.219000000000000000e+03
2.231000000000000000e+03 3.697000000000000000e+03
2.677000000000000000e+03 3.396000000000000000e+03
2.069000000000000000e+03 3.712000000000000000e+03
2.010000000000000000e+03 3.735000000000000000e+03
2.181000000000000000e+03 3.718000000000000000e+03
2.127000000000000000e+03 3.707000000000000000e+03
2.336000000000000000e+03 3.621000000000000000e+03
2.239000000000000000e+03 3.688000000000000000e+03
2.320000000000000000e+03 3.643000000000000000e+03
2.420000000000000000e+03 3.324000000000000000e+03
3.530000000000000000e+03 1.984000000000000000e+03
3.640000000000000000e+03 2.077000000000000000e+03
3.492000000000000000e+03 2.271000000000000000e+03
3.599000000000000000e+03 2.206000000000000000e+03
2.286000000000000000e+03 3.559000000000000000e+03
2.283000000000000000e+03 3.623000000000000000e+03
2.231000000000000000e+03 3.636000000000000000e+03
2.261000000000000000e+03 3.578000000000000000e+03
2.161000000000000000e+03 3.609000000000000000e+03
2.263000000000000000e+03 3.458000000000000000e+03
2.266000000000000000e+03 3.501000000000000000e+03
2.274000000000000000e+03 3.537000000000000000e+03
2.191000000000000000e+03 3.645000000000000000e+03
2.211000000000000000e+03 3.692000000000000000e+03
2.215000000000000000e+03 3.572000000000000000e+03
2.188000000000000000e+03 3.542000000000000000e+03
2.110000000000000000e+03 3.687000000000000000e+03
2.048000000000000000e+03 3.856000000000000000e+03
2.131000000000000000e+03 3.585000000000000000e+03
2.147000000000000000e+03 3.619000000000000000e+03
3.954000000000000000e+03 3.088000000000000000e+03
3.965000000000000000e+03 3.192000000000000000e+03
3.988000000000000000e+03 3.355000000000000000e+03
3.775000000000000000e+03 3.068000000000000000e+03
3.766000000000000000e+03 3.023000000000000000e+03
3.716000000000000000e+03 3.032000000000000000e+03
3.703000000000000000e+03 2.996000000000000000e+03
3.886000000000000000e+03 3.023000000000000000e+03
3.889000000000000000e+03 3.030000000000000000e+03
3.885000000000000000e+03 3.090000000000000000e+03
3.843000000000000000e+03 3.029000000000000000e+03
3.949000000000000000e+03 2.985000000000000000e+03
3.937000000000000000e+03 2.972000000000000000e+03
3.935000000000000000e+03 3.055000000000000000e+03
3.932000000000000000e+03 2.826000000000000000e+03
3.696000000000000000e+03 2.939000000000000000e+03
3.748000000000000000e+03 3.016000000000000000e+03
3.840000000000000000e+03 2.962000000000000000e+03
3.740000000000000000e+03 2.951000000000000000e+03
3.744000000000000000e+03 2.908000000000000000e+03
3.795000000000000000e+03 2.891000000000000000e+03
3.727000000000000000e+03 2.878000000000000000e+03
3.795000000000000000e+03 2.903000000000000000e+03
3.840000000000000000e+03 2.949000000000000000e+03
3.883000000000000000e+03 2.935000000000000000e+03
3.893000000000000000e+03 2.990000000000000000e+03
3.851000000000000000e+03 3.056000000000000000e+03
3.936000000000000000e+03 2.858000000000000000e+03
3.926000000000000000e+03 2.438000000000000000e+03
3.916000000000000000e+03 2.903000000000000000e+03
3.891000000000000000e+03 2.911000000000000000e+03
3.730000000000000000e+03 2.468000000000000000e+03
3.789000000000000000e+03 2.410000000000000000e+03
3.812000000000000000e+03 2.445000000000000000e+03
3.774000000000000000e+03 2.468000000000000000e+03
3.735000000000000000e+03 2.360000000000000000e+03
3.742000000000000000e+03 2.394000000000000000e+03
3.911000000000000000e+03 2.384000000000000000e+03
3.922000000000000000e+03 2.300000000000000000e+03
3.682000000000000000e+03 2.758000000000000000e+03
3.805000000000000000e+03 2.681000000000000000e+03
3.790000000000000000e+03 2.789000000000000000e+03
3.856000000000000000e+03 2.760000000000000000e+03
3.451000000000000000e+03 2.941000000000000000e+03
3.642000000000000000e+03 2.832000000000000000e+03
3.758000000000000000e+03 2.812000000000000000e+03
3.692000000000000000e+03 2.431000000000000000e+03
3.716000000000000000e+03 2.287000000000000000e+03
3.699000000000000000e+03 2.358000000000000000e+03
3.836000000000000000e+03 2.683000000000000000e+03
3.800000000000000000e+03 2.273000000000000000e+03
3.768000000000000000e+03 2.105000000000000000e+03
3.715000000000000000e+03 2.149000000000000000e+03
3.764000000000000000e+03 2.168000000000000000e+03
3.731000000000000000e+03 2.240000000000000000e+03
3.695000000000000000e+03 2.236000000000000000e+03
3.848000000000000000e+03 2.121000000000000000e+03
3.676000000000000000e+03 2.199000000000000000e+03
3.657000000000000000e+03 2.242000000000000000e+03
3.728000000000000000e+03 2.313000000000000000e+03
3.874000000000000000e+03 2.237000000000000000e+03
3.722000000000000000e+03 2.258000000000000000e+03
3.845000000000000000e+03 2.168000000000000000e+03
1.956000000000000000e+03 3.898000000000000000e+03
2.127000000000000000e+03 3.907000000000000000e+03
2.118000000000000000e+03 3.878000000000000000e+03
2.193000000000000000e+03 3.880000000000000000e+03
2.181000000000000000e+03 3.856000000000000000e+03
2.154000000000000000e+03 3.899000000000000000e+03
2.149000000000000000e+03 3.795000000000000000e+03
2.258000000000000000e+03 3.893000000000000000e+03
1.927000000000000000e+03 3.897000000000000000e+03
1.941000000000000000e+03 3.784000000000000000e+03
1.956000000000000000e+03 3.841000000000000000e+03
1.976000000000000000e+03 3.831000000000000000e+03
1.990000000000000000e+03 3.785000000000000000e+03
1.900000000000000000e+03 3.820000000000000000e+03
1.912000000000000000e+03 3.790000000000000000e+03
2.042000000000000000e+03 3.899000000000000000e+03
2.007000000000000000e+03 3.886000000000000000e+03
2.049000000000000000e+03 3.938000000000000000e+03
2.018000000000000000e+03 3.949000000000000000e+03
2.036000000000000000e+03 3.817000000000000000e+03
1.960000000000000000e+03 3.916000000000000000e+03
2.020000000000000000e+03 3.823000000000000000e+03
2.060000000000000000e+03 3.849000000000000000e+03
2.210000000000000000e+03 3.962000000000000000e+03
2.132000000000000000e+03 3.964000000000000000e+03
1.924000000000000000e+03 3.972000000000000000e+03
2.130000000000000000e+03 3.973000000000000000e+03
2.258000000000000000e+03 3.891000000000000000e+03
2.481000000000000000e+03 3.837000000000000000e+03
2.121000000000000000e+03 3.932000000000000000e+03
2.282000000000000000e+03 3.951000000000000000e+03
2.171000000000000000e+03 3.782000000000000000e+03
2.171000000000000000e+03 3.772000000000000000e+03
2.130000000000000000e+03 3.771000000000000000e+03
2.042000000000000000e+03 3.827000000000000000e+03
2.330000000000000000e+03 3.723000000000000000e+03
2.090000000000000000e+03 3.754000000000000000e+03
2.069000000000000000e+03 3.758000000000000000e+03
2.204000000000000000e+03 3.831000000000000000e+03
2.193000000000000000e+03 3.875000000000000000e+03
2.189000000000000000e+03 3.814000000000000000e+03
2.196000000000000000e+03 3.762000000000000000e+03
2.129000000000000000e+03 3.787000000000000000e+03
2.151000000000000000e+03 3.817000000000000000e+03
2.097000000000000000e+03 3.909000000000000000e+03
2.095000000000000000e+03 3.803000000000000000e+03
2.382000000000000000e+03 3.911000000000000000e+03
2.410000000000000000e+03 3.934000000000000000e+03
2.327000000000000000e+03 3.924000000000000000e+03
2.260000000000000000e+03 3.957000000000000000e+03
2.319000000000000000e+03 3.873000000000000000e+03
2.234000000000000000e+03 3.941000000000000000e+03
2.282000000000000000e+03 3.821000000000000000e+03
2.308000000000000000e+03 3.826000000000000000e+03
2.327000000000000000e+03 3.950000000000000000e+03
2.470000000000000000e+03 3.829000000000000000e+03
2.399000000000000000e+03 3.977000000000000000e+03
2.352000000000000000e+03 3.971000000000000000e+03
2.295000000000000000e+03 3.828000000000000000e+03
2.502000000000000000e+03 3.728000000000000000e+03
2.235000000000000000e+03 3.784000000000000000e+03
2.503000000000000000e+03 3.699000000000000000e+03
3.892000000000000000e+03 2.513000000000000000e+03
3.860000000000000000e+03 2.490000000000000000e+03
3.857000000000000000e+03 2.500000000000000000e+03
3.756000000000000000e+03 2.747000000000000000e+03
3.929000000000000000e+03 2.664000000000000000e+03
3.938000000000000000e+03 2.522000000000000000e+03
3.926000000000000000e+03 2.516000000000000000e+03
3.616000000000000000e+03 2.627000000000000000e+03
3.647000000000000000e+03 2.564000000000000000e+03
3.486000000000000000e+03 2.824000000000000000e+03
3.909000000000000000e+03 2.306000000000000000e+03
3.538000000000000000e+03 2.727000000000000000e+03
3.544000000000000000e+03 2.758000000000000000e+03
3.508000000000000000e+03 2.708000000000000000e+03
3.525000000000000000e+03 2.703000000000000000e+03
3.254000000000000000e+03 3.030000000000000000e+03
3.840000000000000000e+03 2.575000000000000000e+03
3.897000000000000000e+03 2.481000000000000000e+03
3.436000000000000000e+03 2.881000000000000000e+03
3.068000000000000000e+03 3.033000000000000000e+03
3.212000000000000000e+03 3.055000000000000000e+03
3.097000000000000000e+03 2.934000000000000000e+03
2.918000000000000000e+03 3.059000000000000000e+03
3.534000000000000000e+03 2.872000000000000000e+03
3.807000000000000000e+03 2.724000000000000000e+03
3.489000000000000000e+03 2.962000000000000000e+03
3.596000000000000000e+03 2.846000000000000000e+03
3.896000000000000000e+03 2.392000000000000000e+03
3.932000000000000000e+03 2.377000000000000000e+03
3.505000000000000000e+03 2.855000000000000000e+03
3.706000000000000000e+03 2.627000000000000000e+03
2.607000000000000000e+03 3.984000000000000000e+03
2.716000000000000000e+03 3.949000000000000000e+03
2.703000000000000000e+03 3.963000000000000000e+03
2.701000000000000000e+03 3.980000000000000000e+03
2.646000000000000000e+03 3.929000000000000000e+03
2.540000000000000000e+03 3.924000000000000000e+03
2.504000000000000000e+03 3.915000000000000000e+03
2.611000000000000000e+03 3.936000000000000000e+03
3.303000000000000000e+03 3.270000000000000000e+03
3.231000000000000000e+03 3.233000000000000000e+03
2.762000000000000000e+03 3.895000000000000000e+03
2.693000000000000000e+03 3.892000000000000000e+03
2.467000000000000000e+03 3.826000000000000000e+03
2.516000000000000000e+03 3.502000000000000000e+03
2.471000000000000000e+03 3.940000000000000000e+03
2.470000000000000000e+03 3.966000000000000000e+03
3.635000000000000000e+03 3.151000000000000000e+03
3.663000000000000000e+03 3.078000000000000000e+03
3.599000000000000000e+03 3.095000000000000000e+03
3.255000000000000000e+03 3.633000000000000000e+03
3.483000000000000000e+03 3.119000000000000000e+03
3.504000000000000000e+03 3.233000000000000000e+03
2.832000000000000000e+03 3.899000000000000000e+03
3.410000000000000000e+03 3.156000000000000000e+03
2.910000000000000000e+03 3.922000000000000000e+03
2.949000000000000000e+03 3.894000000000000000e+03
3.003000000000000000e+03 3.904000000000000000e+03
3.333000000000000000e+03 3.409000000000000000e+03
2.761000000000000000e+03 3.816000000000000000e+03
2.860000000000000000e+03 3.939000000000000000e+03
2.817000000000000000e+03 3.941000000000000000e+03
2.606000000000000000e+03 3.976000000000000000e+03
4.930000000000000000e+02 2.499000000000000000e+03
2.460000000000000000e+02 2.347000000000000000e+03
2.560000000000000000e+02 2.356000000000000000e+03
1.456000000000000000e+03 2.865000000000000000e+03
2.590000000000000000e+02 2.331000000000000000e+03
5.880000000000000000e+02 2.277000000000000000e+03
3.190000000000000000e+02 2.290000000000000000e+03
8.570000000000000000e+02 3.178000000000000000e+03
6.750000000000000000e+02 2.921000000000000000e+03
8.970000000000000000e+02 3.222000000000000000e+03
1.192000000000000000e+03 3.597000000000000000e+03
1.344000000000000000e+03 3.921000000000000000e+03
1.409000000000000000e+03 3.684000000000000000e+03
1.347000000000000000e+03 3.883000000000000000e+03
1.358000000000000000e+03 3.909000000000000000e+03
3.970000000000000000e+02 2.309000000000000000e+03
3.830000000000000000e+02 2.322000000000000000e+03
9.670000000000000000e+02 2.859000000000000000e+03
4.240000000000000000e+02 2.306000000000000000e+03
3.770000000000000000e+02 2.381000000000000000e+03
3.560000000000000000e+02 2.395000000000000000e+03
3.900000000000000000e+02 2.358000000000000000e+03
3.680000000000000000e+02 2.343000000000000000e+03
4.460000000000000000e+02 2.246000000000000000e+03
1.820000000000000000e+02 2.557000000000000000e+03
7.640000000000000000e+02 2.228000000000000000e+03
1.089000000000000000e+03 2.237000000000000000e+03
2.420000000000000000e+02 2.402000000000000000e+03
2.480000000000000000e+02 2.389000000000000000e+03
4.560000000000000000e+02 2.649000000000000000e+03
5.230000000000000000e+02 2.486000000000000000e+03
4.240000000000000000e+02 1.726000000000000000e+03
3.130000000000000000e+02 1.576000000000000000e+03
3.280000000000000000e+02 1.495000000000000000e+03
1.172000000000000000e+03 2.222000000000000000e+03
1.211000000000000000e+03 2.221000000000000000e+03
1.251000000000000000e+03 2.235000000000000000e+03
1.280000000000000000e+03 2.224000000000000000e+03
2.680000000000000000e+02 1.602000000000000000e+03
3.060000000000000000e+02 1.570000000000000000e+03
3.080000000000000000e+02 1.554000000000000000e+03
3.080000000000000000e+02 1.585000000000000000e+03
2.380000000000000000e+02 1.590000000000000000e+03
2.330000000000000000e+02 1.513000000000000000e+03
2.660000000000000000e+02 1.510000000000000000e+03
2.970000000000000000e+02 1.509000000000000000e+03
2.990000000000000000e+02 1.917000000000000000e+03
4.170000000000000000e+02 2.040000000000000000e+03
3.000000000000000000e+02 2.032000000000000000e+03
1.174000000000000000e+03 2.138000000000000000e+03
2.590000000000000000e+02 2.217000000000000000e+03
3.010000000000000000e+02 2.131000000000000000e+03
3.010000000000000000e+02 2.059000000000000000e+03
2.320000000000000000e+02 2.118000000000000000e+03
1.410000000000000000e+02 2.257000000000000000e+03
1.400000000000000000e+02 2.231000000000000000e+03
3.150000000000000000e+02 1.909000000000000000e+03
3.330000000000000000e+02 1.831000000000000000e+03
3.470000000000000000e+02 2.225000000000000000e+03
1.530000000000000000e+02 2.199000000000000000e+03
2.110000000000000000e+02 2.322000000000000000e+03
1.730000000000000000e+02 2.362000000000000000e+03
1.000000000000000000e+02 2.684000000000000000e+03
1.250000000000000000e+02 2.486000000000000000e+03
7.600000000000000000e+01 2.534000000000000000e+03
8.500000000000000000e+01 2.610000000000000000e+03
8.500000000000000000e+01 2.616000000000000000e+03
1.010000000000000000e+02 2.658000000000000000e+03
8.300000000000000000e+01 2.655000000000000000e+03
2.350000000000000000e+02 2.414000000000000000e+03
2.430000000000000000e+02 2.373000000000000000e+03
1.630000000000000000e+02 2.346000000000000000e+03
1.650000000000000000e+02 2.362000000000000000e+03
1.390000000000000000e+02 2.331000000000000000e+03
1.090000000000000000e+02 2.307000000000000000e+03
8.800000000000000000e+01 2.320000000000000000e+03
8.100000000000000000e+01 2.370000000000000000e+03
9.100000000000000000e+01 2.553000000000000000e+03
1.380000000000000000e+02 2.428000000000000000e+03
1.160000000000000000e+02 2.423000000000000000e+03
9.800000000000000000e+01 2.473000000000000000e+03
1.690000000000000000e+02 2.452000000000000000e+03
1.030000000000000000e+02 2.529000000000000000e+03
1.550000000000000000e+02 2.413000000000000000e+03
1.930000000000000000e+02 2.384000000000000000e+03
1.222000000000000000e+03 3.838000000000000000e+03
1.281000000000000000e+03 3.880000000000000000e+03
1.152000000000000000e+03 3.783000000000000000e+03
1.228000000000000000e+03 3.820000000000000000e+03
3.660000000000000000e+02 2.658000000000000000e+03
5.420000000000000000e+02 2.604000000000000000e+03
5.640000000000000000e+02 3.370000000000000000e+03
4.670000000000000000e+02 2.940000000000000000e+03
1.940000000000000000e+03 3.444000000000000000e+03
1.954000000000000000e+03 3.429000000000000000e+03
1.941000000000000000e+03 3.391000000000000000e+03
1.885000000000000000e+03 3.393000000000000000e+03
1.560000000000000000e+02 2.684000000000000000e+03
2.230000000000000000e+02 2.698000000000000000e+03
1.986000000000000000e+03 3.578000000000000000e+03
1.680000000000000000e+03 3.398000000000000000e+03
1.892000000000000000e+03 3.328000000000000000e+03
1.916000000000000000e+03 3.370000000000000000e+03
2.570000000000000000e+02 2.769000000000000000e+03
2.430000000000000000e+02 2.551000000000000000e+03
1.964000000000000000e+03 3.268000000000000000e+03
1.953000000000000000e+03 3.326000000000000000e+03
1.903000000000000000e+03 3.270000000000000000e+03
1.907000000000000000e+03 3.306000000000000000e+03
1.983000000000000000e+03 3.791000000000000000e+03
2.083000000000000000e+03 3.484000000000000000e+03
2.121000000000000000e+03 3.528000000000000000e+03
2.126000000000000000e+03 3.492000000000000000e+03
2.060000000000000000e+03 3.592000000000000000e+03
2.047000000000000000e+03 3.539000000000000000e+03
2.088000000000000000e+03 3.416000000000000000e+03
2.056000000000000000e+03 3.485000000000000000e+03
1.959000000000000000e+03 3.568000000000000000e+03
1.824000000000000000e+03 3.405000000000000000e+03
1.979000000000000000e+03 3.432000000000000000e+03
2.029000000000000000e+03 3.496000000000000000e+03
2.030000000000000000e+03 3.714000000000000000e+03
2.064000000000000000e+03 3.664000000000000000e+03
2.079000000000000000e+03 3.637000000000000000e+03
2.046000000000000000e+03 3.576000000000000000e+03
9.500000000000000000e+01 2.872000000000000000e+03
6.400000000000000000e+01 2.925000000000000000e+03
5.630000000000000000e+02 3.212000000000000000e+03
8.900000000000000000e+01 2.923000000000000000e+03
9.200000000000000000e+01 2.918000000000000000e+03
1.440000000000000000e+02 2.916000000000000000e+03
1.200000000000000000e+02 2.924000000000000000e+03
1.480000000000000000e+02 3.358000000000000000e+03
1.560000000000000000e+02 3.257000000000000000e+03
7.800000000000000000e+01 2.752000000000000000e+03
8.700000000000000000e+01 3.258000000000000000e+03
8.100000000000000000e+01 3.397000000000000000e+03
1.190000000000000000e+02 3.375000000000000000e+03
1.070000000000000000e+02 3.344000000000000000e+03
1.490000000000000000e+02 3.391000000000000000e+03
9.000000000000000000e+01 3.201000000000000000e+03
1.070000000000000000e+02 3.200000000000000000e+03
1.300000000000000000e+02 3.322000000000000000e+03
1.070000000000000000e+02 3.342000000000000000e+03
1.360000000000000000e+02 3.282000000000000000e+03
7.500000000000000000e+01 3.186000000000000000e+03
9.900000000000000000e+01 2.864000000000000000e+03
1.090000000000000000e+02 2.911000000000000000e+03
3.840000000000000000e+02 3.512000000000000000e+03
3.280000000000000000e+02 3.363000000000000000e+03
1.400000000000000000e+02 2.930000000000000000e+03
3.870000000000000000e+02 3.287000000000000000e+03
7.960000000000000000e+02 3.792000000000000000e+03
7.150000000000000000e+02 3.680000000000000000e+03
6.540000000000000000e+02 3.650000000000000000e+03
6.620000000000000000e+02 3.732000000000000000e+03
1.535000000000000000e+03 2.285000000000000000e+03
5.150000000000000000e+02 2.628000000000000000e+03
4.780000000000000000e+02 2.998000000000000000e+03
6.760000000000000000e+02 2.834000000000000000e+03
2.170000000000000000e+03 2.449000000000000000e+03
1.000000000000000000e+03 2.622000000000000000e+03
2.470000000000000000e+02 2.657000000000000000e+03
1.490000000000000000e+02 3.044000000000000000e+03
1.480000000000000000e+02 3.113000000000000000e+03
1.330000000000000000e+02 3.036000000000000000e+03
1.180000000000000000e+02 3.067000000000000000e+03
1.280000000000000000e+02 3.161000000000000000e+03
1.290000000000000000e+02 3.125000000000000000e+03
8.200000000000000000e+01 3.136000000000000000e+03
9.100000000000000000e+01 3.119000000000000000e+03
1.724000000000000000e+03 3.882000000000000000e+03
1.701000000000000000e+03 3.889000000000000000e+03
1.697000000000000000e+03 3.931000000000000000e+03
1.679000000000000000e+03 3.883000000000000000e+03
1.814000000000000000e+03 3.872000000000000000e+03
1.607000000000000000e+03 3.064000000000000000e+03
1.743000000000000000e+03 3.880000000000000000e+03
1.761000000000000000e+03 3.875000000000000000e+03
1.746000000000000000e+03 3.966000000000000000e+03
1.767000000000000000e+03 3.961000000000000000e+03
1.796000000000000000e+03 3.961000000000000000e+03
1.810000000000000000e+03 3.963000000000000000e+03
1.833000000000000000e+03 3.885000000000000000e+03
1.859000000000000000e+03 3.910000000000000000e+03
1.863000000000000000e+03 3.955000000000000000e+03
1.849000000000000000e+03 3.968000000000000000e+03
1.971000000000000000e+03 3.581000000000000000e+03
1.946000000000000000e+03 3.747000000000000000e+03
1.836000000000000000e+03 3.521000000000000000e+03
1.370000000000000000e+03 3.496000000000000000e+03
1.759000000000000000e+03 3.633000000000000000e+03
1.854000000000000000e+03 3.754000000000000000e+03
1.848000000000000000e+03 3.787000000000000000e+03
2.108000000000000000e+03 3.467000000000000000e+03
1.981000000000000000e+03 3.687000000000000000e+03
1.981000000000000000e+03 3.606000000000000000e+03
2.092000000000000000e+03 3.481000000000000000e+03
2.035000000000000000e+03 3.345000000000000000e+03
1.954000000000000000e+03 3.553000000000000000e+03
1.867000000000000000e+03 3.372000000000000000e+03
1.998000000000000000e+03 3.540000000000000000e+03
1.702000000000000000e+03 3.765000000000000000e+03
1.614000000000000000e+03 3.721000000000000000e+03
1.535000000000000000e+03 3.726000000000000000e+03
1.593000000000000000e+03 3.659000000000000000e+03
1.697000000000000000e+03 3.806000000000000000e+03
1.727000000000000000e+03 3.812000000000000000e+03
1.687000000000000000e+03 3.804000000000000000e+03
1.503000000000000000e+03 3.402000000000000000e+03
1.929000000000000000e+03 3.676000000000000000e+03
1.825000000000000000e+03 3.618000000000000000e+03
1.892000000000000000e+03 3.684000000000000000e+03
1.864000000000000000e+03 3.610000000000000000e+03
1.900000000000000000e+03 3.604000000000000000e+03
1.872000000000000000e+03 3.582000000000000000e+03
1.886000000000000000e+03 3.561000000000000000e+03
1.901000000000000000e+03 3.545000000000000000e+03
1.403000000000000000e+03 3.884000000000000000e+03
1.424000000000000000e+03 3.919000000000000000e+03
1.612000000000000000e+03 3.823000000000000000e+03
1.380000000000000000e+03 3.681000000000000000e+03
1.472000000000000000e+03 3.907000000000000000e+03
1.507000000000000000e+03 3.917000000000000000e+03
1.334000000000000000e+03 3.739000000000000000e+03
1.451000000000000000e+03 3.913000000000000000e+03
1.689000000000000000e+03 3.840000000000000000e+03
1.697000000000000000e+03 3.803000000000000000e+03
1.583000000000000000e+03 3.782000000000000000e+03
1.545000000000000000e+03 3.797000000000000000e+03
1.477000000000000000e+03 3.794000000000000000e+03
1.402000000000000000e+03 3.778000000000000000e+03
1.425000000000000000e+03 3.825000000000000000e+03
1.503000000000000000e+03 3.841000000000000000e+03
1.643000000000000000e+03 3.852000000000000000e+03
1.587000000000000000e+03 3.810000000000000000e+03
1.533000000000000000e+03 3.841000000000000000e+03
1.604000000000000000e+03 3.865000000000000000e+03
1.625000000000000000e+03 3.807000000000000000e+03
1.728000000000000000e+03 3.839000000000000000e+03
1.867000000000000000e+03 3.921000000000000000e+03
1.795000000000000000e+03 3.856000000000000000e+03
1.550000000000000000e+03 3.905000000000000000e+03
1.638000000000000000e+03 3.904000000000000000e+03
1.526000000000000000e+03 3.912000000000000000e+03
1.544000000000000000e+03 3.864000000000000000e+03
1.597000000000000000e+03 3.912000000000000000e+03
1.670000000000000000e+03 3.935000000000000000e+03
1.628000000000000000e+03 3.901000000000000000e+03
1.699000000000000000e+03 3.921000000000000000e+03
3.883000000000000000e+03 7.430000000000000000e+02
3.868000000000000000e+03 6.700000000000000000e+02
3.918000000000000000e+03 7.890000000000000000e+02
3.799000000000000000e+03 4.220000000000000000e+02
3.783000000000000000e+03 2.730000000000000000e+02
3.888000000000000000e+03 3.120000000000000000e+02
3.881000000000000000e+03 3.510000000000000000e+02
3.774000000000000000e+03 4.800000000000000000e+02
3.794000000000000000e+03 5.030000000000000000e+02
3.781000000000000000e+03 4.150000000000000000e+02
3.795000000000000000e+03 3.220000000000000000e+02
3.785000000000000000e+03 3.910000000000000000e+02
3.811000000000000000e+03 5.410000000000000000e+02
3.773000000000000000e+03 5.420000000000000000e+02
3.820000000000000000e+03 6.420000000000000000e+02
3.833000000000000000e+03 4.050000000000000000e+02
3.897000000000000000e+03 5.800000000000000000e+02
3.860000000000000000e+03 4.640000000000000000e+02
3.928000000000000000e+03 7.050000000000000000e+02
3.866000000000000000e+03 5.830000000000000000e+02
3.899000000000000000e+03 4.730000000000000000e+02
3.893000000000000000e+03 5.320000000000000000e+02
3.863000000000000000e+03 5.090000000000000000e+02
3.960000000000000000e+03 4.010000000000000000e+02
3.952000000000000000e+03 3.860000000000000000e+02
3.955000000000000000e+03 5.470000000000000000e+02
3.963000000000000000e+03 5.030000000000000000e+02
3.939000000000000000e+03 4.150000000000000000e+02
3.925000000000000000e+03 3.640000000000000000e+02
3.880000000000000000e+03 3.590000000000000000e+02
3.841000000000000000e+03 3.380000000000000000e+02
3.940000000000000000e+03 1.003000000000000000e+03
3.965000000000000000e+03 9.290000000000000000e+02
3.937000000000000000e+03 9.260000000000000000e+02
3.919000000000000000e+03 8.360000000000000000e+02
3.951000000000000000e+03 8.250000000000000000e+02
3.972000000000000000e+03 9.050000000000000000e+02
3.954000000000000000e+03 8.990000000000000000e+02
3.875000000000000000e+03 1.099000000000000000e+03
3.873000000000000000e+03 1.155000000000000000e+03
3.870000000000000000e+03 1.192000000000000000e+03
3.833000000000000000e+03 1.209000000000000000e+03
3.771000000000000000e+03 1.115000000000000000e+03
3.905000000000000000e+03 1.066000000000000000e+03
3.825000000000000000e+03 1.122000000000000000e+03
3.769000000000000000e+03 1.170000000000000000e+03
3.682000000000000000e+03 9.360000000000000000e+02
3.903000000000000000e+03 9.030000000000000000e+02
3.737000000000000000e+03 1.031000000000000000e+03
3.873000000000000000e+03 9.510000000000000000e+02
3.870000000000000000e+03 8.900000000000000000e+02
3.831000000000000000e+03 8.660000000000000000e+02
3.734000000000000000e+03 8.410000000000000000e+02
3.719000000000000000e+03 1.062000000000000000e+03
3.756000000000000000e+03 9.850000000000000000e+02
3.752000000000000000e+03 9.450000000000000000e+02
3.775000000000000000e+03 9.110000000000000000e+02
3.805000000000000000e+03 9.500000000000000000e+02
3.729000000000000000e+03 1.003000000000000000e+03
3.757000000000000000e+03 1.039000000000000000e+03
3.873000000000000000e+03 1.033000000000000000e+03
3.840000000000000000e+03 1.073000000000000000e+03
3.874000000000000000e+03 1.008000000000000000e+03
3.834000000000000000e+03 9.780000000000000000e+02
3.920000000000000000e+03 9.900000000000000000e+02
3.659000000000000000e+03 1.126000000000000000e+03
3.660000000000000000e+03 1.110000000000000000e+03
3.653000000000000000e+03 1.149000000000000000e+03
3.677000000000000000e+03 1.119000000000000000e+03
3.699000000000000000e+03 1.107000000000000000e+03
3.565000000000000000e+03 1.174000000000000000e+03
3.780000000000000000e+03 1.117000000000000000e+03
3.693000000000000000e+03 8.650000000000000000e+02
3.583000000000000000e+03 1.049000000000000000e+03
3.618000000000000000e+03 1.063000000000000000e+03
3.587000000000000000e+03 1.056000000000000000e+03
3.584000000000000000e+03 1.100000000000000000e+03
3.807000000000000000e+03 1.270000000000000000e+03
3.638000000000000000e+03 1.303000000000000000e+03
3.691000000000000000e+03 1.305000000000000000e+03
3.693000000000000000e+03 1.274000000000000000e+03
3.615000000000000000e+03 1.226000000000000000e+03
3.688000000000000000e+03 1.250000000000000000e+03
3.843000000000000000e+03 1.045000000000000000e+03
3.668000000000000000e+03 1.223000000000000000e+03
3.592000000000000000e+03 1.218000000000000000e+03
3.615000000000000000e+03 1.269000000000000000e+03
3.758000000000000000e+03 1.188000000000000000e+03
3.727000000000000000e+03 1.147000000000000000e+03
3.781000000000000000e+03 1.174000000000000000e+03
3.412000000000000000e+03 1.157000000000000000e+03
3.811000000000000000e+03 1.152000000000000000e+03
3.840000000000000000e+03 1.540000000000000000e+03
1.837000000000000000e+03 1.114000000000000000e+03
3.213000000000000000e+03 1.106000000000000000e+03
9.790000000000000000e+02 1.126000000000000000e+03
1.048000000000000000e+03 1.128000000000000000e+03
3.287000000000000000e+03 1.092000000000000000e+03
3.314000000000000000e+03 1.071000000000000000e+03
2.948000000000000000e+03 1.035000000000000000e+03
3.258000000000000000e+03 1.038000000000000000e+03
1.761000000000000000e+03 1.089000000000000000e+03
3.158000000000000000e+03 1.079000000000000000e+03
3.162000000000000000e+03 1.069000000000000000e+03
2.722000000000000000e+03 1.119000000000000000e+03
1.941000000000000000e+03 1.108000000000000000e+03
9.630000000000000000e+02 1.110000000000000000e+03
2.729000000000000000e+03 8.490000000000000000e+02
3.093000000000000000e+03 1.040000000000000000e+03
3.154000000000000000e+03 1.212000000000000000e+03
2.070000000000000000e+03 1.144000000000000000e+03
3.313000000000000000e+03 1.138000000000000000e+03
3.499000000000000000e+03 1.090000000000000000e+03
2.658000000000000000e+03 1.144000000000000000e+03
3.391000000000000000e+03 1.109000000000000000e+03
3.419000000000000000e+03 1.080000000000000000e+03
2.649000000000000000e+03 1.095000000000000000e+03
3.496000000000000000e+03 1.069000000000000000e+03
3.527000000000000000e+03 1.079000000000000000e+03
3.728000000000000000e+03 1.054000000000000000e+03
3.726000000000000000e+03 1.079000000000000000e+03
3.496000000000000000e+03 1.041000000000000000e+03
3.424000000000000000e+03 1.089000000000000000e+03
3.480000000000000000e+03 1.080000000000000000e+03
3.510000000000000000e+03 1.073000000000000000e+03
3.965000000000000000e+03 5.050000000000000000e+02
3.976000000000000000e+03 4.810000000000000000e+02
3.988000000000000000e+03 5.750000000000000000e+02
3.958000000000000000e+03 5.940000000000000000e+02
3.951000000000000000e+03 6.290000000000000000e+02
3.889000000000000000e+03 2.500000000000000000e+02
3.941000000000000000e+03 5.320000000000000000e+02
3.950000000000000000e+03 2.180000000000000000e+02
3.941000000000000000e+03 2.470000000000000000e+02
3.979000000000000000e+03 2.200000000000000000e+02
3.972000000000000000e+03 2.840000000000000000e+02
3.937000000000000000e+03 4.230000000000000000e+02
3.966000000000000000e+03 5.700000000000000000e+02
3.905000000000000000e+03 2.000000000000000000e+02
3.959000000000000000e+03 5.380000000000000000e+02
3.765000000000000000e+03 2.230000000000000000e+02
3.739000000000000000e+03 1.970000000000000000e+02
3.855000000000000000e+03 2.210000000000000000e+02
3.816000000000000000e+03 2.240000000000000000e+02
3.791000000000000000e+03 1.970000000000000000e+02
3.929000000000000000e+03 3.510000000000000000e+02
3.858000000000000000e+03 2.310000000000000000e+02
3.931000000000000000e+03 5.530000000000000000e+02
3.933000000000000000e+03 7.590000000000000000e+02
3.884000000000000000e+03 7.050000000000000000e+02
3.771000000000000000e+03 4.160000000000000000e+02
3.867000000000000000e+03 6.580000000000000000e+02
3.921000000000000000e+03 6.400000000000000000e+02
3.913000000000000000e+03 6.120000000000000000e+02
3.853000000000000000e+03 5.790000000000000000e+02
3.869000000000000000e+03 7.020000000000000000e+02
7.150000000000000000e+02 1.082000000000000000e+03
1.659000000000000000e+03 8.250000000000000000e+02
5.450000000000000000e+02 1.120000000000000000e+03
6.790000000000000000e+02 1.100000000000000000e+03
6.680000000000000000e+02 1.095000000000000000e+03
7.480000000000000000e+02 1.077000000000000000e+03
7.120000000000000000e+02 1.043000000000000000e+03
8.820000000000000000e+02 1.067000000000000000e+03
4.420000000000000000e+02 1.161000000000000000e+03
8.430000000000000000e+02 1.077000000000000000e+03
2.330000000000000000e+02 1.085000000000000000e+03
8.080000000000000000e+02 1.104000000000000000e+03
1.930000000000000000e+02 1.189000000000000000e+03
8.020000000000000000e+02 1.039000000000000000e+03
7.710000000000000000e+02 1.063000000000000000e+03
6.690000000000000000e+02 1.094000000000000000e+03
3.947000000000000000e+03 6.870000000000000000e+02
1.650000000000000000e+02 1.067000000000000000e+03
1.560000000000000000e+02 1.040000000000000000e+03
2.220000000000000000e+02 1.090000000000000000e+03
2.250000000000000000e+02 1.046000000000000000e+03
5.140000000000000000e+02 1.004000000000000000e+03
2.100000000000000000e+02 1.077000000000000000e+03
2.440000000000000000e+02 1.050000000000000000e+03
2.900000000000000000e+02 1.041000000000000000e+03
2.490000000000000000e+02 1.079000000000000000e+03
2.580000000000000000e+02 1.124000000000000000e+03
2.390000000000000000e+02 1.205000000000000000e+03
2.380000000000000000e+02 1.159000000000000000e+03
2.180000000000000000e+02 1.340000000000000000e+03
1.700000000000000000e+02 1.152000000000000000e+03
8.800000000000000000e+02 4.490000000000000000e+02
1.260000000000000000e+02 4.950000000000000000e+02
1.250000000000000000e+02 4.730000000000000000e+02
1.200000000000000000e+02 4.220000000000000000e+02
9.200000000000000000e+01 4.070000000000000000e+02
8.900000000000000000e+01 4.410000000000000000e+02
7.600000000000000000e+01 5.000000000000000000e+02
7.230000000000000000e+02 7.150000000000000000e+02
8.400000000000000000e+01 6.070000000000000000e+02
7.400000000000000000e+01 7.020000000000000000e+02
1.000000000000000000e+03 4.480000000000000000e+02
3.612000000000000000e+03 5.000000000000000000e+01
3.583000000000000000e+03 6.300000000000000000e+01
3.558000000000000000e+03 2.120000000000000000e+02
3.668000000000000000e+03 2.920000000000000000e+02
3.795000000000000000e+03 8.080000000000000000e+02
3.732000000000000000e+03 6.490000000000000000e+02
3.734000000000000000e+03 4.270000000000000000e+02
3.671000000000000000e+03 3.220000000000000000e+02
3.789000000000000000e+03 6.580000000000000000e+02
3.824000000000000000e+03 6.870000000000000000e+02
3.889000000000000000e+03 9.520000000000000000e+02
3.796000000000000000e+03 5.990000000000000000e+02
3.860000000000000000e+03 8.230000000000000000e+02
3.587000000000000000e+03 1.000000000000000000e+03
3.812000000000000000e+03 8.020000000000000000e+02
3.786000000000000000e+03 7.850000000000000000e+02
3.756000000000000000e+03 7.450000000000000000e+02
3.785000000000000000e+03 7.440000000000000000e+02
3.753000000000000000e+03 6.710000000000000000e+02
3.381000000000000000e+03 3.790000000000000000e+02
2.680000000000000000e+02 1.068000000000000000e+03
9.410000000000000000e+02 1.056000000000000000e+03
1.780000000000000000e+02 5.990000000000000000e+02
3.180000000000000000e+02 8.360000000000000000e+02
1.068000000000000000e+03 1.035000000000000000e+03
1.020000000000000000e+03 1.064000000000000000e+03
3.841000000000000000e+03 9.250000000000000000e+02
9.390000000000000000e+02 1.035000000000000000e+03
2.609000000000000000e+03 1.250000000000000000e+02
3.730000000000000000e+02 6.970000000000000000e+02
8.490000000000000000e+02 7.050000000000000000e+02
3.062000000000000000e+03 9.050000000000000000e+02
2.116000000000000000e+03 3.710000000000000000e+02
1.568000000000000000e+03 4.290000000000000000e+02
2.708000000000000000e+03 5.630000000000000000e+02
1.895000000000000000e+03 3.090000000000000000e+02
2.570000000000000000e+02 3.940000000000000000e+02
1.620000000000000000e+02 4.800000000000000000e+02
1.830000000000000000e+02 6.060000000000000000e+02
2.170000000000000000e+02 3.330000000000000000e+02
2.540000000000000000e+02 2.460000000000000000e+02
4.070000000000000000e+02 1.790000000000000000e+02
2.490000000000000000e+02 2.110000000000000000e+02
1.740000000000000000e+02 4.200000000000000000e+02
1.910000000000000000e+02 6.540000000000000000e+02
1.530000000000000000e+02 7.470000000000000000e+02
3.150000000000000000e+02 1.140000000000000000e+02
3.810000000000000000e+02 1.340000000000000000e+02
1.330000000000000000e+02 5.980000000000000000e+02
3.650000000000000000e+02 3.860000000000000000e+02
9.400000000000000000e+01 7.610000000000000000e+02
2.640000000000000000e+02 3.290000000000000000e+02
9.000000000000000000e+01 1.249000000000000000e+03
9.900000000000000000e+01 1.370000000000000000e+03
7.700000000000000000e+01 1.362000000000000000e+03
1.440000000000000000e+02 1.391000000000000000e+03
1.120000000000000000e+02 1.413000000000000000e+03
1.910000000000000000e+02 1.401000000000000000e+03
5.030000000000000000e+02 8.510000000000000000e+02
3.530000000000000000e+02 1.353000000000000000e+03
4.490000000000000000e+02 1.346000000000000000e+03
2.440000000000000000e+02 1.422000000000000000e+03
2.790000000000000000e+02 1.457000000000000000e+03
1.770000000000000000e+02 1.358000000000000000e+03
2.980000000000000000e+02 1.405000000000000000e+03
2.610000000000000000e+02 1.360000000000000000e+03
1.980000000000000000e+02 1.354000000000000000e+03
2.818000000000000000e+03 1.239000000000000000e+03
2.727000000000000000e+03 1.262000000000000000e+03
2.847000000000000000e+03 1.322000000000000000e+03
2.559000000000000000e+03 1.496000000000000000e+03
2.557000000000000000e+03 1.503000000000000000e+03
2.702000000000000000e+03 1.597000000000000000e+03
2.385000000000000000e+03 1.499000000000000000e+03
2.415000000000000000e+03 1.496000000000000000e+03
9.500000000000000000e+01 1.295000000000000000e+03
3.740000000000000000e+02 1.355000000000000000e+03
1.111000000000000000e+03 1.209000000000000000e+03
3.470000000000000000e+02 1.388000000000000000e+03
2.558000000000000000e+03 1.495000000000000000e+03
2.261000000000000000e+03 1.476000000000000000e+03
2.224000000000000000e+03 1.371000000000000000e+03
2.049000000000000000e+03 1.371000000000000000e+03
3.548000000000000000e+03 1.812000000000000000e+03
3.935000000000000000e+03 1.939000000000000000e+03
3.924000000000000000e+03 1.872000000000000000e+03
3.969000000000000000e+03 2.074000000000000000e+03
3.979000000000000000e+03 2.043000000000000000e+03
3.938000000000000000e+03 1.987000000000000000e+03
3.929000000000000000e+03 2.116000000000000000e+03
3.871000000000000000e+03 2.200000000000000000e+03
3.911000000000000000e+03 2.192000000000000000e+03
3.943000000000000000e+03 2.183000000000000000e+03
3.907000000000000000e+03 2.180000000000000000e+03
3.925000000000000000e+03 2.123000000000000000e+03
3.878000000000000000e+03 2.149000000000000000e+03
3.935000000000000000e+03 1.948000000000000000e+03
3.918000000000000000e+03 2.077000000000000000e+03
3.953000000000000000e+03 1.187000000000000000e+03
3.931000000000000000e+03 1.155000000000000000e+03
3.926000000000000000e+03 1.490000000000000000e+03
3.923000000000000000e+03 1.406000000000000000e+03
3.974000000000000000e+03 1.061000000000000000e+03
3.965000000000000000e+03 1.050000000000000000e+03
3.964000000000000000e+03 1.128000000000000000e+03
3.963000000000000000e+03 1.095000000000000000e+03
3.896000000000000000e+03 1.299000000000000000e+03
3.900000000000000000e+03 1.322000000000000000e+03
3.899000000000000000e+03 1.275000000000000000e+03
3.875000000000000000e+03 1.229000000000000000e+03
3.908000000000000000e+03 1.446000000000000000e+03
3.815000000000000000e+03 1.515000000000000000e+03
3.933000000000000000e+03 1.552000000000000000e+03
3.928000000000000000e+03 1.479000000000000000e+03
2.970000000000000000e+02 1.310000000000000000e+03
9.600000000000000000e+01 1.484000000000000000e+03
8.500000000000000000e+01 1.467000000000000000e+03
1.530000000000000000e+02 1.295000000000000000e+03
4.430000000000000000e+02 1.381000000000000000e+03
1.340000000000000000e+02 1.446000000000000000e+03
1.380000000000000000e+02 1.429000000000000000e+03
8.700000000000000000e+01 1.583000000000000000e+03
9.500000000000000000e+01 1.518000000000000000e+03
1.390000000000000000e+02 1.493000000000000000e+03
1.490000000000000000e+02 1.339000000000000000e+03
8.300000000000000000e+01 1.089000000000000000e+03
1.670000000000000000e+02 1.423000000000000000e+03
1.860000000000000000e+02 1.291000000000000000e+03
1.810000000000000000e+02 1.390000000000000000e+03
1.170000000000000000e+02 9.450000000000000000e+02
1.250000000000000000e+02 8.210000000000000000e+02
8.100000000000000000e+01 8.830000000000000000e+02
8.100000000000000000e+01 8.370000000000000000e+02
2.040000000000000000e+02 7.760000000000000000e+02
5.520000000000000000e+02 9.680000000000000000e+02
1.660000000000000000e+02 1.192000000000000000e+03
1.900000000000000000e+02 1.168000000000000000e+03
1.000000000000000000e+02 7.300000000000000000e+02
9.170000000000000000e+02 8.040000000000000000e+02
1.550000000000000000e+02 7.200000000000000000e+02
4.200000000000000000e+02 7.480000000000000000e+02
1.820000000000000000e+02 7.480000000000000000e+02
1.820000000000000000e+02 7.530000000000000000e+02
1.370000000000000000e+02 8.590000000000000000e+02
9.500000000000000000e+01 8.990000000000000000e+02
2.890000000000000000e+02 1.020000000000000000e+03
4.890000000000000000e+02 1.048000000000000000e+03
1.190000000000000000e+02 9.320000000000000000e+02
1.320000000000000000e+02 9.060000000000000000e+02
9.000000000000000000e+01 1.196000000000000000e+03
1.110000000000000000e+02 1.159000000000000000e+03
1.020000000000000000e+02 1.048000000000000000e+03
9.600000000000000000e+01 1.052000000000000000e+03
3.530000000000000000e+02 1.197000000000000000e+03
2.840000000000000000e+02 1.233000000000000000e+03
3.380000000000000000e+02 1.139000000000000000e+03
3.570000000000000000e+02 1.133000000000000000e+03
7.210000000000000000e+02 1.299000000000000000e+03
2.820000000000000000e+02 1.403000000000000000e+03
2.970000000000000000e+02 1.261000000000000000e+03
2.830000000000000000e+02 1.264000000000000000e+03
1.370000000000000000e+02 1.207000000000000000e+03
4.390000000000000000e+02 1.123000000000000000e+03
6.410000000000000000e+02 1.075000000000000000e+03
6.830000000000000000e+02 1.034000000000000000e+03
3.560000000000000000e+02 1.049000000000000000e+03
5.270000000000000000e+02 1.048000000000000000e+03
5.450000000000000000e+02 9.500000000000000000e+02
3.120000000000000000e+02 1.020000000000000000e+03
1.470000000000000000e+02 1.233000000000000000e+03
2.210000000000000000e+02 1.289000000000000000e+03
1.780000000000000000e+02 8.910000000000000000e+02
3.830000000000000000e+02 9.990000000000000000e+02
5.670000000000000000e+02 1.097000000000000000e+03
5.230000000000000000e+02 1.104000000000000000e+03
6.630000000000000000e+02 1.095000000000000000e+03
4.940000000000000000e+02 1.052000000000000000e+03
2.146000000000000000e+03 1.437000000000000000e+03
1.727000000000000000e+03 2.551000000000000000e+03
1.714000000000000000e+03 2.810000000000000000e+03
1.576000000000000000e+03 3.054000000000000000e+03
1.895000000000000000e+03 2.920000000000000000e+03
1.894000000000000000e+03 2.800000000000000000e+03
1.880000000000000000e+03 2.867000000000000000e+03
6.690000000000000000e+02 2.619000000000000000e+03
1.968000000000000000e+03 2.853000000000000000e+03
1.923000000000000000e+03 2.887000000000000000e+03
1.878000000000000000e+03 3.048000000000000000e+03
1.286000000000000000e+03 2.662000000000000000e+03
1.879000000000000000e+03 2.706000000000000000e+03
1.907000000000000000e+03 2.763000000000000000e+03
1.744000000000000000e+03 2.712000000000000000e+03
1.756000000000000000e+03 3.052000000000000000e+03
1.846000000000000000e+03 3.121000000000000000e+03
1.960000000000000000e+03 3.053000000000000000e+03
1.738000000000000000e+03 3.093000000000000000e+03
1.633000000000000000e+03 3.017000000000000000e+03
1.863000000000000000e+03 3.155000000000000000e+03
1.794000000000000000e+03 2.947000000000000000e+03
1.808000000000000000e+03 3.035000000000000000e+03
1.927000000000000000e+03 3.116000000000000000e+03
1.963000000000000000e+03 3.221000000000000000e+03
1.737000000000000000e+03 2.986000000000000000e+03
1.927000000000000000e+03 3.084000000000000000e+03
1.913000000000000000e+03 3.319000000000000000e+03
1.887000000000000000e+03 3.007000000000000000e+03
1.908000000000000000e+03 3.107000000000000000e+03
1.865000000000000000e+03 3.083000000000000000e+03
3.917000000000000000e+03 2.018000000000000000e+03
3.880000000000000000e+03 1.570000000000000000e+03
3.972000000000000000e+03 1.991000000000000000e+03
3.803000000000000000e+03 2.012000000000000000e+03
3.778000000000000000e+03 1.347000000000000000e+03
2.371000000000000000e+03 1.856000000000000000e+03
2.777000000000000000e+03 1.757000000000000000e+03
2.644000000000000000e+03 2.142000000000000000e+03
3.353000000000000000e+03 1.871000000000000000e+03
2.583000000000000000e+03 2.090000000000000000e+03
3.545000000000000000e+03 2.061000000000000000e+03
3.312000000000000000e+03 1.664000000000000000e+03
3.557000000000000000e+03 1.700000000000000000e+03
3.059000000000000000e+03 1.441000000000000000e+03
3.342000000000000000e+03 2.093000000000000000e+03
1.688000000000000000e+03 1.277000000000000000e+03
1.721000000000000000e+03 1.156000000000000000e+03
2.124000000000000000e+03 1.183000000000000000e+03
2.223000000000000000e+03 1.188000000000000000e+03
1.626000000000000000e+03 1.294000000000000000e+03
2.308000000000000000e+03 1.559000000000000000e+03
3.366000000000000000e+03 1.413000000000000000e+03
3.743000000000000000e+03 1.336000000000000000e+03
3.354000000000000000e+03 1.215000000000000000e+03
3.603000000000000000e+03 1.342000000000000000e+03
3.878000000000000000e+03 1.318000000000000000e+03
3.851000000000000000e+03 1.367000000000000000e+03
3.729000000000000000e+03 1.298000000000000000e+03
3.769000000000000000e+03 1.327000000000000000e+03
3.774000000000000000e+03 1.319000000000000000e+03
3.536000000000000000e+03 1.327000000000000000e+03
3.580000000000000000e+03 2.359000000000000000e+03
3.645000000000000000e+03 2.266000000000000000e+03
3.805000000000000000e+03 2.250000000000000000e+03
1.982000000000000000e+03 3.061000000000000000e+03
3.691000000000000000e+03 2.550000000000000000e+03
2.268000000000000000e+03 3.101000000000000000e+03
2.145000000000000000e+03 2.930000000000000000e+03
3.072000000000000000e+03 2.795000000000000000e+03
3.122000000000000000e+03 2.877000000000000000e+03
2.430000000000000000e+03 3.128000000000000000e+03
2.214000000000000000e+03 3.093000000000000000e+03
3.784000000000000000e+03 2.494000000000000000e+03
3.825000000000000000e+03 2.294000000000000000e+03
2.777000000000000000e+03 2.364000000000000000e+03
3.884000000000000000e+03 2.398000000000000000e+03
3.760000000000000000e+02 2.313000000000000000e+03
2.466000000000000000e+03 2.490000000000000000e+03
2.093000000000000000e+03 3.285000000000000000e+03
2.076000000000000000e+03 3.165000000000000000e+03
2.183000000000000000e+03 3.193000000000000000e+03
1.947000000000000000e+03 2.862000000000000000e+03
2.131000000000000000e+03 3.133000000000000000e+03
2.119000000000000000e+03 3.122000000000000000e+03
1.844000000000000000e+03 3.111000000000000000e+03
1.805000000000000000e+03 2.999000000000000000e+03
1.846000000000000000e+03 2.948000000000000000e+03
1.982000000000000000e+03 3.077000000000000000e+03
2.027000000000000000e+03 3.364000000000000000e+03
2.055000000000000000e+03 3.338000000000000000e+03
2.108000000000000000e+03 3.351000000000000000e+03
2.302000000000000000e+03 2.506000000000000000e+03
3.293000000000000000e+03 1.194000000000000000e+03
3.404000000000000000e+03 1.173000000000000000e+03
3.384000000000000000e+03 1.253000000000000000e+03
3.313000000000000000e+03 1.233000000000000000e+03
3.318000000000000000e+03 1.272000000000000000e+03
3.081000000000000000e+03 1.335000000000000000e+03
3.005000000000000000e+03 1.337000000000000000e+03
2.521000000000000000e+03 1.314000000000000000e+03
3.331000000000000000e+03 1.214000000000000000e+03
3.257000000000000000e+03 1.207000000000000000e+03
3.270000000000000000e+03 1.187000000000000000e+03
3.495000000000000000e+03 1.177000000000000000e+03
3.137000000000000000e+03 1.232000000000000000e+03
2.608000000000000000e+03 1.221000000000000000e+03
1.514000000000000000e+03 1.583000000000000000e+03
2.530000000000000000e+03 1.273000000000000000e+03
3.532000000000000000e+03 1.211000000000000000e+03
2.736000000000000000e+03 1.767000000000000000e+03
3.344000000000000000e+03 1.238000000000000000e+03
3.597000000000000000e+03 1.213000000000000000e+03
3.598000000000000000e+03 1.400000000000000000e+03
3.579000000000000000e+03 1.350000000000000000e+03
3.666000000000000000e+03 1.498000000000000000e+03
3.587000000000000000e+03 1.409000000000000000e+03
3.369000000000000000e+03 1.323000000000000000e+03
2.194000000000000000e+03 1.532000000000000000e+03
2.021000000000000000e+03 1.335000000000000000e+03
3.462000000000000000e+03 1.283000000000000000e+03
3.302000000000000000e+03 1.353000000000000000e+03
3.422000000000000000e+03 1.349000000000000000e+03
3.524000000000000000e+03 1.280000000000000000e+03
3.484000000000000000e+03 1.350000000000000000e+03
2.333000000000000000e+03 3.090000000000000000e+03
1.941000000000000000e+03 2.170000000000000000e+03
1.810000000000000000e+02 2.460000000000000000e+03
2.310000000000000000e+02 1.600000000000000000e+02
3.720000000000000000e+02 1.140000000000000000e+03
2.388000000000000000e+03 1.400000000000000000e+03
0.000000000000000000e+00 3.950000000000000000e+03
3.956000000000000000e+03 2.160000000000000000e+03
3.935000000000000000e+03 1.190000000000000000e+03
0.000000000000000000e+00 0.000000000000000000e+00
0.000000000000000000e+00 0.000000000000000000e+00
