3.384000000000000000e+03 3.112000000000000000e+03
3.823000000000000000e+03 2.630000000000000000e+03
3.871000000000000000e+03 3.211000000000000000e+03
3.805000000000000000e+03 3.307000000000000000e+03
3.896000000000000000e+03 3.271000000000000000e+03
3.763000000000000000e+03 3.330000000000000000e+03
3.875000000000000000e+03 3.335000000000000000e+03
3.805000000000000000e+03 3.333000000000000000e+03
3.731000000000000000e+03 3.347000000000000000e+03
3.767000000000000000e+03 3.406000000000000000e+03
3.757000000000000000e+03 3.397000000000000000e+03
3.856000000000000000e+03 2.953000000000000000e+03
3.756000000000000000e+03 3.306000000000000000e+03
3.888000000000000000e+03 2.825000000000000000e+03
3.569000000000000000e+03 3.164000000000000000e+03
3.700000000000000000e+03 3.523000000000000000e+03
3.609000000000000000e+03 3.222000000000000000e+03
3.928000000000000000e+03 2.347000000000000000e+03
3.945000000000000000e+03 2.151000000000000000e+03
3.597000000000000000e+03 3.674000000000000000e+03
3.688000000000000000e+03 3.644000000000000000e+03
3.797000000000000000e+03 3.518000000000000000e+03
3.837000000000000000e+03 3.375000000000000000e+03
3.896000000000000000e+03 2.253000000000000000e+03
3.899000000000000000e+03 2.901000000000000000e+03
3.842000000000000000e+03 3.453000000000000000e+03
3.789000000000000000e+03 3.430000000000000000e+03
3.907000000000000000e+03 2.573000000000000000e+03
3.625000000000000000e+03 3.513000000000000000e+03
3.789000000000000000e+03 3.519000000000000000e+03
3.789000000000000000e+03 3.487000000000000000e+03
3.014000000000000000e+03 3.292000000000000000e+03
2.492000000000000000e+03 3.905000000000000000e+03
2.834000000000000000e+03 3.617000000000000000e+03
2.062000000000000000e+03 3.862000000000000000e+03
2.006000000000000000e+03 3.882000000000000000e+03
2.370000000000000000e+03 3.868000000000000000e+03
2.302000000000000000e+03 3.843000000000000000e+03
2.674000000000000000e+03 3.900000000000000000e+03
2.528000000000000000e+03 3.964000000000000000e+03
2.689000000000000000e+03 3.975000000000000000e+03
2.829000000000000000e+03 3.815000000000000000e+03
3.533000000000000000e+03 1.999000000000000000e+03
3.717000000000000000e+03 1.875000000000000000e+03
3.548000000000000000e+03 3.664000000000000000e+03
3.742000000000000000e+03 1.953000000000000000e+03
2.675000000000000000e+03 3.897000000000000000e+03
2.630000000000000000e+03 3.926000000000000000e+03
2.535000000000000000e+03 3.927000000000000000e+03
2.641000000000000000e+03 3.907000000000000000e+03
2.482000000000000000e+03 3.919000000000000000e+03
2.761000000000000000e+03 3.908000000000000000e+03
2.714000000000000000e+03 3.942000000000000000e+03
2.623000000000000000e+03 3.924000000000000000e+03
2.355000000000000000e+03 3.894000000000000000e+03
2.319000000000000000e+03 3.908000000000000000e+03
2.654000000000000000e+03 3.857000000000000000e+03
2.642000000000000000e+03 3.828000000000000000e+03
2.332000000000000000e+03 3.903000000000000000e+03
2.178000000000000000e+03 3.937000000000000000e+03
2.557000000000000000e+03 3.840000000000000000e+03
2.484000000000000000e+03 3.859000000000000000e+03
3.971000000000000000e+03 3.122000000000000000e+03
3.935000000000000000e+03 3.320000000000000000e+03
3.976000000000000000e+03 3.336000000000000000e+03
3.954000000000000000e+03 3.355000000000000000e+03
3.975000000000000000e+03 3.389000000000000000e+03
3.929000000000000000e+03 3.394000000000000000e+03
3.936000000000000000e+03 3.431000000000000000e+03
3.976000000000000000e+03 3.167000000000000000e+03
3.967000000000000000e+03 3.224000000000000000e+03
3.938000000000000000e+03 3.232000000000000000e+03
3.940000000000000000e+03 3.246000000000000000e+03
3.965000000000000000e+03 3.116000000000000000e+03
3.947000000000000000e+03 3.109000000000000000e+03
3.981000000000000000e+03 3.144000000000000000e+03
3.949000000000000000e+03 2.925000000000000000e+03
3.928000000000000000e+03 3.480000000000000000e+03
3.952000000000000000e+03 3.466000000000000000e+03
3.930000000000000000e+03 3.354000000000000000e+03
3.984000000000000000e+03 3.473000000000000000e+03
3.981000000000000000e+03 3.522000000000000000e+03
3.911000000000000000e+03 3.535000000000000000e+03
3.941000000000000000e+03 3.559000000000000000e+03
3.948000000000000000e+03 3.591000000000000000e+03
3.890000000000000000e+03 3.129000000000000000e+03
3.869000000000000000e+03 3.123000000000000000e+03
3.898000000000000000e+03 3.163000000000000000e+03
3.899000000000000000e+03 3.188000000000000000e+03
3.936000000000000000e+03 3.027000000000000000e+03
3.950000000000000000e+03 2.462000000000000000e+03
3.902000000000000000e+03 3.114000000000000000e+03
3.903000000000000000e+03 3.104000000000000000e+03
3.830000000000000000e+03 2.852000000000000000e+03
3.916000000000000000e+03 2.804000000000000000e+03
3.910000000000000000e+03 2.850000000000000000e+03
3.869000000000000000e+03 2.849000000000000000e+03
3.882000000000000000e+03 2.768000000000000000e+03
3.876000000000000000e+03 2.794000000000000000e+03
3.941000000000000000e+03 2.692000000000000000e+03
3.951000000000000000e+03 2.414000000000000000e+03
3.590000000000000000e+03 2.953000000000000000e+03
3.865000000000000000e+03 2.847000000000000000e+03
3.842000000000000000e+03 2.966000000000000000e+03
3.897000000000000000e+03 2.923000000000000000e+03
3.731000000000000000e+03 3.216000000000000000e+03
3.575000000000000000e+03 3.018000000000000000e+03
3.813000000000000000e+03 3.002000000000000000e+03
3.819000000000000000e+03 2.796000000000000000e+03
3.886000000000000000e+03 2.570000000000000000e+03
3.836000000000000000e+03 2.692000000000000000e+03
3.932000000000000000e+03 2.851000000000000000e+03
3.924000000000000000e+03 2.433000000000000000e+03
3.887000000000000000e+03 1.882000000000000000e+03
3.732000000000000000e+03 1.868000000000000000e+03
3.910000000000000000e+03 2.356000000000000000e+03
3.909000000000000000e+03 2.442000000000000000e+03
3.925000000000000000e+03 2.552000000000000000e+03
3.928000000000000000e+03 2.072000000000000000e+03
3.918000000000000000e+03 2.488000000000000000e+03
3.900000000000000000e+03 2.558000000000000000e+03
3.916000000000000000e+03 2.718000000000000000e+03
3.947000000000000000e+03 2.086000000000000000e+03
3.937000000000000000e+03 2.631000000000000000e+03
3.940000000000000000e+03 1.982000000000000000e+03
1.963000000000000000e+03 3.867000000000000000e+03
2.092000000000000000e+03 3.795000000000000000e+03
2.103000000000000000e+03 3.837000000000000000e+03
2.119000000000000000e+03 3.663000000000000000e+03
2.112000000000000000e+03 3.730000000000000000e+03
2.121000000000000000e+03 3.781000000000000000e+03
2.103000000000000000e+03 3.587000000000000000e+03
2.254000000000000000e+03 3.812000000000000000e+03
1.948000000000000000e+03 3.875000000000000000e+03
2.018000000000000000e+03 3.775000000000000000e+03
1.996000000000000000e+03 3.821000000000000000e+03
1.950000000000000000e+03 3.768000000000000000e+03
1.947000000000000000e+03 3.650000000000000000e+03
1.949000000000000000e+03 3.790000000000000000e+03
1.958000000000000000e+03 3.760000000000000000e+03
2.052000000000000000e+03 3.712000000000000000e+03
2.007000000000000000e+03 3.700000000000000000e+03
2.053000000000000000e+03 3.809000000000000000e+03
2.035000000000000000e+03 3.743000000000000000e+03
1.989000000000000000e+03 3.638000000000000000e+03
1.960000000000000000e+03 3.766000000000000000e+03
1.996000000000000000e+03 3.643000000000000000e+03
2.049000000000000000e+03 3.646000000000000000e+03
2.147000000000000000e+03 3.784000000000000000e+03
2.088000000000000000e+03 3.830000000000000000e+03
1.924000000000000000e+03 3.857000000000000000e+03
2.117000000000000000e+03 3.838000000000000000e+03
2.168000000000000000e+03 3.692000000000000000e+03
2.378000000000000000e+03 3.590000000000000000e+03
2.077000000000000000e+03 3.769000000000000000e+03
2.177000000000000000e+03 3.739000000000000000e+03
2.210000000000000000e+03 3.917000000000000000e+03
2.192000000000000000e+03 3.964000000000000000e+03
2.157000000000000000e+03 3.963000000000000000e+03
2.027000000000000000e+03 3.943000000000000000e+03
2.297000000000000000e+03 3.817000000000000000e+03
2.095000000000000000e+03 3.947000000000000000e+03
2.057000000000000000e+03 3.928000000000000000e+03
2.244000000000000000e+03 3.927000000000000000e+03
2.207000000000000000e+03 3.940000000000000000e+03
2.216000000000000000e+03 3.924000000000000000e+03
2.241000000000000000e+03 3.888000000000000000e+03
2.148000000000000000e+03 3.875000000000000000e+03
2.154000000000000000e+03 3.919000000000000000e+03
2.102000000000000000e+03 3.939000000000000000e+03
2.094000000000000000e+03 3.890000000000000000e+03
2.537000000000000000e+03 3.955000000000000000e+03
2.518000000000000000e+03 3.944000000000000000e+03
2.455000000000000000e+03 3.978000000000000000e+03
2.330000000000000000e+03 3.986000000000000000e+03
2.460000000000000000e+03 3.950000000000000000e+03
2.288000000000000000e+03 3.978000000000000000e+03
2.369000000000000000e+03 3.931000000000000000e+03
2.424000000000000000e+03 3.936000000000000000e+03
2.345000000000000000e+03 3.915000000000000000e+03
2.503000000000000000e+03 3.753000000000000000e+03
2.462000000000000000e+03 3.889000000000000000e+03
2.449000000000000000e+03 3.903000000000000000e+03
2.384000000000000000e+03 3.920000000000000000e+03
2.580000000000000000e+03 3.831000000000000000e+03
2.314000000000000000e+03 3.972000000000000000e+03
2.546000000000000000e+03 3.840000000000000000e+03
3.788000000000000000e+03 1.932000000000000000e+03
3.734000000000000000e+03 1.946000000000000000e+03
3.711000000000000000e+03 1.865000000000000000e+03
3.737000000000000000e+03 2.597000000000000000e+03
3.923000000000000000e+03 2.561000000000000000e+03
3.930000000000000000e+03 2.236000000000000000e+03
3.915000000000000000e+03 2.234000000000000000e+03
3.526000000000000000e+03 1.641000000000000000e+03
3.621000000000000000e+03 1.702000000000000000e+03
3.303000000000000000e+03 1.432000000000000000e+03
3.930000000000000000e+03 2.144000000000000000e+03
3.390000000000000000e+03 1.469000000000000000e+03
3.364000000000000000e+03 1.497000000000000000e+03
3.418000000000000000e+03 1.470000000000000000e+03
3.423000000000000000e+03 1.482000000000000000e+03
3.146000000000000000e+03 1.198000000000000000e+03
3.754000000000000000e+03 1.818000000000000000e+03
3.877000000000000000e+03 2.041000000000000000e+03
3.343000000000000000e+03 1.689000000000000000e+03
2.980000000000000000e+03 1.060000000000000000e+03
3.138000000000000000e+03 1.036000000000000000e+03
2.969000000000000000e+03 1.412000000000000000e+03
2.821000000000000000e+03 1.355000000000000000e+03
3.393000000000000000e+03 1.370000000000000000e+03
3.708000000000000000e+03 1.730000000000000000e+03
3.319000000000000000e+03 1.307000000000000000e+03
3.469000000000000000e+03 1.433000000000000000e+03
3.769000000000000000e+03 1.820000000000000000e+03
3.820000000000000000e+03 1.871000000000000000e+03
3.351000000000000000e+03 1.377000000000000000e+03
3.567000000000000000e+03 1.654000000000000000e+03
2.191000000000000000e+03 3.706000000000000000e+03
2.126000000000000000e+03 3.389000000000000000e+03
2.195000000000000000e+03 3.487000000000000000e+03
2.162000000000000000e+03 3.444000000000000000e+03
2.156000000000000000e+03 3.481000000000000000e+03
2.133000000000000000e+03 3.554000000000000000e+03
2.184000000000000000e+03 3.653000000000000000e+03
2.137000000000000000e+03 3.576000000000000000e+03
3.400000000000000000e+03 3.187000000000000000e+03
3.498000000000000000e+03 3.312000000000000000e+03
2.165000000000000000e+03 3.243000000000000000e+03
2.160000000000000000e+03 3.324000000000000000e+03
2.176000000000000000e+03 3.437000000000000000e+03
2.225000000000000000e+03 3.310000000000000000e+03
2.282000000000000000e+03 3.848000000000000000e+03
2.278000000000000000e+03 3.865000000000000000e+03
3.794000000000000000e+03 3.106000000000000000e+03
3.811000000000000000e+03 3.014000000000000000e+03
3.790000000000000000e+03 3.040000000000000000e+03
3.102000000000000000e+03 2.440000000000000000e+03
3.702000000000000000e+03 3.147000000000000000e+03
3.610000000000000000e+03 3.100000000000000000e+03
2.161000000000000000e+03 3.094000000000000000e+03
3.620000000000000000e+03 3.126000000000000000e+03
2.655000000000000000e+03 2.725000000000000000e+03
2.893000000000000000e+03 2.728000000000000000e+03
3.354000000000000000e+03 2.729000000000000000e+03
3.341000000000000000e+03 3.300000000000000000e+03
2.583000000000000000e+03 3.542000000000000000e+03
2.338000000000000000e+03 2.820000000000000000e+03
2.179000000000000000e+03 3.100000000000000000e+03
2.290000000000000000e+03 3.682000000000000000e+03
7.840000000000000000e+02 2.582000000000000000e+03
5.440000000000000000e+02 2.487000000000000000e+03
5.730000000000000000e+02 2.493000000000000000e+03
1.550000000000000000e+03 2.843000000000000000e+03
5.940000000000000000e+02 2.460000000000000000e+03
1.149000000000000000e+03 2.523000000000000000e+03
7.020000000000000000e+02 2.486000000000000000e+03
1.146000000000000000e+03 2.915000000000000000e+03
9.860000000000000000e+02 2.718000000000000000e+03
1.221000000000000000e+03 2.974000000000000000e+03
1.689000000000000000e+03 3.251000000000000000e+03
1.781000000000000000e+03 3.369000000000000000e+03
1.698000000000000000e+03 3.389000000000000000e+03
1.824000000000000000e+03 3.331000000000000000e+03
1.784000000000000000e+03 3.388000000000000000e+03
7.470000000000000000e+02 2.524000000000000000e+03
7.080000000000000000e+02 2.532000000000000000e+03
1.309000000000000000e+03 2.973000000000000000e+03
7.740000000000000000e+02 2.554000000000000000e+03
6.570000000000000000e+02 2.543000000000000000e+03
6.480000000000000000e+02 2.578000000000000000e+03
7.060000000000000000e+02 2.549000000000000000e+03
6.770000000000000000e+02 2.537000000000000000e+03
8.730000000000000000e+02 2.543000000000000000e+03
5.660000000000000000e+02 2.597000000000000000e+03
2.030000000000000000e+03 2.659000000000000000e+03
2.749000000000000000e+03 2.719000000000000000e+03
5.250000000000000000e+02 2.506000000000000000e+03
5.540000000000000000e+02 2.520000000000000000e+03
7.520000000000000000e+02 2.641000000000000000e+03
7.880000000000000000e+02 2.623000000000000000e+03
1.743000000000000000e+03 2.831000000000000000e+03
2.090000000000000000e+03 3.280000000000000000e+03
2.105000000000000000e+03 3.380000000000000000e+03
2.927000000000000000e+03 2.720000000000000000e+03
3.017000000000000000e+03 2.723000000000000000e+03
3.076000000000000000e+03 2.719000000000000000e+03
3.127000000000000000e+03 2.728000000000000000e+03
2.045000000000000000e+03 3.254000000000000000e+03
2.079000000000000000e+03 3.317000000000000000e+03
1.899000000000000000e+03 3.078000000000000000e+03
2.100000000000000000e+03 3.270000000000000000e+03
1.999000000000000000e+03 3.255000000000000000e+03
1.926000000000000000e+03 3.235000000000000000e+03
2.026000000000000000e+03 3.304000000000000000e+03
2.058000000000000000e+03 3.329000000000000000e+03
1.798000000000000000e+03 2.746000000000000000e+03
1.666000000000000000e+03 2.560000000000000000e+03
1.113000000000000000e+03 2.512000000000000000e+03
2.805000000000000000e+03 2.765000000000000000e+03
1.495000000000000000e+03 2.633000000000000000e+03
1.263000000000000000e+03 2.441000000000000000e+03
1.943000000000000000e+03 2.875000000000000000e+03
1.589000000000000000e+03 2.648000000000000000e+03
8.780000000000000000e+02 2.561000000000000000e+03
3.950000000000000000e+02 2.353000000000000000e+03
2.001000000000000000e+03 3.023000000000000000e+03
2.138000000000000000e+03 3.094000000000000000e+03
1.116000000000000000e+03 2.489000000000000000e+03
8.820000000000000000e+02 2.356000000000000000e+03
8.970000000000000000e+02 2.559000000000000000e+03
6.800000000000000000e+02 2.529000000000000000e+03
3.990000000000000000e+02 2.522000000000000000e+03
1.180000000000000000e+02 2.471000000000000000e+03
8.700000000000000000e+01 2.505000000000000000e+03
1.060000000000000000e+02 2.575000000000000000e+03
1.010000000000000000e+02 2.574000000000000000e+03
1.150000000000000000e+02 2.533000000000000000e+03
1.340000000000000000e+02 2.555000000000000000e+03
1.630000000000000000e+02 2.398000000000000000e+03
1.820000000000000000e+02 2.376000000000000000e+03
1.260000000000000000e+02 2.329000000000000000e+03
1.250000000000000000e+02 2.326000000000000000e+03
1.200000000000000000e+02 2.297000000000000000e+03
9.100000000000000000e+01 2.330000000000000000e+03
7.700000000000000000e+01 2.323000000000000000e+03
7.000000000000000000e+01 2.377000000000000000e+03
1.360000000000000000e+02 2.484000000000000000e+03
1.760000000000000000e+02 2.334000000000000000e+03
1.430000000000000000e+02 2.336000000000000000e+03
1.210000000000000000e+02 2.382000000000000000e+03
2.250000000000000000e+02 2.333000000000000000e+03
1.340000000000000000e+02 2.467000000000000000e+03
1.930000000000000000e+02 2.321000000000000000e+03
2.330000000000000000e+02 2.274000000000000000e+03
1.778000000000000000e+03 3.163000000000000000e+03
1.774000000000000000e+03 3.271000000000000000e+03
1.674000000000000000e+03 2.974000000000000000e+03
1.772000000000000000e+03 3.164000000000000000e+03
4.470000000000000000e+02 2.485000000000000000e+03
6.840000000000000000e+02 2.515000000000000000e+03
1.039000000000000000e+03 2.582000000000000000e+03
6.640000000000000000e+02 2.693000000000000000e+03
1.934000000000000000e+03 3.290000000000000000e+03
1.927000000000000000e+03 3.307000000000000000e+03
1.937000000000000000e+03 3.256000000000000000e+03
1.875000000000000000e+03 3.250000000000000000e+03
5.070000000000000000e+02 2.505000000000000000e+03
5.280000000000000000e+02 2.558000000000000000e+03
1.962000000000000000e+03 3.511000000000000000e+03
1.710000000000000000e+03 3.353000000000000000e+03
1.891000000000000000e+03 3.184000000000000000e+03
1.908000000000000000e+03 3.234000000000000000e+03
5.570000000000000000e+02 2.587000000000000000e+03
5.850000000000000000e+02 2.498000000000000000e+03
1.970000000000000000e+03 3.141000000000000000e+03
1.955000000000000000e+03 3.205000000000000000e+03
1.905000000000000000e+03 3.131000000000000000e+03
1.905000000000000000e+03 3.170000000000000000e+03
1.972000000000000000e+03 3.770000000000000000e+03
2.018000000000000000e+03 3.451000000000000000e+03
2.068000000000000000e+03 3.485000000000000000e+03
2.070000000000000000e+03 3.452000000000000000e+03
2.038000000000000000e+03 3.560000000000000000e+03
2.013000000000000000e+03 3.497000000000000000e+03
2.044000000000000000e+03 3.380000000000000000e+03
2.035000000000000000e+03 3.427000000000000000e+03
1.952000000000000000e+03 3.487000000000000000e+03
1.787000000000000000e+03 3.278000000000000000e+03
1.944000000000000000e+03 3.342000000000000000e+03
2.045000000000000000e+03 3.463000000000000000e+03
2.040000000000000000e+03 3.713000000000000000e+03
2.043000000000000000e+03 3.639000000000000000e+03
2.105000000000000000e+03 3.643000000000000000e+03
2.066000000000000000e+03 3.581000000000000000e+03
3.330000000000000000e+02 2.561000000000000000e+03
2.510000000000000000e+02 2.575000000000000000e+03
6.360000000000000000e+02 3.025000000000000000e+03
2.710000000000000000e+02 2.548000000000000000e+03
2.710000000000000000e+02 2.518000000000000000e+03
3.450000000000000000e+02 2.546000000000000000e+03
3.110000000000000000e+02 2.545000000000000000e+03
3.170000000000000000e+02 2.403000000000000000e+03
2.350000000000000000e+02 2.452000000000000000e+03
1.620000000000000000e+02 2.568000000000000000e+03
2.210000000000000000e+02 2.432000000000000000e+03
3.050000000000000000e+02 2.362000000000000000e+03
2.730000000000000000e+02 2.375000000000000000e+03
2.710000000000000000e+02 2.360000000000000000e+03
2.380000000000000000e+02 2.387000000000000000e+03
3.460000000000000000e+02 2.432000000000000000e+03
3.700000000000000000e+02 2.432000000000000000e+03
4.400000000000000000e+02 2.457000000000000000e+03
4.120000000000000000e+02 2.473000000000000000e+03
2.780000000000000000e+02 2.461000000000000000e+03
2.910000000000000000e+02 2.492000000000000000e+03
2.110000000000000000e+02 2.558000000000000000e+03
1.770000000000000000e+02 2.542000000000000000e+03
3.490000000000000000e+02 3.363000000000000000e+03
3.090000000000000000e+02 3.331000000000000000e+03
3.700000000000000000e+02 2.623000000000000000e+03
5.960000000000000000e+02 3.057000000000000000e+03
7.840000000000000000e+02 3.902000000000000000e+03
6.850000000000000000e+02 3.759000000000000000e+03
6.220000000000000000e+02 3.861000000000000000e+03
7.130000000000000000e+02 3.913000000000000000e+03
1.458000000000000000e+03 2.185000000000000000e+03
6.720000000000000000e+02 2.375000000000000000e+03
6.900000000000000000e+02 2.486000000000000000e+03
8.760000000000000000e+02 2.489000000000000000e+03
2.064000000000000000e+03 2.470000000000000000e+03
1.357000000000000000e+03 2.223000000000000000e+03
5.220000000000000000e+02 2.453000000000000000e+03
4.780000000000000000e+02 2.411000000000000000e+03
5.160000000000000000e+02 2.395000000000000000e+03
4.900000000000000000e+02 2.340000000000000000e+03
4.670000000000000000e+02 2.366000000000000000e+03
4.710000000000000000e+02 2.427000000000000000e+03
4.430000000000000000e+02 2.433000000000000000e+03
4.210000000000000000e+02 2.392000000000000000e+03
4.240000000000000000e+02 2.379000000000000000e+03
1.574000000000000000e+03 3.914000000000000000e+03
1.536000000000000000e+03 3.909000000000000000e+03
1.542000000000000000e+03 3.938000000000000000e+03
1.514000000000000000e+03 3.919000000000000000e+03
1.850000000000000000e+03 3.912000000000000000e+03
1.682000000000000000e+03 3.148000000000000000e+03
1.582000000000000000e+03 3.918000000000000000e+03
1.596000000000000000e+03 3.919000000000000000e+03
1.754000000000000000e+03 3.973000000000000000e+03
1.777000000000000000e+03 3.961000000000000000e+03
1.809000000000000000e+03 3.966000000000000000e+03
1.822000000000000000e+03 3.962000000000000000e+03
1.854000000000000000e+03 3.918000000000000000e+03
1.895000000000000000e+03 3.915000000000000000e+03
1.891000000000000000e+03 3.962000000000000000e+03
1.862000000000000000e+03 3.967000000000000000e+03
1.905000000000000000e+03 3.338000000000000000e+03
1.932000000000000000e+03 3.575000000000000000e+03
1.826000000000000000e+03 3.403000000000000000e+03
1.386000000000000000e+03 3.371000000000000000e+03
1.767000000000000000e+03 3.470000000000000000e+03
1.886000000000000000e+03 3.615000000000000000e+03
1.874000000000000000e+03 3.602000000000000000e+03
2.043000000000000000e+03 3.282000000000000000e+03
1.964000000000000000e+03 3.592000000000000000e+03
1.946000000000000000e+03 3.447000000000000000e+03
1.866000000000000000e+03 3.374000000000000000e+03
1.880000000000000000e+03 3.252000000000000000e+03
1.946000000000000000e+03 3.434000000000000000e+03
1.943000000000000000e+03 3.258000000000000000e+03
1.949000000000000000e+03 3.460000000000000000e+03
1.792000000000000000e+03 3.541000000000000000e+03
1.709000000000000000e+03 3.423000000000000000e+03
1.695000000000000000e+03 3.351000000000000000e+03
1.694000000000000000e+03 3.489000000000000000e+03
1.804000000000000000e+03 3.551000000000000000e+03
1.812000000000000000e+03 3.549000000000000000e+03
1.829000000000000000e+03 3.530000000000000000e+03
1.637000000000000000e+03 3.180000000000000000e+03
1.886000000000000000e+03 3.474000000000000000e+03
1.809000000000000000e+03 3.440000000000000000e+03
1.850000000000000000e+03 3.489000000000000000e+03
1.809000000000000000e+03 3.320000000000000000e+03
1.863000000000000000e+03 3.380000000000000000e+03
1.842000000000000000e+03 3.390000000000000000e+03
1.897000000000000000e+03 3.417000000000000000e+03
1.913000000000000000e+03 3.428000000000000000e+03
1.769000000000000000e+03 3.657000000000000000e+03
1.825000000000000000e+03 3.686000000000000000e+03
1.843000000000000000e+03 3.713000000000000000e+03
1.719000000000000000e+03 3.513000000000000000e+03
1.771000000000000000e+03 3.744000000000000000e+03
1.808000000000000000e+03 3.778000000000000000e+03
1.668000000000000000e+03 3.480000000000000000e+03
1.742000000000000000e+03 3.723000000000000000e+03
1.817000000000000000e+03 3.814000000000000000e+03
1.901000000000000000e+03 3.766000000000000000e+03
1.887000000000000000e+03 3.745000000000000000e+03
1.870000000000000000e+03 3.731000000000000000e+03
1.882000000000000000e+03 3.671000000000000000e+03
1.851000000000000000e+03 3.612000000000000000e+03
1.819000000000000000e+03 3.658000000000000000e+03
1.840000000000000000e+03 3.722000000000000000e+03
1.756000000000000000e+03 3.895000000000000000e+03
1.787000000000000000e+03 3.839000000000000000e+03
1.754000000000000000e+03 3.820000000000000000e+03
1.723000000000000000e+03 3.885000000000000000e+03
1.847000000000000000e+03 3.795000000000000000e+03
1.843000000000000000e+03 3.848000000000000000e+03
1.900000000000000000e+03 3.915000000000000000e+03
1.823000000000000000e+03 3.887000000000000000e+03
1.671000000000000000e+03 3.846000000000000000e+03
1.809000000000000000e+03 3.832000000000000000e+03
1.810000000000000000e+03 3.806000000000000000e+03
1.805000000000000000e+03 3.788000000000000000e+03
1.648000000000000000e+03 3.908000000000000000e+03
1.691000000000000000e+03 3.912000000000000000e+03
1.653000000000000000e+03 3.933000000000000000e+03
1.731000000000000000e+03 3.935000000000000000e+03
3.871000000000000000e+03 7.280000000000000000e+02
3.873000000000000000e+03 6.610000000000000000e+02
3.900000000000000000e+03 7.750000000000000000e+02
3.793000000000000000e+03 4.580000000000000000e+02
3.741000000000000000e+03 3.170000000000000000e+02
3.823000000000000000e+03 3.390000000000000000e+02
3.824000000000000000e+03 3.760000000000000000e+02
3.765000000000000000e+03 5.270000000000000000e+02
3.780000000000000000e+03 5.470000000000000000e+02
3.752000000000000000e+03 4.650000000000000000e+02
3.753000000000000000e+03 3.800000000000000000e+02
3.792000000000000000e+03 4.570000000000000000e+02
3.824000000000000000e+03 5.390000000000000000e+02
3.783000000000000000e+03 5.280000000000000000e+02
3.804000000000000000e+03 6.050000000000000000e+02
3.824000000000000000e+03 4.320000000000000000e+02
3.893000000000000000e+03 6.030000000000000000e+02
3.867000000000000000e+03 4.570000000000000000e+02
3.932000000000000000e+03 6.880000000000000000e+02
3.876000000000000000e+03 5.760000000000000000e+02
3.905000000000000000e+03 4.700000000000000000e+02
3.899000000000000000e+03 5.240000000000000000e+02
3.868000000000000000e+03 5.040000000000000000e+02
3.941000000000000000e+03 3.980000000000000000e+02
3.949000000000000000e+03 3.910000000000000000e+02
3.957000000000000000e+03 5.380000000000000000e+02
3.960000000000000000e+03 5.000000000000000000e+02
3.925000000000000000e+03 4.000000000000000000e+02
3.883000000000000000e+03 3.640000000000000000e+02
3.865000000000000000e+03 3.700000000000000000e+02
3.809000000000000000e+03 3.720000000000000000e+02
3.982000000000000000e+03 9.850000000000000000e+02
3.983000000000000000e+03 9.260000000000000000e+02
3.963000000000000000e+03 9.200000000000000000e+02
3.911000000000000000e+03 8.310000000000000000e+02
3.945000000000000000e+03 8.150000000000000000e+02
3.969000000000000000e+03 9.070000000000000000e+02
3.961000000000000000e+03 8.870000000000000000e+02
3.955000000000000000e+03 1.053000000000000000e+03
3.931000000000000000e+03 1.116000000000000000e+03
3.942000000000000000e+03 1.143000000000000000e+03
3.892000000000000000e+03 1.153000000000000000e+03
3.807000000000000000e+03 1.050000000000000000e+03
3.957000000000000000e+03 1.054000000000000000e+03
3.868000000000000000e+03 1.079000000000000000e+03
3.816000000000000000e+03 1.120000000000000000e+03
3.568000000000000000e+03 9.110000000000000000e+02
3.900000000000000000e+03 8.960000000000000000e+02
3.747000000000000000e+03 9.850000000000000000e+02
3.885000000000000000e+03 9.470000000000000000e+02
3.843000000000000000e+03 8.850000000000000000e+02
3.810000000000000000e+03 8.570000000000000000e+02
3.686000000000000000e+03 8.330000000000000000e+02
3.761000000000000000e+03 1.042000000000000000e+03
3.756000000000000000e+03 9.550000000000000000e+02
3.750000000000000000e+03 9.290000000000000000e+02
3.770000000000000000e+03 8.990000000000000000e+02
3.810000000000000000e+03 9.330000000000000000e+02
3.722000000000000000e+03 9.710000000000000000e+02
3.766000000000000000e+03 9.930000000000000000e+02
3.882000000000000000e+03 1.009000000000000000e+03
3.853000000000000000e+03 1.075000000000000000e+03
3.883000000000000000e+03 1.005000000000000000e+03
3.853000000000000000e+03 9.510000000000000000e+02
3.920000000000000000e+03 9.690000000000000000e+02
3.733000000000000000e+03 1.103000000000000000e+03
3.750000000000000000e+03 1.088000000000000000e+03
3.732000000000000000e+03 1.137000000000000000e+03
3.743000000000000000e+03 1.089000000000000000e+03
3.755000000000000000e+03 1.087000000000000000e+03
3.661000000000000000e+03 1.133000000000000000e+03
3.827000000000000000e+03 1.092000000000000000e+03
3.669000000000000000e+03 8.140000000000000000e+02
3.699000000000000000e+03 8.900000000000000000e+02
3.717000000000000000e+03 7.710000000000000000e+02
3.702000000000000000e+03 9.040000000000000000e+02
3.684000000000000000e+03 9.930000000000000000e+02
3.860000000000000000e+03 1.235000000000000000e+03
3.730000000000000000e+03 1.292000000000000000e+03
3.780000000000000000e+03 1.319000000000000000e+03
3.784000000000000000e+03 1.288000000000000000e+03
3.704000000000000000e+03 1.207000000000000000e+03
3.759000000000000000e+03 1.244000000000000000e+03
3.913000000000000000e+03 1.038000000000000000e+03
3.773000000000000000e+03 1.211000000000000000e+03
3.677000000000000000e+03 1.167000000000000000e+03
3.715000000000000000e+03 1.245000000000000000e+03
3.828000000000000000e+03 1.193000000000000000e+03
3.795000000000000000e+03 1.146000000000000000e+03
3.847000000000000000e+03 1.156000000000000000e+03
3.469000000000000000e+03 1.158000000000000000e+03
3.866000000000000000e+03 1.167000000000000000e+03
3.874000000000000000e+03 1.580000000000000000e+03
1.767000000000000000e+03 1.169000000000000000e+03
3.367000000000000000e+03 1.154000000000000000e+03
6.610000000000000000e+02 1.184000000000000000e+03
7.330000000000000000e+02 1.186000000000000000e+03
3.432000000000000000e+03 1.136000000000000000e+03
3.457000000000000000e+03 1.118000000000000000e+03
3.240000000000000000e+03 1.034000000000000000e+03
3.425000000000000000e+03 1.074000000000000000e+03
2.046000000000000000e+03 1.086000000000000000e+03
3.340000000000000000e+03 1.123000000000000000e+03
3.360000000000000000e+03 1.055000000000000000e+03
2.865000000000000000e+03 1.056000000000000000e+03
1.514000000000000000e+03 1.146000000000000000e+03
6.460000000000000000e+02 1.181000000000000000e+03
2.768000000000000000e+03 8.930000000000000000e+02
3.298000000000000000e+03 1.111000000000000000e+03
3.244000000000000000e+03 1.142000000000000000e+03
3.034000000000000000e+03 1.070000000000000000e+03
3.477000000000000000e+03 1.109000000000000000e+03
3.578000000000000000e+03 1.046000000000000000e+03
3.256000000000000000e+03 1.197000000000000000e+03
3.556000000000000000e+03 1.155000000000000000e+03
3.555000000000000000e+03 1.140000000000000000e+03
3.362000000000000000e+03 1.150000000000000000e+03
3.594000000000000000e+03 1.104000000000000000e+03
3.647000000000000000e+03 1.123000000000000000e+03
3.795000000000000000e+03 1.055000000000000000e+03
3.788000000000000000e+03 1.062000000000000000e+03
3.597000000000000000e+03 1.074000000000000000e+03
3.579000000000000000e+03 1.151000000000000000e+03
3.603000000000000000e+03 1.075000000000000000e+03
3.593000000000000000e+03 1.045000000000000000e+03
3.955000000000000000e+03 4.790000000000000000e+02
3.978000000000000000e+03 4.550000000000000000e+02
3.992000000000000000e+03 5.620000000000000000e+02
3.973000000000000000e+03 5.890000000000000000e+02
3.965000000000000000e+03 6.240000000000000000e+02
3.877000000000000000e+03 2.840000000000000000e+02
3.953000000000000000e+03 5.330000000000000000e+02
3.942000000000000000e+03 2.370000000000000000e+02
3.939000000000000000e+03 2.710000000000000000e+02
3.974000000000000000e+03 2.200000000000000000e+02
3.974000000000000000e+03 2.900000000000000000e+02
3.917000000000000000e+03 4.380000000000000000e+02
3.954000000000000000e+03 5.730000000000000000e+02
3.889000000000000000e+03 2.360000000000000000e+02
3.954000000000000000e+03 5.500000000000000000e+02
3.730000000000000000e+03 2.550000000000000000e+02
3.709000000000000000e+03 2.300000000000000000e+02
3.833000000000000000e+03 2.550000000000000000e+02
3.791000000000000000e+03 2.640000000000000000e+02
3.762000000000000000e+03 2.420000000000000000e+02
3.925000000000000000e+03 3.390000000000000000e+02
3.844000000000000000e+03 2.710000000000000000e+02
3.931000000000000000e+03 5.470000000000000000e+02
3.934000000000000000e+03 7.550000000000000000e+02
3.901000000000000000e+03 6.950000000000000000e+02
3.750000000000000000e+03 4.230000000000000000e+02
3.873000000000000000e+03 6.560000000000000000e+02
3.927000000000000000e+03 6.360000000000000000e+02
3.914000000000000000e+03 6.040000000000000000e+02
3.870000000000000000e+03 5.770000000000000000e+02
3.886000000000000000e+03 7.010000000000000000e+02
6.650000000000000000e+02 1.087000000000000000e+03
1.684000000000000000e+03 8.110000000000000000e+02
5.080000000000000000e+02 1.150000000000000000e+03
5.550000000000000000e+02 1.192000000000000000e+03
5.600000000000000000e+02 1.181000000000000000e+03
6.430000000000000000e+02 1.175000000000000000e+03
6.120000000000000000e+02 1.191000000000000000e+03
7.670000000000000000e+02 1.058000000000000000e+03
3.980000000000000000e+02 1.148000000000000000e+03
7.220000000000000000e+02 1.077000000000000000e+03
2.400000000000000000e+02 1.086000000000000000e+03
6.850000000000000000e+02 1.115000000000000000e+03
1.910000000000000000e+02 1.185000000000000000e+03
6.820000000000000000e+02 1.052000000000000000e+03
6.610000000000000000e+02 1.113000000000000000e+03
6.340000000000000000e+02 1.124000000000000000e+03
3.916000000000000000e+03 6.770000000000000000e+02
9.600000000000000000e+01 1.083000000000000000e+03
9.200000000000000000e+01 1.053000000000000000e+03
1.020000000000000000e+02 1.032000000000000000e+03
1.090000000000000000e+02 9.890000000000000000e+02
4.760000000000000000e+02 9.740000000000000000e+02
1.200000000000000000e+02 1.026000000000000000e+03
1.180000000000000000e+02 9.670000000000000000e+02
1.690000000000000000e+02 9.850000000000000000e+02
1.760000000000000000e+02 1.019000000000000000e+03
2.000000000000000000e+02 1.106000000000000000e+03
2.020000000000000000e+02 1.217000000000000000e+03
1.960000000000000000e+02 1.154000000000000000e+03
2.140000000000000000e+02 1.328000000000000000e+03
1.820000000000000000e+02 1.163000000000000000e+03
8.970000000000000000e+02 5.010000000000000000e+02
1.490000000000000000e+02 5.740000000000000000e+02
1.330000000000000000e+02 5.430000000000000000e+02
1.060000000000000000e+02 5.110000000000000000e+02
9.600000000000000000e+01 5.190000000000000000e+02
8.900000000000000000e+01 5.470000000000000000e+02
8.600000000000000000e+01 5.960000000000000000e+02
7.200000000000000000e+02 7.930000000000000000e+02
8.900000000000000000e+01 7.140000000000000000e+02
8.500000000000000000e+01 7.860000000000000000e+02
1.000000000000000000e+03 4.800000000000000000e+02
3.608000000000000000e+03 4.700000000000000000e+01
3.576000000000000000e+03 5.600000000000000000e+01
3.566000000000000000e+03 2.030000000000000000e+02
3.646000000000000000e+03 2.880000000000000000e+02
3.793000000000000000e+03 7.810000000000000000e+02
3.712000000000000000e+03 6.300000000000000000e+02
3.705000000000000000e+03 4.440000000000000000e+02
3.582000000000000000e+03 3.190000000000000000e+02
3.760000000000000000e+03 6.610000000000000000e+02
3.812000000000000000e+03 6.930000000000000000e+02
3.883000000000000000e+03 9.490000000000000000e+02
3.760000000000000000e+03 5.960000000000000000e+02
3.845000000000000000e+03 8.040000000000000000e+02
3.530000000000000000e+03 1.001000000000000000e+03
3.805000000000000000e+03 7.840000000000000000e+02
3.776000000000000000e+03 7.570000000000000000e+02
3.744000000000000000e+03 7.080000000000000000e+02
3.776000000000000000e+03 7.170000000000000000e+02
3.728000000000000000e+03 6.530000000000000000e+02
3.322000000000000000e+03 3.830000000000000000e+02
3.350000000000000000e+02 1.051000000000000000e+03
8.640000000000000000e+02 1.057000000000000000e+03
1.580000000000000000e+02 6.590000000000000000e+02
3.270000000000000000e+02 8.860000000000000000e+02
1.003000000000000000e+03 1.038000000000000000e+03
9.490000000000000000e+02 1.059000000000000000e+03
3.827000000000000000e+03 9.150000000000000000e+02
8.640000000000000000e+02 1.032000000000000000e+03
2.590000000000000000e+03 1.280000000000000000e+02
3.560000000000000000e+02 6.920000000000000000e+02
8.430000000000000000e+02 7.730000000000000000e+02
3.079000000000000000e+03 8.760000000000000000e+02
2.083000000000000000e+03 3.670000000000000000e+02
1.543000000000000000e+03 4.280000000000000000e+02
2.685000000000000000e+03 5.580000000000000000e+02
1.878000000000000000e+03 3.080000000000000000e+02
2.180000000000000000e+02 4.060000000000000000e+02
1.150000000000000000e+02 5.230000000000000000e+02
1.010000000000000000e+02 6.690000000000000000e+02
1.520000000000000000e+02 3.250000000000000000e+02
2.170000000000000000e+02 2.550000000000000000e+02
3.650000000000000000e+02 1.860000000000000000e+02
2.180000000000000000e+02 2.300000000000000000e+02
1.840000000000000000e+02 4.680000000000000000e+02
1.670000000000000000e+02 7.100000000000000000e+02
1.160000000000000000e+02 8.000000000000000000e+02
2.780000000000000000e+02 1.070000000000000000e+02
3.480000000000000000e+02 1.360000000000000000e+02
1.290000000000000000e+02 7.160000000000000000e+02
3.400000000000000000e+02 4.180000000000000000e+02
1.010000000000000000e+02 7.890000000000000000e+02
2.470000000000000000e+02 3.850000000000000000e+02
1.290000000000000000e+02 1.216000000000000000e+03
2.640000000000000000e+02 1.255000000000000000e+03
2.270000000000000000e+02 1.271000000000000000e+03
3.300000000000000000e+02 1.280000000000000000e+03
3.120000000000000000e+02 1.296000000000000000e+03
4.420000000000000000e+02 1.281000000000000000e+03
6.250000000000000000e+02 8.390000000000000000e+02
6.120000000000000000e+02 1.249000000000000000e+03
7.150000000000000000e+02 1.229000000000000000e+03
5.120000000000000000e+02 1.282000000000000000e+03
5.750000000000000000e+02 1.295000000000000000e+03
2.820000000000000000e+02 1.297000000000000000e+03
3.890000000000000000e+02 1.362000000000000000e+03
5.040000000000000000e+02 1.307000000000000000e+03
3.610000000000000000e+02 1.269000000000000000e+03
3.452000000000000000e+03 1.191000000000000000e+03
3.364000000000000000e+03 1.222000000000000000e+03
3.483000000000000000e+03 1.266000000000000000e+03
3.171000000000000000e+03 1.400000000000000000e+03
3.406000000000000000e+03 1.364000000000000000e+03
3.365000000000000000e+03 1.495000000000000000e+03
2.328000000000000000e+03 1.255000000000000000e+03
2.068000000000000000e+03 1.308000000000000000e+03
1.680000000000000000e+02 1.258000000000000000e+03
6.940000000000000000e+02 1.304000000000000000e+03
7.740000000000000000e+02 1.292000000000000000e+03
6.850000000000000000e+02 1.267000000000000000e+03
2.051000000000000000e+03 1.453000000000000000e+03
1.368000000000000000e+03 1.402000000000000000e+03
1.167000000000000000e+03 1.270000000000000000e+03
9.940000000000000000e+02 1.356000000000000000e+03
3.534000000000000000e+03 1.660000000000000000e+03
3.920000000000000000e+03 1.706000000000000000e+03
3.892000000000000000e+03 1.695000000000000000e+03
3.906000000000000000e+03 1.816000000000000000e+03
3.924000000000000000e+03 1.839000000000000000e+03
3.901000000000000000e+03 1.732000000000000000e+03
3.869000000000000000e+03 1.721000000000000000e+03
3.823000000000000000e+03 1.748000000000000000e+03
3.869000000000000000e+03 1.803000000000000000e+03
3.906000000000000000e+03 1.980000000000000000e+03
3.830000000000000000e+03 1.792000000000000000e+03
3.866000000000000000e+03 1.801000000000000000e+03
3.822000000000000000e+03 1.730000000000000000e+03
3.894000000000000000e+03 1.682000000000000000e+03
3.862000000000000000e+03 1.658000000000000000e+03
3.920000000000000000e+03 1.302000000000000000e+03
3.896000000000000000e+03 1.295000000000000000e+03
3.922000000000000000e+03 1.524000000000000000e+03
3.924000000000000000e+03 1.433000000000000000e+03
3.918000000000000000e+03 1.183000000000000000e+03
3.936000000000000000e+03 1.171000000000000000e+03
3.908000000000000000e+03 1.244000000000000000e+03
3.908000000000000000e+03 1.217000000000000000e+03
3.883000000000000000e+03 1.424000000000000000e+03
3.876000000000000000e+03 1.454000000000000000e+03
3.889000000000000000e+03 1.388000000000000000e+03
3.894000000000000000e+03 1.313000000000000000e+03
3.874000000000000000e+03 1.521000000000000000e+03
3.783000000000000000e+03 1.536000000000000000e+03
3.922000000000000000e+03 1.585000000000000000e+03
3.906000000000000000e+03 1.548000000000000000e+03
2.840000000000000000e+02 1.276000000000000000e+03
8.500000000000000000e+01 1.386000000000000000e+03
7.900000000000000000e+01 1.365000000000000000e+03
2.030000000000000000e+02 1.331000000000000000e+03
4.710000000000000000e+02 1.353000000000000000e+03
1.400000000000000000e+02 1.364000000000000000e+03
1.580000000000000000e+02 1.347000000000000000e+03
9.400000000000000000e+01 1.452000000000000000e+03
1.220000000000000000e+02 1.377000000000000000e+03
1.540000000000000000e+02 1.434000000000000000e+03
1.780000000000000000e+02 1.351000000000000000e+03
1.380000000000000000e+02 1.121000000000000000e+03
1.930000000000000000e+02 1.383000000000000000e+03
2.690000000000000000e+02 1.396000000000000000e+03
2.460000000000000000e+02 1.386000000000000000e+03
2.220000000000000000e+02 1.148000000000000000e+03
2.580000000000000000e+02 1.114000000000000000e+03
2.660000000000000000e+02 1.060000000000000000e+03
2.630000000000000000e+02 1.076000000000000000e+03
3.200000000000000000e+02 1.362000000000000000e+03
6.380000000000000000e+02 1.230000000000000000e+03
2.390000000000000000e+02 1.310000000000000000e+03
2.400000000000000000e+02 1.282000000000000000e+03
3.500000000000000000e+02 1.111000000000000000e+03
1.077000000000000000e+03 1.108000000000000000e+03
3.350000000000000000e+02 1.179000000000000000e+03
6.010000000000000000e+02 1.135000000000000000e+03
3.070000000000000000e+02 1.265000000000000000e+03
2.990000000000000000e+02 1.224000000000000000e+03
2.660000000000000000e+02 1.089000000000000000e+03
2.100000000000000000e+02 1.022000000000000000e+03
3.010000000000000000e+02 1.029000000000000000e+03
5.020000000000000000e+02 1.093000000000000000e+03
1.110000000000000000e+02 8.770000000000000000e+02
1.150000000000000000e+02 8.650000000000000000e+02
1.570000000000000000e+02 1.195000000000000000e+03
1.260000000000000000e+02 1.171000000000000000e+03
1.190000000000000000e+02 1.003000000000000000e+03
1.030000000000000000e+02 1.009000000000000000e+03
3.590000000000000000e+02 1.210000000000000000e+03
3.060000000000000000e+02 1.233000000000000000e+03
4.100000000000000000e+02 1.181000000000000000e+03
4.310000000000000000e+02 1.180000000000000000e+03
7.100000000000000000e+02 1.303000000000000000e+03
3.160000000000000000e+02 1.423000000000000000e+03
3.880000000000000000e+02 1.303000000000000000e+03
3.830000000000000000e+02 1.314000000000000000e+03
3.090000000000000000e+02 1.199000000000000000e+03
4.270000000000000000e+02 1.131000000000000000e+03
6.210000000000000000e+02 1.080000000000000000e+03
6.640000000000000000e+02 1.037000000000000000e+03
3.620000000000000000e+02 1.059000000000000000e+03
5.170000000000000000e+02 1.041000000000000000e+03
5.340000000000000000e+02 9.480000000000000000e+02
3.690000000000000000e+02 1.029000000000000000e+03
1.690000000000000000e+02 1.239000000000000000e+03
2.070000000000000000e+02 1.294000000000000000e+03
1.510000000000000000e+02 8.550000000000000000e+02
3.840000000000000000e+02 1.001000000000000000e+03
5.580000000000000000e+02 1.101000000000000000e+03
5.260000000000000000e+02 1.135000000000000000e+03
6.740000000000000000e+02 1.140000000000000000e+03
4.900000000000000000e+02 1.080000000000000000e+03
1.932000000000000000e+03 1.445000000000000000e+03
1.587000000000000000e+03 2.516000000000000000e+03
1.605000000000000000e+03 2.793000000000000000e+03
1.743000000000000000e+03 2.955000000000000000e+03
1.823000000000000000e+03 2.780000000000000000e+03
1.765000000000000000e+03 2.718000000000000000e+03
1.805000000000000000e+03 2.746000000000000000e+03
8.100000000000000000e+02 2.574000000000000000e+03
1.908000000000000000e+03 2.781000000000000000e+03
1.830000000000000000e+03 2.779000000000000000e+03
1.886000000000000000e+03 2.881000000000000000e+03
1.288000000000000000e+03 2.644000000000000000e+03
1.770000000000000000e+03 2.625000000000000000e+03
1.791000000000000000e+03 2.680000000000000000e+03
1.649000000000000000e+03 2.613000000000000000e+03
1.686000000000000000e+03 2.939000000000000000e+03
1.774000000000000000e+03 2.958000000000000000e+03
1.890000000000000000e+03 2.900000000000000000e+03
1.683000000000000000e+03 2.997000000000000000e+03
1.594000000000000000e+03 2.887000000000000000e+03
1.801000000000000000e+03 3.009000000000000000e+03
1.708000000000000000e+03 2.846000000000000000e+03
1.736000000000000000e+03 2.904000000000000000e+03
1.861000000000000000e+03 2.934000000000000000e+03
1.901000000000000000e+03 3.061000000000000000e+03
1.707000000000000000e+03 2.921000000000000000e+03
1.859000000000000000e+03 2.904000000000000000e+03
1.880000000000000000e+03 3.223000000000000000e+03
1.813000000000000000e+03 2.859000000000000000e+03
1.850000000000000000e+03 2.941000000000000000e+03
1.813000000000000000e+03 2.919000000000000000e+03
3.942000000000000000e+03 1.950000000000000000e+03
3.884000000000000000e+03 1.768000000000000000e+03
3.974000000000000000e+03 1.951000000000000000e+03
2.959000000000000000e+03 1.801000000000000000e+03
2.049000000000000000e+03 1.368000000000000000e+03
1.940000000000000000e+02 1.537000000000000000e+03
9.890000000000000000e+02 1.536000000000000000e+03
5.030000000000000000e+02 1.463000000000000000e+03
1.595000000000000000e+03 1.428000000000000000e+03
3.940000000000000000e+02 1.508000000000000000e+03
2.481000000000000000e+03 1.634000000000000000e+03
1.882000000000000000e+03 1.758000000000000000e+03
2.559000000000000000e+03 1.714000000000000000e+03
1.261000000000000000e+03 1.946000000000000000e+03
1.601000000000000000e+03 1.676000000000000000e+03
1.402000000000000000e+03 1.229000000000000000e+03
1.582000000000000000e+03 1.168000000000000000e+03
1.877000000000000000e+03 1.194000000000000000e+03
1.982000000000000000e+03 1.207000000000000000e+03
1.328000000000000000e+03 1.350000000000000000e+03
2.002000000000000000e+03 1.477000000000000000e+03
3.339000000000000000e+03 1.424000000000000000e+03
3.832000000000000000e+03 1.418000000000000000e+03
3.114000000000000000e+03 1.260000000000000000e+03
3.205000000000000000e+03 1.344000000000000000e+03
3.772000000000000000e+03 1.360000000000000000e+03
3.743000000000000000e+03 1.415000000000000000e+03
3.737000000000000000e+03 1.371000000000000000e+03
3.792000000000000000e+03 1.398000000000000000e+03
3.836000000000000000e+03 1.393000000000000000e+03
3.394000000000000000e+03 1.383000000000000000e+03
3.486000000000000000e+03 2.014000000000000000e+03
3.465000000000000000e+03 2.010000000000000000e+03
3.624000000000000000e+03 1.895000000000000000e+03
1.960000000000000000e+03 2.798000000000000000e+03
3.592000000000000000e+03 2.678000000000000000e+03
2.226000000000000000e+03 2.794000000000000000e+03
2.112000000000000000e+03 2.717000000000000000e+03
3.026000000000000000e+03 2.836000000000000000e+03
2.960000000000000000e+03 2.781000000000000000e+03
2.411000000000000000e+03 2.812000000000000000e+03
2.157000000000000000e+03 2.741000000000000000e+03
3.506000000000000000e+03 2.433000000000000000e+03
3.506000000000000000e+03 1.870000000000000000e+03
2.596000000000000000e+03 2.155000000000000000e+03
3.685000000000000000e+03 2.132000000000000000e+03
3.550000000000000000e+02 2.283000000000000000e+03
2.446000000000000000e+03 2.391000000000000000e+03
2.076000000000000000e+03 3.158000000000000000e+03
2.054000000000000000e+03 2.838000000000000000e+03
2.163000000000000000e+03 2.983000000000000000e+03
1.841000000000000000e+03 2.615000000000000000e+03
2.103000000000000000e+03 2.798000000000000000e+03
2.092000000000000000e+03 2.786000000000000000e+03
1.808000000000000000e+03 2.822000000000000000e+03
1.773000000000000000e+03 2.701000000000000000e+03
1.826000000000000000e+03 2.711000000000000000e+03
1.967000000000000000e+03 2.802000000000000000e+03
2.018000000000000000e+03 3.236000000000000000e+03
2.006000000000000000e+03 3.191000000000000000e+03
2.095000000000000000e+03 3.228000000000000000e+03
2.267000000000000000e+03 2.589000000000000000e+03
3.530000000000000000e+03 1.308000000000000000e+03
3.598000000000000000e+03 1.272000000000000000e+03
3.602000000000000000e+03 1.337000000000000000e+03
3.570000000000000000e+03 1.289000000000000000e+03
3.548000000000000000e+03 1.372000000000000000e+03
3.433000000000000000e+03 1.455000000000000000e+03
3.216000000000000000e+03 1.426000000000000000e+03
2.726000000000000000e+03 1.382000000000000000e+03
3.527000000000000000e+03 1.284000000000000000e+03
3.540000000000000000e+03 1.270000000000000000e+03
3.525000000000000000e+03 1.225000000000000000e+03
3.633000000000000000e+03 1.208000000000000000e+03
3.433000000000000000e+03 1.251000000000000000e+03
2.813000000000000000e+03 1.238000000000000000e+03
1.596000000000000000e+03 1.614000000000000000e+03
2.858000000000000000e+03 1.291000000000000000e+03
3.693000000000000000e+03 1.279000000000000000e+03
2.983000000000000000e+03 1.760000000000000000e+03
3.392000000000000000e+03 1.331000000000000000e+03
3.743000000000000000e+03 1.287000000000000000e+03
3.764000000000000000e+03 1.569000000000000000e+03
3.746000000000000000e+03 1.515000000000000000e+03
3.802000000000000000e+03 1.603000000000000000e+03
3.757000000000000000e+03 1.598000000000000000e+03
3.603000000000000000e+03 1.425000000000000000e+03
2.386000000000000000e+03 1.585000000000000000e+03
2.179000000000000000e+03 1.398000000000000000e+03
3.676000000000000000e+03 1.393000000000000000e+03
3.671000000000000000e+03 1.448000000000000000e+03
3.632000000000000000e+03 1.469000000000000000e+03
3.716000000000000000e+03 1.406000000000000000e+03
3.681000000000000000e+03 1.495000000000000000e+03
2.232000000000000000e+03 1.920000000000000000e+03
1.740000000000000000e+03 1.060000000000000000e+03
6.400000000000000000e+01 2.600000000000000000e+03
1.980000000000000000e+02 1.600000000000000000e+02
2.195000000000000000e+03 2.750000000000000000e+03
2.120000000000000000e+02 1.490000000000000000e+03
0.000000000000000000e+00 3.950000000000000000e+03
3.956000000000000000e+03 2.160000000000000000e+03
3.935000000000000000e+03 1.190000000000000000e+03
0.000000000000000000e+00 0.000000000000000000e+00
0.000000000000000000e+00 0.000000000000000000e+00
