3.489000000000000000e+03 3.355000000000000000e+03
3.895000000000000000e+03 2.654000000000000000e+03
3.964000000000000000e+03 3.425000000000000000e+03
3.708000000000000000e+03 3.563000000000000000e+03
3.965000000000000000e+03 3.510000000000000000e+03
3.795000000000000000e+03 3.735000000000000000e+03
3.903000000000000000e+03 3.805000000000000000e+03
3.870000000000000000e+03 3.817000000000000000e+03
3.820000000000000000e+03 3.812000000000000000e+03
3.794000000000000000e+03 3.834000000000000000e+03
3.785000000000000000e+03 3.849000000000000000e+03
3.934000000000000000e+03 3.125000000000000000e+03
3.870000000000000000e+03 3.676000000000000000e+03
3.945000000000000000e+03 2.948000000000000000e+03
3.638000000000000000e+03 3.470000000000000000e+03
2.893000000000000000e+03 3.677000000000000000e+03
3.397000000000000000e+03 2.764000000000000000e+03
3.714000000000000000e+03 2.302000000000000000e+03
3.714000000000000000e+03 2.134000000000000000e+03
2.858000000000000000e+03 3.879000000000000000e+03
3.023000000000000000e+03 3.852000000000000000e+03
3.799000000000000000e+03 3.820000000000000000e+03
3.850000000000000000e+03 3.814000000000000000e+03
3.781000000000000000e+03 2.072000000000000000e+03
3.769000000000000000e+03 2.250000000000000000e+03
3.762000000000000000e+03 2.918000000000000000e+03
3.632000000000000000e+03 2.514000000000000000e+03
3.900000000000000000e+03 2.616000000000000000e+03
3.505000000000000000e+03 3.799000000000000000e+03
3.688000000000000000e+03 3.848000000000000000e+03
3.749000000000000000e+03 3.871000000000000000e+03
3.046000000000000000e+03 3.325000000000000000e+03
2.575000000000000000e+03 3.959000000000000000e+03
2.787000000000000000e+03 3.481000000000000000e+03
2.086000000000000000e+03 3.911000000000000000e+03
2.041000000000000000e+03 3.927000000000000000e+03
2.462000000000000000e+03 3.926000000000000000e+03
2.421000000000000000e+03 3.931000000000000000e+03
2.697000000000000000e+03 3.890000000000000000e+03
2.569000000000000000e+03 3.956000000000000000e+03
2.704000000000000000e+03 3.965000000000000000e+03
2.813000000000000000e+03 3.794000000000000000e+03
3.455000000000000000e+03 1.981000000000000000e+03
3.716000000000000000e+03 2.154000000000000000e+03
3.502000000000000000e+03 2.347000000000000000e+03
3.641000000000000000e+03 2.230000000000000000e+03
2.677000000000000000e+03 3.846000000000000000e+03
2.629000000000000000e+03 3.887000000000000000e+03
2.571000000000000000e+03 3.937000000000000000e+03
2.655000000000000000e+03 3.846000000000000000e+03
2.466000000000000000e+03 3.908000000000000000e+03
2.741000000000000000e+03 3.896000000000000000e+03
2.712000000000000000e+03 3.921000000000000000e+03
2.658000000000000000e+03 3.912000000000000000e+03
2.459000000000000000e+03 3.897000000000000000e+03
2.433000000000000000e+03 3.928000000000000000e+03
2.640000000000000000e+03 3.816000000000000000e+03
2.616000000000000000e+03 3.833000000000000000e+03
2.335000000000000000e+03 3.894000000000000000e+03
2.187000000000000000e+03 3.940000000000000000e+03
2.562000000000000000e+03 3.833000000000000000e+03
2.486000000000000000e+03 3.862000000000000000e+03
3.981000000000000000e+03 3.171000000000000000e+03
3.955000000000000000e+03 3.611000000000000000e+03
3.980000000000000000e+03 3.616000000000000000e+03
3.959000000000000000e+03 3.667000000000000000e+03
3.985000000000000000e+03 3.701000000000000000e+03
3.941000000000000000e+03 3.724000000000000000e+03
3.941000000000000000e+03 3.766000000000000000e+03
3.957000000000000000e+03 3.215000000000000000e+03
3.950000000000000000e+03 3.251000000000000000e+03
3.955000000000000000e+03 3.368000000000000000e+03
3.981000000000000000e+03 3.340000000000000000e+03
3.946000000000000000e+03 2.871000000000000000e+03
3.927000000000000000e+03 2.858000000000000000e+03
3.973000000000000000e+03 3.191000000000000000e+03
3.937000000000000000e+03 2.954000000000000000e+03
3.934000000000000000e+03 3.828000000000000000e+03
3.958000000000000000e+03 3.769000000000000000e+03
3.984000000000000000e+03 3.586000000000000000e+03
3.972000000000000000e+03 3.814000000000000000e+03
3.945000000000000000e+03 3.863000000000000000e+03
3.979000000000000000e+03 3.892000000000000000e+03
3.931000000000000000e+03 3.916000000000000000e+03
3.973000000000000000e+03 3.953000000000000000e+03
3.977000000000000000e+03 3.314000000000000000e+03
3.972000000000000000e+03 3.345000000000000000e+03
3.966000000000000000e+03 3.334000000000000000e+03
3.953000000000000000e+03 3.439000000000000000e+03
3.944000000000000000e+03 2.797000000000000000e+03
3.943000000000000000e+03 2.376000000000000000e+03
3.936000000000000000e+03 3.296000000000000000e+03
3.954000000000000000e+03 3.305000000000000000e+03
3.865000000000000000e+03 2.419000000000000000e+03
3.911000000000000000e+03 2.339000000000000000e+03
3.932000000000000000e+03 2.379000000000000000e+03
3.899000000000000000e+03 2.403000000000000000e+03
3.848000000000000000e+03 2.319000000000000000e+03
3.868000000000000000e+03 2.330000000000000000e+03
3.937000000000000000e+03 2.279000000000000000e+03
3.945000000000000000e+03 2.219000000000000000e+03
3.816000000000000000e+03 2.607000000000000000e+03
3.940000000000000000e+03 2.522000000000000000e+03
3.877000000000000000e+03 2.590000000000000000e+03
3.903000000000000000e+03 2.586000000000000000e+03
3.818000000000000000e+03 2.977000000000000000e+03
3.701000000000000000e+03 2.669000000000000000e+03
3.862000000000000000e+03 2.658000000000000000e+03
3.829000000000000000e+03 2.399000000000000000e+03
3.800000000000000000e+03 2.254000000000000000e+03
3.806000000000000000e+03 2.345000000000000000e+03
3.897000000000000000e+03 2.506000000000000000e+03
3.867000000000000000e+03 2.170000000000000000e+03
3.801000000000000000e+03 2.008000000000000000e+03
3.684000000000000000e+03 2.072000000000000000e+03
3.793000000000000000e+03 2.124000000000000000e+03
3.786000000000000000e+03 2.212000000000000000e+03
3.753000000000000000e+03 2.248000000000000000e+03
3.858000000000000000e+03 2.026000000000000000e+03
3.732000000000000000e+03 2.223000000000000000e+03
3.713000000000000000e+03 2.270000000000000000e+03
3.821000000000000000e+03 2.289000000000000000e+03
3.901000000000000000e+03 2.069000000000000000e+03
3.789000000000000000e+03 2.255000000000000000e+03
3.857000000000000000e+03 1.979000000000000000e+03
2.006000000000000000e+03 3.888000000000000000e+03
2.132000000000000000e+03 3.832000000000000000e+03
2.122000000000000000e+03 3.864000000000000000e+03
2.170000000000000000e+03 3.659000000000000000e+03
2.161000000000000000e+03 3.730000000000000000e+03
2.158000000000000000e+03 3.812000000000000000e+03
2.164000000000000000e+03 3.594000000000000000e+03
2.111000000000000000e+03 3.805000000000000000e+03
1.995000000000000000e+03 3.886000000000000000e+03
2.051000000000000000e+03 3.752000000000000000e+03
2.034000000000000000e+03 3.813000000000000000e+03
2.040000000000000000e+03 3.747000000000000000e+03
2.053000000000000000e+03 3.646000000000000000e+03
2.011000000000000000e+03 3.746000000000000000e+03
2.026000000000000000e+03 3.704000000000000000e+03
2.127000000000000000e+03 3.756000000000000000e+03
2.094000000000000000e+03 3.744000000000000000e+03
2.111000000000000000e+03 3.838000000000000000e+03
2.118000000000000000e+03 3.789000000000000000e+03
2.112000000000000000e+03 3.674000000000000000e+03
2.014000000000000000e+03 3.785000000000000000e+03
2.105000000000000000e+03 3.672000000000000000e+03
2.145000000000000000e+03 3.693000000000000000e+03
2.190000000000000000e+03 3.824000000000000000e+03
2.115000000000000000e+03 3.861000000000000000e+03
2.011000000000000000e+03 3.878000000000000000e+03
2.135000000000000000e+03 3.865000000000000000e+03
2.213000000000000000e+03 3.721000000000000000e+03
2.278000000000000000e+03 3.608000000000000000e+03
2.130000000000000000e+03 3.796000000000000000e+03
2.234000000000000000e+03 3.790000000000000000e+03
2.210000000000000000e+03 3.890000000000000000e+03
2.238000000000000000e+03 3.906000000000000000e+03
2.217000000000000000e+03 3.908000000000000000e+03
2.124000000000000000e+03 3.954000000000000000e+03
2.422000000000000000e+03 3.828000000000000000e+03
2.182000000000000000e+03 3.895000000000000000e+03
2.160000000000000000e+03 3.904000000000000000e+03
2.365000000000000000e+03 3.957000000000000000e+03
2.281000000000000000e+03 3.968000000000000000e+03
2.333000000000000000e+03 3.945000000000000000e+03
2.354000000000000000e+03 3.905000000000000000e+03
2.253000000000000000e+03 3.935000000000000000e+03
2.217000000000000000e+03 3.952000000000000000e+03
2.156000000000000000e+03 3.970000000000000000e+03
2.218000000000000000e+03 3.945000000000000000e+03
2.490000000000000000e+03 3.844000000000000000e+03
2.455000000000000000e+03 3.826000000000000000e+03
2.487000000000000000e+03 3.920000000000000000e+03
2.342000000000000000e+03 3.950000000000000000e+03
2.515000000000000000e+03 3.916000000000000000e+03
2.384000000000000000e+03 3.973000000000000000e+03
2.452000000000000000e+03 3.956000000000000000e+03
2.510000000000000000e+03 3.957000000000000000e+03
2.349000000000000000e+03 3.898000000000000000e+03
2.402000000000000000e+03 3.741000000000000000e+03
2.396000000000000000e+03 3.841000000000000000e+03
2.391000000000000000e+03 3.862000000000000000e+03
2.357000000000000000e+03 3.894000000000000000e+03
2.567000000000000000e+03 3.735000000000000000e+03
2.326000000000000000e+03 3.952000000000000000e+03
2.562000000000000000e+03 3.813000000000000000e+03
3.745000000000000000e+03 2.175000000000000000e+03
3.755000000000000000e+03 2.098000000000000000e+03
3.728000000000000000e+03 2.065000000000000000e+03
3.708000000000000000e+03 2.395000000000000000e+03
3.890000000000000000e+03 2.312000000000000000e+03
3.836000000000000000e+03 2.190000000000000000e+03
3.821000000000000000e+03 2.177000000000000000e+03
3.255000000000000000e+03 1.995000000000000000e+03
3.506000000000000000e+03 2.146000000000000000e+03
3.028000000000000000e+03 2.093000000000000000e+03
3.923000000000000000e+03 2.158000000000000000e+03
3.160000000000000000e+03 2.117000000000000000e+03
3.188000000000000000e+03 2.207000000000000000e+03
3.237000000000000000e+03 2.184000000000000000e+03
3.212000000000000000e+03 2.217000000000000000e+03
1.572000000000000000e+03 5.970000000000000000e+02
3.583000000000000000e+03 1.923000000000000000e+03
3.787000000000000000e+03 2.012000000000000000e+03
2.495000000000000000e+03 1.107000000000000000e+03
1.582000000000000000e+03 1.740000000000000000e+02
1.684000000000000000e+03 1.200000000000000000e+02
1.815000000000000000e+03 6.600000000000000000e+02
1.488000000000000000e+03 6.350000000000000000e+02
1.793000000000000000e+03 1.152000000000000000e+03
3.112000000000000000e+03 1.752000000000000000e+03
1.700000000000000000e+03 1.074000000000000000e+03
2.099000000000000000e+03 1.242000000000000000e+03
3.780000000000000000e+03 1.929000000000000000e+03
3.834000000000000000e+03 1.974000000000000000e+03
1.714000000000000000e+03 1.153000000000000000e+03
2.898000000000000000e+03 1.632000000000000000e+03
2.184000000000000000e+03 3.509000000000000000e+03
2.144000000000000000e+03 3.200000000000000000e+03
2.197000000000000000e+03 3.408000000000000000e+03
2.151000000000000000e+03 3.326000000000000000e+03
2.200000000000000000e+03 3.272000000000000000e+03
2.178000000000000000e+03 3.377000000000000000e+03
2.221000000000000000e+03 3.558000000000000000e+03
2.164000000000000000e+03 3.366000000000000000e+03
3.498000000000000000e+03 3.069000000000000000e+03
3.615000000000000000e+03 3.191000000000000000e+03
2.196000000000000000e+03 3.130000000000000000e+03
2.192000000000000000e+03 3.187000000000000000e+03
2.128000000000000000e+03 3.193000000000000000e+03
2.185000000000000000e+03 3.120000000000000000e+03
2.224000000000000000e+03 3.473000000000000000e+03
2.218000000000000000e+03 3.511000000000000000e+03
3.868000000000000000e+03 3.031000000000000000e+03
3.883000000000000000e+03 2.958000000000000000e+03
3.879000000000000000e+03 3.103000000000000000e+03
2.014000000000000000e+03 3.091000000000000000e+03
3.857000000000000000e+03 3.150000000000000000e+03
3.584000000000000000e+03 3.183000000000000000e+03
2.159000000000000000e+03 3.080000000000000000e+03
3.745000000000000000e+03 3.083000000000000000e+03
2.171000000000000000e+03 3.020000000000000000e+03
2.204000000000000000e+03 3.009000000000000000e+03
2.219000000000000000e+03 3.060000000000000000e+03
3.298000000000000000e+03 3.330000000000000000e+03
2.407000000000000000e+03 3.615000000000000000e+03
2.130000000000000000e+03 3.028000000000000000e+03
2.115000000000000000e+03 3.066000000000000000e+03
2.237000000000000000e+03 3.638000000000000000e+03
8.840000000000000000e+02 2.222000000000000000e+03
1.323000000000000000e+03 2.427000000000000000e+03
1.380000000000000000e+03 2.409000000000000000e+03
1.915000000000000000e+03 2.703000000000000000e+03
1.394000000000000000e+03 2.432000000000000000e+03
1.809000000000000000e+03 2.258000000000000000e+03
1.588000000000000000e+03 2.395000000000000000e+03
7.750000000000000000e+02 3.413000000000000000e+03
7.250000000000000000e+02 3.266000000000000000e+03
1.026000000000000000e+03 3.146000000000000000e+03
9.270000000000000000e+02 3.806000000000000000e+03
1.151000000000000000e+03 3.932000000000000000e+03
1.319000000000000000e+03 3.733000000000000000e+03
1.167000000000000000e+03 3.907000000000000000e+03
1.190000000000000000e+03 3.924000000000000000e+03
1.791000000000000000e+03 2.427000000000000000e+03
1.630000000000000000e+03 2.418000000000000000e+03
1.828000000000000000e+03 2.777000000000000000e+03
1.749000000000000000e+03 2.417000000000000000e+03
1.715000000000000000e+03 2.496000000000000000e+03
1.718000000000000000e+03 2.525000000000000000e+03
1.782000000000000000e+03 2.500000000000000000e+03
1.669000000000000000e+03 2.470000000000000000e+03
1.902000000000000000e+03 2.340000000000000000e+03
9.340000000000000000e+02 2.705000000000000000e+03
2.385000000000000000e+03 1.617000000000000000e+03
2.701000000000000000e+03 1.226000000000000000e+03
1.163000000000000000e+03 2.851000000000000000e+03
1.327000000000000000e+03 2.830000000000000000e+03
1.240000000000000000e+03 2.949000000000000000e+03
1.356000000000000000e+03 2.947000000000000000e+03
1.589000000000000000e+03 7.540000000000000000e+02
1.803000000000000000e+03 1.380000000000000000e+02
1.908000000000000000e+03 1.400000000000000000e+02
2.766000000000000000e+03 1.146000000000000000e+03
2.802000000000000000e+03 1.138000000000000000e+03
2.847000000000000000e+03 1.153000000000000000e+03
2.878000000000000000e+03 1.137000000000000000e+03
1.746000000000000000e+03 1.020000000000000000e+02
1.851000000000000000e+03 8.700000000000000000e+01
1.645000000000000000e+03 2.340000000000000000e+02
1.804000000000000000e+03 1.160000000000000000e+02
1.763000000000000000e+03 6.900000000000000000e+01
1.820000000000000000e+03 1.050000000000000000e+02
1.864000000000000000e+03 8.500000000000000000e+01
1.910000000000000000e+03 9.500000000000000000e+01
1.734000000000000000e+03 1.173000000000000000e+03
1.603000000000000000e+03 1.685000000000000000e+03
1.058000000000000000e+03 1.559000000000000000e+03
2.609000000000000000e+03 1.267000000000000000e+03
1.399000000000000000e+03 1.678000000000000000e+03
1.319000000000000000e+03 1.951000000000000000e+03
1.715000000000000000e+03 1.410000000000000000e+03
1.494000000000000000e+03 1.918000000000000000e+03
6.480000000000000000e+02 1.997000000000000000e+03
3.870000000000000000e+02 1.922000000000000000e+03
1.797000000000000000e+03 1.192000000000000000e+03
1.941000000000000000e+03 1.111000000000000000e+03
1.015000000000000000e+03 2.213000000000000000e+03
6.810000000000000000e+02 1.869000000000000000e+03
9.050000000000000000e+02 2.236000000000000000e+03
6.580000000000000000e+02 2.198000000000000000e+03
4.180000000000000000e+02 2.889000000000000000e+03
2.020000000000000000e+02 2.762000000000000000e+03
1.080000000000000000e+02 2.831000000000000000e+03
1.600000000000000000e+02 2.860000000000000000e+03
1.920000000000000000e+02 2.866000000000000000e+03
2.070000000000000000e+02 2.907000000000000000e+03
1.790000000000000000e+02 2.909000000000000000e+03
4.540000000000000000e+02 2.898000000000000000e+03
4.330000000000000000e+02 2.828000000000000000e+03
3.630000000000000000e+02 2.797000000000000000e+03
3.940000000000000000e+02 2.896000000000000000e+03
3.870000000000000000e+02 2.892000000000000000e+03
3.640000000000000000e+02 2.895000000000000000e+03
3.450000000000000000e+02 2.854000000000000000e+03
2.620000000000000000e+02 2.801000000000000000e+03
1.490000000000000000e+02 2.892000000000000000e+03
3.010000000000000000e+02 2.999000000000000000e+03
2.990000000000000000e+02 2.960000000000000000e+03
2.700000000000000000e+02 2.923000000000000000e+03
3.970000000000000000e+02 2.960000000000000000e+03
2.390000000000000000e+02 2.849000000000000000e+03
3.650000000000000000e+02 2.972000000000000000e+03
4.270000000000000000e+02 3.013000000000000000e+03
9.850000000000000000e+02 3.873000000000000000e+03
1.093000000000000000e+03 3.892000000000000000e+03
8.730000000000000000e+02 3.824000000000000000e+03
9.870000000000000000e+02 3.877000000000000000e+03
5.040000000000000000e+02 3.047000000000000000e+03
7.300000000000000000e+02 3.098000000000000000e+03
4.970000000000000000e+02 3.279000000000000000e+03
6.390000000000000000e+02 3.122000000000000000e+03
1.988000000000000000e+03 3.021000000000000000e+03
2.025000000000000000e+03 2.992000000000000000e+03
1.966000000000000000e+03 2.991000000000000000e+03
1.935000000000000000e+03 2.961000000000000000e+03
6.290000000000000000e+02 2.891000000000000000e+03
5.510000000000000000e+02 2.886000000000000000e+03
2.040000000000000000e+03 3.492000000000000000e+03
1.787000000000000000e+03 3.294000000000000000e+03
1.868000000000000000e+03 2.961000000000000000e+03
1.889000000000000000e+03 3.042000000000000000e+03
5.550000000000000000e+02 2.866000000000000000e+03
5.410000000000000000e+02 2.689000000000000000e+03
1.890000000000000000e+03 2.926000000000000000e+03
1.878000000000000000e+03 3.019000000000000000e+03
1.834000000000000000e+03 2.967000000000000000e+03
1.849000000000000000e+03 2.995000000000000000e+03
2.000000000000000000e+03 3.735000000000000000e+03
2.033000000000000000e+03 3.189000000000000000e+03
2.060000000000000000e+03 3.232000000000000000e+03
2.083000000000000000e+03 3.207000000000000000e+03
2.080000000000000000e+03 3.461000000000000000e+03
2.038000000000000000e+03 3.341000000000000000e+03
2.068000000000000000e+03 3.121000000000000000e+03
2.067000000000000000e+03 3.174000000000000000e+03
2.034000000000000000e+03 3.309000000000000000e+03
1.896000000000000000e+03 3.063000000000000000e+03
2.062000000000000000e+03 3.031000000000000000e+03
2.116000000000000000e+03 3.199000000000000000e+03
2.047000000000000000e+03 3.616000000000000000e+03
2.077000000000000000e+03 3.564000000000000000e+03
2.104000000000000000e+03 3.520000000000000000e+03
2.099000000000000000e+03 3.329000000000000000e+03
2.420000000000000000e+02 2.927000000000000000e+03
9.300000000000000000e+01 2.980000000000000000e+03
6.180000000000000000e+02 3.285000000000000000e+03
7.600000000000000000e+01 3.021000000000000000e+03
1.100000000000000000e+02 3.019000000000000000e+03
1.300000000000000000e+02 3.051000000000000000e+03
1.250000000000000000e+02 3.045000000000000000e+03
2.390000000000000000e+02 3.120000000000000000e+03
4.760000000000000000e+02 3.088000000000000000e+03
1.420000000000000000e+02 2.927000000000000000e+03
2.530000000000000000e+02 3.006000000000000000e+03
2.290000000000000000e+02 3.059000000000000000e+03
2.670000000000000000e+02 3.068000000000000000e+03
2.060000000000000000e+02 3.035000000000000000e+03
2.930000000000000000e+02 3.081000000000000000e+03
2.360000000000000000e+02 3.156000000000000000e+03
2.440000000000000000e+02 3.175000000000000000e+03
2.610000000000000000e+02 3.234000000000000000e+03
2.950000000000000000e+02 3.222000000000000000e+03
3.110000000000000000e+02 3.129000000000000000e+03
2.270000000000000000e+02 3.113000000000000000e+03
1.890000000000000000e+02 2.988000000000000000e+03
3.480000000000000000e+02 2.966000000000000000e+03
1.849000000000000000e+03 3.471000000000000000e+03
1.804000000000000000e+03 3.344000000000000000e+03
1.330000000000000000e+02 3.072000000000000000e+03
7.300000000000000000e+02 3.393000000000000000e+03
1.780000000000000000e+03 3.858000000000000000e+03
1.570000000000000000e+03 3.759000000000000000e+03
1.585000000000000000e+03 3.723000000000000000e+03
1.947000000000000000e+03 3.756000000000000000e+03
1.526000000000000000e+03 2.258000000000000000e+03
5.600000000000000000e+02 2.757000000000000000e+03
6.580000000000000000e+02 3.036000000000000000e+03
6.800000000000000000e+02 2.831000000000000000e+03
2.331000000000000000e+03 2.549000000000000000e+03
9.840000000000000000e+02 2.589000000000000000e+03
2.950000000000000000e+02 2.758000000000000000e+03
1.220000000000000000e+02 3.185000000000000000e+03
1.520000000000000000e+02 3.242000000000000000e+03
8.800000000000000000e+01 3.206000000000000000e+03
1.250000000000000000e+02 3.204000000000000000e+03
2.030000000000000000e+02 3.228000000000000000e+03
1.970000000000000000e+02 3.190000000000000000e+03
1.850000000000000000e+02 3.185000000000000000e+03
1.730000000000000000e+02 3.183000000000000000e+03
1.742000000000000000e+03 3.894000000000000000e+03
1.716000000000000000e+03 3.895000000000000000e+03
1.699000000000000000e+03 3.927000000000000000e+03
1.683000000000000000e+03 3.904000000000000000e+03
1.858000000000000000e+03 3.902000000000000000e+03
1.847000000000000000e+03 3.084000000000000000e+03
1.762000000000000000e+03 3.893000000000000000e+03
1.779000000000000000e+03 3.890000000000000000e+03
1.757000000000000000e+03 3.974000000000000000e+03
1.785000000000000000e+03 3.964000000000000000e+03
1.814000000000000000e+03 3.965000000000000000e+03
1.834000000000000000e+03 3.967000000000000000e+03
1.874000000000000000e+03 3.922000000000000000e+03
1.914000000000000000e+03 3.933000000000000000e+03
1.907000000000000000e+03 3.965000000000000000e+03
1.874000000000000000e+03 3.969000000000000000e+03
2.078000000000000000e+03 3.307000000000000000e+03
2.053000000000000000e+03 3.535000000000000000e+03
1.959000000000000000e+03 3.430000000000000000e+03
1.531000000000000000e+03 3.468000000000000000e+03
1.912000000000000000e+03 3.490000000000000000e+03
2.036000000000000000e+03 3.595000000000000000e+03
2.044000000000000000e+03 3.612000000000000000e+03
2.220000000000000000e+03 3.325000000000000000e+03
2.131000000000000000e+03 3.593000000000000000e+03
2.107000000000000000e+03 3.465000000000000000e+03
2.050000000000000000e+03 3.430000000000000000e+03
2.120000000000000000e+03 3.163000000000000000e+03
2.167000000000000000e+03 3.437000000000000000e+03
2.153000000000000000e+03 3.227000000000000000e+03
2.140000000000000000e+03 3.459000000000000000e+03
2.025000000000000000e+03 3.446000000000000000e+03
1.954000000000000000e+03 3.379000000000000000e+03
1.942000000000000000e+03 3.262000000000000000e+03
1.881000000000000000e+03 3.318000000000000000e+03
2.037000000000000000e+03 3.420000000000000000e+03
2.001000000000000000e+03 3.453000000000000000e+03
2.019000000000000000e+03 3.398000000000000000e+03
1.838000000000000000e+03 3.108000000000000000e+03
2.134000000000000000e+03 3.383000000000000000e+03
2.011000000000000000e+03 3.380000000000000000e+03
2.083000000000000000e+03 3.405000000000000000e+03
2.060000000000000000e+03 3.353000000000000000e+03
2.158000000000000000e+03 3.328000000000000000e+03
2.134000000000000000e+03 3.318000000000000000e+03
2.142000000000000000e+03 3.378000000000000000e+03
2.145000000000000000e+03 3.400000000000000000e+03
1.576000000000000000e+03 3.923000000000000000e+03
1.565000000000000000e+03 3.929000000000000000e+03
1.712000000000000000e+03 3.883000000000000000e+03
1.555000000000000000e+03 3.776000000000000000e+03
1.434000000000000000e+03 3.926000000000000000e+03
1.441000000000000000e+03 3.934000000000000000e+03
1.383000000000000000e+03 3.780000000000000000e+03
1.477000000000000000e+03 3.926000000000000000e+03
1.799000000000000000e+03 3.893000000000000000e+03
1.873000000000000000e+03 3.868000000000000000e+03
1.589000000000000000e+03 3.872000000000000000e+03
1.473000000000000000e+03 3.855000000000000000e+03
1.553000000000000000e+03 3.869000000000000000e+03
1.550000000000000000e+03 3.863000000000000000e+03
1.470000000000000000e+03 3.883000000000000000e+03
1.437000000000000000e+03 3.876000000000000000e+03
1.387000000000000000e+03 3.902000000000000000e+03
1.319000000000000000e+03 3.865000000000000000e+03
1.248000000000000000e+03 3.857000000000000000e+03
1.346000000000000000e+03 3.903000000000000000e+03
1.552000000000000000e+03 3.851000000000000000e+03
1.712000000000000000e+03 3.874000000000000000e+03
1.919000000000000000e+03 3.922000000000000000e+03
1.825000000000000000e+03 3.902000000000000000e+03
1.239000000000000000e+03 3.880000000000000000e+03
1.370000000000000000e+03 3.896000000000000000e+03
1.282000000000000000e+03 3.931000000000000000e+03
1.333000000000000000e+03 3.863000000000000000e+03
1.312000000000000000e+03 3.920000000000000000e+03
1.499000000000000000e+03 3.918000000000000000e+03
1.434000000000000000e+03 3.936000000000000000e+03
1.612000000000000000e+03 3.943000000000000000e+03
3.847000000000000000e+03 7.450000000000000000e+02
3.848000000000000000e+03 7.320000000000000000e+02
3.868000000000000000e+03 7.910000000000000000e+02
3.778000000000000000e+03 5.840000000000000000e+02
3.736000000000000000e+03 4.470000000000000000e+02
3.807000000000000000e+03 4.380000000000000000e+02
3.816000000000000000e+03 4.570000000000000000e+02
3.734000000000000000e+03 6.670000000000000000e+02
3.735000000000000000e+03 6.950000000000000000e+02
3.711000000000000000e+03 6.000000000000000000e+02
3.735000000000000000e+03 5.410000000000000000e+02
3.764000000000000000e+03 6.040000000000000000e+02
3.797000000000000000e+03 6.610000000000000000e+02
3.756000000000000000e+03 6.720000000000000000e+02
3.784000000000000000e+03 7.540000000000000000e+02
3.803000000000000000e+03 5.920000000000000000e+02
3.876000000000000000e+03 6.730000000000000000e+02
3.843000000000000000e+03 5.990000000000000000e+02
3.904000000000000000e+03 7.410000000000000000e+02
3.854000000000000000e+03 6.280000000000000000e+02
3.860000000000000000e+03 5.520000000000000000e+02
3.859000000000000000e+03 6.740000000000000000e+02
3.827000000000000000e+03 6.660000000000000000e+02
3.888000000000000000e+03 4.680000000000000000e+02
3.896000000000000000e+03 4.410000000000000000e+02
3.925000000000000000e+03 5.570000000000000000e+02
3.926000000000000000e+03 5.240000000000000000e+02
3.874000000000000000e+03 4.860000000000000000e+02
3.848000000000000000e+03 4.560000000000000000e+02
3.818000000000000000e+03 5.010000000000000000e+02
3.780000000000000000e+03 5.240000000000000000e+02
3.974000000000000000e+03 1.002000000000000000e+03
3.970000000000000000e+03 9.260000000000000000e+02
3.945000000000000000e+03 9.200000000000000000e+02
3.920000000000000000e+03 8.260000000000000000e+02
3.950000000000000000e+03 8.150000000000000000e+02
3.971000000000000000e+03 9.010000000000000000e+02
3.962000000000000000e+03 8.970000000000000000e+02
3.953000000000000000e+03 1.047000000000000000e+03
3.916000000000000000e+03 1.042000000000000000e+03
3.899000000000000000e+03 9.960000000000000000e+02
3.866000000000000000e+03 1.001000000000000000e+03
3.836000000000000000e+03 1.089000000000000000e+03
3.945000000000000000e+03 1.051000000000000000e+03
3.885000000000000000e+03 1.058000000000000000e+03
3.824000000000000000e+03 1.027000000000000000e+03
3.691000000000000000e+03 1.034000000000000000e+03
3.898000000000000000e+03 9.180000000000000000e+02
3.781000000000000000e+03 1.064000000000000000e+03
3.859000000000000000e+03 9.700000000000000000e+02
3.860000000000000000e+03 8.850000000000000000e+02
3.840000000000000000e+03 9.000000000000000000e+02
3.725000000000000000e+03 1.206000000000000000e+03
3.822000000000000000e+03 1.085000000000000000e+03
3.839000000000000000e+03 1.188000000000000000e+03
3.832000000000000000e+03 1.215000000000000000e+03
3.852000000000000000e+03 1.255000000000000000e+03
3.880000000000000000e+03 1.184000000000000000e+03
3.797000000000000000e+03 1.167000000000000000e+03
3.827000000000000000e+03 1.147000000000000000e+03
3.914000000000000000e+03 1.082000000000000000e+03
3.921000000000000000e+03 1.171000000000000000e+03
3.806000000000000000e+03 9.190000000000000000e+02
3.748000000000000000e+03 9.150000000000000000e+02
3.821000000000000000e+03 9.380000000000000000e+02
3.711000000000000000e+03 8.720000000000000000e+02
3.708000000000000000e+03 9.050000000000000000e+02
3.713000000000000000e+03 8.470000000000000000e+02
3.704000000000000000e+03 7.920000000000000000e+02
3.712000000000000000e+03 7.950000000000000000e+02
3.624000000000000000e+03 7.110000000000000000e+02
3.739000000000000000e+03 9.150000000000000000e+02
3.678000000000000000e+03 7.950000000000000000e+02
3.581000000000000000e+03 6.530000000000000000e+02
3.619000000000000000e+03 6.240000000000000000e+02
3.662000000000000000e+03 6.260000000000000000e+02
3.641000000000000000e+03 6.740000000000000000e+02
3.765000000000000000e+03 1.063000000000000000e+03
3.647000000000000000e+03 8.160000000000000000e+02
3.659000000000000000e+03 8.760000000000000000e+02
3.632000000000000000e+03 8.860000000000000000e+02
3.550000000000000000e+03 7.920000000000000000e+02
3.695000000000000000e+03 9.040000000000000000e+02
3.898000000000000000e+03 9.790000000000000000e+02
3.615000000000000000e+03 8.610000000000000000e+02
3.629000000000000000e+03 7.580000000000000000e+02
3.654000000000000000e+03 7.920000000000000000e+02
3.786000000000000000e+03 8.320000000000000000e+02
3.758000000000000000e+03 8.360000000000000000e+02
3.818000000000000000e+03 8.120000000000000000e+02
3.459000000000000000e+03 8.780000000000000000e+02
3.847000000000000000e+03 8.560000000000000000e+02
3.863000000000000000e+03 1.694000000000000000e+03
1.747000000000000000e+03 1.210000000000000000e+03
3.363000000000000000e+03 1.204000000000000000e+03
6.410000000000000000e+02 1.202000000000000000e+03
6.710000000000000000e+02 1.196000000000000000e+03
3.447000000000000000e+03 1.192000000000000000e+03
3.466000000000000000e+03 1.175000000000000000e+03
2.864000000000000000e+03 1.104000000000000000e+03
3.405000000000000000e+03 1.151000000000000000e+03
1.938000000000000000e+03 1.131000000000000000e+03
3.300000000000000000e+03 1.185000000000000000e+03
3.298000000000000000e+03 1.139000000000000000e+03
2.262000000000000000e+03 1.115000000000000000e+03
1.881000000000000000e+03 1.183000000000000000e+03
6.490000000000000000e+02 1.212000000000000000e+03
2.800000000000000000e+03 9.060000000000000000e+02
3.234000000000000000e+03 1.175000000000000000e+03
3.363000000000000000e+03 1.187000000000000000e+03
1.516000000000000000e+03 1.127000000000000000e+03
3.375000000000000000e+03 1.135000000000000000e+03
3.640000000000000000e+03 1.074000000000000000e+03
2.637000000000000000e+03 1.200000000000000000e+03
3.563000000000000000e+03 1.161000000000000000e+03
3.570000000000000000e+03 1.158000000000000000e+03
2.540000000000000000e+03 1.173000000000000000e+03
3.619000000000000000e+03 1.159000000000000000e+03
3.648000000000000000e+03 1.143000000000000000e+03
3.777000000000000000e+03 1.059000000000000000e+03
3.771000000000000000e+03 1.078000000000000000e+03
3.582000000000000000e+03 1.055000000000000000e+03
3.551000000000000000e+03 1.123000000000000000e+03
3.595000000000000000e+03 1.053000000000000000e+03
3.583000000000000000e+03 1.029000000000000000e+03
3.956000000000000000e+03 4.740000000000000000e+02
3.976000000000000000e+03 4.480000000000000000e+02
3.990000000000000000e+03 5.490000000000000000e+02
3.969000000000000000e+03 5.800000000000000000e+02
3.977000000000000000e+03 6.110000000000000000e+02
3.864000000000000000e+03 3.730000000000000000e+02
3.963000000000000000e+03 5.390000000000000000e+02
3.924000000000000000e+03 3.170000000000000000e+02
3.934000000000000000e+03 3.530000000000000000e+02
3.953000000000000000e+03 2.890000000000000000e+02
3.979000000000000000e+03 3.240000000000000000e+02
3.894000000000000000e+03 4.980000000000000000e+02
3.937000000000000000e+03 5.960000000000000000e+02
3.873000000000000000e+03 3.320000000000000000e+02
3.951000000000000000e+03 5.820000000000000000e+02
3.702000000000000000e+03 4.760000000000000000e+02
3.682000000000000000e+03 5.790000000000000000e+02
3.797000000000000000e+03 3.580000000000000000e+02
3.750000000000000000e+03 3.970000000000000000e+02
3.726000000000000000e+03 4.160000000000000000e+02
3.902000000000000000e+03 4.100000000000000000e+02
3.813000000000000000e+03 3.660000000000000000e+02
3.919000000000000000e+03 5.610000000000000000e+02
3.948000000000000000e+03 7.690000000000000000e+02
3.929000000000000000e+03 7.120000000000000000e+02
3.760000000000000000e+03 6.040000000000000000e+02
3.931000000000000000e+03 6.520000000000000000e+02
3.944000000000000000e+03 6.400000000000000000e+02
3.936000000000000000e+03 5.990000000000000000e+02
3.898000000000000000e+03 5.720000000000000000e+02
3.908000000000000000e+03 6.960000000000000000e+02
7.110000000000000000e+02 1.113000000000000000e+03
1.678000000000000000e+03 8.380000000000000000e+02
4.440000000000000000e+02 1.140000000000000000e+03
5.000000000000000000e+02 1.187000000000000000e+03
5.020000000000000000e+02 1.182000000000000000e+03
5.770000000000000000e+02 1.170000000000000000e+03
5.310000000000000000e+02 1.187000000000000000e+03
7.360000000000000000e+02 1.262000000000000000e+03
4.320000000000000000e+02 1.230000000000000000e+03
6.510000000000000000e+02 1.245000000000000000e+03
2.740000000000000000e+02 1.147000000000000000e+03
5.890000000000000000e+02 1.241000000000000000e+03
2.760000000000000000e+02 1.224000000000000000e+03
6.230000000000000000e+02 1.224000000000000000e+03
6.020000000000000000e+02 1.171000000000000000e+03
7.330000000000000000e+02 1.064000000000000000e+03
3.953000000000000000e+03 8.140000000000000000e+02
3.230000000000000000e+02 1.083000000000000000e+03
3.110000000000000000e+02 1.053000000000000000e+03
4.150000000000000000e+02 1.090000000000000000e+03
4.340000000000000000e+02 1.057000000000000000e+03
6.760000000000000000e+02 1.209000000000000000e+03
3.920000000000000000e+02 1.077000000000000000e+03
4.520000000000000000e+02 1.055000000000000000e+03
4.940000000000000000e+02 1.055000000000000000e+03
4.490000000000000000e+02 1.074000000000000000e+03
4.630000000000000000e+02 1.106000000000000000e+03
4.070000000000000000e+02 1.180000000000000000e+03
4.160000000000000000e+02 1.135000000000000000e+03
3.910000000000000000e+02 1.320000000000000000e+03
2.930000000000000000e+02 1.163000000000000000e+03
8.660000000000000000e+02 1.139000000000000000e+03
1.630000000000000000e+02 1.323000000000000000e+03
1.390000000000000000e+02 1.350000000000000000e+03
9.900000000000000000e+01 1.407000000000000000e+03
9.000000000000000000e+01 1.383000000000000000e+03
9.200000000000000000e+01 1.348000000000000000e+03
9.900000000000000000e+01 1.315000000000000000e+03
7.060000000000000000e+02 1.023000000000000000e+03
1.190000000000000000e+02 1.045000000000000000e+03
8.900000000000000000e+01 1.062000000000000000e+03
1.007000000000000000e+03 6.000000000000000000e+02
3.607000000000000000e+03 5.400000000000000000e+01
3.589000000000000000e+03 6.800000000000000000e+01
3.532000000000000000e+03 3.340000000000000000e+02
3.570000000000000000e+03 6.380000000000000000e+02
3.687000000000000000e+03 9.680000000000000000e+02
3.623000000000000000e+03 1.085000000000000000e+03
3.637000000000000000e+03 1.217000000000000000e+03
3.530000000000000000e+03 1.228000000000000000e+03
3.689000000000000000e+03 1.045000000000000000e+03
3.742000000000000000e+03 1.015000000000000000e+03
3.831000000000000000e+03 1.063000000000000000e+03
3.715000000000000000e+03 1.071000000000000000e+03
3.767000000000000000e+03 9.770000000000000000e+02
3.568000000000000000e+03 1.085000000000000000e+03
3.733000000000000000e+03 9.700000000000000000e+02
3.687000000000000000e+03 9.730000000000000000e+02
3.648000000000000000e+03 9.320000000000000000e+02
3.659000000000000000e+03 9.610000000000000000e+02
3.594000000000000000e+03 9.570000000000000000e+02
3.235000000000000000e+03 1.450000000000000000e+03
3.580000000000000000e+02 1.095000000000000000e+03
8.540000000000000000e+02 1.256000000000000000e+03
1.080000000000000000e+02 1.458000000000000000e+03
2.860000000000000000e+02 1.194000000000000000e+03
9.790000000000000000e+02 1.262000000000000000e+03
9.240000000000000000e+02 1.232000000000000000e+03
3.847000000000000000e+03 1.185000000000000000e+03
8.530000000000000000e+02 1.242000000000000000e+03
2.685000000000000000e+03 1.591000000000000000e+03
3.640000000000000000e+02 1.536000000000000000e+03
8.050000000000000000e+02 1.003000000000000000e+03
2.974000000000000000e+03 1.199000000000000000e+03
2.087000000000000000e+03 1.782000000000000000e+03
1.542000000000000000e+03 1.287000000000000000e+03
2.694000000000000000e+03 1.387000000000000000e+03
1.884000000000000000e+03 1.902000000000000000e+03
1.520000000000000000e+02 1.576000000000000000e+03
1.290000000000000000e+02 1.307000000000000000e+03
1.310000000000000000e+02 1.192000000000000000e+03
1.530000000000000000e+02 1.596000000000000000e+03
1.860000000000000000e+02 1.696000000000000000e+03
2.180000000000000000e+02 1.919000000000000000e+03
1.710000000000000000e+02 1.799000000000000000e+03
1.870000000000000000e+02 1.414000000000000000e+03
1.380000000000000000e+02 1.190000000000000000e+03
8.200000000000000000e+01 1.086000000000000000e+03
1.360000000000000000e+02 2.010000000000000000e+03
1.450000000000000000e+02 2.028000000000000000e+03
2.210000000000000000e+02 1.045000000000000000e+03
4.020000000000000000e+02 1.050000000000000000e+03
1.190000000000000000e+02 9.970000000000000000e+02
1.520000000000000000e+02 1.724000000000000000e+03
2.360000000000000000e+02 1.170000000000000000e+03
3.890000000000000000e+02 1.217000000000000000e+03
3.430000000000000000e+02 1.248000000000000000e+03
4.390000000000000000e+02 1.250000000000000000e+03
4.210000000000000000e+02 1.259000000000000000e+03
5.050000000000000000e+02 1.245000000000000000e+03
6.770000000000000000e+02 7.770000000000000000e+02
7.020000000000000000e+02 1.094000000000000000e+03
8.080000000000000000e+02 1.078000000000000000e+03
6.370000000000000000e+02 1.129000000000000000e+03
6.770000000000000000e+02 1.156000000000000000e+03
4.440000000000000000e+02 1.157000000000000000e+03
5.530000000000000000e+02 1.185000000000000000e+03
6.240000000000000000e+02 1.141000000000000000e+03
4.140000000000000000e+02 1.169000000000000000e+03
3.347000000000000000e+03 1.202000000000000000e+03
3.241000000000000000e+03 1.229000000000000000e+03
3.409000000000000000e+03 1.293000000000000000e+03
3.122000000000000000e+03 1.393000000000000000e+03
3.208000000000000000e+03 1.354000000000000000e+03
2.947000000000000000e+03 1.554000000000000000e+03
2.328000000000000000e+03 1.484000000000000000e+03
2.296000000000000000e+03 1.451000000000000000e+03
1.530000000000000000e+02 1.163000000000000000e+03
8.210000000000000000e+02 1.144000000000000000e+03
8.820000000000000000e+02 1.217000000000000000e+03
8.090000000000000000e+02 1.181000000000000000e+03
2.173000000000000000e+03 1.496000000000000000e+03
1.295000000000000000e+03 1.440000000000000000e+03
1.422000000000000000e+03 1.231000000000000000e+03
1.188000000000000000e+03 1.277000000000000000e+03
3.542000000000000000e+03 1.813000000000000000e+03
3.907000000000000000e+03 1.876000000000000000e+03
3.878000000000000000e+03 1.857000000000000000e+03
3.923000000000000000e+03 1.944000000000000000e+03
3.936000000000000000e+03 1.945000000000000000e+03
3.894000000000000000e+03 1.898000000000000000e+03
3.879000000000000000e+03 1.915000000000000000e+03
3.867000000000000000e+03 2.011000000000000000e+03
3.903000000000000000e+03 2.036000000000000000e+03
3.929000000000000000e+03 2.074000000000000000e+03
3.871000000000000000e+03 2.036000000000000000e+03
3.917000000000000000e+03 2.009000000000000000e+03
3.857000000000000000e+03 1.960000000000000000e+03
3.901000000000000000e+03 1.868000000000000000e+03
3.873000000000000000e+03 1.852000000000000000e+03
3.911000000000000000e+03 1.282000000000000000e+03
3.906000000000000000e+03 1.240000000000000000e+03
3.911000000000000000e+03 1.594000000000000000e+03
3.928000000000000000e+03 1.509000000000000000e+03
3.960000000000000000e+03 1.126000000000000000e+03
3.966000000000000000e+03 1.114000000000000000e+03
3.929000000000000000e+03 1.196000000000000000e+03
3.953000000000000000e+03 1.157000000000000000e+03
3.912000000000000000e+03 1.552000000000000000e+03
3.896000000000000000e+03 1.573000000000000000e+03
3.917000000000000000e+03 1.462000000000000000e+03
3.903000000000000000e+03 1.303000000000000000e+03
3.902000000000000000e+03 1.671000000000000000e+03
3.791000000000000000e+03 1.638000000000000000e+03
3.932000000000000000e+03 1.724000000000000000e+03
3.910000000000000000e+03 1.676000000000000000e+03
2.770000000000000000e+02 1.175000000000000000e+03
1.500000000000000000e+02 1.233000000000000000e+03
1.310000000000000000e+02 1.245000000000000000e+03
1.880000000000000000e+02 1.112000000000000000e+03
5.800000000000000000e+02 1.198000000000000000e+03
1.780000000000000000e+02 1.235000000000000000e+03
1.940000000000000000e+02 1.202000000000000000e+03
1.590000000000000000e+02 8.290000000000000000e+02
1.640000000000000000e+02 9.990000000000000000e+02
2.060000000000000000e+02 8.280000000000000000e+02
1.950000000000000000e+02 8.500000000000000000e+02
1.290000000000000000e+02 1.068000000000000000e+03
2.110000000000000000e+02 8.590000000000000000e+02
2.210000000000000000e+02 7.470000000000000000e+02
2.330000000000000000e+02 7.840000000000000000e+02
1.380000000000000000e+02 9.560000000000000000e+02
1.320000000000000000e+02 8.760000000000000000e+02
7.400000000000000000e+01 9.210000000000000000e+02
8.300000000000000000e+01 8.820000000000000000e+02
1.930000000000000000e+02 6.900000000000000000e+02
5.670000000000000000e+02 9.810000000000000000e+02
1.800000000000000000e+02 1.107000000000000000e+03
2.100000000000000000e+02 1.077000000000000000e+03
7.500000000000000000e+01 7.720000000000000000e+02
9.280000000000000000e+02 8.310000000000000000e+02
1.090000000000000000e+02 7.450000000000000000e+02
3.670000000000000000e+02 8.440000000000000000e+02
1.390000000000000000e+02 7.130000000000000000e+02
1.230000000000000000e+02 7.220000000000000000e+02
1.330000000000000000e+02 8.560000000000000000e+02
1.070000000000000000e+02 9.290000000000000000e+02
2.930000000000000000e+02 8.980000000000000000e+02
4.040000000000000000e+02 8.810000000000000000e+02
2.390000000000000000e+02 9.210000000000000000e+02
2.000000000000000000e+02 8.890000000000000000e+02
2.560000000000000000e+02 1.137000000000000000e+03
2.310000000000000000e+02 1.099000000000000000e+03
2.590000000000000000e+02 1.008000000000000000e+03
2.470000000000000000e+02 1.013000000000000000e+03
3.910000000000000000e+02 1.069000000000000000e+03
3.110000000000000000e+02 1.068000000000000000e+03
4.060000000000000000e+02 9.310000000000000000e+02
3.900000000000000000e+02 9.210000000000000000e+02
8.020000000000000000e+02 1.172000000000000000e+03
3.520000000000000000e+02 1.205000000000000000e+03
4.020000000000000000e+02 1.024000000000000000e+03
4.010000000000000000e+02 1.043000000000000000e+03
2.150000000000000000e+02 1.190000000000000000e+03
2.910000000000000000e+02 9.200000000000000000e+02
4.270000000000000000e+02 8.240000000000000000e+02
4.970000000000000000e+02 8.710000000000000000e+02
3.050000000000000000e+02 9.950000000000000000e+02
3.830000000000000000e+02 8.240000000000000000e+02
5.570000000000000000e+02 9.110000000000000000e+02
3.050000000000000000e+02 9.450000000000000000e+02
2.200000000000000000e+02 1.184000000000000000e+03
2.440000000000000000e+02 1.123000000000000000e+03
2.330000000000000000e+02 8.760000000000000000e+02
2.980000000000000000e+02 8.090000000000000000e+02
3.770000000000000000e+02 7.740000000000000000e+02
3.180000000000000000e+02 7.960000000000000000e+02
5.280000000000000000e+02 8.450000000000000000e+02
3.140000000000000000e+02 7.820000000000000000e+02
2.112000000000000000e+03 1.405000000000000000e+03
1.587000000000000000e+03 2.506000000000000000e+03
1.609000000000000000e+03 2.807000000000000000e+03
1.750000000000000000e+03 2.894000000000000000e+03
1.845000000000000000e+03 2.664000000000000000e+03
1.809000000000000000e+03 2.598000000000000000e+03
1.854000000000000000e+03 2.642000000000000000e+03
7.870000000000000000e+02 2.564000000000000000e+03
1.903000000000000000e+03 2.753000000000000000e+03
1.907000000000000000e+03 2.683000000000000000e+03
1.920000000000000000e+03 2.861000000000000000e+03
1.257000000000000000e+03 2.562000000000000000e+03
1.748000000000000000e+03 2.598000000000000000e+03
1.805000000000000000e+03 2.608000000000000000e+03
1.600000000000000000e+03 2.602000000000000000e+03
1.687000000000000000e+03 2.818000000000000000e+03
1.778000000000000000e+03 2.879000000000000000e+03
1.891000000000000000e+03 2.878000000000000000e+03
1.668000000000000000e+03 2.901000000000000000e+03
1.621000000000000000e+03 2.779000000000000000e+03
1.796000000000000000e+03 2.915000000000000000e+03
1.712000000000000000e+03 2.730000000000000000e+03
1.736000000000000000e+03 2.801000000000000000e+03
1.855000000000000000e+03 2.822000000000000000e+03
1.903000000000000000e+03 2.952000000000000000e+03
1.720000000000000000e+03 2.824000000000000000e+03
1.862000000000000000e+03 2.786000000000000000e+03
1.872000000000000000e+03 3.154000000000000000e+03
1.819000000000000000e+03 2.745000000000000000e+03
1.847000000000000000e+03 2.841000000000000000e+03
1.800000000000000000e+03 2.830000000000000000e+03
3.913000000000000000e+03 2.021000000000000000e+03
3.862000000000000000e+03 1.845000000000000000e+03
3.973000000000000000e+03 1.993000000000000000e+03
2.860000000000000000e+03 2.030000000000000000e+03
1.900000000000000000e+03 1.836000000000000000e+03
1.500000000000000000e+02 2.140000000000000000e+03
9.690000000000000000e+02 2.063000000000000000e+03
4.280000000000000000e+02 2.157000000000000000e+03
1.516000000000000000e+03 1.813000000000000000e+03
4.390000000000000000e+02 2.153000000000000000e+03
2.660000000000000000e+03 2.086000000000000000e+03
1.804000000000000000e+03 2.239000000000000000e+03
2.505000000000000000e+03 1.996000000000000000e+03
1.140000000000000000e+03 2.426000000000000000e+03
1.730000000000000000e+03 2.106000000000000000e+03
1.445000000000000000e+03 1.267000000000000000e+03
1.560000000000000000e+03 1.138000000000000000e+03
2.000000000000000000e+03 1.168000000000000000e+03
2.060000000000000000e+03 1.171000000000000000e+03
1.406000000000000000e+03 1.376000000000000000e+03
2.056000000000000000e+03 1.561000000000000000e+03
3.409000000000000000e+03 1.447000000000000000e+03
3.865000000000000000e+03 1.356000000000000000e+03
3.144000000000000000e+03 1.509000000000000000e+03
3.308000000000000000e+03 1.421000000000000000e+03
3.900000000000000000e+03 1.445000000000000000e+03
3.865000000000000000e+03 1.493000000000000000e+03
3.752000000000000000e+03 1.355000000000000000e+03
3.873000000000000000e+03 1.430000000000000000e+03
3.886000000000000000e+03 1.352000000000000000e+03
3.385000000000000000e+03 1.490000000000000000e+03
3.634000000000000000e+03 2.400000000000000000e+03
3.620000000000000000e+03 2.422000000000000000e+03
3.810000000000000000e+03 2.387000000000000000e+03
1.924000000000000000e+03 2.735000000000000000e+03
3.722000000000000000e+03 2.482000000000000000e+03
2.228000000000000000e+03 2.716000000000000000e+03
2.302000000000000000e+03 2.736000000000000000e+03
3.074000000000000000e+03 2.692000000000000000e+03
3.011000000000000000e+03 2.644000000000000000e+03
2.359000000000000000e+03 2.782000000000000000e+03
2.181000000000000000e+03 2.726000000000000000e+03
3.718000000000000000e+03 2.488000000000000000e+03
3.731000000000000000e+03 2.453000000000000000e+03
2.718000000000000000e+03 2.327000000000000000e+03
3.831000000000000000e+03 2.370000000000000000e+03
3.380000000000000000e+02 2.151000000000000000e+03
2.466000000000000000e+03 2.361000000000000000e+03
2.089000000000000000e+03 2.952000000000000000e+03
2.072000000000000000e+03 2.792000000000000000e+03
2.329000000000000000e+03 2.955000000000000000e+03
1.939000000000000000e+03 2.614000000000000000e+03
2.132000000000000000e+03 2.761000000000000000e+03
2.119000000000000000e+03 2.751000000000000000e+03
1.832000000000000000e+03 2.750000000000000000e+03
1.804000000000000000e+03 2.716000000000000000e+03
1.863000000000000000e+03 2.736000000000000000e+03
1.986000000000000000e+03 2.797000000000000000e+03
2.026000000000000000e+03 3.045000000000000000e+03
2.022000000000000000e+03 3.012000000000000000e+03
2.107000000000000000e+03 3.028000000000000000e+03
2.288000000000000000e+03 2.574000000000000000e+03
3.728000000000000000e+03 1.319000000000000000e+03
3.762000000000000000e+03 1.287000000000000000e+03
3.768000000000000000e+03 1.417000000000000000e+03
3.723000000000000000e+03 1.377000000000000000e+03
3.720000000000000000e+03 1.428000000000000000e+03
3.317000000000000000e+03 1.401000000000000000e+03
3.460000000000000000e+03 1.490000000000000000e+03
2.658000000000000000e+03 1.400000000000000000e+03
3.674000000000000000e+03 1.341000000000000000e+03
3.371000000000000000e+03 1.287000000000000000e+03
3.499000000000000000e+03 1.235000000000000000e+03
3.781000000000000000e+03 1.216000000000000000e+03
3.566000000000000000e+03 1.255000000000000000e+03
2.934000000000000000e+03 1.245000000000000000e+03
1.644000000000000000e+03 1.583000000000000000e+03
2.989000000000000000e+03 1.269000000000000000e+03
3.829000000000000000e+03 1.294000000000000000e+03
2.761000000000000000e+03 1.730000000000000000e+03
3.539000000000000000e+03 1.320000000000000000e+03
3.862000000000000000e+03 1.265000000000000000e+03
3.876000000000000000e+03 1.718000000000000000e+03
3.851000000000000000e+03 1.631000000000000000e+03
3.856000000000000000e+03 1.729000000000000000e+03
3.836000000000000000e+03 1.725000000000000000e+03
3.748000000000000000e+03 1.508000000000000000e+03
2.398000000000000000e+03 1.589000000000000000e+03
2.189000000000000000e+03 1.464000000000000000e+03
3.821000000000000000e+03 1.488000000000000000e+03
3.587000000000000000e+03 1.540000000000000000e+03
3.771000000000000000e+03 1.560000000000000000e+03
3.845000000000000000e+03 1.500000000000000000e+03
3.822000000000000000e+03 1.594000000000000000e+03
3.440000000000000000e+02 3.040000000000000000e+03
4.630000000000000000e+02 1.600000000000000000e+02
2.240000000000000000e+03 2.520000000000000000e+03
2.000000000000000000e+02 1.290000000000000000e+03
1.981000000000000000e+03 6.000000000000000000e+01
6.400000000000000000e+01 2.170000000000000000e+03
0.000000000000000000e+00 3.950000000000000000e+03
3.956000000000000000e+03 2.160000000000000000e+03
3.935000000000000000e+03 1.190000000000000000e+03
0.000000000000000000e+00 0.000000000000000000e+00
0.000000000000000000e+00 0.000000000000000000e+00
