3.370000000000000000e+03 2.951000000000000000e+03
3.781000000000000000e+03 2.543000000000000000e+03
3.809000000000000000e+03 3.033000000000000000e+03
3.675000000000000000e+03 3.148000000000000000e+03
3.745000000000000000e+03 3.067000000000000000e+03
3.579000000000000000e+03 3.093000000000000000e+03
3.641000000000000000e+03 3.040000000000000000e+03
3.650000000000000000e+03 2.990000000000000000e+03
3.620000000000000000e+03 2.992000000000000000e+03
3.604000000000000000e+03 2.946000000000000000e+03
3.561000000000000000e+03 3.019000000000000000e+03
3.810000000000000000e+03 2.726000000000000000e+03
3.666000000000000000e+03 3.004000000000000000e+03
3.839000000000000000e+03 2.776000000000000000e+03
3.511000000000000000e+03 3.002000000000000000e+03
3.428000000000000000e+03 3.048000000000000000e+03
3.435000000000000000e+03 2.581000000000000000e+03
3.767000000000000000e+03 2.373000000000000000e+03
3.752000000000000000e+03 2.265000000000000000e+03
3.168000000000000000e+03 3.150000000000000000e+03
3.288000000000000000e+03 3.164000000000000000e+03
3.517000000000000000e+03 3.063000000000000000e+03
3.585000000000000000e+03 3.024000000000000000e+03
3.755000000000000000e+03 2.161000000000000000e+03
3.684000000000000000e+03 2.549000000000000000e+03
3.542000000000000000e+03 2.852000000000000000e+03
3.536000000000000000e+03 2.887000000000000000e+03
3.804000000000000000e+03 2.443000000000000000e+03
3.471000000000000000e+03 2.956000000000000000e+03
3.514000000000000000e+03 2.939000000000000000e+03
3.549000000000000000e+03 2.940000000000000000e+03
2.830000000000000000e+03 3.143000000000000000e+03
2.224000000000000000e+03 3.664000000000000000e+03
2.668000000000000000e+03 3.362000000000000000e+03
2.065000000000000000e+03 3.681000000000000000e+03
2.017000000000000000e+03 3.693000000000000000e+03
2.171000000000000000e+03 3.686000000000000000e+03
2.118000000000000000e+03 3.674000000000000000e+03
2.360000000000000000e+03 3.585000000000000000e+03
2.245000000000000000e+03 3.651000000000000000e+03
2.333000000000000000e+03 3.603000000000000000e+03
2.455000000000000000e+03 3.390000000000000000e+03
3.527000000000000000e+03 2.074000000000000000e+03
3.719000000000000000e+03 2.155000000000000000e+03
3.588000000000000000e+03 2.405000000000000000e+03
3.653000000000000000e+03 2.248000000000000000e+03
2.294000000000000000e+03 3.535000000000000000e+03
2.287000000000000000e+03 3.604000000000000000e+03
2.231000000000000000e+03 3.577000000000000000e+03
2.265000000000000000e+03 3.565000000000000000e+03
2.177000000000000000e+03 3.600000000000000000e+03
2.278000000000000000e+03 3.438000000000000000e+03
2.274000000000000000e+03 3.481000000000000000e+03
2.290000000000000000e+03 3.512000000000000000e+03
2.184000000000000000e+03 3.628000000000000000e+03
2.210000000000000000e+03 3.672000000000000000e+03
2.216000000000000000e+03 3.563000000000000000e+03
2.193000000000000000e+03 3.534000000000000000e+03
2.103000000000000000e+03 3.671000000000000000e+03
2.047000000000000000e+03 3.848000000000000000e+03
2.128000000000000000e+03 3.559000000000000000e+03
2.152000000000000000e+03 3.582000000000000000e+03
3.921000000000000000e+03 3.039000000000000000e+03
3.848000000000000000e+03 2.932000000000000000e+03
3.872000000000000000e+03 2.926000000000000000e+03
3.797000000000000000e+03 2.892000000000000000e+03
3.813000000000000000e+03 2.882000000000000000e+03
3.764000000000000000e+03 2.856000000000000000e+03
3.782000000000000000e+03 2.811000000000000000e+03
3.824000000000000000e+03 3.043000000000000000e+03
3.815000000000000000e+03 3.029000000000000000e+03
3.901000000000000000e+03 3.097000000000000000e+03
3.833000000000000000e+03 3.084000000000000000e+03
3.923000000000000000e+03 3.044000000000000000e+03
3.929000000000000000e+03 3.023000000000000000e+03
3.867000000000000000e+03 3.020000000000000000e+03
3.877000000000000000e+03 2.778000000000000000e+03
3.825000000000000000e+03 2.775000000000000000e+03
3.839000000000000000e+03 2.874000000000000000e+03
3.905000000000000000e+03 2.906000000000000000e+03
3.843000000000000000e+03 2.822000000000000000e+03
3.890000000000000000e+03 2.801000000000000000e+03
3.896000000000000000e+03 2.832000000000000000e+03
3.891000000000000000e+03 2.760000000000000000e+03
3.929000000000000000e+03 2.840000000000000000e+03
3.895000000000000000e+03 3.011000000000000000e+03
3.927000000000000000e+03 2.975000000000000000e+03
3.923000000000000000e+03 3.037000000000000000e+03
3.891000000000000000e+03 3.085000000000000000e+03
3.947000000000000000e+03 2.900000000000000000e+03
3.941000000000000000e+03 2.411000000000000000e+03
3.932000000000000000e+03 2.949000000000000000e+03
3.919000000000000000e+03 2.941000000000000000e+03
3.866000000000000000e+03 2.561000000000000000e+03
3.931000000000000000e+03 2.508000000000000000e+03
3.930000000000000000e+03 2.568000000000000000e+03
3.893000000000000000e+03 2.570000000000000000e+03
3.897000000000000000e+03 2.461000000000000000e+03
3.910000000000000000e+03 2.487000000000000000e+03
3.949000000000000000e+03 2.412000000000000000e+03
3.944000000000000000e+03 2.328000000000000000e+03
3.758000000000000000e+03 2.723000000000000000e+03
3.868000000000000000e+03 2.626000000000000000e+03
3.842000000000000000e+03 2.728000000000000000e+03
3.896000000000000000e+03 2.704000000000000000e+03
3.672000000000000000e+03 2.959000000000000000e+03
3.731000000000000000e+03 2.797000000000000000e+03
3.829000000000000000e+03 2.765000000000000000e+03
3.842000000000000000e+03 2.523000000000000000e+03
3.855000000000000000e+03 2.397000000000000000e+03
3.842000000000000000e+03 2.456000000000000000e+03
3.931000000000000000e+03 2.650000000000000000e+03
3.911000000000000000e+03 2.338000000000000000e+03
3.852000000000000000e+03 2.076000000000000000e+03
3.820000000000000000e+03 2.136000000000000000e+03
3.864000000000000000e+03 2.229000000000000000e+03
3.855000000000000000e+03 2.349000000000000000e+03
3.823000000000000000e+03 2.350000000000000000e+03
3.874000000000000000e+03 2.059000000000000000e+03
3.808000000000000000e+03 2.335000000000000000e+03
3.804000000000000000e+03 2.388000000000000000e+03
3.888000000000000000e+03 2.417000000000000000e+03
3.930000000000000000e+03 2.188000000000000000e+03
3.859000000000000000e+03 2.355000000000000000e+03
3.871000000000000000e+03 2.024000000000000000e+03
1.960000000000000000e+03 3.877000000000000000e+03
2.103000000000000000e+03 3.763000000000000000e+03
2.106000000000000000e+03 3.775000000000000000e+03
2.177000000000000000e+03 3.719000000000000000e+03
2.189000000000000000e+03 3.710000000000000000e+03
2.136000000000000000e+03 3.731000000000000000e+03
2.156000000000000000e+03 3.567000000000000000e+03
2.238000000000000000e+03 3.876000000000000000e+03
1.939000000000000000e+03 3.851000000000000000e+03
1.924000000000000000e+03 3.732000000000000000e+03
1.956000000000000000e+03 3.782000000000000000e+03
1.953000000000000000e+03 3.780000000000000000e+03
1.978000000000000000e+03 3.708000000000000000e+03
1.894000000000000000e+03 3.775000000000000000e+03
1.901000000000000000e+03 3.736000000000000000e+03
2.028000000000000000e+03 3.823000000000000000e+03
1.994000000000000000e+03 3.814000000000000000e+03
2.036000000000000000e+03 3.893000000000000000e+03
2.007000000000000000e+03 3.887000000000000000e+03
2.014000000000000000e+03 3.720000000000000000e+03
1.962000000000000000e+03 3.869000000000000000e+03
2.018000000000000000e+03 3.731000000000000000e+03
2.043000000000000000e+03 3.761000000000000000e+03
2.211000000000000000e+03 3.955000000000000000e+03
2.131000000000000000e+03 3.962000000000000000e+03
1.935000000000000000e+03 3.958000000000000000e+03
2.139000000000000000e+03 3.968000000000000000e+03
2.247000000000000000e+03 3.779000000000000000e+03
2.466000000000000000e+03 3.755000000000000000e+03
2.121000000000000000e+03 3.910000000000000000e+03
2.276000000000000000e+03 3.952000000000000000e+03
2.134000000000000000e+03 3.813000000000000000e+03
2.132000000000000000e+03 3.813000000000000000e+03
2.096000000000000000e+03 3.839000000000000000e+03
2.025000000000000000e+03 3.943000000000000000e+03
2.307000000000000000e+03 3.824000000000000000e+03
2.066000000000000000e+03 3.848000000000000000e+03
2.056000000000000000e+03 3.892000000000000000e+03
2.165000000000000000e+03 3.873000000000000000e+03
2.165000000000000000e+03 3.913000000000000000e+03
2.161000000000000000e+03 3.875000000000000000e+03
2.144000000000000000e+03 3.823000000000000000e+03
2.112000000000000000e+03 3.870000000000000000e+03
2.135000000000000000e+03 3.910000000000000000e+03
2.087000000000000000e+03 3.939000000000000000e+03
2.088000000000000000e+03 3.898000000000000000e+03
2.323000000000000000e+03 3.848000000000000000e+03
2.321000000000000000e+03 3.840000000000000000e+03
2.275000000000000000e+03 3.853000000000000000e+03
2.225000000000000000e+03 3.926000000000000000e+03
2.263000000000000000e+03 3.819000000000000000e+03
2.217000000000000000e+03 3.911000000000000000e+03
2.219000000000000000e+03 3.825000000000000000e+03
2.241000000000000000e+03 3.818000000000000000e+03
2.267000000000000000e+03 3.838000000000000000e+03
2.358000000000000000e+03 3.583000000000000000e+03
2.324000000000000000e+03 3.770000000000000000e+03
2.304000000000000000e+03 3.795000000000000000e+03
2.246000000000000000e+03 3.761000000000000000e+03
2.449000000000000000e+03 3.694000000000000000e+03
2.184000000000000000e+03 3.824000000000000000e+03
2.441000000000000000e+03 3.678000000000000000e+03
3.720000000000000000e+03 2.180000000000000000e+03
3.741000000000000000e+03 2.171000000000000000e+03
3.718000000000000000e+03 2.120000000000000000e+03
3.606000000000000000e+03 2.457000000000000000e+03
3.816000000000000000e+03 2.347000000000000000e+03
3.771000000000000000e+03 2.211000000000000000e+03
3.748000000000000000e+03 2.221000000000000000e+03
3.708000000000000000e+03 2.192000000000000000e+03
3.751000000000000000e+03 2.192000000000000000e+03
3.554000000000000000e+03 2.218000000000000000e+03
3.907000000000000000e+03 2.206000000000000000e+03
3.619000000000000000e+03 2.221000000000000000e+03
3.589000000000000000e+03 2.258000000000000000e+03
3.655000000000000000e+03 2.231000000000000000e+03
3.636000000000000000e+03 2.270000000000000000e+03
3.573000000000000000e+03 2.005000000000000000e+03
3.801000000000000000e+03 2.104000000000000000e+03
3.810000000000000000e+03 2.163000000000000000e+03
3.487000000000000000e+03 2.164000000000000000e+03
3.545000000000000000e+03 2.099000000000000000e+03
3.560000000000000000e+03 2.147000000000000000e+03
3.378000000000000000e+03 2.222000000000000000e+03
3.128000000000000000e+03 2.175000000000000000e+03
3.659000000000000000e+03 2.080000000000000000e+03
3.736000000000000000e+03 2.123000000000000000e+03
3.608000000000000000e+03 2.027000000000000000e+03
3.656000000000000000e+03 2.100000000000000000e+03
3.764000000000000000e+03 2.004000000000000000e+03
3.835000000000000000e+03 2.047000000000000000e+03
3.673000000000000000e+03 2.033000000000000000e+03
3.701000000000000000e+03 2.034000000000000000e+03
2.460000000000000000e+03 3.984000000000000000e+03
2.601000000000000000e+03 3.962000000000000000e+03
2.581000000000000000e+03 3.967000000000000000e+03
2.577000000000000000e+03 3.978000000000000000e+03
2.539000000000000000e+03 3.932000000000000000e+03
2.424000000000000000e+03 3.935000000000000000e+03
2.332000000000000000e+03 3.921000000000000000e+03
2.473000000000000000e+03 3.976000000000000000e+03
3.311000000000000000e+03 3.279000000000000000e+03
3.274000000000000000e+03 3.240000000000000000e+03
2.658000000000000000e+03 3.911000000000000000e+03
2.589000000000000000e+03 3.912000000000000000e+03
2.414000000000000000e+03 3.914000000000000000e+03
2.464000000000000000e+03 3.516000000000000000e+03
2.374000000000000000e+03 3.945000000000000000e+03
2.351000000000000000e+03 3.950000000000000000e+03
3.687000000000000000e+03 3.161000000000000000e+03
3.705000000000000000e+03 3.094000000000000000e+03
3.642000000000000000e+03 3.108000000000000000e+03
3.249000000000000000e+03 3.652000000000000000e+03
3.521000000000000000e+03 3.130000000000000000e+03
3.525000000000000000e+03 3.250000000000000000e+03
2.750000000000000000e+03 3.914000000000000000e+03
3.445000000000000000e+03 3.176000000000000000e+03
2.826000000000000000e+03 3.936000000000000000e+03
2.892000000000000000e+03 3.914000000000000000e+03
2.948000000000000000e+03 3.924000000000000000e+03
3.288000000000000000e+03 3.427000000000000000e+03
2.728000000000000000e+03 3.903000000000000000e+03
2.766000000000000000e+03 3.950000000000000000e+03
2.719000000000000000e+03 3.946000000000000000e+03
2.498000000000000000e+03 3.979000000000000000e+03
6.400000000000000000e+02 2.478000000000000000e+03
2.830000000000000000e+02 2.250000000000000000e+03
2.880000000000000000e+02 2.224000000000000000e+03
1.476000000000000000e+03 2.770000000000000000e+03
2.960000000000000000e+02 2.302000000000000000e+03
6.310000000000000000e+02 2.373000000000000000e+03
3.500000000000000000e+02 2.275000000000000000e+03
1.011000000000000000e+03 2.946000000000000000e+03
8.250000000000000000e+02 2.704000000000000000e+03
1.154000000000000000e+03 3.009000000000000000e+03
1.596000000000000000e+03 3.464000000000000000e+03
1.771000000000000000e+03 3.548000000000000000e+03
1.707000000000000000e+03 3.599000000000000000e+03
1.805000000000000000e+03 3.487000000000000000e+03
1.767000000000000000e+03 3.539000000000000000e+03
3.700000000000000000e+02 2.139000000000000000e+03
3.500000000000000000e+02 2.223000000000000000e+03
8.820000000000000000e+02 2.882000000000000000e+03
3.940000000000000000e+02 2.265000000000000000e+03
2.680000000000000000e+02 2.103000000000000000e+03
1.830000000000000000e+02 2.084000000000000000e+03
3.310000000000000000e+02 2.055000000000000000e+03
3.380000000000000000e+02 2.104000000000000000e+03
4.260000000000000000e+02 2.265000000000000000e+03
1.590000000000000000e+02 2.350000000000000000e+03
1.289000000000000000e+03 2.480000000000000000e+03
1.690000000000000000e+03 2.585000000000000000e+03
1.990000000000000000e+02 2.232000000000000000e+03
2.530000000000000000e+02 2.222000000000000000e+03
4.320000000000000000e+02 2.405000000000000000e+03
4.530000000000000000e+02 2.386000000000000000e+03
5.830000000000000000e+02 1.961000000000000000e+03
3.700000000000000000e+02 1.835000000000000000e+03
4.080000000000000000e+02 1.812000000000000000e+03
1.802000000000000000e+03 2.601000000000000000e+03
1.867000000000000000e+03 2.590000000000000000e+03
1.820000000000000000e+03 2.564000000000000000e+03
1.817000000000000000e+03 2.559000000000000000e+03
3.500000000000000000e+02 1.801000000000000000e+03
4.030000000000000000e+02 1.803000000000000000e+03
3.790000000000000000e+02 1.795000000000000000e+03
3.880000000000000000e+02 1.833000000000000000e+03
3.640000000000000000e+02 1.743000000000000000e+03
4.040000000000000000e+02 1.692000000000000000e+03
4.120000000000000000e+02 1.687000000000000000e+03
4.200000000000000000e+02 1.735000000000000000e+03
3.610000000000000000e+02 2.142000000000000000e+03
4.620000000000000000e+02 2.210000000000000000e+03
3.480000000000000000e+02 2.189000000000000000e+03
1.242000000000000000e+03 2.447000000000000000e+03
3.140000000000000000e+02 2.390000000000000000e+03
3.150000000000000000e+02 2.260000000000000000e+03
3.740000000000000000e+02 2.343000000000000000e+03
3.190000000000000000e+02 2.248000000000000000e+03
1.910000000000000000e+02 2.285000000000000000e+03
1.560000000000000000e+02 2.239000000000000000e+03
3.960000000000000000e+02 2.163000000000000000e+03
4.300000000000000000e+02 2.106000000000000000e+03
3.890000000000000000e+02 2.330000000000000000e+03
1.830000000000000000e+02 2.189000000000000000e+03
3.010000000000000000e+02 2.440000000000000000e+03
2.490000000000000000e+02 2.419000000000000000e+03
2.040000000000000000e+02 2.483000000000000000e+03
8.000000000000000000e+01 2.441000000000000000e+03
7.200000000000000000e+01 2.455000000000000000e+03
1.480000000000000000e+02 2.536000000000000000e+03
1.540000000000000000e+02 2.521000000000000000e+03
1.690000000000000000e+02 2.493000000000000000e+03
1.240000000000000000e+02 2.499000000000000000e+03
9.700000000000000000e+01 2.304000000000000000e+03
1.240000000000000000e+02 2.267000000000000000e+03
9.200000000000000000e+01 2.256000000000000000e+03
8.500000000000000000e+01 2.239000000000000000e+03
9.500000000000000000e+01 2.203000000000000000e+03
8.700000000000000000e+01 2.183000000000000000e+03
7.900000000000000000e+01 2.143000000000000000e+03
6.600000000000000000e+01 2.173000000000000000e+03
9.000000000000000000e+01 2.360000000000000000e+03
1.260000000000000000e+02 2.022000000000000000e+03
8.800000000000000000e+01 2.046000000000000000e+03
7.600000000000000000e+01 2.104000000000000000e+03
1.400000000000000000e+02 2.159000000000000000e+03
9.700000000000000000e+01 2.427000000000000000e+03
1.410000000000000000e+02 2.110000000000000000e+03
1.450000000000000000e+02 2.074000000000000000e+03
1.768000000000000000e+03 3.329000000000000000e+03
1.767000000000000000e+03 3.417000000000000000e+03
1.736000000000000000e+03 3.232000000000000000e+03
1.771000000000000000e+03 3.323000000000000000e+03
3.550000000000000000e+02 2.416000000000000000e+03
5.030000000000000000e+02 2.423000000000000000e+03
1.170000000000000000e+03 2.837000000000000000e+03
6.420000000000000000e+02 2.702000000000000000e+03
1.935000000000000000e+03 3.411000000000000000e+03
1.945000000000000000e+03 3.396000000000000000e+03
1.935000000000000000e+03 3.356000000000000000e+03
1.874000000000000000e+03 3.358000000000000000e+03
3.540000000000000000e+02 2.470000000000000000e+03
3.200000000000000000e+02 2.524000000000000000e+03
1.981000000000000000e+03 3.554000000000000000e+03
1.706000000000000000e+03 3.407000000000000000e+03
1.884000000000000000e+03 3.286000000000000000e+03
1.903000000000000000e+03 3.342000000000000000e+03
3.500000000000000000e+02 2.561000000000000000e+03
2.680000000000000000e+02 2.412000000000000000e+03
1.955000000000000000e+03 3.232000000000000000e+03
1.944000000000000000e+03 3.296000000000000000e+03
1.891000000000000000e+03 3.245000000000000000e+03
1.897000000000000000e+03 3.277000000000000000e+03
1.985000000000000000e+03 3.794000000000000000e+03
2.072000000000000000e+03 3.458000000000000000e+03
2.126000000000000000e+03 3.498000000000000000e+03
2.120000000000000000e+03 3.467000000000000000e+03
2.062000000000000000e+03 3.583000000000000000e+03
2.047000000000000000e+03 3.517000000000000000e+03
2.084000000000000000e+03 3.390000000000000000e+03
2.063000000000000000e+03 3.455000000000000000e+03
1.956000000000000000e+03 3.527000000000000000e+03
1.806000000000000000e+03 3.359000000000000000e+03
1.972000000000000000e+03 3.394000000000000000e+03
2.022000000000000000e+03 3.465000000000000000e+03
2.036000000000000000e+03 3.689000000000000000e+03
2.054000000000000000e+03 3.635000000000000000e+03
2.075000000000000000e+03 3.613000000000000000e+03
2.042000000000000000e+03 3.538000000000000000e+03
1.500000000000000000e+02 2.413000000000000000e+03
2.160000000000000000e+02 2.440000000000000000e+03
6.270000000000000000e+02 2.926000000000000000e+03
2.140000000000000000e+02 2.401000000000000000e+03
2.290000000000000000e+02 2.393000000000000000e+03
2.660000000000000000e+02 2.436000000000000000e+03
2.570000000000000000e+02 2.413000000000000000e+03
2.790000000000000000e+02 2.309000000000000000e+03
2.230000000000000000e+02 2.297000000000000000e+03
1.400000000000000000e+02 2.478000000000000000e+03
2.100000000000000000e+02 2.291000000000000000e+03
2.790000000000000000e+02 2.294000000000000000e+03
2.800000000000000000e+02 2.251000000000000000e+03
2.910000000000000000e+02 2.321000000000000000e+03
2.850000000000000000e+02 2.294000000000000000e+03
2.360000000000000000e+02 2.109000000000000000e+03
2.730000000000000000e+02 2.103000000000000000e+03
3.260000000000000000e+02 2.092000000000000000e+03
3.200000000000000000e+02 2.136000000000000000e+03
2.490000000000000000e+02 2.215000000000000000e+03
2.220000000000000000e+02 2.190000000000000000e+03
1.750000000000000000e+02 2.409000000000000000e+03
1.590000000000000000e+02 2.401000000000000000e+03
3.370000000000000000e+02 3.506000000000000000e+03
2.830000000000000000e+02 3.240000000000000000e+03
3.170000000000000000e+02 2.564000000000000000e+03
5.250000000000000000e+02 3.008000000000000000e+03
7.650000000000000000e+02 3.853000000000000000e+03
7.030000000000000000e+02 3.714000000000000000e+03
6.060000000000000000e+02 3.681000000000000000e+03
6.900000000000000000e+02 3.849000000000000000e+03
1.805000000000000000e+03 2.199000000000000000e+03
6.830000000000000000e+02 2.356000000000000000e+03
6.250000000000000000e+02 2.263000000000000000e+03
7.620000000000000000e+02 2.299000000000000000e+03
2.213000000000000000e+03 2.265000000000000000e+03
1.287000000000000000e+03 2.176000000000000000e+03
3.790000000000000000e+02 2.308000000000000000e+03
2.950000000000000000e+02 2.008000000000000000e+03
3.090000000000000000e+02 1.973000000000000000e+03
2.410000000000000000e+02 1.954000000000000000e+03
2.600000000000000000e+02 1.984000000000000000e+03
3.150000000000000000e+02 2.027000000000000000e+03
3.030000000000000000e+02 2.053000000000000000e+03
2.730000000000000000e+02 2.043000000000000000e+03
2.630000000000000000e+02 2.030000000000000000e+03
1.728000000000000000e+03 3.902000000000000000e+03
1.698000000000000000e+03 3.912000000000000000e+03
1.684000000000000000e+03 3.943000000000000000e+03
1.674000000000000000e+03 3.908000000000000000e+03
1.832000000000000000e+03 3.889000000000000000e+03
1.677000000000000000e+03 3.129000000000000000e+03
1.750000000000000000e+03 3.895000000000000000e+03
1.776000000000000000e+03 3.888000000000000000e+03
1.753000000000000000e+03 3.971000000000000000e+03
1.776000000000000000e+03 3.965000000000000000e+03
1.805000000000000000e+03 3.963000000000000000e+03
1.823000000000000000e+03 3.962000000000000000e+03
1.850000000000000000e+03 3.901000000000000000e+03
1.888000000000000000e+03 3.925000000000000000e+03
1.881000000000000000e+03 3.967000000000000000e+03
1.855000000000000000e+03 3.967000000000000000e+03
2.039000000000000000e+03 3.476000000000000000e+03
1.923000000000000000e+03 3.666000000000000000e+03
1.809000000000000000e+03 3.495000000000000000e+03
1.386000000000000000e+03 3.437000000000000000e+03
1.758000000000000000e+03 3.581000000000000000e+03
1.864000000000000000e+03 3.724000000000000000e+03
1.852000000000000000e+03 3.721000000000000000e+03
2.119000000000000000e+03 3.376000000000000000e+03
1.983000000000000000e+03 3.644000000000000000e+03
1.974000000000000000e+03 3.560000000000000000e+03
2.026000000000000000e+03 3.521000000000000000e+03
2.006000000000000000e+03 3.349000000000000000e+03
1.957000000000000000e+03 3.493000000000000000e+03
1.963000000000000000e+03 3.330000000000000000e+03
1.952000000000000000e+03 3.544000000000000000e+03
1.824000000000000000e+03 3.617000000000000000e+03
1.750000000000000000e+03 3.573000000000000000e+03
1.724000000000000000e+03 3.498000000000000000e+03
1.724000000000000000e+03 3.561000000000000000e+03
1.782000000000000000e+03 3.676000000000000000e+03
1.800000000000000000e+03 3.684000000000000000e+03
1.811000000000000000e+03 3.658000000000000000e+03
1.654000000000000000e+03 3.336000000000000000e+03
1.916000000000000000e+03 3.588000000000000000e+03
1.817000000000000000e+03 3.520000000000000000e+03
1.868000000000000000e+03 3.606000000000000000e+03
1.798000000000000000e+03 3.509000000000000000e+03
1.875000000000000000e+03 3.517000000000000000e+03
1.853000000000000000e+03 3.496000000000000000e+03
1.885000000000000000e+03 3.481000000000000000e+03
1.908000000000000000e+03 3.473000000000000000e+03
1.764000000000000000e+03 3.761000000000000000e+03
1.765000000000000000e+03 3.769000000000000000e+03
1.788000000000000000e+03 3.779000000000000000e+03
1.736000000000000000e+03 3.631000000000000000e+03
1.600000000000000000e+03 3.907000000000000000e+03
1.595000000000000000e+03 3.917000000000000000e+03
1.601000000000000000e+03 3.736000000000000000e+03
1.628000000000000000e+03 3.899000000000000000e+03
1.812000000000000000e+03 3.870000000000000000e+03
1.846000000000000000e+03 3.852000000000000000e+03
1.717000000000000000e+03 3.836000000000000000e+03
1.615000000000000000e+03 3.838000000000000000e+03
1.731000000000000000e+03 3.845000000000000000e+03
1.745000000000000000e+03 3.798000000000000000e+03
1.638000000000000000e+03 3.816000000000000000e+03
1.616000000000000000e+03 3.856000000000000000e+03
1.504000000000000000e+03 3.891000000000000000e+03
1.452000000000000000e+03 3.836000000000000000e+03
1.418000000000000000e+03 3.843000000000000000e+03
1.469000000000000000e+03 3.890000000000000000e+03
1.641000000000000000e+03 3.820000000000000000e+03
1.750000000000000000e+03 3.838000000000000000e+03
1.898000000000000000e+03 3.923000000000000000e+03
1.816000000000000000e+03 3.865000000000000000e+03
1.394000000000000000e+03 3.902000000000000000e+03
1.532000000000000000e+03 3.910000000000000000e+03
1.552000000000000000e+03 3.906000000000000000e+03
1.530000000000000000e+03 3.861000000000000000e+03
1.466000000000000000e+03 3.922000000000000000e+03
1.577000000000000000e+03 3.934000000000000000e+03
1.519000000000000000e+03 3.933000000000000000e+03
1.633000000000000000e+03 3.938000000000000000e+03
3.842000000000000000e+03 5.010000000000000000e+02
3.801000000000000000e+03 5.100000000000000000e+02
3.829000000000000000e+03 5.050000000000000000e+02
3.784000000000000000e+03 3.920000000000000000e+02
3.758000000000000000e+03 2.650000000000000000e+02
3.900000000000000000e+03 2.820000000000000000e+02
3.886000000000000000e+03 3.290000000000000000e+02
3.718000000000000000e+03 3.860000000000000000e+02
3.706000000000000000e+03 4.040000000000000000e+02
3.728000000000000000e+03 3.380000000000000000e+02
3.775000000000000000e+03 2.870000000000000000e+02
3.779000000000000000e+03 3.610000000000000000e+02
3.802000000000000000e+03 4.800000000000000000e+02
3.742000000000000000e+03 4.380000000000000000e+02
3.755000000000000000e+03 5.400000000000000000e+02
3.827000000000000000e+03 3.530000000000000000e+02
3.862000000000000000e+03 4.940000000000000000e+02
3.870000000000000000e+03 3.710000000000000000e+02
3.912000000000000000e+03 5.660000000000000000e+02
3.868000000000000000e+03 5.310000000000000000e+02
3.915000000000000000e+03 3.760000000000000000e+02
3.921000000000000000e+03 4.120000000000000000e+02
3.891000000000000000e+03 3.880000000000000000e+02
3.960000000000000000e+03 3.320000000000000000e+02
3.967000000000000000e+03 3.270000000000000000e+02
3.975000000000000000e+03 4.620000000000000000e+02
3.972000000000000000e+03 4.390000000000000000e+02
3.949000000000000000e+03 3.390000000000000000e+02
3.939000000000000000e+03 3.080000000000000000e+02
3.867000000000000000e+03 2.850000000000000000e+02
3.822000000000000000e+03 2.820000000000000000e+02
3.924000000000000000e+03 9.740000000000000000e+02
3.984000000000000000e+03 9.190000000000000000e+02
3.959000000000000000e+03 9.240000000000000000e+02
3.933000000000000000e+03 7.940000000000000000e+02
3.946000000000000000e+03 8.100000000000000000e+02
3.966000000000000000e+03 9.090000000000000000e+02
3.961000000000000000e+03 8.930000000000000000e+02
3.843000000000000000e+03 1.018000000000000000e+03
3.849000000000000000e+03 9.950000000000000000e+02
3.851000000000000000e+03 9.680000000000000000e+02
3.826000000000000000e+03 9.290000000000000000e+02
3.766000000000000000e+03 8.720000000000000000e+02
3.886000000000000000e+03 1.037000000000000000e+03
3.819000000000000000e+03 9.470000000000000000e+02
3.799000000000000000e+03 8.650000000000000000e+02
3.550000000000000000e+03 8.690000000000000000e+02
3.859000000000000000e+03 8.300000000000000000e+02
3.744000000000000000e+03 7.630000000000000000e+02
3.887000000000000000e+03 9.130000000000000000e+02
3.809000000000000000e+03 7.980000000000000000e+02
3.764000000000000000e+03 7.160000000000000000e+02
3.645000000000000000e+03 6.220000000000000000e+02
3.756000000000000000e+03 9.770000000000000000e+02
3.691000000000000000e+03 7.230000000000000000e+02
3.669000000000000000e+03 6.710000000000000000e+02
3.679000000000000000e+03 6.180000000000000000e+02
3.732000000000000000e+03 7.460000000000000000e+02
3.706000000000000000e+03 7.360000000000000000e+02
3.731000000000000000e+03 7.880000000000000000e+02
3.859000000000000000e+03 8.980000000000000000e+02
3.813000000000000000e+03 1.087000000000000000e+03
3.871000000000000000e+03 8.040000000000000000e+02
3.831000000000000000e+03 7.950000000000000000e+02
3.897000000000000000e+03 8.310000000000000000e+02
3.736000000000000000e+03 7.360000000000000000e+02
3.758000000000000000e+03 7.340000000000000000e+02
3.716000000000000000e+03 7.050000000000000000e+02
3.739000000000000000e+03 6.620000000000000000e+02
3.724000000000000000e+03 5.990000000000000000e+02
3.636000000000000000e+03 5.050000000000000000e+02
3.730000000000000000e+03 7.920000000000000000e+02
3.598000000000000000e+03 7.170000000000000000e+02
3.575000000000000000e+03 4.800000000000000000e+02
3.594000000000000000e+03 4.270000000000000000e+02
3.633000000000000000e+03 4.030000000000000000e+02
3.621000000000000000e+03 4.970000000000000000e+02
3.857000000000000000e+03 1.018000000000000000e+03
3.767000000000000000e+03 5.630000000000000000e+02
3.825000000000000000e+03 5.660000000000000000e+02
3.806000000000000000e+03 5.740000000000000000e+02
3.707000000000000000e+03 4.850000000000000000e+02
3.788000000000000000e+03 7.350000000000000000e+02
3.920000000000000000e+03 9.940000000000000000e+02
3.784000000000000000e+03 5.600000000000000000e+02
3.710000000000000000e+03 5.670000000000000000e+02
3.742000000000000000e+03 5.890000000000000000e+02
3.806000000000000000e+03 7.110000000000000000e+02
3.776000000000000000e+03 7.080000000000000000e+02
3.838000000000000000e+03 7.050000000000000000e+02
3.486000000000000000e+03 7.990000000000000000e+02
3.879000000000000000e+03 6.860000000000000000e+02
3.888000000000000000e+03 1.424000000000000000e+03
1.917000000000000000e+03 1.165000000000000000e+03
3.289000000000000000e+03 1.190000000000000000e+03
9.180000000000000000e+02 1.180000000000000000e+03
9.400000000000000000e+02 1.168000000000000000e+03
3.441000000000000000e+03 1.114000000000000000e+03
3.523000000000000000e+03 1.008000000000000000e+03
3.184000000000000000e+03 1.114000000000000000e+03
3.358000000000000000e+03 1.144000000000000000e+03
1.860000000000000000e+03 1.142000000000000000e+03
3.194000000000000000e+03 1.184000000000000000e+03
3.218000000000000000e+03 1.153000000000000000e+03
2.499000000000000000e+03 1.135000000000000000e+03
1.696000000000000000e+03 1.185000000000000000e+03
9.050000000000000000e+02 1.211000000000000000e+03
2.690000000000000000e+03 9.240000000000000000e+02
3.111000000000000000e+03 1.171000000000000000e+03
3.305000000000000000e+03 1.107000000000000000e+03
2.290000000000000000e+03 1.140000000000000000e+03
3.501000000000000000e+03 1.058000000000000000e+03
3.616000000000000000e+03 8.770000000000000000e+02
2.575000000000000000e+03 1.119000000000000000e+03
3.594000000000000000e+03 1.053000000000000000e+03
3.601000000000000000e+03 7.690000000000000000e+02
2.731000000000000000e+03 1.020000000000000000e+03
3.653000000000000000e+03 8.710000000000000000e+02
3.663000000000000000e+03 8.020000000000000000e+02
3.742000000000000000e+03 9.230000000000000000e+02
3.727000000000000000e+03 8.980000000000000000e+02
3.633000000000000000e+03 6.870000000000000000e+02
3.571000000000000000e+03 6.830000000000000000e+02
3.634000000000000000e+03 7.050000000000000000e+02
3.639000000000000000e+03 6.750000000000000000e+02
3.930000000000000000e+03 4.750000000000000000e+02
3.967000000000000000e+03 4.840000000000000000e+02
3.991000000000000000e+03 5.680000000000000000e+02
3.948000000000000000e+03 5.190000000000000000e+02
3.948000000000000000e+03 6.070000000000000000e+02
3.839000000000000000e+03 2.310000000000000000e+02
3.942000000000000000e+03 4.970000000000000000e+02
3.919000000000000000e+03 1.840000000000000000e+02
3.924000000000000000e+03 2.020000000000000000e+02
3.950000000000000000e+03 1.520000000000000000e+02
3.981000000000000000e+03 1.910000000000000000e+02
3.886000000000000000e+03 4.080000000000000000e+02
3.932000000000000000e+03 5.560000000000000000e+02
3.845000000000000000e+03 1.870000000000000000e+02
3.945000000000000000e+03 5.400000000000000000e+02
3.655000000000000000e+03 3.050000000000000000e+02
3.610000000000000000e+03 3.830000000000000000e+02
3.768000000000000000e+03 2.160000000000000000e+02
3.709000000000000000e+03 2.490000000000000000e+02
3.673000000000000000e+03 2.950000000000000000e+02
3.923000000000000000e+03 3.740000000000000000e+02
3.781000000000000000e+03 2.520000000000000000e+02
3.911000000000000000e+03 5.530000000000000000e+02
3.950000000000000000e+03 7.610000000000000000e+02
3.929000000000000000e+03 7.010000000000000000e+02
3.694000000000000000e+03 6.090000000000000000e+02
3.925000000000000000e+03 6.390000000000000000e+02
3.907000000000000000e+03 6.010000000000000000e+02
3.908000000000000000e+03 5.540000000000000000e+02
3.867000000000000000e+03 5.290000000000000000e+02
3.891000000000000000e+03 6.770000000000000000e+02
7.490000000000000000e+02 1.069000000000000000e+03
1.783000000000000000e+03 8.940000000000000000e+02
7.030000000000000000e+02 1.199000000000000000e+03
7.500000000000000000e+02 1.243000000000000000e+03
7.420000000000000000e+02 1.254000000000000000e+03
7.890000000000000000e+02 1.221000000000000000e+03
7.340000000000000000e+02 1.264000000000000000e+03
6.990000000000000000e+02 2.220000000000000000e+02
4.390000000000000000e+02 8.270000000000000000e+02
6.540000000000000000e+02 3.080000000000000000e+02
3.150000000000000000e+02 9.570000000000000000e+02
7.660000000000000000e+02 1.028000000000000000e+03
3.150000000000000000e+02 1.214000000000000000e+03
7.180000000000000000e+02 7.760000000000000000e+02
7.440000000000000000e+02 1.193000000000000000e+03
7.650000000000000000e+02 1.164000000000000000e+03
3.949000000000000000e+03 7.310000000000000000e+02
3.950000000000000000e+02 1.151000000000000000e+03
3.790000000000000000e+02 1.134000000000000000e+03
5.130000000000000000e+02 1.165000000000000000e+03
5.030000000000000000e+02 1.176000000000000000e+03
7.710000000000000000e+02 1.141000000000000000e+03
5.080000000000000000e+02 1.146000000000000000e+03
4.870000000000000000e+02 1.190000000000000000e+03
4.740000000000000000e+02 1.141000000000000000e+03
4.270000000000000000e+02 1.203000000000000000e+03
4.030000000000000000e+02 1.229000000000000000e+03
3.590000000000000000e+02 1.257000000000000000e+03
3.690000000000000000e+02 1.244000000000000000e+03
3.190000000000000000e+02 1.348000000000000000e+03
3.120000000000000000e+02 1.192000000000000000e+03
1.171000000000000000e+03 1.057000000000000000e+03
6.910000000000000000e+02 1.304000000000000000e+03
6.730000000000000000e+02 1.378000000000000000e+03
6.680000000000000000e+02 1.327000000000000000e+03
7.420000000000000000e+02 1.319000000000000000e+03
7.310000000000000000e+02 1.354000000000000000e+03
7.280000000000000000e+02 1.360000000000000000e+03
1.090000000000000000e+03 1.181000000000000000e+03
6.150000000000000000e+02 1.218000000000000000e+03
5.370000000000000000e+02 1.224000000000000000e+03
1.160000000000000000e+03 6.510000000000000000e+02
3.608000000000000000e+03 2.140000000000000000e+02
3.575000000000000000e+03 2.110000000000000000e+02
3.551000000000000000e+03 3.910000000000000000e+02
3.610000000000000000e+03 5.740000000000000000e+02
3.661000000000000000e+03 8.640000000000000000e+02
3.634000000000000000e+03 8.870000000000000000e+02
3.581000000000000000e+03 9.160000000000000000e+02
3.412000000000000000e+03 1.009000000000000000e+03
3.680000000000000000e+03 8.520000000000000000e+02
3.737000000000000000e+03 8.520000000000000000e+02
3.888000000000000000e+03 1.020000000000000000e+03
3.687000000000000000e+03 8.700000000000000000e+02
3.881000000000000000e+03 8.450000000000000000e+02
3.799000000000000000e+03 1.031000000000000000e+03
3.816000000000000000e+03 8.850000000000000000e+02
3.754000000000000000e+03 9.070000000000000000e+02
3.705000000000000000e+03 9.080000000000000000e+02
3.736000000000000000e+03 9.360000000000000000e+02
3.675000000000000000e+03 9.720000000000000000e+02
3.289000000000000000e+03 1.042000000000000000e+03
5.600000000000000000e+02 1.062000000000000000e+03
8.140000000000000000e+02 2.450000000000000000e+02
1.230000000000000000e+02 1.166000000000000000e+03
3.490000000000000000e+02 1.114000000000000000e+03
9.070000000000000000e+02 2.380000000000000000e+02
8.590000000000000000e+02 2.030000000000000000e+02
3.687000000000000000e+03 7.000000000000000000e+02
7.750000000000000000e+02 2.160000000000000000e+02
2.528000000000000000e+03 8.330000000000000000e+02
3.990000000000000000e+02 1.163000000000000000e+03
8.350000000000000000e+02 1.038000000000000000e+03
3.226000000000000000e+03 6.770000000000000000e+02
1.980000000000000000e+03 8.520000000000000000e+02
1.456000000000000000e+03 5.560000000000000000e+02
2.589000000000000000e+03 8.170000000000000000e+02
1.731000000000000000e+03 9.040000000000000000e+02
4.890000000000000000e+02 1.271000000000000000e+03
5.220000000000000000e+02 1.325000000000000000e+03
3.600000000000000000e+02 1.269000000000000000e+03
5.390000000000000000e+02 1.317000000000000000e+03
5.330000000000000000e+02 1.246000000000000000e+03
4.180000000000000000e+02 1.196000000000000000e+03
5.010000000000000000e+02 1.270000000000000000e+03
6.420000000000000000e+02 1.298000000000000000e+03
1.820000000000000000e+02 1.154000000000000000e+03
1.450000000000000000e+02 1.215000000000000000e+03
2.300000000000000000e+02 1.202000000000000000e+03
2.660000000000000000e+02 1.159000000000000000e+03
5.930000000000000000e+02 1.160000000000000000e+03
6.350000000000000000e+02 1.114000000000000000e+03
3.210000000000000000e+02 1.155000000000000000e+03
2.120000000000000000e+02 1.137000000000000000e+03
2.390000000000000000e+02 1.227000000000000000e+03
4.230000000000000000e+02 1.360000000000000000e+03
3.700000000000000000e+02 1.330000000000000000e+03
4.530000000000000000e+02 1.299000000000000000e+03
4.440000000000000000e+02 1.329000000000000000e+03
5.170000000000000000e+02 1.273000000000000000e+03
7.520000000000000000e+02 8.890000000000000000e+02
9.480000000000000000e+02 1.207000000000000000e+03
1.055000000000000000e+03 1.198000000000000000e+03
8.660000000000000000e+02 1.258000000000000000e+03
9.250000000000000000e+02 1.285000000000000000e+03
4.900000000000000000e+02 1.270000000000000000e+03
6.130000000000000000e+02 1.310000000000000000e+03
7.610000000000000000e+02 1.300000000000000000e+03
5.520000000000000000e+02 1.272000000000000000e+03
2.731000000000000000e+03 1.154000000000000000e+03
2.720000000000000000e+03 1.175000000000000000e+03
2.751000000000000000e+03 1.187000000000000000e+03
2.562000000000000000e+03 1.293000000000000000e+03
2.620000000000000000e+03 1.471000000000000000e+03
2.493000000000000000e+03 1.604000000000000000e+03
2.353000000000000000e+03 1.495000000000000000e+03
2.428000000000000000e+03 1.455000000000000000e+03
2.610000000000000000e+02 1.285000000000000000e+03
1.005000000000000000e+03 1.326000000000000000e+03
1.067000000000000000e+03 1.324000000000000000e+03
1.029000000000000000e+03 1.281000000000000000e+03
2.532000000000000000e+03 1.537000000000000000e+03
1.667000000000000000e+03 1.386000000000000000e+03
2.061000000000000000e+03 1.357000000000000000e+03
1.477000000000000000e+03 1.408000000000000000e+03
3.543000000000000000e+03 1.910000000000000000e+03
3.920000000000000000e+03 1.972000000000000000e+03
3.876000000000000000e+03 1.978000000000000000e+03
3.934000000000000000e+03 2.022000000000000000e+03
3.945000000000000000e+03 1.999000000000000000e+03
3.908000000000000000e+03 1.994000000000000000e+03
3.887000000000000000e+03 2.067000000000000000e+03
3.877000000000000000e+03 2.144000000000000000e+03
3.922000000000000000e+03 2.134000000000000000e+03
3.958000000000000000e+03 2.134000000000000000e+03
3.914000000000000000e+03 2.131000000000000000e+03
3.933000000000000000e+03 2.072000000000000000e+03
3.875000000000000000e+03 2.098000000000000000e+03
3.908000000000000000e+03 1.994000000000000000e+03
3.881000000000000000e+03 2.039000000000000000e+03
3.951000000000000000e+03 1.214000000000000000e+03
3.928000000000000000e+03 1.133000000000000000e+03
3.911000000000000000e+03 1.649000000000000000e+03
3.939000000000000000e+03 1.501000000000000000e+03
3.954000000000000000e+03 1.049000000000000000e+03
3.968000000000000000e+03 1.033000000000000000e+03
3.963000000000000000e+03 1.104000000000000000e+03
3.957000000000000000e+03 1.072000000000000000e+03
3.908000000000000000e+03 1.403000000000000000e+03
3.903000000000000000e+03 1.439000000000000000e+03
3.923000000000000000e+03 1.323000000000000000e+03
3.917000000000000000e+03 1.201000000000000000e+03
3.914000000000000000e+03 1.773000000000000000e+03
3.803000000000000000e+03 1.714000000000000000e+03
3.934000000000000000e+03 1.805000000000000000e+03
3.925000000000000000e+03 1.731000000000000000e+03
3.060000000000000000e+02 1.425000000000000000e+03
8.300000000000000000e+01 1.448000000000000000e+03
8.300000000000000000e+01 1.413000000000000000e+03
1.790000000000000000e+02 1.452000000000000000e+03
6.280000000000000000e+02 1.504000000000000000e+03
1.180000000000000000e+02 1.459000000000000000e+03
1.380000000000000000e+02 1.478000000000000000e+03
8.400000000000000000e+01 1.591000000000000000e+03
8.800000000000000000e+01 1.534000000000000000e+03
1.120000000000000000e+02 1.589000000000000000e+03
1.270000000000000000e+02 1.554000000000000000e+03
1.120000000000000000e+02 1.397000000000000000e+03
1.350000000000000000e+02 1.568000000000000000e+03
1.950000000000000000e+02 1.584000000000000000e+03
1.700000000000000000e+02 1.581000000000000000e+03
2.340000000000000000e+02 1.390000000000000000e+03
2.800000000000000000e+02 1.388000000000000000e+03
2.700000000000000000e+02 1.305000000000000000e+03
3.060000000000000000e+02 1.346000000000000000e+03
2.530000000000000000e+02 1.599000000000000000e+03
6.160000000000000000e+02 1.442000000000000000e+03
2.270000000000000000e+02 1.461000000000000000e+03
2.260000000000000000e+02 1.442000000000000000e+03
3.280000000000000000e+02 1.468000000000000000e+03
1.089000000000000000e+03 1.363000000000000000e+03
3.080000000000000000e+02 1.524000000000000000e+03
5.430000000000000000e+02 1.468000000000000000e+03
2.590000000000000000e+02 1.531000000000000000e+03
2.720000000000000000e+02 1.521000000000000000e+03
2.310000000000000000e+02 1.397000000000000000e+03
1.880000000000000000e+02 1.326000000000000000e+03
4.340000000000000000e+02 1.375000000000000000e+03
7.100000000000000000e+02 1.375000000000000000e+03
1.140000000000000000e+02 1.349000000000000000e+03
1.650000000000000000e+02 1.317000000000000000e+03
1.770000000000000000e+02 1.269000000000000000e+03
1.510000000000000000e+02 1.287000000000000000e+03
1.030000000000000000e+02 1.321000000000000000e+03
1.100000000000000000e+02 1.295000000000000000e+03
5.330000000000000000e+02 1.386000000000000000e+03
4.650000000000000000e+02 1.408000000000000000e+03
5.850000000000000000e+02 1.399000000000000000e+03
5.920000000000000000e+02 1.431000000000000000e+03
8.500000000000000000e+02 1.397000000000000000e+03
4.490000000000000000e+02 1.510000000000000000e+03
4.800000000000000000e+02 1.404000000000000000e+03
4.740000000000000000e+02 1.393000000000000000e+03
2.620000000000000000e+02 1.306000000000000000e+03
6.120000000000000000e+02 1.321000000000000000e+03
8.500000000000000000e+02 1.316000000000000000e+03
8.350000000000000000e+02 1.282000000000000000e+03
3.500000000000000000e+02 1.288000000000000000e+03
7.230000000000000000e+02 1.347000000000000000e+03
5.560000000000000000e+02 1.278000000000000000e+03
3.270000000000000000e+02 1.305000000000000000e+03
2.390000000000000000e+02 1.403000000000000000e+03
3.120000000000000000e+02 1.448000000000000000e+03
2.220000000000000000e+02 1.338000000000000000e+03
5.700000000000000000e+02 1.361000000000000000e+03
8.320000000000000000e+02 1.410000000000000000e+03
7.980000000000000000e+02 1.447000000000000000e+03
8.920000000000000000e+02 1.429000000000000000e+03
7.440000000000000000e+02 1.424000000000000000e+03
2.102000000000000000e+03 1.414000000000000000e+03
1.654000000000000000e+03 2.664000000000000000e+03
1.659000000000000000e+03 2.893000000000000000e+03
1.564000000000000000e+03 2.939000000000000000e+03
1.875000000000000000e+03 2.755000000000000000e+03
1.863000000000000000e+03 2.682000000000000000e+03
1.878000000000000000e+03 2.729000000000000000e+03
6.870000000000000000e+02 2.552000000000000000e+03
1.955000000000000000e+03 2.817000000000000000e+03
1.917000000000000000e+03 2.777000000000000000e+03
1.928000000000000000e+03 2.901000000000000000e+03
1.347000000000000000e+03 2.668000000000000000e+03
1.860000000000000000e+03 2.647000000000000000e+03
1.912000000000000000e+03 2.666000000000000000e+03
1.732000000000000000e+03 2.648000000000000000e+03
1.701000000000000000e+03 2.892000000000000000e+03
1.792000000000000000e+03 2.967000000000000000e+03
2.100000000000000000e+03 2.881000000000000000e+03
1.671000000000000000e+03 2.943000000000000000e+03
1.586000000000000000e+03 2.844000000000000000e+03
1.811000000000000000e+03 2.971000000000000000e+03
1.589000000000000000e+03 2.785000000000000000e+03
1.758000000000000000e+03 2.872000000000000000e+03
1.881000000000000000e+03 2.904000000000000000e+03
1.923000000000000000e+03 3.031000000000000000e+03
1.755000000000000000e+03 2.887000000000000000e+03
1.875000000000000000e+03 2.875000000000000000e+03
1.890000000000000000e+03 3.194000000000000000e+03
1.849000000000000000e+03 2.824000000000000000e+03
1.871000000000000000e+03 2.921000000000000000e+03
1.851000000000000000e+03 2.908000000000000000e+03
3.921000000000000000e+03 1.998000000000000000e+03
3.948000000000000000e+03 1.616000000000000000e+03
3.959000000000000000e+03 1.984000000000000000e+03
3.830000000000000000e+03 1.937000000000000000e+03
3.761000000000000000e+03 1.259000000000000000e+03
2.309000000000000000e+03 1.679000000000000000e+03
2.725000000000000000e+03 1.605000000000000000e+03
2.286000000000000000e+03 1.878000000000000000e+03
3.126000000000000000e+03 1.684000000000000000e+03
2.290000000000000000e+03 1.830000000000000000e+03
3.370000000000000000e+03 1.914000000000000000e+03
3.247000000000000000e+03 1.541000000000000000e+03
3.517000000000000000e+03 1.617000000000000000e+03
2.999000000000000000e+03 1.303000000000000000e+03
3.195000000000000000e+03 1.915000000000000000e+03
1.609000000000000000e+03 1.239000000000000000e+03
1.838000000000000000e+03 1.162000000000000000e+03
2.053000000000000000e+03 1.166000000000000000e+03
2.260000000000000000e+03 1.166000000000000000e+03
1.744000000000000000e+03 1.275000000000000000e+03
2.389000000000000000e+03 1.503000000000000000e+03
3.539000000000000000e+03 1.277000000000000000e+03
3.851000000000000000e+03 1.120000000000000000e+03
3.379000000000000000e+03 1.204000000000000000e+03
3.659000000000000000e+03 1.260000000000000000e+03
3.921000000000000000e+03 1.212000000000000000e+03
3.896000000000000000e+03 1.224000000000000000e+03
3.779000000000000000e+03 1.144000000000000000e+03
3.895000000000000000e+03 1.214000000000000000e+03
3.871000000000000000e+03 1.143000000000000000e+03
3.626000000000000000e+03 1.152000000000000000e+03
3.578000000000000000e+03 2.408000000000000000e+03
3.577000000000000000e+03 2.397000000000000000e+03
3.742000000000000000e+03 2.307000000000000000e+03
1.986000000000000000e+03 2.903000000000000000e+03
3.683000000000000000e+03 2.465000000000000000e+03
2.264000000000000000e+03 2.953000000000000000e+03
2.438000000000000000e+03 2.936000000000000000e+03
3.071000000000000000e+03 2.778000000000000000e+03
3.159000000000000000e+03 2.762000000000000000e+03
2.434000000000000000e+03 2.982000000000000000e+03
2.213000000000000000e+03 2.930000000000000000e+03
3.736000000000000000e+03 2.455000000000000000e+03
3.751000000000000000e+03 2.340000000000000000e+03
2.735000000000000000e+03 2.292000000000000000e+03
3.831000000000000000e+03 2.333000000000000000e+03
3.560000000000000000e+02 2.073000000000000000e+03
2.465000000000000000e+03 2.448000000000000000e+03
2.086000000000000000e+03 3.211000000000000000e+03
2.070000000000000000e+03 3.010000000000000000e+03
2.336000000000000000e+03 3.090000000000000000e+03
1.713000000000000000e+03 2.776000000000000000e+03
2.125000000000000000e+03 2.967000000000000000e+03
2.112000000000000000e+03 2.958000000000000000e+03
1.828000000000000000e+03 2.980000000000000000e+03
1.797000000000000000e+03 2.903000000000000000e+03
1.845000000000000000e+03 2.872000000000000000e+03
1.974000000000000000e+03 2.954000000000000000e+03
2.021000000000000000e+03 3.284000000000000000e+03
2.034000000000000000e+03 3.255000000000000000e+03
2.095000000000000000e+03 3.281000000000000000e+03
2.295000000000000000e+03 2.723000000000000000e+03
3.623000000000000000e+03 1.124000000000000000e+03
3.694000000000000000e+03 1.098000000000000000e+03
3.745000000000000000e+03 1.122000000000000000e+03
3.667000000000000000e+03 1.089000000000000000e+03
3.672000000000000000e+03 1.172000000000000000e+03
3.270000000000000000e+03 1.216000000000000000e+03
3.396000000000000000e+03 1.343000000000000000e+03
2.721000000000000000e+03 1.426000000000000000e+03
3.667000000000000000e+03 1.153000000000000000e+03
3.542000000000000000e+03 1.165000000000000000e+03
3.583000000000000000e+03 1.153000000000000000e+03
3.741000000000000000e+03 1.114000000000000000e+03
3.471000000000000000e+03 1.177000000000000000e+03
2.749000000000000000e+03 1.191000000000000000e+03
1.616000000000000000e+03 1.566000000000000000e+03
2.641000000000000000e+03 1.212000000000000000e+03
3.857000000000000000e+03 1.171000000000000000e+03
2.639000000000000000e+03 1.771000000000000000e+03
3.620000000000000000e+03 1.297000000000000000e+03
3.888000000000000000e+03 1.266000000000000000e+03
3.887000000000000000e+03 1.726000000000000000e+03
3.879000000000000000e+03 1.642000000000000000e+03
3.908000000000000000e+03 1.758000000000000000e+03
3.896000000000000000e+03 1.729000000000000000e+03
3.850000000000000000e+03 1.385000000000000000e+03
2.504000000000000000e+03 1.567000000000000000e+03
2.333000000000000000e+03 1.332000000000000000e+03
3.867000000000000000e+03 1.378000000000000000e+03
3.681000000000000000e+03 1.513000000000000000e+03
3.875000000000000000e+03 1.535000000000000000e+03
3.899000000000000000e+03 1.484000000000000000e+03
3.910000000000000000e+03 1.582000000000000000e+03
2.351000000000000000e+03 3.110000000000000000e+03
2.013000000000000000e+03 1.940000000000000000e+03
6.400000000000000000e+01 2.540000000000000000e+03
6.400000000000000000e+01 2.700000000000000000e+02
4.580000000000000000e+02 1.480000000000000000e+03
2.325000000000000000e+03 1.220000000000000000e+03
0.000000000000000000e+00 3.950000000000000000e+03
3.956000000000000000e+03 2.160000000000000000e+03
3.935000000000000000e+03 1.190000000000000000e+03
0.000000000000000000e+00 0.000000000000000000e+00
0.000000000000000000e+00 0.000000000000000000e+00
