3.402000000000000000e+03 3.040000000000000000e+03
3.807000000000000000e+03 2.592000000000000000e+03
3.861000000000000000e+03 3.110000000000000000e+03
3.785000000000000000e+03 3.214000000000000000e+03
3.856000000000000000e+03 3.164000000000000000e+03
3.730000000000000000e+03 3.290000000000000000e+03
3.839000000000000000e+03 3.261000000000000000e+03
3.786000000000000000e+03 3.219000000000000000e+03
3.721000000000000000e+03 3.230000000000000000e+03
3.746000000000000000e+03 3.266000000000000000e+03
3.733000000000000000e+03 3.308000000000000000e+03
3.854000000000000000e+03 2.834000000000000000e+03
3.736000000000000000e+03 3.175000000000000000e+03
3.871000000000000000e+03 2.817000000000000000e+03
3.552000000000000000e+03 3.087000000000000000e+03
3.586000000000000000e+03 3.238000000000000000e+03
3.515000000000000000e+03 3.040000000000000000e+03
3.821000000000000000e+03 2.450000000000000000e+03
3.846000000000000000e+03 2.453000000000000000e+03
3.487000000000000000e+03 3.412000000000000000e+03
3.585000000000000000e+03 3.425000000000000000e+03
3.747000000000000000e+03 3.314000000000000000e+03
3.804000000000000000e+03 3.300000000000000000e+03
3.795000000000000000e+03 2.231000000000000000e+03
3.772000000000000000e+03 2.752000000000000000e+03
3.669000000000000000e+03 3.177000000000000000e+03
3.641000000000000000e+03 3.178000000000000000e+03
3.875000000000000000e+03 2.579000000000000000e+03
3.463000000000000000e+03 3.264000000000000000e+03
3.652000000000000000e+03 3.275000000000000000e+03
3.701000000000000000e+03 3.291000000000000000e+03
2.708000000000000000e+03 3.060000000000000000e+03
2.030000000000000000e+03 3.488000000000000000e+03
2.566000000000000000e+03 3.317000000000000000e+03
1.988000000000000000e+03 3.624000000000000000e+03
1.949000000000000000e+03 3.634000000000000000e+03
2.033000000000000000e+03 3.580000000000000000e+03
2.006000000000000000e+03 3.573000000000000000e+03
2.110000000000000000e+03 3.341000000000000000e+03
2.011000000000000000e+03 3.471000000000000000e+03
2.065000000000000000e+03 3.387000000000000000e+03
3.031000000000000000e+03 3.327000000000000000e+03
3.433000000000000000e+03 2.050000000000000000e+03
3.911000000000000000e+03 2.420000000000000000e+03
3.648000000000000000e+03 2.904000000000000000e+03
3.809000000000000000e+03 2.440000000000000000e+03
1.893000000000000000e+03 3.382000000000000000e+03
1.942000000000000000e+03 3.455000000000000000e+03
2.010000000000000000e+03 3.472000000000000000e+03
1.901000000000000000e+03 3.409000000000000000e+03
1.946000000000000000e+03 3.540000000000000000e+03
1.948000000000000000e+03 3.323000000000000000e+03
1.930000000000000000e+03 3.355000000000000000e+03
1.936000000000000000e+03 3.386000000000000000e+03
1.980000000000000000e+03 3.522000000000000000e+03
2.024000000000000000e+03 3.596000000000000000e+03
1.901000000000000000e+03 3.421000000000000000e+03
1.917000000000000000e+03 3.443000000000000000e+03
1.987000000000000000e+03 3.611000000000000000e+03
1.960000000000000000e+03 3.837000000000000000e+03
1.913000000000000000e+03 3.510000000000000000e+03
1.945000000000000000e+03 3.520000000000000000e+03
3.971000000000000000e+03 3.101000000000000000e+03
3.949000000000000000e+03 3.282000000000000000e+03
3.979000000000000000e+03 3.297000000000000000e+03
3.978000000000000000e+03 3.343000000000000000e+03
3.946000000000000000e+03 3.343000000000000000e+03
3.976000000000000000e+03 3.411000000000000000e+03
3.934000000000000000e+03 3.421000000000000000e+03
3.972000000000000000e+03 3.143000000000000000e+03
3.981000000000000000e+03 3.194000000000000000e+03
3.926000000000000000e+03 3.194000000000000000e+03
3.940000000000000000e+03 3.208000000000000000e+03
3.928000000000000000e+03 3.103000000000000000e+03
3.927000000000000000e+03 3.103000000000000000e+03
3.976000000000000000e+03 3.117000000000000000e+03
3.953000000000000000e+03 2.919000000000000000e+03
3.869000000000000000e+03 3.404000000000000000e+03
3.915000000000000000e+03 3.413000000000000000e+03
3.914000000000000000e+03 3.242000000000000000e+03
3.898000000000000000e+03 3.373000000000000000e+03
3.861000000000000000e+03 3.330000000000000000e+03
3.872000000000000000e+03 3.282000000000000000e+03
3.855000000000000000e+03 3.334000000000000000e+03
3.908000000000000000e+03 3.328000000000000000e+03
3.887000000000000000e+03 3.159000000000000000e+03
3.879000000000000000e+03 3.050000000000000000e+03
3.901000000000000000e+03 3.131000000000000000e+03
3.890000000000000000e+03 3.160000000000000000e+03
3.941000000000000000e+03 2.995000000000000000e+03
3.949000000000000000e+03 2.417000000000000000e+03
3.899000000000000000e+03 3.035000000000000000e+03
3.902000000000000000e+03 3.033000000000000000e+03
3.861000000000000000e+03 2.526000000000000000e+03
3.922000000000000000e+03 2.464000000000000000e+03
3.930000000000000000e+03 2.515000000000000000e+03
3.897000000000000000e+03 2.522000000000000000e+03
3.877000000000000000e+03 2.395000000000000000e+03
3.889000000000000000e+03 2.442000000000000000e+03
3.942000000000000000e+03 2.408000000000000000e+03
3.943000000000000000e+03 2.344000000000000000e+03
3.661000000000000000e+03 2.904000000000000000e+03
3.884000000000000000e+03 2.801000000000000000e+03
3.864000000000000000e+03 2.922000000000000000e+03
3.901000000000000000e+03 2.878000000000000000e+03
3.685000000000000000e+03 3.194000000000000000e+03
3.594000000000000000e+03 2.965000000000000000e+03
3.814000000000000000e+03 2.956000000000000000e+03
3.839000000000000000e+03 2.481000000000000000e+03
3.855000000000000000e+03 2.303000000000000000e+03
3.843000000000000000e+03 2.359000000000000000e+03
3.916000000000000000e+03 2.816000000000000000e+03
3.900000000000000000e+03 2.332000000000000000e+03
3.814000000000000000e+03 1.974000000000000000e+03
3.654000000000000000e+03 2.051000000000000000e+03
3.836000000000000000e+03 2.067000000000000000e+03
3.859000000000000000e+03 2.148000000000000000e+03
3.769000000000000000e+03 1.917000000000000000e+03
3.875000000000000000e+03 1.968000000000000000e+03
3.740000000000000000e+03 1.912000000000000000e+03
3.739000000000000000e+03 1.956000000000000000e+03
3.847000000000000000e+03 2.110000000000000000e+03
3.915000000000000000e+03 2.038000000000000000e+03
3.805000000000000000e+03 1.924000000000000000e+03
3.869000000000000000e+03 1.932000000000000000e+03
1.933000000000000000e+03 3.874000000000000000e+03
2.025000000000000000e+03 3.853000000000000000e+03
2.022000000000000000e+03 3.878000000000000000e+03
2.031000000000000000e+03 3.746000000000000000e+03
2.026000000000000000e+03 3.789000000000000000e+03
2.062000000000000000e+03 3.843000000000000000e+03
2.023000000000000000e+03 3.644000000000000000e+03
2.220000000000000000e+03 3.785000000000000000e+03
1.923000000000000000e+03 3.867000000000000000e+03
1.938000000000000000e+03 3.772000000000000000e+03
1.952000000000000000e+03 3.811000000000000000e+03
1.867000000000000000e+03 3.805000000000000000e+03
1.826000000000000000e+03 3.708000000000000000e+03
1.877000000000000000e+03 3.800000000000000000e+03
1.861000000000000000e+03 3.777000000000000000e+03
1.902000000000000000e+03 3.645000000000000000e+03
1.881000000000000000e+03 3.669000000000000000e+03
1.969000000000000000e+03 3.757000000000000000e+03
1.927000000000000000e+03 3.673000000000000000e+03
1.812000000000000000e+03 3.669000000000000000e+03
1.897000000000000000e+03 3.757000000000000000e+03
1.829000000000000000e+03 3.662000000000000000e+03
1.838000000000000000e+03 3.619000000000000000e+03
1.975000000000000000e+03 3.709000000000000000e+03
1.963000000000000000e+03 3.757000000000000000e+03
1.909000000000000000e+03 3.765000000000000000e+03
1.977000000000000000e+03 3.768000000000000000e+03
2.046000000000000000e+03 3.664000000000000000e+03
2.276000000000000000e+03 3.601000000000000000e+03
1.966000000000000000e+03 3.749000000000000000e+03
2.029000000000000000e+03 3.684000000000000000e+03
2.346000000000000000e+03 3.925000000000000000e+03
2.315000000000000000e+03 3.960000000000000000e+03
2.106000000000000000e+03 3.951000000000000000e+03
1.995000000000000000e+03 3.942000000000000000e+03
2.279000000000000000e+03 3.831000000000000000e+03
2.035000000000000000e+03 3.927000000000000000e+03
2.008000000000000000e+03 3.925000000000000000e+03
2.417000000000000000e+03 3.958000000000000000e+03
2.320000000000000000e+03 3.972000000000000000e+03
2.389000000000000000e+03 3.957000000000000000e+03
2.433000000000000000e+03 3.936000000000000000e+03
2.271000000000000000e+03 3.945000000000000000e+03
2.233000000000000000e+03 3.975000000000000000e+03
2.116000000000000000e+03 3.963000000000000000e+03
2.162000000000000000e+03 3.956000000000000000e+03
2.979000000000000000e+03 3.948000000000000000e+03
2.925000000000000000e+03 3.944000000000000000e+03
2.914000000000000000e+03 3.984000000000000000e+03
2.574000000000000000e+03 3.977000000000000000e+03
2.940000000000000000e+03 3.979000000000000000e+03
2.510000000000000000e+03 3.986000000000000000e+03
2.661000000000000000e+03 3.953000000000000000e+03
2.833000000000000000e+03 3.962000000000000000e+03
2.584000000000000000e+03 3.976000000000000000e+03
2.822000000000000000e+03 3.846000000000000000e+03
2.744000000000000000e+03 3.955000000000000000e+03
2.730000000000000000e+03 3.962000000000000000e+03
2.653000000000000000e+03 3.956000000000000000e+03
2.842000000000000000e+03 3.872000000000000000e+03
2.561000000000000000e+03 3.976000000000000000e+03
2.766000000000000000e+03 3.841000000000000000e+03
3.860000000000000000e+03 2.192000000000000000e+03
3.690000000000000000e+03 2.105000000000000000e+03
3.649000000000000000e+03 2.033000000000000000e+03
3.730000000000000000e+03 2.449000000000000000e+03
3.929000000000000000e+03 2.411000000000000000e+03
3.926000000000000000e+03 2.211000000000000000e+03
3.910000000000000000e+03 2.211000000000000000e+03
3.603000000000000000e+03 1.941000000000000000e+03
3.666000000000000000e+03 1.980000000000000000e+03
3.416000000000000000e+03 1.907000000000000000e+03
3.937000000000000000e+03 2.145000000000000000e+03
3.475000000000000000e+03 1.923000000000000000e+03
3.454000000000000000e+03 1.965000000000000000e+03
3.499000000000000000e+03 1.940000000000000000e+03
3.501000000000000000e+03 1.963000000000000000e+03
3.265000000000000000e+03 1.471000000000000000e+03
3.810000000000000000e+03 1.992000000000000000e+03
3.892000000000000000e+03 2.057000000000000000e+03
3.370000000000000000e+03 1.764000000000000000e+03
3.204000000000000000e+03 1.198000000000000000e+03
3.359000000000000000e+03 1.247000000000000000e+03
3.085000000000000000e+03 1.538000000000000000e+03
3.007000000000000000e+03 1.484000000000000000e+03
3.553000000000000000e+03 1.618000000000000000e+03
3.695000000000000000e+03 1.909000000000000000e+03
3.479000000000000000e+03 1.570000000000000000e+03
3.556000000000000000e+03 1.689000000000000000e+03
3.712000000000000000e+03 1.959000000000000000e+03
3.732000000000000000e+03 2.009000000000000000e+03
3.573000000000000000e+03 1.587000000000000000e+03
3.626000000000000000e+03 1.822000000000000000e+03
2.174000000000000000e+03 3.615000000000000000e+03
2.004000000000000000e+03 2.851000000000000000e+03
2.158000000000000000e+03 3.252000000000000000e+03
2.142000000000000000e+03 3.231000000000000000e+03
2.007000000000000000e+03 2.983000000000000000e+03
2.025000000000000000e+03 3.085000000000000000e+03
2.113000000000000000e+03 3.385000000000000000e+03
2.074000000000000000e+03 3.230000000000000000e+03
3.331000000000000000e+03 2.984000000000000000e+03
3.431000000000000000e+03 3.114000000000000000e+03
2.051000000000000000e+03 2.856000000000000000e+03
1.987000000000000000e+03 2.902000000000000000e+03
1.989000000000000000e+03 3.097000000000000000e+03
2.061000000000000000e+03 3.045000000000000000e+03
2.035000000000000000e+03 3.253000000000000000e+03
2.062000000000000000e+03 3.287000000000000000e+03
3.776000000000000000e+03 3.114000000000000000e+03
3.799000000000000000e+03 2.999000000000000000e+03
3.728000000000000000e+03 3.017000000000000000e+03
3.142000000000000000e+03 2.444000000000000000e+03
3.636000000000000000e+03 3.064000000000000000e+03
3.555000000000000000e+03 3.054000000000000000e+03
2.147000000000000000e+03 2.815000000000000000e+03
3.551000000000000000e+03 3.023000000000000000e+03
2.567000000000000000e+03 2.854000000000000000e+03
2.943000000000000000e+03 2.854000000000000000e+03
3.543000000000000000e+03 2.853000000000000000e+03
3.390000000000000000e+03 3.358000000000000000e+03
2.596000000000000000e+03 3.646000000000000000e+03
2.333000000000000000e+03 2.853000000000000000e+03
2.155000000000000000e+03 2.831000000000000000e+03
2.330000000000000000e+03 3.666000000000000000e+03
6.520000000000000000e+02 2.629000000000000000e+03
2.710000000000000000e+02 2.751000000000000000e+03
2.650000000000000000e+02 2.811000000000000000e+03
1.485000000000000000e+03 2.958000000000000000e+03
4.140000000000000000e+02 2.744000000000000000e+03
9.660000000000000000e+02 2.780000000000000000e+03
5.300000000000000000e+02 2.783000000000000000e+03
7.280000000000000000e+02 3.385000000000000000e+03
5.270000000000000000e+02 3.221000000000000000e+03
8.470000000000000000e+02 3.382000000000000000e+03
1.042000000000000000e+03 3.753000000000000000e+03
1.266000000000000000e+03 3.921000000000000000e+03
1.400000000000000000e+03 3.713000000000000000e+03
1.292000000000000000e+03 3.886000000000000000e+03
1.292000000000000000e+03 3.917000000000000000e+03
5.030000000000000000e+02 2.873000000000000000e+03
5.050000000000000000e+02 2.833000000000000000e+03
1.178000000000000000e+03 3.153000000000000000e+03
5.570000000000000000e+02 2.856000000000000000e+03
3.840000000000000000e+02 2.886000000000000000e+03
3.630000000000000000e+02 2.891000000000000000e+03
4.290000000000000000e+02 2.905000000000000000e+03
4.370000000000000000e+02 2.863000000000000000e+03
6.290000000000000000e+02 2.848000000000000000e+03
3.420000000000000000e+02 2.798000000000000000e+03
1.930000000000000000e+03 2.847000000000000000e+03
2.742000000000000000e+03 2.857000000000000000e+03
2.530000000000000000e+02 2.792000000000000000e+03
2.680000000000000000e+02 2.837000000000000000e+03
5.470000000000000000e+02 2.988000000000000000e+03
5.400000000000000000e+02 2.972000000000000000e+03
1.682000000000000000e+03 2.824000000000000000e+03
1.912000000000000000e+03 3.267000000000000000e+03
1.984000000000000000e+03 3.290000000000000000e+03
3.438000000000000000e+03 2.854000000000000000e+03
3.457000000000000000e+03 2.857000000000000000e+03
3.212000000000000000e+03 2.856000000000000000e+03
3.190000000000000000e+03 2.854000000000000000e+03
1.855000000000000000e+03 3.260000000000000000e+03
1.916000000000000000e+03 3.225000000000000000e+03
1.767000000000000000e+03 3.023000000000000000e+03
1.923000000000000000e+03 3.250000000000000000e+03
1.818000000000000000e+03 3.244000000000000000e+03
1.778000000000000000e+03 3.147000000000000000e+03
1.865000000000000000e+03 3.186000000000000000e+03
1.909000000000000000e+03 3.199000000000000000e+03
1.610000000000000000e+03 2.810000000000000000e+03
1.452000000000000000e+03 2.569000000000000000e+03
1.084000000000000000e+03 2.575000000000000000e+03
2.702000000000000000e+03 2.858000000000000000e+03
1.389000000000000000e+03 2.700000000000000000e+03
1.325000000000000000e+03 2.475000000000000000e+03
1.816000000000000000e+03 2.965000000000000000e+03
1.441000000000000000e+03 2.679000000000000000e+03
6.680000000000000000e+02 2.558000000000000000e+03
3.770000000000000000e+02 2.338000000000000000e+03
1.825000000000000000e+03 3.120000000000000000e+03
1.947000000000000000e+03 3.188000000000000000e+03
9.830000000000000000e+02 2.613000000000000000e+03
6.980000000000000000e+02 2.252000000000000000e+03
6.790000000000000000e+02 2.732000000000000000e+03
5.100000000000000000e+02 2.663000000000000000e+03
1.580000000000000000e+02 2.853000000000000000e+03
8.000000000000000000e+01 2.556000000000000000e+03
6.500000000000000000e+01 2.665000000000000000e+03
1.180000000000000000e+02 2.782000000000000000e+03
1.390000000000000000e+02 2.800000000000000000e+03
1.400000000000000000e+02 2.835000000000000000e+03
1.040000000000000000e+02 2.824000000000000000e+03
1.120000000000000000e+02 2.525000000000000000e+03
1.370000000000000000e+02 2.518000000000000000e+03
9.800000000000000000e+01 2.498000000000000000e+03
9.500000000000000000e+01 2.519000000000000000e+03
1.210000000000000000e+02 2.479000000000000000e+03
1.160000000000000000e+02 2.447000000000000000e+03
1.010000000000000000e+02 2.377000000000000000e+03
8.700000000000000000e+01 2.426000000000000000e+03
7.200000000000000000e+01 2.838000000000000000e+03
1.400000000000000000e+02 2.950000000000000000e+03
1.050000000000000000e+02 2.923000000000000000e+03
7.200000000000000000e+01 2.910000000000000000e+03
1.060000000000000000e+02 2.978000000000000000e+03
8.100000000000000000e+01 2.802000000000000000e+03
1.350000000000000000e+02 2.934000000000000000e+03
1.180000000000000000e+02 3.003000000000000000e+03
1.141000000000000000e+03 3.845000000000000000e+03
1.227000000000000000e+03 3.873000000000000000e+03
9.410000000000000000e+02 3.770000000000000000e+03
1.143000000000000000e+03 3.823000000000000000e+03
2.580000000000000000e+02 3.084000000000000000e+03
3.220000000000000000e+02 3.140000000000000000e+03
3.240000000000000000e+02 3.275000000000000000e+03
5.290000000000000000e+02 3.120000000000000000e+03
1.728000000000000000e+03 3.663000000000000000e+03
1.732000000000000000e+03 3.582000000000000000e+03
1.419000000000000000e+03 3.679000000000000000e+03
1.428000000000000000e+03 3.651000000000000000e+03
2.390000000000000000e+02 2.891000000000000000e+03
2.400000000000000000e+02 2.914000000000000000e+03
1.769000000000000000e+03 3.754000000000000000e+03
1.540000000000000000e+03 3.571000000000000000e+03
1.270000000000000000e+03 3.701000000000000000e+03
1.325000000000000000e+03 3.715000000000000000e+03
2.790000000000000000e+02 2.839000000000000000e+03
2.440000000000000000e+02 2.645000000000000000e+03
1.263000000000000000e+03 3.782000000000000000e+03
1.317000000000000000e+03 3.771000000000000000e+03
1.228000000000000000e+03 3.736000000000000000e+03
1.258000000000000000e+03 3.722000000000000000e+03
1.884000000000000000e+03 3.782000000000000000e+03
1.806000000000000000e+03 3.538000000000000000e+03
1.835000000000000000e+03 3.487000000000000000e+03
1.811000000000000000e+03 3.493000000000000000e+03
1.851000000000000000e+03 3.630000000000000000e+03
1.818000000000000000e+03 3.600000000000000000e+03
1.763000000000000000e+03 3.475000000000000000e+03
1.795000000000000000e+03 3.545000000000000000e+03
1.821000000000000000e+03 3.451000000000000000e+03
1.703000000000000000e+03 3.367000000000000000e+03
1.733000000000000000e+03 3.456000000000000000e+03
1.799000000000000000e+03 3.443000000000000000e+03
1.899000000000000000e+03 3.665000000000000000e+03
1.894000000000000000e+03 3.615000000000000000e+03
1.907000000000000000e+03 3.571000000000000000e+03
1.845000000000000000e+03 3.467000000000000000e+03
1.720000000000000000e+02 2.644000000000000000e+03
9.900000000000000000e+01 2.591000000000000000e+03
6.740000000000000000e+02 3.105000000000000000e+03
1.040000000000000000e+02 2.638000000000000000e+03
1.280000000000000000e+02 2.617000000000000000e+03
1.350000000000000000e+02 2.696000000000000000e+03
1.190000000000000000e+02 2.678000000000000000e+03
1.500000000000000000e+02 2.212000000000000000e+03
1.400000000000000000e+02 2.134000000000000000e+03
6.600000000000000000e+01 2.628000000000000000e+03
8.600000000000000000e+01 2.226000000000000000e+03
9.600000000000000000e+01 2.221000000000000000e+03
9.900000000000000000e+01 2.201000000000000000e+03
9.500000000000000000e+01 2.272000000000000000e+03
1.260000000000000000e+02 2.197000000000000000e+03
2.480000000000000000e+02 2.712000000000000000e+03
2.900000000000000000e+02 2.717000000000000000e+03
4.480000000000000000e+02 2.745000000000000000e+03
3.880000000000000000e+02 2.741000000000000000e+03
1.480000000000000000e+02 2.293000000000000000e+03
1.420000000000000000e+02 2.563000000000000000e+03
9.600000000000000000e+01 2.683000000000000000e+03
9.900000000000000000e+01 2.475000000000000000e+03
4.470000000000000000e+02 2.660000000000000000e+03
3.500000000000000000e+02 2.506000000000000000e+03
1.700000000000000000e+02 2.765000000000000000e+03
4.930000000000000000e+02 2.893000000000000000e+03
8.250000000000000000e+02 3.093000000000000000e+03
7.990000000000000000e+02 3.113000000000000000e+03
7.150000000000000000e+02 2.969000000000000000e+03
7.280000000000000000e+02 2.988000000000000000e+03
1.354000000000000000e+03 2.305000000000000000e+03
5.550000000000000000e+02 2.583000000000000000e+03
6.010000000000000000e+02 2.894000000000000000e+03
7.930000000000000000e+02 2.751000000000000000e+03
2.057000000000000000e+03 2.454000000000000000e+03
1.083000000000000000e+03 2.432000000000000000e+03
3.720000000000000000e+02 2.680000000000000000e+03
4.510000000000000000e+02 2.792000000000000000e+03
4.730000000000000000e+02 2.811000000000000000e+03
4.250000000000000000e+02 2.850000000000000000e+03
4.210000000000000000e+02 2.823000000000000000e+03
4.440000000000000000e+02 2.771000000000000000e+03
4.360000000000000000e+02 2.757000000000000000e+03
3.780000000000000000e+02 2.778000000000000000e+03
3.830000000000000000e+02 2.785000000000000000e+03
1.765000000000000000e+03 3.815000000000000000e+03
1.734000000000000000e+03 3.808000000000000000e+03
1.708000000000000000e+03 3.844000000000000000e+03
1.716000000000000000e+03 3.796000000000000000e+03
1.822000000000000000e+03 3.891000000000000000e+03
1.603000000000000000e+03 3.257000000000000000e+03
1.777000000000000000e+03 3.826000000000000000e+03
1.782000000000000000e+03 3.875000000000000000e+03
1.749000000000000000e+03 3.964000000000000000e+03
1.769000000000000000e+03 3.965000000000000000e+03
1.798000000000000000e+03 3.964000000000000000e+03
1.812000000000000000e+03 3.963000000000000000e+03
1.820000000000000000e+03 3.915000000000000000e+03
1.879000000000000000e+03 3.920000000000000000e+03
1.873000000000000000e+03 3.943000000000000000e+03
1.851000000000000000e+03 3.960000000000000000e+03
1.641000000000000000e+03 3.603000000000000000e+03
1.625000000000000000e+03 3.798000000000000000e+03
1.558000000000000000e+03 3.598000000000000000e+03
1.339000000000000000e+03 3.503000000000000000e+03
1.651000000000000000e+03 3.637000000000000000e+03
1.665000000000000000e+03 3.799000000000000000e+03
1.697000000000000000e+03 3.790000000000000000e+03
1.735000000000000000e+03 3.472000000000000000e+03
1.684000000000000000e+03 3.717000000000000000e+03
1.615000000000000000e+03 3.676000000000000000e+03
1.622000000000000000e+03 3.487000000000000000e+03
1.551000000000000000e+03 3.377000000000000000e+03
1.519000000000000000e+03 3.711000000000000000e+03
1.604000000000000000e+03 3.399000000000000000e+03
1.615000000000000000e+03 3.664000000000000000e+03
1.503000000000000000e+03 3.779000000000000000e+03
1.466000000000000000e+03 3.627000000000000000e+03
1.345000000000000000e+03 3.597000000000000000e+03
1.385000000000000000e+03 3.623000000000000000e+03
1.440000000000000000e+03 3.833000000000000000e+03
1.470000000000000000e+03 3.825000000000000000e+03
1.425000000000000000e+03 3.806000000000000000e+03
1.278000000000000000e+03 3.427000000000000000e+03
1.527000000000000000e+03 3.805000000000000000e+03
1.484000000000000000e+03 3.762000000000000000e+03
1.505000000000000000e+03 3.809000000000000000e+03
1.475000000000000000e+03 3.644000000000000000e+03
1.461000000000000000e+03 3.745000000000000000e+03
1.437000000000000000e+03 3.718000000000000000e+03
1.454000000000000000e+03 3.696000000000000000e+03
1.480000000000000000e+03 3.687000000000000000e+03
1.354000000000000000e+03 3.914000000000000000e+03
1.421000000000000000e+03 3.931000000000000000e+03
1.571000000000000000e+03 3.876000000000000000e+03
1.295000000000000000e+03 3.773000000000000000e+03
1.485000000000000000e+03 3.924000000000000000e+03
1.534000000000000000e+03 3.927000000000000000e+03
1.365000000000000000e+03 3.752000000000000000e+03
1.460000000000000000e+03 3.920000000000000000e+03
1.792000000000000000e+03 3.870000000000000000e+03
1.795000000000000000e+03 3.838000000000000000e+03
1.530000000000000000e+03 3.864000000000000000e+03
1.511000000000000000e+03 3.851000000000000000e+03
1.383000000000000000e+03 3.852000000000000000e+03
1.310000000000000000e+03 3.853000000000000000e+03
1.374000000000000000e+03 3.877000000000000000e+03
1.475000000000000000e+03 3.880000000000000000e+03
1.671000000000000000e+03 3.849000000000000000e+03
1.596000000000000000e+03 3.829000000000000000e+03
1.557000000000000000e+03 3.861000000000000000e+03
1.637000000000000000e+03 3.876000000000000000e+03
1.636000000000000000e+03 3.847000000000000000e+03
1.724000000000000000e+03 3.865000000000000000e+03
1.858000000000000000e+03 3.917000000000000000e+03
1.732000000000000000e+03 3.867000000000000000e+03
1.593000000000000000e+03 3.917000000000000000e+03
1.638000000000000000e+03 3.910000000000000000e+03
1.559000000000000000e+03 3.923000000000000000e+03
1.555000000000000000e+03 3.891000000000000000e+03
1.628000000000000000e+03 3.925000000000000000e+03
1.700000000000000000e+03 3.901000000000000000e+03
1.679000000000000000e+03 3.917000000000000000e+03
1.740000000000000000e+03 3.911000000000000000e+03
3.834000000000000000e+03 6.310000000000000000e+02
3.810000000000000000e+03 5.830000000000000000e+02
3.831000000000000000e+03 6.370000000000000000e+02
3.767000000000000000e+03 4.390000000000000000e+02
3.726000000000000000e+03 3.410000000000000000e+02
3.827000000000000000e+03 3.550000000000000000e+02
3.818000000000000000e+03 3.960000000000000000e+02
3.740000000000000000e+03 5.340000000000000000e+02
3.737000000000000000e+03 5.570000000000000000e+02
3.716000000000000000e+03 4.650000000000000000e+02
3.745000000000000000e+03 4.000000000000000000e+02
3.783000000000000000e+03 4.810000000000000000e+02
3.811000000000000000e+03 5.510000000000000000e+02
3.758000000000000000e+03 5.200000000000000000e+02
3.780000000000000000e+03 5.970000000000000000e+02
3.814000000000000000e+03 4.580000000000000000e+02
3.853000000000000000e+03 5.800000000000000000e+02
3.858000000000000000e+03 4.620000000000000000e+02
3.886000000000000000e+03 6.340000000000000000e+02
3.834000000000000000e+03 5.340000000000000000e+02
3.894000000000000000e+03 4.740000000000000000e+02
3.897000000000000000e+03 5.250000000000000000e+02
3.864000000000000000e+03 5.040000000000000000e+02
3.923000000000000000e+03 4.020000000000000000e+02
3.932000000000000000e+03 3.910000000000000000e+02
3.960000000000000000e+03 5.320000000000000000e+02
3.951000000000000000e+03 4.970000000000000000e+02
3.898000000000000000e+03 4.010000000000000000e+02
3.860000000000000000e+03 3.780000000000000000e+02
3.857000000000000000e+03 3.870000000000000000e+02
3.805000000000000000e+03 3.950000000000000000e+02
3.966000000000000000e+03 9.710000000000000000e+02
3.981000000000000000e+03 9.240000000000000000e+02
3.953000000000000000e+03 9.210000000000000000e+02
3.942000000000000000e+03 7.930000000000000000e+02
3.953000000000000000e+03 8.100000000000000000e+02
3.973000000000000000e+03 9.080000000000000000e+02
3.964000000000000000e+03 8.920000000000000000e+02
3.914000000000000000e+03 1.024000000000000000e+03
3.883000000000000000e+03 1.018000000000000000e+03
3.894000000000000000e+03 9.710000000000000000e+02
3.861000000000000000e+03 9.430000000000000000e+02
3.795000000000000000e+03 9.050000000000000000e+02
3.926000000000000000e+03 1.039000000000000000e+03
3.845000000000000000e+03 9.700000000000000000e+02
3.809000000000000000e+03 8.870000000000000000e+02
3.661000000000000000e+03 8.750000000000000000e+02
3.906000000000000000e+03 8.260000000000000000e+02
3.769000000000000000e+03 7.980000000000000000e+02
3.874000000000000000e+03 9.410000000000000000e+02
3.882000000000000000e+03 8.060000000000000000e+02
3.870000000000000000e+03 7.400000000000000000e+02
3.691000000000000000e+03 6.940000000000000000e+02
3.793000000000000000e+03 1.005000000000000000e+03
3.816000000000000000e+03 7.570000000000000000e+02
3.794000000000000000e+03 7.330000000000000000e+02
3.811000000000000000e+03 6.940000000000000000e+02
3.844000000000000000e+03 7.730000000000000000e+02
3.782000000000000000e+03 7.620000000000000000e+02
3.806000000000000000e+03 8.020000000000000000e+02
3.901000000000000000e+03 9.300000000000000000e+02
3.878000000000000000e+03 1.051000000000000000e+03
3.850000000000000000e+03 1.015000000000000000e+03
3.831000000000000000e+03 8.920000000000000000e+02
3.906000000000000000e+03 9.140000000000000000e+02
3.784000000000000000e+03 1.127000000000000000e+03
3.794000000000000000e+03 1.117000000000000000e+03
3.790000000000000000e+03 1.162000000000000000e+03
3.818000000000000000e+03 1.144000000000000000e+03
3.789000000000000000e+03 1.110000000000000000e+03
3.714000000000000000e+03 1.167000000000000000e+03
3.822000000000000000e+03 1.102000000000000000e+03
3.644000000000000000e+03 8.390000000000000000e+02
3.730000000000000000e+03 8.060000000000000000e+02
3.743000000000000000e+03 7.490000000000000000e+02
3.751000000000000000e+03 9.460000000000000000e+02
3.735000000000000000e+03 9.910000000000000000e+02
3.885000000000000000e+03 1.247000000000000000e+03
3.758000000000000000e+03 1.301000000000000000e+03
3.806000000000000000e+03 1.339000000000000000e+03
3.815000000000000000e+03 1.309000000000000000e+03
3.765000000000000000e+03 1.228000000000000000e+03
3.807000000000000000e+03 1.257000000000000000e+03
3.899000000000000000e+03 1.117000000000000000e+03
3.809000000000000000e+03 1.248000000000000000e+03
3.733000000000000000e+03 1.171000000000000000e+03
3.745000000000000000e+03 1.261000000000000000e+03
3.871000000000000000e+03 1.219000000000000000e+03
3.847000000000000000e+03 1.169000000000000000e+03
3.878000000000000000e+03 1.168000000000000000e+03
3.485000000000000000e+03 1.255000000000000000e+03
3.904000000000000000e+03 1.183000000000000000e+03
3.906000000000000000e+03 1.639000000000000000e+03
1.758000000000000000e+03 1.157000000000000000e+03
3.247000000000000000e+03 1.122000000000000000e+03
7.590000000000000000e+02 1.168000000000000000e+03
7.730000000000000000e+02 1.164000000000000000e+03
3.317000000000000000e+03 1.114000000000000000e+03
3.348000000000000000e+03 1.104000000000000000e+03
2.969000000000000000e+03 1.033000000000000000e+03
3.308000000000000000e+03 1.056000000000000000e+03
1.911000000000000000e+03 1.093000000000000000e+03
3.204000000000000000e+03 1.094000000000000000e+03
3.233000000000000000e+03 1.044000000000000000e+03
2.332000000000000000e+03 1.085000000000000000e+03
1.821000000000000000e+03 1.144000000000000000e+03
7.550000000000000000e+02 1.189000000000000000e+03
2.735000000000000000e+03 8.570000000000000000e+02
3.141000000000000000e+03 1.063000000000000000e+03
3.253000000000000000e+03 1.237000000000000000e+03
1.188000000000000000e+03 1.156000000000000000e+03
3.311000000000000000e+03 1.169000000000000000e+03
3.561000000000000000e+03 1.119000000000000000e+03
2.450000000000000000e+03 1.173000000000000000e+03
3.425000000000000000e+03 1.133000000000000000e+03
3.456000000000000000e+03 1.109000000000000000e+03
2.433000000000000000e+03 1.121000000000000000e+03
3.541000000000000000e+03 1.094000000000000000e+03
3.593000000000000000e+03 1.108000000000000000e+03
3.819000000000000000e+03 1.061000000000000000e+03
3.815000000000000000e+03 1.062000000000000000e+03
3.538000000000000000e+03 1.093000000000000000e+03
3.473000000000000000e+03 1.130000000000000000e+03
3.546000000000000000e+03 1.101000000000000000e+03
3.566000000000000000e+03 1.134000000000000000e+03
3.949000000000000000e+03 3.800000000000000000e+02
3.978000000000000000e+03 3.880000000000000000e+02
3.991000000000000000e+03 5.220000000000000000e+02
3.960000000000000000e+03 4.340000000000000000e+02
3.968000000000000000e+03 5.840000000000000000e+02
3.886000000000000000e+03 2.900000000000000000e+02
3.970000000000000000e+03 5.110000000000000000e+02
3.938000000000000000e+03 2.260000000000000000e+02
3.941000000000000000e+03 2.630000000000000000e+02
3.967000000000000000e+03 1.830000000000000000e+02
3.982000000000000000e+03 2.460000000000000000e+02
3.912000000000000000e+03 4.370000000000000000e+02
3.944000000000000000e+03 5.820000000000000000e+02
3.895000000000000000e+03 2.420000000000000000e+02
3.957000000000000000e+03 5.490000000000000000e+02
3.747000000000000000e+03 2.980000000000000000e+02
3.716000000000000000e+03 3.540000000000000000e+02
3.846000000000000000e+03 2.680000000000000000e+02
3.800000000000000000e+03 2.720000000000000000e+02
3.776000000000000000e+03 2.790000000000000000e+02
3.925000000000000000e+03 3.750000000000000000e+02
3.850000000000000000e+03 2.680000000000000000e+02
3.938000000000000000e+03 5.590000000000000000e+02
3.956000000000000000e+03 7.600000000000000000e+02
3.917000000000000000e+03 7.020000000000000000e+02
3.775000000000000000e+03 6.190000000000000000e+02
3.917000000000000000e+03 6.590000000000000000e+02
3.953000000000000000e+03 6.330000000000000000e+02
3.946000000000000000e+03 5.870000000000000000e+02
3.914000000000000000e+03 5.720000000000000000e+02
3.914000000000000000e+03 6.980000000000000000e+02
6.020000000000000000e+02 1.059000000000000000e+03
1.671000000000000000e+03 8.280000000000000000e+02
3.250000000000000000e+02 1.145000000000000000e+03
3.580000000000000000e+02 1.195000000000000000e+03
3.640000000000000000e+02 1.185000000000000000e+03
4.350000000000000000e+02 1.194000000000000000e+03
4.200000000000000000e+02 1.216000000000000000e+03
5.660000000000000000e+02 1.330000000000000000e+02
2.930000000000000000e+02 7.630000000000000000e+02
4.320000000000000000e+02 6.660000000000000000e+02
1.820000000000000000e+02 1.024000000000000000e+03
4.360000000000000000e+02 1.128000000000000000e+03
1.630000000000000000e+02 1.183000000000000000e+03
4.900000000000000000e+02 1.099000000000000000e+03
4.660000000000000000e+02 1.172000000000000000e+03
6.520000000000000000e+02 1.043000000000000000e+03
3.958000000000000000e+03 7.110000000000000000e+02
9.900000000000000000e+01 7.130000000000000000e+02
9.600000000000000000e+01 6.900000000000000000e+02
9.400000000000000000e+01 7.490000000000000000e+02
9.300000000000000000e+01 7.570000000000000000e+02
4.620000000000000000e+02 7.780000000000000000e+02
1.100000000000000000e+02 7.250000000000000000e+02
1.080000000000000000e+02 7.680000000000000000e+02
1.620000000000000000e+02 7.310000000000000000e+02
1.320000000000000000e+02 1.040000000000000000e+03
1.570000000000000000e+02 1.117000000000000000e+03
1.720000000000000000e+02 1.214000000000000000e+03
1.590000000000000000e+02 1.171000000000000000e+03
1.890000000000000000e+02 1.281000000000000000e+03
1.700000000000000000e+02 1.155000000000000000e+03
1.166000000000000000e+03 9.140000000000000000e+02
6.360000000000000000e+02 1.152000000000000000e+03
6.650000000000000000e+02 1.131000000000000000e+03
6.590000000000000000e+02 1.059000000000000000e+03
7.160000000000000000e+02 1.081000000000000000e+03
7.050000000000000000e+02 1.115000000000000000e+03
6.970000000000000000e+02 1.140000000000000000e+03
8.590000000000000000e+02 1.074000000000000000e+03
3.480000000000000000e+02 1.100000000000000000e+03
2.800000000000000000e+02 1.085000000000000000e+03
1.111000000000000000e+03 5.840000000000000000e+02
3.593000000000000000e+03 4.500000000000000000e+01
3.571000000000000000e+03 5.800000000000000000e+01
3.557000000000000000e+03 2.510000000000000000e+02
3.602000000000000000e+03 4.810000000000000000e+02
3.745000000000000000e+03 9.220000000000000000e+02
3.576000000000000000e+03 9.700000000000000000e+02
3.444000000000000000e+03 1.029000000000000000e+03
3.340000000000000000e+03 1.020000000000000000e+03
3.592000000000000000e+03 1.060000000000000000e+03
3.630000000000000000e+03 1.049000000000000000e+03
3.836000000000000000e+03 1.041000000000000000e+03
3.587000000000000000e+03 1.005000000000000000e+03
3.696000000000000000e+03 1.079000000000000000e+03
3.518000000000000000e+03 1.117000000000000000e+03
3.679000000000000000e+03 1.105000000000000000e+03
3.674000000000000000e+03 1.044000000000000000e+03
3.748000000000000000e+03 9.840000000000000000e+02
3.740000000000000000e+03 9.990000000000000000e+02
3.692000000000000000e+03 1.009000000000000000e+03
3.224000000000000000e+03 9.960000000000000000e+02
1.790000000000000000e+02 9.810000000000000000e+02
8.870000000000000000e+02 1.250000000000000000e+02
1.660000000000000000e+02 8.610000000000000000e+02
2.960000000000000000e+02 9.460000000000000000e+02
1.029000000000000000e+03 1.240000000000000000e+02
9.750000000000000000e+02 9.800000000000000000e+01
3.851000000000000000e+03 7.120000000000000000e+02
8.860000000000000000e+02 1.210000000000000000e+02
2.608000000000000000e+03 7.750000000000000000e+02
4.630000000000000000e+02 1.016000000000000000e+03
7.840000000000000000e+02 8.540000000000000000e+02
3.108000000000000000e+03 7.720000000000000000e+02
2.100000000000000000e+03 7.440000000000000000e+02
1.551000000000000000e+03 4.690000000000000000e+02
2.695000000000000000e+03 7.760000000000000000e+02
1.916000000000000000e+03 8.270000000000000000e+02
5.200000000000000000e+02 1.077000000000000000e+03
5.970000000000000000e+02 1.055000000000000000e+03
4.930000000000000000e+02 1.034000000000000000e+03
5.800000000000000000e+02 1.073000000000000000e+03
5.240000000000000000e+02 1.088000000000000000e+03
5.060000000000000000e+02 1.055000000000000000e+03
5.410000000000000000e+02 1.076000000000000000e+03
5.570000000000000000e+02 1.150000000000000000e+03
1.510000000000000000e+02 9.390000000000000000e+02
8.400000000000000000e+01 9.700000000000000000e+02
3.410000000000000000e+02 1.037000000000000000e+03
4.030000000000000000e+02 1.029000000000000000e+03
3.730000000000000000e+02 1.061000000000000000e+03
4.860000000000000000e+02 1.012000000000000000e+03
1.830000000000000000e+02 1.004000000000000000e+03
2.570000000000000000e+02 1.002000000000000000e+03
2.000000000000000000e+02 1.200000000000000000e+03
3.170000000000000000e+02 1.254000000000000000e+03
2.700000000000000000e+02 1.267000000000000000e+03
3.310000000000000000e+02 1.269000000000000000e+03
3.310000000000000000e+02 1.293000000000000000e+03
4.070000000000000000e+02 1.276000000000000000e+03
6.030000000000000000e+02 8.480000000000000000e+02
6.960000000000000000e+02 1.263000000000000000e+03
8.100000000000000000e+02 1.238000000000000000e+03
6.020000000000000000e+02 1.307000000000000000e+03
6.790000000000000000e+02 1.319000000000000000e+03
3.380000000000000000e+02 1.280000000000000000e+03
4.790000000000000000e+02 1.358000000000000000e+03
5.780000000000000000e+02 1.263000000000000000e+03
4.340000000000000000e+02 1.261000000000000000e+03
3.418000000000000000e+03 1.154000000000000000e+03
3.325000000000000000e+03 1.182000000000000000e+03
3.494000000000000000e+03 1.271000000000000000e+03
3.186000000000000000e+03 1.409000000000000000e+03
2.888000000000000000e+03 1.213000000000000000e+03
2.707000000000000000e+03 1.499000000000000000e+03
2.257000000000000000e+03 1.334000000000000000e+03
2.213000000000000000e+03 1.301000000000000000e+03
2.200000000000000000e+02 1.202000000000000000e+03
7.710000000000000000e+02 1.256000000000000000e+03
8.800000000000000000e+02 1.275000000000000000e+03
7.850000000000000000e+02 1.286000000000000000e+03
2.252000000000000000e+03 1.455000000000000000e+03
1.440000000000000000e+03 1.376000000000000000e+03
1.594000000000000000e+03 1.231000000000000000e+03
1.257000000000000000e+03 1.320000000000000000e+03
3.536000000000000000e+03 1.760000000000000000e+03
3.911000000000000000e+03 1.824000000000000000e+03
3.897000000000000000e+03 1.785000000000000000e+03
3.916000000000000000e+03 1.909000000000000000e+03
3.936000000000000000e+03 1.915000000000000000e+03
3.907000000000000000e+03 1.830000000000000000e+03
3.880000000000000000e+03 1.808000000000000000e+03
3.851000000000000000e+03 1.861000000000000000e+03
3.890000000000000000e+03 1.906000000000000000e+03
3.939000000000000000e+03 2.053000000000000000e+03
3.893000000000000000e+03 1.972000000000000000e+03
3.920000000000000000e+03 1.972000000000000000e+03
3.856000000000000000e+03 1.854000000000000000e+03
3.905000000000000000e+03 1.817000000000000000e+03
3.880000000000000000e+03 1.780000000000000000e+03
3.953000000000000000e+03 1.215000000000000000e+03
3.927000000000000000e+03 1.185000000000000000e+03
3.926000000000000000e+03 1.535000000000000000e+03
3.930000000000000000e+03 1.471000000000000000e+03
3.965000000000000000e+03 1.076000000000000000e+03
3.963000000000000000e+03 1.073000000000000000e+03
3.952000000000000000e+03 1.140000000000000000e+03
3.959000000000000000e+03 1.114000000000000000e+03
3.907000000000000000e+03 1.460000000000000000e+03
3.901000000000000000e+03 1.487000000000000000e+03
3.904000000000000000e+03 1.408000000000000000e+03
3.913000000000000000e+03 1.323000000000000000e+03
3.885000000000000000e+03 1.581000000000000000e+03
3.795000000000000000e+03 1.584000000000000000e+03
3.928000000000000000e+03 1.639000000000000000e+03
3.917000000000000000e+03 1.592000000000000000e+03
2.260000000000000000e+02 1.267000000000000000e+03
8.900000000000000000e+01 1.418000000000000000e+03
7.800000000000000000e+01 1.411000000000000000e+03
1.780000000000000000e+02 1.323000000000000000e+03
4.370000000000000000e+02 1.371000000000000000e+03
1.080000000000000000e+02 1.356000000000000000e+03
1.280000000000000000e+02 1.339000000000000000e+03
8.700000000000000000e+01 1.518000000000000000e+03
7.300000000000000000e+01 1.415000000000000000e+03
1.160000000000000000e+02 1.501000000000000000e+03
1.300000000000000000e+02 1.374000000000000000e+03
1.060000000000000000e+02 1.107000000000000000e+03
1.350000000000000000e+02 1.411000000000000000e+03
1.960000000000000000e+02 1.404000000000000000e+03
1.590000000000000000e+02 1.392000000000000000e+03
1.990000000000000000e+02 1.154000000000000000e+03
2.530000000000000000e+02 1.134000000000000000e+03
2.230000000000000000e+02 1.076000000000000000e+03
2.390000000000000000e+02 1.092000000000000000e+03
2.680000000000000000e+02 1.424000000000000000e+03
6.140000000000000000e+02 1.249000000000000000e+03
2.200000000000000000e+02 1.290000000000000000e+03
2.250000000000000000e+02 1.272000000000000000e+03
2.900000000000000000e+02 1.309000000000000000e+03
1.052000000000000000e+03 1.247000000000000000e+03
3.180000000000000000e+02 1.332000000000000000e+03
5.890000000000000000e+02 1.285000000000000000e+03
2.650000000000000000e+02 1.361000000000000000e+03
2.860000000000000000e+02 1.381000000000000000e+03
2.060000000000000000e+02 1.121000000000000000e+03
1.690000000000000000e+02 1.020000000000000000e+03
3.490000000000000000e+02 1.068000000000000000e+03
5.800000000000000000e+02 1.176000000000000000e+03
1.050000000000000000e+02 8.380000000000000000e+02
1.150000000000000000e+02 8.370000000000000000e+02
9.700000000000000000e+01 1.188000000000000000e+03
9.800000000000000000e+01 1.159000000000000000e+03
9.400000000000000000e+01 1.004000000000000000e+03
9.000000000000000000e+01 1.027000000000000000e+03
3.590000000000000000e+02 1.262000000000000000e+03
3.350000000000000000e+02 1.299000000000000000e+03
4.880000000000000000e+02 1.239000000000000000e+03
5.090000000000000000e+02 1.260000000000000000e+03
7.510000000000000000e+02 1.318000000000000000e+03
3.330000000000000000e+02 1.429000000000000000e+03
4.270000000000000000e+02 1.311000000000000000e+03
4.130000000000000000e+02 1.318000000000000000e+03
1.490000000000000000e+02 1.215000000000000000e+03
5.530000000000000000e+02 1.174000000000000000e+03
7.730000000000000000e+02 1.098000000000000000e+03
7.760000000000000000e+02 1.043000000000000000e+03
1.550000000000000000e+02 8.670000000000000000e+02
6.260000000000000000e+02 1.041000000000000000e+03
4.910000000000000000e+02 7.990000000000000000e+02
1.910000000000000000e+02 8.300000000000000000e+02
1.330000000000000000e+02 1.267000000000000000e+03
2.360000000000000000e+02 1.291000000000000000e+03
1.530000000000000000e+02 7.920000000000000000e+02
4.760000000000000000e+02 1.053000000000000000e+03
7.300000000000000000e+02 1.198000000000000000e+03
6.670000000000000000e+02 1.215000000000000000e+03
7.640000000000000000e+02 1.219000000000000000e+03
6.050000000000000000e+02 1.195000000000000000e+03
2.158000000000000000e+03 1.453000000000000000e+03
1.624000000000000000e+03 2.728000000000000000e+03
1.655000000000000000e+03 2.954000000000000000e+03
1.736000000000000000e+03 3.101000000000000000e+03
1.848000000000000000e+03 2.932000000000000000e+03
1.818000000000000000e+03 2.839000000000000000e+03
1.840000000000000000e+03 2.892000000000000000e+03
8.040000000000000000e+02 2.669000000000000000e+03
1.921000000000000000e+03 2.882000000000000000e+03
1.882000000000000000e+03 2.915000000000000000e+03
1.903000000000000000e+03 3.035000000000000000e+03
1.077000000000000000e+03 2.741000000000000000e+03
1.766000000000000000e+03 2.817000000000000000e+03
1.824000000000000000e+03 2.836000000000000000e+03
1.638000000000000000e+03 2.814000000000000000e+03
1.706000000000000000e+03 3.061000000000000000e+03
1.789000000000000000e+03 3.102000000000000000e+03
1.907000000000000000e+03 3.014000000000000000e+03
1.672000000000000000e+03 3.082000000000000000e+03
1.559000000000000000e+03 2.989000000000000000e+03
1.817000000000000000e+03 3.129000000000000000e+03
1.741000000000000000e+03 2.945000000000000000e+03
1.745000000000000000e+03 3.044000000000000000e+03
1.882000000000000000e+03 3.071000000000000000e+03
1.923000000000000000e+03 3.178000000000000000e+03
1.726000000000000000e+03 3.002000000000000000e+03
1.880000000000000000e+03 3.037000000000000000e+03
1.876000000000000000e+03 3.315000000000000000e+03
1.830000000000000000e+03 2.998000000000000000e+03
1.867000000000000000e+03 3.070000000000000000e+03
1.830000000000000000e+03 3.050000000000000000e+03
3.958000000000000000e+03 2.118000000000000000e+03
3.874000000000000000e+03 1.888000000000000000e+03
3.968000000000000000e+03 1.992000000000000000e+03
2.973000000000000000e+03 2.217000000000000000e+03
2.246000000000000000e+03 1.557000000000000000e+03
1.880000000000000000e+02 3.150000000000000000e+03
9.700000000000000000e+02 2.835000000000000000e+03
4.970000000000000000e+02 2.920000000000000000e+03
1.492000000000000000e+03 2.272000000000000000e+03
4.130000000000000000e+02 2.972000000000000000e+03
2.560000000000000000e+03 2.538000000000000000e+03
1.909000000000000000e+03 2.758000000000000000e+03
2.556000000000000000e+03 2.370000000000000000e+03
1.267000000000000000e+03 3.054000000000000000e+03
1.666000000000000000e+03 2.643000000000000000e+03
1.499000000000000000e+03 1.267000000000000000e+03
1.577000000000000000e+03 1.162000000000000000e+03
1.972000000000000000e+03 1.184000000000000000e+03
2.079000000000000000e+03 1.183000000000000000e+03
1.286000000000000000e+03 1.616000000000000000e+03
1.954000000000000000e+03 1.612000000000000000e+03
3.319000000000000000e+03 1.582000000000000000e+03
3.799000000000000000e+03 1.366000000000000000e+03
3.080000000000000000e+03 1.490000000000000000e+03
3.331000000000000000e+03 1.534000000000000000e+03
3.860000000000000000e+03 1.440000000000000000e+03
3.813000000000000000e+03 1.480000000000000000e+03
3.756000000000000000e+03 1.380000000000000000e+03
3.776000000000000000e+03 1.444000000000000000e+03
3.837000000000000000e+03 1.384000000000000000e+03
3.343000000000000000e+03 1.494000000000000000e+03
3.683000000000000000e+03 2.555000000000000000e+03
3.743000000000000000e+03 2.633000000000000000e+03
3.914000000000000000e+03 2.576000000000000000e+03
1.889000000000000000e+03 2.764000000000000000e+03
3.770000000000000000e+03 2.562000000000000000e+03
2.171000000000000000e+03 2.711000000000000000e+03
2.114000000000000000e+03 2.701000000000000000e+03
3.129000000000000000e+03 2.818000000000000000e+03
3.245000000000000000e+03 2.817000000000000000e+03
2.293000000000000000e+03 2.813000000000000000e+03
2.109000000000000000e+03 2.729000000000000000e+03
3.868000000000000000e+03 2.705000000000000000e+03
3.915000000000000000e+03 2.682000000000000000e+03
2.815000000000000000e+03 2.450000000000000000e+03
3.942000000000000000e+03 2.433000000000000000e+03
3.210000000000000000e+02 2.313000000000000000e+03
2.442000000000000000e+03 2.394000000000000000e+03
2.010000000000000000e+03 3.110000000000000000e+03
1.999000000000000000e+03 2.798000000000000000e+03
2.129000000000000000e+03 2.961000000000000000e+03
1.870000000000000000e+03 2.602000000000000000e+03
2.055000000000000000e+03 2.757000000000000000e+03
2.043000000000000000e+03 2.742000000000000000e+03
1.751000000000000000e+03 2.773000000000000000e+03
1.718000000000000000e+03 2.678000000000000000e+03
1.780000000000000000e+03 2.713000000000000000e+03
1.924000000000000000e+03 2.766000000000000000e+03
1.965000000000000000e+03 3.214000000000000000e+03
1.945000000000000000e+03 3.185000000000000000e+03
2.014000000000000000e+03 3.194000000000000000e+03
2.226000000000000000e+03 2.618000000000000000e+03
3.555000000000000000e+03 1.316000000000000000e+03
3.637000000000000000e+03 1.241000000000000000e+03
3.636000000000000000e+03 1.340000000000000000e+03
3.602000000000000000e+03 1.282000000000000000e+03
3.589000000000000000e+03 1.367000000000000000e+03
3.376000000000000000e+03 1.412000000000000000e+03
3.355000000000000000e+03 1.454000000000000000e+03
2.566000000000000000e+03 1.396000000000000000e+03
3.557000000000000000e+03 1.295000000000000000e+03
3.350000000000000000e+03 1.272000000000000000e+03
3.384000000000000000e+03 1.219000000000000000e+03
3.660000000000000000e+03 1.210000000000000000e+03
3.447000000000000000e+03 1.248000000000000000e+03
2.854000000000000000e+03 1.238000000000000000e+03
1.587000000000000000e+03 1.624000000000000000e+03
2.898000000000000000e+03 1.291000000000000000e+03
3.723000000000000000e+03 1.294000000000000000e+03
2.673000000000000000e+03 1.739000000000000000e+03
3.366000000000000000e+03 1.343000000000000000e+03
3.768000000000000000e+03 1.304000000000000000e+03
3.787000000000000000e+03 1.584000000000000000e+03
3.769000000000000000e+03 1.543000000000000000e+03
3.830000000000000000e+03 1.599000000000000000e+03
3.793000000000000000e+03 1.601000000000000000e+03
3.636000000000000000e+03 1.440000000000000000e+03
2.340000000000000000e+03 1.578000000000000000e+03
2.138000000000000000e+03 1.449000000000000000e+03
3.701000000000000000e+03 1.411000000000000000e+03
3.497000000000000000e+03 1.499000000000000000e+03
3.663000000000000000e+03 1.495000000000000000e+03
3.740000000000000000e+03 1.424000000000000000e+03
3.712000000000000000e+03 1.510000000000000000e+03
2.176000000000000000e+03 2.060000000000000000e+03
1.872000000000000000e+03 1.180000000000000000e+03
1.740000000000000000e+02 1.460000000000000000e+03
2.140000000000000000e+02 1.500000000000000000e+02
2.060000000000000000e+03 2.870000000000000000e+03
2.070000000000000000e+02 2.950000000000000000e+03
0.000000000000000000e+00 3.950000000000000000e+03
3.956000000000000000e+03 2.160000000000000000e+03
3.935000000000000000e+03 1.190000000000000000e+03
0.000000000000000000e+00 0.000000000000000000e+00
0.000000000000000000e+00 0.000000000000000000e+00
